# NTRMN  = 169
# NTRANS = 218
-3.052340745925903320e-01 0.000000000000000000e+00 0.000000000000000000e+00 0.000000000000000000e+00
-2.848252356052398682e-01 0.000000000000000000e+00 0.000000000000000000e+00 0.000000000000000000e+00
-2.644163966178894043e-01 0.000000000000000000e+00 0.000000000000000000e+00 0.000000000000000000e+00
-2.440075576305389404e-01 0.000000000000000000e+00 0.000000000000000000e+00 0.000000000000000000e+00
-2.235987037420272827e-01 0.000000000000000000e+00 0.000000000000000000e+00 0.000000000000000000e+00
-2.031898647546768188e-01 0.000000000000000000e+00 0.000000000000000000e+00 0.000000000000000000e+00
-1.623729914426803589e-01 0.000000000000000000e+00 0.000000000000000000e+00 0.000000000000000000e+00
-1.419641524553298950e-01 0.000000000000000000e+00 0.000000000000000000e+00 0.000000000000000000e+00
-1.215553134679794312e-01 0.000000000000000000e+00 0.000000000000000000e+00 0.000000000000000000e+00
-8.073762804269790649e-02 0.000000000000000000e+00 0.000000000000000000e+00 0.000000000000000000e+00
-6.032959371805191040e-02 0.000000000000000000e+00 0.000000000000000000e+00 0.000000000000000000e+00
-3.992075473070144653e-02 0.000000000000000000e+00 0.000000000000000000e+00 0.000000000000000000e+00
-1.951191015541553497e-02 0.000000000000000000e+00 0.000000000000000000e+00 0.000000000000000000e+00
2.130577340722084045e-02 0.000000000000000000e+00 0.000000000000000000e+00 0.000000000000000000e+00
4.171380400657653809e-02 0.000000000000000000e+00 0.000000000000000000e+00 0.000000000000000000e+00
6.212264671921730042e-02 0.000000000000000000e+00 0.000000000000000000e+00 0.000000000000000000e+00
8.253148943185806274e-02 0.000000000000000000e+00 0.000000000000000000e+00 0.000000000000000000e+00
1.029403284192085266e-01 0.000000000000000000e+00 0.000000000000000000e+00 0.000000000000000000e+00
1.233491748571395874e-01 0.000000000000000000e+00 0.000000000000000000e+00 0.000000000000000000e+00
1.437580138444900513e-01 0.000000000000000000e+00 0.000000000000000000e+00 0.000000000000000000e+00
2.049837261438369751e-01 0.000000000000000000e+00 0.000000000000000000e+00 0.000000000000000000e+00
2.253925800323486328e-01 0.000000000000000000e+00 0.000000000000000000e+00 0.000000000000000000e+00
2.458014190196990967e-01 0.000000000000000000e+00 0.000000000000000000e+00 0.000000000000000000e+00
2.662102580070495605e-01 0.000000000000000000e+00 0.000000000000000000e+00 0.000000000000000000e+00
2.866182923316955566e-01 0.000000000000000000e+00 0.000000000000000000e+00 0.000000000000000000e+00
3.070271313190460205e-01 0.000000000000000000e+00 0.000000000000000000e+00 0.000000000000000000e+00
3.274359703063964844e-01 0.000000000000000000e+00 0.000000000000000000e+00 0.000000000000000000e+00
3.478448092937469482e-01 0.000000000000000000e+00 0.000000000000000000e+00 0.000000000000000000e+00
3.682536482810974121e-01 0.000000000000000000e+00 0.000000000000000000e+00 0.000000000000000000e+00
3.886616826057434082e-01 0.000000000000000000e+00 0.000000000000000000e+00 0.000000000000000000e+00
4.090705215930938721e-01 0.000000000000000000e+00 0.000000000000000000e+00 0.000000000000000000e+00
4.294793605804443359e-01 0.000000000000000000e+00 0.000000000000000000e+00 0.000000000000000000e+00
4.498882293701171875e-01 0.000000000000000000e+00 0.000000000000000000e+00 0.000000000000000000e+00
4.702970683574676514e-01 0.000000000000000000e+00 0.000000000000000000e+00 0.000000000000000000e+00
4.907059073448181152e-01 0.000000000000000000e+00 0.000000000000000000e+00 0.000000000000000000e+00
5.111139416694641113e-01 0.000000000000000000e+00 0.000000000000000000e+00 0.000000000000000000e+00
5.315227508544921875e-01 0.000000000000000000e+00 0.000000000000000000e+00 0.000000000000000000e+00
5.519316196441650391e-01 0.000000000000000000e+00 0.000000000000000000e+00 0.000000000000000000e+00
5.723404884338378906e-01 0.000000000000000000e+00 0.000000000000000000e+00 0.000000000000000000e+00
5.927492976188659668e-01 0.000000000000000000e+00 0.000000000000000000e+00 0.000000000000000000e+00
6.131581664085388184e-01 0.000000000000000000e+00 0.000000000000000000e+00 0.000000000000000000e+00
6.335662007331848145e-01 0.000000000000000000e+00 0.000000000000000000e+00 0.000000000000000000e+00
6.539750099182128906e-01 0.000000000000000000e+00 0.000000000000000000e+00 0.000000000000000000e+00
6.743838787078857422e-01 0.000000000000000000e+00 0.000000000000000000e+00 0.000000000000000000e+00
6.947926878929138184e-01 0.000000000000000000e+00 0.000000000000000000e+00 0.000000000000000000e+00
7.152015566825866699e-01 0.000000000000000000e+00 0.000000000000000000e+00 0.000000000000000000e+00
7.356095910072326660e-01 0.000000000000000000e+00 0.000000000000000000e+00 0.000000000000000000e+00
7.560184001922607422e-01 0.000000000000000000e+00 0.000000000000000000e+00 0.000000000000000000e+00
7.764272689819335938e-01 0.000000000000000000e+00 0.000000000000000000e+00 0.000000000000000000e+00
7.968360781669616699e-01 0.000000000000000000e+00 0.000000000000000000e+00 0.000000000000000000e+00
8.172449469566345215e-01 0.000000000000000000e+00 0.000000000000000000e+00 0.000000000000000000e+00
8.376538157463073730e-01 0.000000000000000000e+00 0.000000000000000000e+00 0.000000000000000000e+00
8.580617904663085938e-01 0.000000000000000000e+00 0.000000000000000000e+00 0.000000000000000000e+00
8.784706592559814453e-01 0.000000000000000000e+00 0.000000000000000000e+00 0.000000000000000000e+00
8.988795280456542969e-01 0.000000000000000000e+00 0.000000000000000000e+00 0.000000000000000000e+00
9.192883372306823730e-01 0.000000000000000000e+00 0.000000000000000000e+00 0.000000000000000000e+00
9.396972060203552246e-01 0.000000000000000000e+00 0.000000000000000000e+00 0.000000000000000000e+00
9.601060152053833008e-01 0.000000000000000000e+00 0.000000000000000000e+00 0.000000000000000000e+00
9.805140495300292969e-01 0.000000000000000000e+00 0.000000000000000000e+00 0.000000000000000000e+00
1.000922918319702148e+00 0.000000000000000000e+00 0.000000000000000000e+00 0.000000000000000000e+00
1.021331787109375000e+00 0.000000000000000000e+00 0.000000000000000000e+00 0.000000000000000000e+00
1.041740536689758301e+00 0.000000000000000000e+00 0.000000000000000000e+00 0.000000000000000000e+00
1.062149405479431152e+00 0.000000000000000000e+00 0.000000000000000000e+00 0.000000000000000000e+00
1.082557439804077148e+00 0.000000000000000000e+00 0.000000000000000000e+00 0.000000000000000000e+00
1.102966308593750000e+00 0.000000000000000000e+00 0.000000000000000000e+00 0.000000000000000000e+00
1.123375177383422852e+00 0.000000000000000000e+00 0.000000000000000000e+00 0.000000000000000000e+00
1.143784046173095703e+00 0.000000000000000000e+00 0.000000000000000000e+00 0.000000000000000000e+00
1.164192795753479004e+00 0.000000000000000000e+00 0.000000000000000000e+00 0.000000000000000000e+00
1.225418567657470703e+00 0.000000000000000000e+00 0.000000000000000000e+00 0.000000000000000000e+00
1.245827436447143555e+00 0.000000000000000000e+00 0.000000000000000000e+00 0.000000000000000000e+00
1.266236186027526855e+00 0.000000000000000000e+00 0.000000000000000000e+00 0.000000000000000000e+00
1.286645054817199707e+00 0.000000000000000000e+00 0.000000000000000000e+00 0.000000000000000000e+00
1.307053923606872559e+00 0.000000000000000000e+00 0.000000000000000000e+00 0.000000000000000000e+00
1.388688445091247559e+00 1.050696487426757812e+02 1.050696487426757812e+02 0.000000000000000000e+00
1.409097313880920410e+00 1.035478591918945312e+02 1.035478591918945312e+02 0.000000000000000000e+00
1.470323085784912109e+00 1.714446868896484375e+02 1.714446868896484375e+02 1.153247808360902127e-08
1.490731835365295410e+00 1.760027465820312500e+02 1.760027465820312500e+02 1.566242247008631239e-08
1.511140704154968262e+00 1.740217437744140625e+02 1.740217437744140625e+02 2.909468754808131052e-08
1.531549572944641113e+00 1.742037353515625000e+02 1.742037353515625000e+02 3.157693484467927192e-08
1.633592963218688965e+00 2.299256896972656250e+02 2.299256896972656250e+02 1.067871266968722921e-06
1.654001832008361816e+00 2.297662048339843750e+02 2.297662048339843750e+02 1.415881456523493398e-06
1.674409866333007812e+00 2.286099395751953125e+02 2.286099395751953125e+02 1.855804384831571952e-06
1.694818615913391113e+00 2.298120117187500000e+02 2.298120117187500000e+02 2.282438117617857642e-06
1.715227484703063965e+00 2.363588409423828125e+02 2.363588409423828125e+02 2.548666998336557299e-06
1.735636353492736816e+00 2.473722991943359375e+02 2.473722991943359375e+02 2.680970965229789726e-06
1.756045222282409668e+00 2.430659027099609375e+02 2.430659027099609375e+02 2.786756340356077999e-06
1.776453256607055664e+00 2.307057495117187500e+02 2.307057495117187500e+02 2.909752538471366279e-06
1.796862125396728516e+00 2.211575317382812500e+02 2.211575317382812500e+02 3.058837819480686449e-06
1.817270874977111816e+00 1.918006591796875000e+02 1.918006591796875000e+02 3.175395249854773283e-06
1.878496646881103516e+00 1.766923828125000000e+02 1.766923828125000000e+02 3.450232270552078262e-06
1.898905515670776367e+00 1.663468017578125000e+02 1.663468017578125000e+02 3.447087465247022919e-06
1.919314265251159668e+00 1.602125091552734375e+02 1.602125091552734375e+02 3.411842044442892075e-06
1.939723134040832520e+00 1.579097442626953125e+02 1.579097442626953125e+02 3.366097416801494546e-06
1.960132002830505371e+00 1.587692565917968750e+02 1.587692565917968750e+02 3.332625738039496355e-06
1.980540871620178223e+00 1.609406433105468750e+02 1.609406433105468750e+02 3.323259988974314183e-06
2.000949621200561523e+00 1.630079345703125000e+02 1.630079345703125000e+02 3.336150030008866452e-06
2.021358489990234375e+00 1.644413146972656250e+02 1.644413146972656250e+02 3.367098770468146540e-06
2.041767358779907227e+00 1.649080657958984375e+02 1.649080657958984375e+02 3.410857289054547437e-06
2.102992296218872070e+00 1.805651855468750000e+02 1.805402069091796875e+02 2.498263679444789886e-02
2.143810033798217773e+00 1.772036437988281250e+02 1.758185882568359375e+02 1.385055661201477051e+00
2.245854139328002930e+00 1.721335754394531250e+02 1.645789031982421875e+02 7.554685592651367188e+00
2.286671876907348633e+00 1.738884277343750000e+02 1.507010345458984375e+02 2.318739318847656250e+01
2.307079076766967773e+00 1.894602355957031250e+02 1.560607757568359375e+02 3.339945983886718750e+01
2.368305683135986328e+00 2.128472595214843750e+02 1.417159271240234375e+02 7.113135528564453125e+01
2.409123182296752930e+00 2.165262756347656250e+02 1.190436477661132812e+02 9.748263549804687500e+01
2.429532051086425781e+00 2.150034179687500000e+02 1.115896682739257812e+02 1.034137496948242188e+02
2.531574726104736328e+00 2.451881561279296875e+02 1.132382583618164062e+02 1.319498748779296875e+02
2.572392463684082031e+00 2.445014801025390625e+02 1.145590057373046875e+02 1.299424591064453125e+02
2.592801332473754883e+00 2.429753112792968750e+02 1.149498748779296875e+02 1.280254669189453125e+02
2.613210201263427734e+00 2.427804565429687500e+02 1.146017913818359375e+02 1.281786193847656250e+02
2.633618831634521484e+00 2.410173492431640625e+02 1.130319595336914062e+02 1.279853744506835938e+02
2.654027700424194336e+00 2.361780090332031250e+02 1.108097839355468750e+02 1.253682098388671875e+02
2.674436569213867188e+00 2.307370147705078125e+02 1.079501876831054688e+02 1.227868270874023438e+02
2.694845438003540039e+00 2.283737487792968750e+02 1.068661499023437500e+02 1.215075988769531250e+02
2.715254306793212891e+00 2.316332092285156250e+02 1.067241516113281250e+02 1.249090423583984375e+02
2.735663175582885742e+00 2.290264129638671875e+02 1.050528717041015625e+02 1.239735565185546875e+02
2.837705612182617188e+00 2.277688598632812500e+02 9.929274749755859375e+01 1.284761047363281250e+02
2.858114480972290039e+00 2.302868804931640625e+02 9.711795806884765625e+01 1.331689147949218750e+02
2.878523349761962891e+00 2.321402435302734375e+02 9.260381317138671875e+01 1.395364227294921875e+02
3.123427867889404297e+00 2.352843933105468750e+02 8.062925720214843750e+01 1.546551361083984375e+02
3.143836736679077148e+00 2.429079437255859375e+02 7.991546630859375000e+01 1.629925079345703125e+02
3.245879411697387695e+00 2.439734344482421875e+02 6.973287200927734375e+01 1.742405548095703125e+02
3.429558992385864258e+00 2.338527069091796875e+02 6.533501434326171875e+01 1.685177154541015625e+02
3.449967861175537109e+00 2.302781677246093750e+02 6.196476745605468750e+01 1.683134307861328125e+02
3.674463510513305664e+00 2.251265563964843750e+02 5.277150726318359375e+01 1.723550720214843750e+02
3.715279340744018555e+00 2.317982330322265625e+02 5.338379287719726562e+01 1.784144439697265625e+02
3.735688209533691406e+00 2.325715026855468750e+02 5.264356613159179688e+01 1.799279479980468750e+02
3.837732553482055664e+00 2.318268737792968750e+02 5.143093109130859375e+01 1.803959503173828125e+02
3.858141422271728516e+00 2.328734741210937500e+02 5.137603759765625000e+01 1.814974517822265625e+02
3.960183858871459961e+00 2.241044311523437500e+02 4.745289611816406250e+01 1.766515197753906250e+02
4.103045940399169922e+00 2.205870666503906250e+02 4.463375854492187500e+01 1.759532928466796875e+02
4.205088615417480469e+00 2.189809112548828125e+02 4.389223098754882812e+01 1.750886688232421875e+02
4.225497245788574219e+00 2.215137481689453125e+02 4.404848480224609375e+01 1.774652862548828125e+02
4.245905876159667969e+00 2.179864501953125000e+02 4.262454986572265625e+01 1.753618927001953125e+02
4.266314983367919922e+00 2.198262939453125000e+02 4.286954116821289062e+01 1.769567565917968750e+02
4.286723613739013672e+00 2.195953674316406250e+02 4.188361740112304688e+01 1.777117614746093750e+02
4.307132720947265625e+00 2.203980255126953125e+02 4.196305465698242188e+01 1.784349670410156250e+02
4.429584026336669922e+00 2.172682647705078125e+02 3.853319168090820312e+01 1.787350616455078125e+02
4.592854976654052734e+00 2.111422882080078125e+02 3.632942199707031250e+01 1.748128814697265625e+02
4.756124019622802734e+00 2.109618988037109375e+02 3.430213165283203125e+01 1.766597747802734375e+02
4.796941757202148438e+00 2.107604064941406250e+02 3.396034622192382812e+01 1.768000793457031250e+02
4.817350387573242188e+00 2.105265960693359375e+02 3.349346542358398438e+01 1.770331420898437500e+02
4.837759494781494141e+00 2.094597625732421875e+02 3.293155288696289062e+01 1.765282135009765625e+02
4.858166694641113281e+00 2.113015136718750000e+02 3.279322052001953125e+01 1.785083007812500000e+02
4.898984432220458984e+00 2.085928039550781250e+02 3.195803451538085938e+01 1.766347351074218750e+02
4.919393062591552734e+00 2.084532012939453125e+02 3.167946624755859375e+01 1.767737579345703125e+02
4.939801692962646484e+00 2.083219909667968750e+02 3.152435302734375000e+01 1.767976379394531250e+02
4.960210800170898438e+00 2.083607330322265625e+02 3.083962821960449219e+01 1.775211029052734375e+02
4.980619430541992188e+00 2.074134368896484375e+02 3.107374191284179688e+01 1.763397064208984375e+02
5.001028537750244141e+00 2.055954132080078125e+02 3.075545883178710938e+01 1.748399353027343750e+02
5.021437168121337891e+00 2.055064849853515625e+02 3.084499168395996094e+01 1.746614837646484375e+02
5.041846275329589844e+00 2.054464416503906250e+02 3.038776969909667969e+01 1.750586242675781250e+02
5.103071212768554688e+00 2.040725708007812500e+02 3.009355163574218750e+01 1.739790191650390625e+02
5.123479843139648438e+00 2.043703308105468750e+02 3.009049034118652344e+01 1.742798461914062500e+02
5.143888473510742188e+00 2.034911499023437500e+02 2.973840713500976562e+01 1.737527313232421875e+02
5.164297580718994141e+00 2.035220336914062500e+02 2.978312683105468750e+01 1.737389373779296875e+02
5.184706211090087891e+00 2.031716613769531250e+02 3.008144187927246094e+01 1.730902099609375000e+02
5.205115318298339844e+00 2.023762054443359375e+02 2.964155769348144531e+01 1.727346343994140625e+02
5.307159423828125000e+00 2.041879272460937500e+02 2.938736724853515625e+01 1.748005523681640625e+02
5.409202098846435547e+00 2.030628204345703125e+02 2.785934829711914062e+01 1.752034912109375000e+02
5.429610729217529297e+00 2.035613098144531250e+02 2.777667617797851562e+01 1.757846221923828125e+02
5.470428466796875000e+00 2.021450653076171875e+02 2.686924362182617188e+01 1.752758026123046875e+02
5.490837574005126953e+00 2.011129608154296875e+02 2.642058563232421875e+01 1.746923522949218750e+02
5.511246204376220703e+00 2.002633514404296875e+02 2.614900016784667969e+01 1.741143493652343750e+02
5.613288879394531250e+00 1.989873352050781250e+02 2.482069778442382812e+01 1.741666412353515625e+02
5.633697509765625000e+00 1.972865600585937500e+02 2.481576728820800781e+01 1.724707946777343750e+02
5.654106616973876953e+00 1.976483001708984375e+02 2.468385505676269531e+01 1.729644622802734375e+02
5.694924354553222656e+00 1.966119842529296875e+02 2.450693702697753906e+01 1.721050415039062500e+02
5.715332984924316406e+00 1.962152252197265625e+02 2.462885284423828125e+01 1.715863647460937500e+02
5.735742092132568359e+00 1.967230072021484375e+02 2.472903442382812500e+01 1.719939727783203125e+02
5.776557922363281250e+00 1.956936035156250000e+02 2.432637214660644531e+01 1.713672180175781250e+02
5.796966552734375000e+00 1.954434814453125000e+02 2.446785736083984375e+01 1.709756164550781250e+02
5.817375659942626953e+00 1.962460632324218750e+02 2.401165771484375000e+01 1.722344055175781250e+02
5.837784290313720703e+00 1.955040283203125000e+02 2.446080780029296875e+01 1.710432128906250000e+02
5.919419765472412109e+00 1.942858276367187500e+02 2.388081550598144531e+01 1.704050140380859375e+02
5.939828872680664062e+00 1.940787658691406250e+02 2.357709693908691406e+01 1.705016784667968750e+02
5.960237503051757812e+00 1.934266815185546875e+02 2.325537872314453125e+01 1.701713104248046875e+02
5.980646133422851562e+00 1.925614318847656250e+02 2.317601966857910156e+01 1.693854370117187500e+02
6.001055240631103516e+00 1.935662078857421875e+02 2.319692993164062500e+01 1.703692779541015625e+02
6.021462440490722656e+00 1.951506500244140625e+02 2.299904441833496094e+01 1.721516265869140625e+02
6.041871070861816406e+00 1.938338165283203125e+02 2.272324371337890625e+01 1.711105804443359375e+02
6.103097915649414062e+00 1.926162109375000000e+02 2.204420280456542969e+01 1.705720062255859375e+02
6.123506546020507812e+00 1.922423858642578125e+02 2.183390235900878906e+01 1.704084930419921875e+02
6.143915653228759766e+00 1.923945617675781250e+02 2.174189186096191406e+01 1.706526641845703125e+02
6.164324283599853516e+00 1.917990875244140625e+02 2.151457023620605469e+01 1.702845153808593750e+02
6.266366958618164062e+00 1.904389495849609375e+02 2.061028671264648438e+01 1.698286590576171875e+02
6.327593326568603516e+00 1.897750701904296875e+02 2.018386077880859375e+01 1.695912322998046875e+02
6.348002433776855469e+00 1.895179748535156250e+02 2.030752563476562500e+01 1.692104492187500000e+02
6.409228801727294922e+00 1.896963043212890625e+02 2.028161048889160156e+01 1.694147033691406250e+02
6.450046539306640625e+00 1.877611999511718750e+02 2.002336311340332031e+01 1.677378234863281250e+02
6.470455169677734375e+00 1.879547729492187500e+02 2.014519500732421875e+01 1.678095703125000000e+02
6.490862369537353516e+00 1.873660125732421875e+02 2.008185768127441406e+01 1.672841491699218750e+02
6.511271476745605469e+00 1.884538726806640625e+02 2.012920951843261719e+01 1.683246765136718750e+02
6.531680107116699219e+00 1.876124572753906250e+02 1.995636367797851562e+01 1.676560974121093750e+02
6.592906951904296875e+00 1.865281219482421875e+02 1.984365463256835938e+01 1.666844635009765625e+02
6.613315582275390625e+00 1.898643188476562500e+02 1.978241729736328125e+01 1.700819091796875000e+02
6.756175994873046875e+00 1.877423706054687500e+02 2.000190734863281250e+01 1.677404479980468750e+02
6.776584625244140625e+00 1.841164855957031250e+02 1.909383583068847656e+01 1.650226440429687500e+02
6.796993732452392578e+00 1.836162414550781250e+02 1.894845581054687500e+01 1.646677856445312500e+02
6.817402362823486328e+00 1.834062805175781250e+02 1.889173126220703125e+01 1.645145568847656250e+02
6.837811470031738281e+00 1.830926513671875000e+02 1.874781990051269531e+01 1.643448333740234375e+02
6.858220100402832031e+00 1.851951293945312500e+02 1.890146446228027344e+01 1.662936706542968750e+02
6.878628730773925781e+00 1.832317962646484375e+02 1.854956626892089844e+01 1.646822204589843750e+02
6.919446468353271484e+00 1.827169952392578125e+02 1.837094879150390625e+01 1.643460388183593750e+02
6.939853668212890625e+00 1.827260894775390625e+02 1.819619369506835938e+01 1.645298919677734375e+02
6.960262775421142578e+00 1.819038543701171875e+02 1.793647384643554688e+01 1.639673767089843750e+02
6.980671405792236328e+00 1.818737335205078125e+02 1.788403511047363281e+01 1.639897003173828125e+02
7.001080513000488281e+00 1.821468353271484375e+02 1.783190155029296875e+01 1.643149261474609375e+02
7.021489143371582031e+00 1.819137878417968750e+02 1.771188163757324219e+01 1.642019042968750000e+02
7.041898250579833984e+00 1.821520996093750000e+02 1.769454574584960938e+01 1.644575500488281250e+02
7.062306880950927734e+00 1.818685150146484375e+02 1.754171943664550781e+01 1.643267974853515625e+02
7.082715511322021484e+00 1.812149505615234375e+02 1.740667533874511719e+01 1.638082733154296875e+02
7.103124618530273438e+00 1.813761138916015625e+02 1.735666275024414062e+01 1.640194396972656250e+02
7.123533248901367188e+00 1.813209686279296875e+02 1.720611763000488281e+01 1.641148529052734375e+02
7.143942356109619141e+00 1.809839935302734375e+02 1.703968048095703125e+01 1.639443206787109375e+02
7.164350986480712891e+00 1.807188415527343750e+02 1.700784683227539062e+01 1.637109832763671875e+02
7.184758186340332031e+00 1.805228271484375000e+02 1.685957908630371094e+01 1.636632385253906250e+02
7.205167293548583984e+00 1.802166900634765625e+02 1.674537467956542969e+01 1.634713134765625000e+02
7.225575923919677734e+00 1.825230102539062500e+02 1.648438072204589844e+01 1.660386352539062500e+02
7.245985031127929688e+00 1.792396240234375000e+02 1.643630027770996094e+01 1.628033142089843750e+02
7.307211399078369141e+00 1.782025604248046875e+02 1.607580757141113281e+01 1.621267547607421875e+02
7.327620029449462891e+00 1.792228546142578125e+02 1.592485618591308594e+01 1.632979888916015625e+02
7.348029136657714844e+00 1.777651367187500000e+02 1.587899684906005859e+01 1.618861389160156250e+02
7.368437767028808594e+00 1.775013732910156250e+02 1.570993328094482422e+01 1.617914428710937500e+02
7.388846874237060547e+00 1.770311431884765625e+02 1.563900184631347656e+01 1.613921356201171875e+02
7.409254074096679688e+00 1.769791564941406250e+02 1.549576759338378906e+01 1.614833984375000000e+02
7.429662704467773438e+00 1.766242218017578125e+02 1.541131496429443359e+01 1.612129058837890625e+02
7.450071811676025391e+00 1.776385192871093750e+02 1.530965042114257812e+01 1.623288726806640625e+02
7.470480442047119141e+00 1.758864746093750000e+02 1.526622295379638672e+01 1.606202392578125000e+02
7.490889549255371094e+00 1.756211547851562500e+02 1.520865249633789062e+01 1.604125061035156250e+02
7.511298179626464844e+00 1.752861022949218750e+02 1.510039997100830078e+01 1.601856994628906250e+02
7.531706809997558594e+00 1.751368103027343750e+02 1.508332061767578125e+01 1.600534973144531250e+02
7.552115917205810547e+00 1.747837066650390625e+02 1.505682373046875000e+01 1.597268829345703125e+02
7.572524547576904297e+00 1.745357666015625000e+02 1.495617866516113281e+01 1.595795745849609375e+02
7.592933654785156250e+00 1.745317382812500000e+02 1.483873462677001953e+01 1.596930084228515625e+02
7.613342285156250000e+00 1.740434112548828125e+02 1.487284851074218750e+01 1.591705474853515625e+02
7.633749485015869141e+00 1.737119750976562500e+02 1.476409816741943359e+01 1.589478759765625000e+02
7.654158592224121094e+00 1.735384979248046875e+02 1.478728389739990234e+01 1.587512207031250000e+02
7.674567222595214844e+00 1.733665008544921875e+02 1.476823711395263672e+01 1.585982666015625000e+02
7.694976329803466797e+00 1.730457153320312500e+02 1.467462444305419922e+01 1.583710937500000000e+02
7.715384960174560547e+00 1.729599914550781250e+02 1.472423648834228516e+01 1.582357635498046875e+02
7.776611328125000000e+00 1.728482055664062500e+02 1.464371109008789062e+01 1.582044830322265625e+02
7.797020435333251953e+00 1.730431671142578125e+02 1.462840843200683594e+01 1.584147491455078125e+02
7.817429065704345703e+00 1.715113983154296875e+02 1.459174823760986328e+01 1.569196472167968750e+02
7.837838172912597656e+00 1.711178741455078125e+02 1.455528068542480469e+01 1.565626068115234375e+02
7.858246803283691406e+00 1.706821289062500000e+02 1.455251216888427734e+01 1.561296081542968750e+02
7.878654003143310547e+00 1.722749328613281250e+02 1.451329994201660156e+01 1.577616271972656250e+02
7.899063110351562500e+00 1.721672515869140625e+02 1.445458698272705078e+01 1.577126617431640625e+02
7.960289478302001953e+00 1.714280395507812500e+02 1.435243225097656250e+01 1.570756072998046875e+02
7.980698108673095703e+00 1.712293090820312500e+02 1.429922962188720703e+01 1.569300842285156250e+02
8.001107215881347656e+00 1.710765380859375000e+02 1.420291614532470703e+01 1.568736267089843750e+02
8.021515846252441406e+00 1.712440948486328125e+02 1.422199153900146484e+01 1.570220947265625000e+02
8.164376258850097656e+00 1.693293914794921875e+02 1.372830200195312500e+01 1.556010894775390625e+02
8.205193519592285156e+00 1.687190093994140625e+02 1.352725982666015625e+01 1.551917419433593750e+02
8.225603103637695312e+00 1.653217620849609375e+02 1.337000751495361328e+01 1.519517517089843750e+02
8.266420364379882812e+00 1.680393371582031250e+02 1.330254173278808594e+01 1.547368164062500000e+02
8.286828994750976562e+00 1.679617767333984375e+02 1.319467067718505859e+01 1.547671051025390625e+02
8.388872146606445312e+00 1.669196319580078125e+02 1.292858409881591797e+01 1.539910430908203125e+02
8.409280776977539062e+00 1.663924102783203125e+02 1.294275569915771484e+01 1.534496307373046875e+02
8.429689407348632812e+00 1.661189880371093750e+02 1.291142082214355469e+01 1.532075805664062500e+02
8.450098037719726562e+00 1.659459838867187500e+02 1.288873481750488281e+01 1.530572509765625000e+02
8.470507621765136719e+00 1.654430847167968750e+02 1.274887371063232422e+01 1.526942291259765625e+02
8.490916252136230469e+00 1.653103332519531250e+02 1.275065231323242188e+01 1.525596618652343750e+02
8.511324882507324219e+00 1.654682464599609375e+02 1.280305194854736328e+01 1.526652069091796875e+02
8.531733512878417969e+00 1.652404785156250000e+02 1.273314189910888672e+01 1.525073394775390625e+02
8.552143096923828125e+00 1.648110504150390625e+02 1.270415496826171875e+01 1.521068878173828125e+02
8.572549819946289062e+00 1.650208740234375000e+02 1.269625377655029297e+01 1.523246002197265625e+02
8.592958450317382812e+00 1.647984466552734375e+02 1.265216922760009766e+01 1.521462707519531250e+02
8.613367080688476562e+00 1.646005096435546875e+02 1.264859485626220703e+01 1.519519195556640625e+02
8.695002555847167969e+00 1.641168365478515625e+02 1.259729290008544922e+01 1.515195465087890625e+02
8.756229400634765625e+00 1.636618804931640625e+02 1.251604270935058594e+01 1.511458435058593750e+02
8.797045707702636719e+00 1.633388519287109375e+02 1.257362556457519531e+01 1.507652282714843750e+02
8.817454338073730469e+00 1.626381835937500000e+02 1.254588031768798828e+01 1.500922851562500000e+02
8.858271598815917969e+00 1.627728271484375000e+02 1.248942279815673828e+01 1.502833862304687500e+02
8.878681182861328125e+00 1.624589233398437500e+02 1.252677059173583984e+01 1.499321441650390625e+02
9.021542549133300781e+00 1.606858825683593750e+02 1.234565067291259766e+01 1.483402252197265625e+02
9.041950225830078125e+00 1.603066711425781250e+02 1.230984401702880859e+01 1.479968414306640625e+02
9.062358856201171875e+00 1.601312255859375000e+02 1.234419918060302734e+01 1.477870483398437500e+02
9.082767486572265625e+00 1.600992431640625000e+02 1.230855560302734375e+01 1.477906951904296875e+02
9.103176116943359375e+00 1.601885223388671875e+02 1.228884887695312500e+01 1.478996734619140625e+02
9.143994331359863281e+00 1.598217773437500000e+02 1.223791980743408203e+01 1.475838775634765625e+02
9.266445159912109375e+00 1.590439300537109375e+02 1.205424213409423828e+01 1.469896850585937500e+02
9.286854743957519531e+00 1.585108642578125000e+02 1.202646350860595703e+01 1.464843750000000000e+02
9.307263374328613281e+00 1.592340393066406250e+02 1.195508193969726562e+01 1.472789459228515625e+02
9.327672004699707031e+00 1.576548156738281250e+02 1.203158092498779297e+01 1.456232604980468750e+02
9.348080635070800781e+00 1.578615722656250000e+02 1.194513416290283203e+01 1.459164428710937500e+02
9.368490219116210938e+00 1.576625213623046875e+02 1.189483642578125000e+01 1.457676544189453125e+02
9.388898849487304688e+00 1.574892272949218750e+02 1.188300418853759766e+01 1.456062164306640625e+02
9.409307479858398438e+00 1.571274871826171875e+02 1.185722923278808594e+01 1.452702789306640625e+02
9.429716110229492188e+00 1.569490661621093750e+02 1.184552955627441406e+01 1.451035308837890625e+02
9.450124740600585938e+00 1.567508239746093750e+02 1.184401416778564453e+01 1.449068145751953125e+02
9.470534324645996094e+00 1.563965148925781250e+02 1.178057289123535156e+01 1.446159362792968750e+02
9.490941047668457031e+00 1.562160491943359375e+02 1.176785469055175781e+01 1.444482269287109375e+02
9.511349678039550781e+00 1.560329742431640625e+02 1.173756980895996094e+01 1.442954101562500000e+02
9.531759262084960938e+00 1.559531860351562500e+02 1.170490360260009766e+01 1.442482604980468750e+02
9.552167892456054688e+00 1.558401947021484375e+02 1.170370483398437500e+01 1.441364898681640625e+02
9.572576522827148438e+00 1.555637054443359375e+02 1.167500114440917969e+01 1.438886871337890625e+02
9.592985153198242188e+00 1.553544158935546875e+02 1.165515327453613281e+01 1.436992797851562500e+02
9.613394737243652344e+00 1.551633605957031250e+02 1.162293910980224609e+01 1.435404052734375000e+02
9.633803367614746094e+00 1.550120697021484375e+02 1.159707450866699219e+01 1.434149780273437500e+02
9.654211997985839844e+00 1.548209228515625000e+02 1.155891990661621094e+01 1.432620086669921875e+02
9.674620628356933594e+00 1.546189880371093750e+02 1.153701019287109375e+01 1.430819854736328125e+02
9.695029258728027344e+00 1.543122406005859375e+02 1.146457481384277344e+01 1.428476562500000000e+02
9.715438842773437500e+00 1.541013183593750000e+02 1.146759510040283203e+01 1.426336975097656250e+02
9.735845565795898438e+00 1.538604583740234375e+02 1.141036319732666016e+01 1.424500732421875000e+02
9.756254196166992188e+00 1.536345367431640625e+02 1.139262962341308594e+01 1.422418975830078125e+02
9.776663780212402344e+00 1.534086303710937500e+02 1.130763149261474609e+01 1.421010284423828125e+02
9.797072410583496094e+00 1.532387084960937500e+02 1.132928180694580078e+01 1.419094543457031250e+02
9.817481040954589844e+00 1.529333801269531250e+02 1.126549530029296875e+01 1.416678924560546875e+02
9.837889671325683594e+00 1.527021789550781250e+02 1.119954109191894531e+01 1.415026397705078125e+02
9.858299255371093750e+00 1.524671325683593750e+02 1.118849754333496094e+01 1.412786254882812500e+02
9.878707885742187500e+00 1.522398681640625000e+02 1.113509082794189453e+01 1.411047821044921875e+02
9.899116516113281250e+00 1.520064086914062500e+02 1.106739616394042969e+01 1.409390258789062500e+02
9.919525146484375000e+00 1.517250671386718750e+02 1.106513881683349609e+01 1.406599273681640625e+02
9.939933776855468750e+00 1.514892425537109375e+02 1.100870227813720703e+01 1.404805297851562500e+02
9.960341453552246094e+00 1.513309478759765625e+02 1.095730495452880859e+01 1.403736419677734375e+02
9.980750083923339844e+00 1.510720672607421875e+02 1.090851593017578125e+01 1.401635589599609375e+02
1.000115871429443359e+01 1.508686370849609375e+02 1.086710739135742188e+01 1.400015258789062500e+02
1.002156829833984375e+01 1.505609588623046875e+02 1.082467174530029297e+01 1.397362823486328125e+02
1.004197692871093750e+01 1.503633270263671875e+02 1.077048969268798828e+01 1.395928344726562500e+02
1.006238555908203125e+01 1.501149749755859375e+02 1.074269676208496094e+01 1.393722839355468750e+02
1.008279418945312500e+01 1.499238739013671875e+02 1.067821502685546875e+01 1.392456512451171875e+02
1.012361240386962891e+01 1.494767303466796875e+02 1.057840919494628906e+01 1.388983306884765625e+02
1.014402103424072266e+01 1.492550506591796875e+02 1.051818656921386719e+01 1.387368774414062500e+02
1.016442966461181641e+01 1.494367980957031250e+02 1.052886295318603516e+01 1.389079437255859375e+02
1.018483734130859375e+01 1.490081787109375000e+02 1.044900512695312500e+01 1.385591735839843750e+02
1.020524597167968750e+01 1.484217224121093750e+02 1.040816974639892578e+01 1.380135650634765625e+02
1.022565460205078125e+01 1.491494140625000000e+02 1.033355140686035156e+01 1.388158569335937500e+02
1.024606323242187500e+01 1.480792846679687500e+02 1.031180000305175781e+01 1.377674865722656250e+02
1.026647281646728516e+01 1.479193878173828125e+02 1.026565170288085938e+01 1.376537475585937500e+02
1.028688144683837891e+01 1.477518157958984375e+02 1.021503162384033203e+01 1.375367889404296875e+02
1.030729007720947266e+01 1.475980529785156250e+02 1.020757961273193359e+01 1.373904724121093750e+02
1.032769870758056641e+01 1.473847503662109375e+02 1.015611648559570312e+01 1.372286376953125000e+02
1.034810733795166016e+01 1.472472839355468750e+02 1.011873626708984375e+01 1.371285400390625000e+02
1.036851692199707031e+01 1.469957122802734375e+02 1.011267089843750000e+01 1.368830413818359375e+02
1.038892555236816406e+01 1.468324279785156250e+02 1.005132770538330078e+01 1.367810974121093750e+02
1.040933418273925781e+01 1.466425628662109375e+02 1.002472114562988281e+01 1.366178436279296875e+02
1.042974185943603516e+01 1.465352783203125000e+02 9.986744880676269531e+00 1.365485229492187500e+02
1.045015048980712891e+01 1.463381195068359375e+02 9.977549552917480469e+00 1.363605651855468750e+02
1.047055912017822266e+01 1.461764678955078125e+02 9.929522514343261719e+00 1.362469482421875000e+02
1.049096775054931641e+01 1.461535339355468750e+02 9.953561782836914062e+00 1.361999816894531250e+02
1.051137733459472656e+01 1.458073425292968750e+02 9.880715370178222656e+00 1.359266204833984375e+02
1.053178596496582031e+01 1.456491241455078125e+02 9.849066734313964844e+00 1.358000488281250000e+02
1.055219459533691406e+01 1.454579010009765625e+02 9.827749252319335938e+00 1.356301574707031250e+02
1.057260322570800781e+01 1.452475738525390625e+02 9.795192718505859375e+00 1.354523773193359375e+02
1.059301185607910156e+01 1.450964050292968750e+02 9.759371757507324219e+00 1.353370361328125000e+02
1.061342144012451172e+01 1.449279632568359375e+02 9.766544342041015625e+00 1.351614227294921875e+02
1.063383007049560547e+01 1.447324676513671875e+02 9.718534469604492188e+00 1.350139312744140625e+02
1.065423679351806641e+01 1.445374755859375000e+02 9.690930366516113281e+00 1.348465423583984375e+02
1.067464637756347656e+01 1.444231262207031250e+02 9.665675163269042969e+00 1.347574615478515625e+02
1.069505500793457031e+01 1.441378936767578125e+02 9.641634941101074219e+00 1.344962463378906250e+02
1.071546363830566406e+01 1.438967742919921875e+02 9.621036529541015625e+00 1.342757415771484375e+02
1.073587226867675781e+01 1.438080139160156250e+02 9.598287582397460938e+00 1.342097167968750000e+02
1.075628089904785156e+01 1.435724945068359375e+02 9.562271118164062500e+00 1.340102233886718750e+02
1.077669048309326172e+01 1.433919067382812500e+02 9.533055305480957031e+00 1.338588562011718750e+02
1.079709911346435547e+01 1.432143096923828125e+02 9.526122093200683594e+00 1.336881866455078125e+02
1.081750774383544922e+01 1.430305480957031250e+02 9.484912872314453125e+00 1.335456390380859375e+02
1.083791637420654297e+01 1.428809356689453125e+02 9.459321022033691406e+00 1.334216156005859375e+02
1.085832595825195312e+01 1.426883544921875000e+02 9.421699523925781250e+00 1.332666473388671875e+02
1.087873268127441406e+01 1.425186767578125000e+02 9.417228698730468750e+00 1.331014556884765625e+02
1.089914131164550781e+01 1.423482818603515625e+02 9.368844985961914062e+00 1.329794311523437500e+02
1.091955089569091797e+01 1.421615142822265625e+02 9.328315734863281250e+00 1.328331909179687500e+02
1.093995952606201172e+01 1.420046844482421875e+02 9.318571090698242188e+00 1.326861114501953125e+02
1.096036815643310547e+01 1.418005828857421875e+02 9.301219940185546875e+00 1.324993591308593750e+02
1.098077678680419922e+01 1.416960754394531250e+02 9.264312744140625000e+00 1.324317626953125000e+02
1.100118541717529297e+01 1.414452972412109375e+02 9.230804443359375000e+00 1.322144927978515625e+02
1.102159500122070312e+01 1.413225402832031250e+02 9.205024719238281250e+00 1.321175231933593750e+02
1.104200363159179688e+01 1.412013702392578125e+02 9.179337501525878906e+00 1.320220336914062500e+02
1.106241226196289062e+01 1.410437316894531250e+02 9.155911445617675781e+00 1.318878173828125000e+02
1.108282089233398438e+01 1.408774414062500000e+02 9.120691299438476562e+00 1.317567443847656250e+02
1.110323047637939453e+01 1.407319641113281250e+02 9.097457885742187500e+00 1.316345062255859375e+02
1.112363719940185547e+01 1.405244903564453125e+02 9.063550949096679688e+00 1.314609375000000000e+02
1.114404582977294922e+01 1.404476318359375000e+02 9.050174713134765625e+00 1.313974456787109375e+02
1.116445541381835938e+01 1.402424316406250000e+02 8.993962287902832031e+00 1.312484588623046875e+02
1.118486404418945312e+01 1.401388854980468750e+02 8.998954772949218750e+00 1.311399230957031250e+02
1.120527267456054688e+01 1.399740447998046875e+02 8.981495857238769531e+00 1.309925384521484375e+02
1.122568130493164062e+01 1.399011230468750000e+02 8.948106765747070312e+00 1.309530181884765625e+02
1.124608993530273438e+01 1.396939239501953125e+02 8.915903091430664062e+00 1.307779998779296875e+02
1.126649951934814453e+01 1.395418090820312500e+02 8.883816719055175781e+00 1.306579895019531250e+02
1.128690814971923828e+01 1.393731231689453125e+02 8.861390113830566406e+00 1.305117340087890625e+02
1.130731678009033203e+01 1.392960815429687500e+02 8.848571777343750000e+00 1.304475097656250000e+02
1.142976856231689453e+01 1.398555908203125000e+02 8.703506469726562500e+00 1.311520843505859375e+02
1.145017719268798828e+01 1.382818603515625000e+02 8.686947822570800781e+00 1.295949096679687500e+02
1.147058582305908203e+01 1.380981750488281250e+02 8.651665687561035156e+00 1.294465179443359375e+02
1.155222129821777344e+01 1.374403839111328125e+02 8.548047065734863281e+00 1.288923492431640625e+02
1.161344623565673828e+01 1.371065521240234375e+02 8.466907501220703125e+00 1.286396331787109375e+02
1.163385486602783203e+01 1.370364685058593750e+02 8.623873710632324219e+00 1.284125823974609375e+02
1.165426349639892578e+01 1.366462860107421875e+02 8.439308166503906250e+00 1.282069702148437500e+02
1.169508171081542969e+01 1.362717895507812500e+02 8.396548271179199219e+00 1.278752517700195312e+02
1.183794212341308594e+01 1.335971069335937500e+02 8.296230316162109375e+00 1.253008651733398438e+02
1.185835075378417969e+01 1.355717773437500000e+02 8.282961845397949219e+00 1.272888183593750000e+02
1.187875938415527344e+01 1.366883697509765625e+02 8.275783538818359375e+00 1.284125823974609375e+02
1.196039485931396484e+01 1.349586639404296875e+02 8.063177108764648438e+00 1.268954849243164062e+02
1.198080348968505859e+01 1.350880584716796875e+02 8.048443794250488281e+00 1.270396041870117188e+02
1.200121307373046875e+01 1.352169494628906250e+02 8.045727729797363281e+00 1.271712112426757812e+02
1.202162170410156250e+01 1.350963287353515625e+02 8.021116256713867188e+00 1.270752105712890625e+02
1.204202842712402344e+01 1.356374816894531250e+02 8.088035583496093750e+00 1.275494384765625000e+02
1.206243801116943359e+01 1.342221984863281250e+02 7.991990566253662109e+00 1.262301864624023438e+02
1.208284664154052734e+01 1.341282348632812500e+02 7.984435081481933594e+00 1.261437911987304688e+02
1.210325527191162109e+01 1.340562286376953125e+02 7.966026782989501953e+00 1.260902023315429688e+02
1.214407253265380859e+01 1.338794403076171875e+02 7.953050613403320312e+00 1.259263839721679688e+02
1.216448211669921875e+01 1.337127227783203125e+02 7.944627285003662109e+00 1.257680740356445312e+02
1.220529937744140625e+01 1.333405456542968750e+02 7.910213470458984375e+00 1.254303131103515625e+02
1.226652622222900391e+01 1.330166778564453125e+02 7.881464481353759766e+00 1.251352310180664062e+02
1.228693294525146484e+01 1.326256713867187500e+02 7.909288883209228516e+00 1.247163772583007812e+02
1.232775115966796875e+01 1.326367797851562500e+02 7.860769271850585938e+00 1.247760009765625000e+02
1.234815979003906250e+01 1.323987731933593750e+02 7.849716186523437500e+00 1.245490570068359375e+02
1.236856842041015625e+01 1.321763000488281250e+02 7.823215007781982422e+00 1.243530731201171875e+02
1.238897705078125000e+01 1.322263946533203125e+02 7.831582546234130859e+00 1.243948135375976562e+02
1.240938663482666016e+01 1.320334930419921875e+02 7.830277442932128906e+00 1.242032089233398438e+02
1.247061252593994141e+01 1.314285278320312500e+02 7.778396129608154297e+00 1.236501312255859375e+02
1.253183746337890625e+01 1.309336700439453125e+02 7.782419681549072266e+00 1.231512451171875000e+02
1.255224609375000000e+01 1.310194549560546875e+02 7.773581027984619141e+00 1.232458801269531250e+02
1.257265567779541016e+01 1.308003387451171875e+02 7.763818264007568359e+00 1.230365219116210938e+02
1.261347293853759766e+01 1.303601684570312500e+02 7.714970588684082031e+00 1.226451797485351562e+02
1.271551704406738281e+01 1.296699981689453125e+02 7.652114868164062500e+00 1.220178833007812500e+02
1.273592472076416016e+01 1.294366455078125000e+02 7.632335662841796875e+00 1.218043212890625000e+02
1.277674198150634766e+01 1.292235717773437500e+02 7.624815464019775391e+00 1.215987472534179688e+02
1.283796882629394531e+01 1.293877410888671875e+02 7.590315341949462891e+00 1.217974319458007812e+02
1.285837745666503906e+01 1.291826324462890625e+02 7.579199314117431641e+00 1.216034393310546875e+02
1.289919567108154297e+01 1.290386657714843750e+02 7.557072162628173828e+00 1.214815902709960938e+02
1.291960430145263672e+01 1.288582305908203125e+02 7.518266677856445312e+00 1.213399810791015625e+02
1.298082923889160156e+01 1.287539520263671875e+02 7.454221248626708984e+00 1.212997131347656250e+02
1.300123786926269531e+01 1.287084960937500000e+02 7.454487800598144531e+00 1.212540283203125000e+02
1.310328197479248047e+01 1.281875762939453125e+02 7.401916027069091797e+00 1.207856597900390625e+02
1.312369060516357422e+01 1.281020202636718750e+02 7.385845184326171875e+00 1.207161712646484375e+02
1.314409923553466797e+01 1.280868988037109375e+02 7.367091655731201172e+00 1.207198181152343750e+02
1.316450881958007812e+01 1.279197082519531250e+02 7.372036457061767578e+00 1.205476760864257812e+02
1.318491744995117188e+01 1.276283950805664062e+02 7.352455615997314453e+00 1.202759399414062500e+02
1.320532417297363281e+01 1.275145645141601562e+02 7.336560726165771484e+00 1.201780166625976562e+02
1.328695964813232422e+01 1.268793945312500000e+02 7.310402870178222656e+00 1.195689849853515625e+02
1.330736923217773438e+01 1.266719207763671875e+02 7.300990104675292969e+00 1.193709259033203125e+02
1.332777786254882812e+01 1.263990249633789062e+02 7.222453594207763672e+00 1.191765670776367188e+02
1.334818649291992188e+01 1.263807678222656250e+02 7.210513591766357422e+00 1.191702499389648438e+02
1.336859512329101562e+01 1.260634231567382812e+02 7.200401306152343750e+00 1.188630218505859375e+02
1.338900375366210938e+01 1.260438919067382812e+02 7.239489078521728516e+00 1.188043975830078125e+02
1.340941333770751953e+01 1.247230529785156250e+02 7.214188575744628906e+00 1.175088653564453125e+02
1.342982006072998047e+01 1.246846160888671875e+02 7.202334880828857422e+00 1.174822769165039062e+02
1.345022869110107422e+01 1.256284332275390625e+02 7.190515995025634766e+00 1.184379196166992188e+02
1.347063827514648438e+01 1.253882827758789062e+02 7.179622173309326172e+00 1.182086563110351562e+02
1.349104690551757812e+01 1.252293395996093750e+02 7.163437843322753906e+00 1.180659027099609375e+02
1.351145553588867188e+01 1.252135467529296875e+02 7.144645214080810547e+00 1.180689010620117188e+02
1.353186416625976562e+01 1.251318588256835938e+02 7.132099628448486328e+00 1.179997634887695312e+02
1.355227375030517578e+01 1.250116500854492188e+02 7.114294052124023438e+00 1.178973617553710938e+02
1.357268238067626953e+01 1.249395904541015625e+02 7.100950717926025391e+00 1.178386383056640625e+02
1.359309101104736328e+01 1.248023147583007812e+02 7.091170310974121094e+00 1.177111587524414062e+02
1.361350059509277344e+01 1.246650009155273438e+02 7.061195373535156250e+00 1.176037979125976562e+02
1.363390827178955078e+01 1.244955749511718750e+02 7.033945083618164062e+00 1.174616394042968750e+02
1.365431785583496094e+01 1.244453048706054688e+02 7.022554397583007812e+00 1.174227523803710938e+02
1.367472553253173828e+01 1.243512496948242188e+02 7.012074470520019531e+00 1.173391723632812500e+02
1.369513320922851562e+01 1.242421493530273438e+02 6.979775905609130859e+00 1.172623748779296875e+02
1.371554279327392578e+01 1.241089477539062500e+02 6.965898036956787109e+00 1.171430511474609375e+02
1.373595046997070312e+01 1.240459671020507812e+02 6.941606044769287109e+00 1.171043624877929688e+02
1.375636100769042969e+01 1.239273605346679688e+02 6.922605991363525391e+00 1.170047531127929688e+02
1.377676773071289062e+01 1.237740631103515625e+02 6.888893604278564453e+00 1.168851776123046875e+02
1.379717826843261719e+01 1.236133041381835938e+02 6.863086700439453125e+00 1.167502136230468750e+02
1.381758594512939453e+01 1.235357818603515625e+02 6.849485874176025391e+00 1.166862945556640625e+02
1.383799648284912109e+01 1.234106140136718750e+02 6.829868316650390625e+00 1.165807418823242188e+02
1.385840320587158203e+01 1.232622528076171875e+02 6.805991649627685547e+00 1.164562683105468750e+02
1.387881374359130859e+01 1.231225509643554688e+02 6.778733730316162109e+00 1.163438186645507812e+02
1.389922142028808594e+01 1.229718475341796875e+02 6.756725311279296875e+00 1.162151184082031250e+02
1.391962814331054688e+01 1.228902130126953125e+02 6.732201099395751953e+00 1.161580047607421875e+02
1.394003868103027344e+01 1.227398071289062500e+02 6.708605289459228516e+00 1.160312042236328125e+02
1.396044635772705078e+01 1.225972976684570312e+02 6.685080528259277344e+00 1.159122161865234375e+02
1.398085689544677734e+01 1.224723052978515625e+02 6.658198833465576172e+00 1.158141098022460938e+02
1.400126361846923828e+01 1.223341674804687500e+02 6.635670185089111328e+00 1.156984863281250000e+02
1.402167415618896484e+01 1.221877136230468750e+02 6.608938694000244141e+00 1.155787811279296875e+02
1.404208183288574219e+01 1.220758285522460938e+02 6.588252544403076172e+00 1.154875793457031250e+02
1.406249237060546875e+01 1.219063491821289062e+02 6.563369274139404297e+00 1.153429870605468750e+02
1.408289909362792969e+01 1.217872848510742188e+02 6.532610416412353516e+00 1.152546768188476562e+02
1.410330963134765625e+01 1.216583862304687500e+02 6.512122154235839844e+00 1.151462707519531250e+02
1.412371635437011719e+01 1.215175247192382812e+02 6.494238376617431641e+00 1.150232925415039062e+02
1.414412403106689453e+01 1.213769760131835938e+02 6.473021030426025391e+00 1.149039535522460938e+02
1.416453456878662109e+01 1.212286682128906250e+02 6.448482990264892578e+00 1.147801818847656250e+02
1.418494129180908203e+01 1.211201171875000000e+02 6.429080009460449219e+00 1.146910400390625000e+02
1.420535182952880859e+01 1.209824295043945312e+02 6.404675960540771484e+00 1.145777511596679688e+02
1.422575950622558594e+01 1.208451156616210938e+02 6.387915134429931641e+00 1.144571914672851562e+02
1.424617004394531250e+01 1.206891174316406250e+02 6.363639831542968750e+00 1.143254852294921875e+02
1.426657676696777344e+01 1.205761184692382812e+02 6.340274333953857422e+00 1.142358398437500000e+02
1.428698730468750000e+01 1.204106369018554688e+02 6.320324897766113281e+00 1.140903091430664062e+02
1.430739498138427734e+01 1.203045120239257812e+02 6.301270961761474609e+00 1.140032424926757812e+02
1.432780551910400391e+01 1.201774826049804688e+02 6.278092384338378906e+00 1.138993911743164062e+02
1.434821224212646484e+01 1.200527572631835938e+02 6.262489795684814453e+00 1.137902603149414062e+02
1.436861991882324219e+01 1.199391021728515625e+02 6.240266799926757812e+00 1.136988296508789062e+02
1.438903045654296875e+01 1.198283309936523438e+02 6.220601081848144531e+00 1.136077346801757812e+02
1.440943717956542969e+01 1.196933517456054688e+02 6.200161457061767578e+00 1.134931869506835938e+02
1.442984771728515625e+01 1.195962905883789062e+02 6.180608272552490234e+00 1.134156875610351562e+02
1.445025539398193359e+01 1.194580612182617188e+02 6.160282611846923828e+00 1.132977828979492188e+02
1.447066593170166016e+01 1.193252487182617188e+02 6.137532234191894531e+00 1.131877136230468750e+02
1.449107265472412109e+01 1.192039184570312500e+02 6.118151187896728516e+00 1.130857696533203125e+02
1.451148319244384766e+01 1.190881958007812500e+02 6.097173690795898438e+00 1.129910202026367188e+02
1.453189086914062500e+01 1.189825820922851562e+02 6.081198215484619141e+00 1.129013824462890625e+02
1.455230045318603516e+01 1.188629531860351562e+02 6.055396080017089844e+00 1.128075485229492188e+02
1.457270812988281250e+01 1.187272796630859375e+02 6.041166782379150391e+00 1.126861114501953125e+02
1.459311580657958984e+01 1.186117935180664062e+02 6.017134666442871094e+00 1.125946578979492188e+02
1.461352539062500000e+01 1.185299148559570312e+02 5.998901367187500000e+00 1.125310134887695312e+02
1.463393306732177734e+01 1.183848342895507812e+02 5.975812911987304688e+00 1.124090194702148438e+02
1.465434360504150391e+01 1.183041000366210938e+02 5.957688331604003906e+00 1.123464126586914062e+02
1.467475032806396484e+01 1.181599044799804688e+02 5.936353206634521484e+00 1.122235565185546875e+02
1.469516086578369141e+01 1.180305404663085938e+02 5.909373760223388672e+00 1.121211700439453125e+02
1.471556854248046875e+01 1.179177627563476562e+02 5.892230987548828125e+00 1.120255279541015625e+02
1.473597908020019531e+01 1.178299255371093750e+02 5.866199970245361328e+00 1.119637222290039062e+02
1.475638580322265625e+01 1.176644668579101562e+02 5.835375785827636719e+00 1.118290939331054688e+02
1.477679634094238281e+01 1.175841674804687500e+02 5.835415840148925781e+00 1.117487564086914062e+02
1.479720401763916016e+01 1.174710769653320312e+02 5.798247814178466797e+00 1.116728286743164062e+02
1.481761455535888672e+01 1.173554458618164062e+02 5.780567646026611328e+00 1.115748825073242188e+02
1.483802127838134766e+01 1.172199783325195312e+02 5.758096694946289062e+00 1.114618835449218750e+02
1.485842895507812500e+01 1.171073760986328125e+02 5.738910198211669922e+00 1.113684616088867188e+02
1.487883949279785156e+01 1.169897842407226562e+02 5.702881336212158203e+00 1.112869033813476562e+02
1.489924621582031250e+01 1.168652572631835938e+02 5.699890613555908203e+00 1.111653671264648438e+02
1.491965675354003906e+01 1.167303390502929688e+02 5.672838687896728516e+00 1.110574874877929688e+02
1.494006443023681641e+01 1.166538314819335938e+02 5.652271270751953125e+00 1.110015640258789062e+02
1.496047496795654297e+01 1.165130996704101562e+02 5.626157760620117188e+00 1.108869400024414062e+02
1.498088169097900391e+01 1.163859024047851562e+02 5.604910850524902344e+00 1.107809982299804688e+02
1.500129222869873047e+01 1.162924880981445312e+02 5.586912155151367188e+00 1.107055740356445312e+02
1.502169895172119141e+01 1.161350860595703125e+02 5.564182758331298828e+00 1.105709075927734375e+02
1.504210948944091797e+01 1.160418853759765625e+02 5.539922237396240234e+00 1.105019531250000000e+02
1.506251716613769531e+01 1.159179153442382812e+02 5.523675441741943359e+00 1.103942337036132812e+02
1.508292388916015625e+01 1.157836074829101562e+02 5.510646343231201172e+00 1.102729568481445312e+02
1.510333442687988281e+01 1.156680374145507812e+02 5.485764026641845703e+00 1.101822738647460938e+02
1.512374210357666016e+01 1.155454559326171875e+02 5.459367752075195312e+00 1.100860900878906250e+02
1.514415264129638672e+01 1.154543380737304688e+02 5.451219558715820312e+00 1.100031204223632812e+02
1.516455936431884766e+01 1.153238830566406250e+02 5.434412002563476562e+00 1.098894729614257812e+02
1.518496990203857422e+01 1.152061843872070312e+02 5.414495468139648438e+00 1.097916870117187500e+02
1.520537757873535156e+01 1.150942001342773438e+02 5.393846035003662109e+00 1.097003555297851562e+02
1.522578811645507812e+01 1.149998321533203125e+02 5.374823570251464844e+00 1.096250076293945312e+02
1.524619483947753906e+01 1.148360671997070312e+02 5.333085536956787109e+00 1.095029754638671875e+02
1.526660537719726562e+01 1.147748107910156250e+02 5.346340656280517578e+00 1.094284744262695312e+02
1.528701305389404297e+01 1.146424560546875000e+02 5.327458381652832031e+00 1.093149948120117188e+02
1.530741977691650391e+01 1.145571823120117188e+02 5.316446304321289062e+00 1.092407302856445312e+02
1.532783031463623047e+01 1.144285430908203125e+02 5.306243419647216797e+00 1.091222991943359375e+02
1.534823799133300781e+01 1.143076171875000000e+02 5.286710739135742188e+00 1.090209045410156250e+02
1.536864852905273438e+01 1.142044219970703125e+02 5.264891147613525391e+00 1.089395294189453125e+02
1.538905525207519531e+01 1.140934906005859375e+02 5.257909774780273438e+00 1.088355865478515625e+02
1.540946578979492188e+01 1.139938812255859375e+02 5.241624355316162109e+00 1.087522583007812500e+02
1.542987346649169922e+01 1.139083633422851562e+02 5.231589317321777344e+00 1.086767730712890625e+02
1.545028305053710938e+01 1.137970199584960938e+02 5.216156482696533203e+00 1.085808639526367188e+02
1.547069072723388672e+01 1.137157592773437500e+02 5.206954002380371094e+00 1.085088043212890625e+02
1.549109745025634766e+01 1.136108703613281250e+02 5.187732219696044922e+00 1.084231414794921875e+02
1.551150798797607422e+01 1.134737854003906250e+02 5.175504207611083984e+00 1.082982788085937500e+02
1.553191566467285156e+01 1.133688278198242188e+02 5.150979518890380859e+00 1.082178573608398438e+02
1.555232620239257812e+01 1.132694320678710938e+02 5.131905078887939453e+00 1.081375198364257812e+02
1.557273292541503906e+01 1.132071838378906250e+02 5.132098197937011719e+00 1.080750808715820312e+02
1.559314346313476562e+01 1.130911788940429688e+02 5.124613285064697266e+00 1.079665679931640625e+02
1.561355113983154297e+01 1.129617385864257812e+02 5.111781597137451172e+00 1.078499679565429688e+02
1.563395786285400391e+01 1.128989562988281250e+02 5.099750041961669922e+00 1.077992095947265625e+02
1.565436840057373047e+01 1.128176727294921875e+02 5.085454463958740234e+00 1.077322158813476562e+02
1.567477607727050781e+01 1.127200469970703125e+02 5.070434093475341797e+00 1.076496124267578125e+02
1.569518661499023438e+01 1.126096343994140625e+02 5.049350738525390625e+00 1.075602722167968750e+02
1.571559333801269531e+01 1.124913940429687500e+02 5.039747238159179688e+00 1.074516448974609375e+02
1.573600387573242188e+01 1.124152832031250000e+02 5.033970832824707031e+00 1.073813171386718750e+02
1.575641155242919922e+01 1.122955245971679688e+02 5.018335342407226562e+00 1.072771835327148438e+02
1.577682209014892578e+01 1.121890258789062500e+02 5.006532192230224609e+00 1.071824951171875000e+02
1.579722881317138672e+01 1.120867996215820312e+02 4.992487430572509766e+00 1.070943069458007812e+02
1.581763935089111328e+01 1.119724349975585938e+02 4.978478431701660156e+00 1.069939575195312500e+02
1.583804702758789062e+01 1.119236221313476562e+02 4.968284606933593750e+00 1.069553298950195312e+02
1.585845661163330078e+01 1.117975158691406250e+02 4.956606864929199219e+00 1.068408966064453125e+02
1.587886428833007812e+01 1.116916275024414062e+02 4.940437316894531250e+00 1.067511901855468750e+02
1.589927196502685547e+01 1.116337661743164062e+02 4.929579257965087891e+00 1.067041854858398438e+02
1.591968154907226562e+01 1.114925613403320312e+02 4.911229133605957031e+00 1.065813293457031250e+02
1.594008922576904297e+01 1.113923568725585938e+02 4.904191017150878906e+00 1.064881668090820312e+02
1.596049976348876953e+01 1.112748107910156250e+02 4.891169548034667969e+00 1.063836441040039062e+02
1.598090648651123047e+01 1.111804351806640625e+02 4.881927967071533203e+00 1.062985076904296875e+02
1.600131797790527344e+01 1.110959243774414062e+02 4.868968486785888672e+00 1.062269515991210938e+02
1.602172470092773438e+01 1.109840774536132812e+02 4.853801727294921875e+00 1.061302719116210938e+02
1.604213523864746094e+01 1.108887329101562500e+02 4.841656684875488281e+00 1.060470733642578125e+02
1.606254196166992188e+01 1.107880401611328125e+02 4.829544067382812500e+00 1.059584960937500000e+02
1.608295249938964844e+01 1.106982574462890625e+02 4.815228462219238281e+00 1.058830337524414062e+02
1.610335922241210938e+01 1.106220245361328125e+02 4.806152820587158203e+00 1.058158721923828125e+02
1.612376785278320312e+01 1.105112609863281250e+02 4.794873714447021484e+00 1.057163848876953125e+02
1.614417839050292969e+01 1.103850479125976562e+02 4.783621788024902344e+00 1.056014328002929688e+02
1.616458511352539062e+01 1.102807083129882812e+02 4.772399902343750000e+00 1.055083084106445312e+02
1.618499565124511719e+01 1.101823196411132812e+02 4.761943817138671875e+00 1.054203720092773438e+02
1.620540237426757812e+01 1.101036987304687500e+02 4.752992630004882812e+00 1.053507080078125000e+02
1.622581291198730469e+01 1.099995422363281250e+02 4.740374565124511719e+00 1.052591705322265625e+02
1.624621963500976562e+01 1.099259185791015625e+02 4.734420299530029297e+00 1.051914978027343750e+02
1.626663017272949219e+01 1.098000335693359375e+02 4.722593307495117188e+00 1.050774536132812500e+02
1.628703880310058594e+01 1.096985397338867188e+02 4.715205669403076172e+00 1.049833450317382812e+02
1.630744743347167969e+01 1.096087875366210938e+02 4.702698230743408203e+00 1.049060897827148438e+02
1.632785606384277344e+01 1.095104446411132812e+02 4.694621562957763672e+00 1.048158264160156250e+02
1.634826278686523438e+01 1.094379043579101562e+02 4.688761234283447266e+00 1.047491378784179688e+02
1.636867332458496094e+01 1.093430862426757812e+02 4.681452274322509766e+00 1.046616287231445312e+02
1.638908004760742188e+01 1.092329864501953125e+02 4.674892902374267578e+00 1.045580902099609375e+02
1.640949058532714844e+01 1.091659088134765625e+02 4.669078350067138672e+00 1.044968261718750000e+02
1.642989730834960938e+01 1.090508193969726562e+02 4.661821365356445312e+00 1.043889999389648438e+02
1.645030784606933594e+01 1.089710845947265625e+02 4.656037330627441406e+00 1.043150482177734375e+02
1.647071647644042969e+01 1.089205703735351562e+02 4.649541854858398438e+00 1.042710342407226562e+02
1.649112701416015625e+01 1.087926254272460938e+02 4.643061161041259766e+00 1.041495666503906250e+02
1.651153373718261719e+01 1.087133712768554688e+02 4.637322902679443359e+00 1.040760498046875000e+02
1.653194427490234375e+01 1.086173858642578125e+02 4.631597518920898438e+00 1.039857864379882812e+02
1.655235099792480469e+01 1.085661087036132812e+02 4.628780364990234375e+00 1.039373245239257812e+02
1.657275772094726562e+01 1.084605865478515625e+02 4.622358322143554688e+00 1.038382339477539062e+02
1.659316825866699219e+01 1.083807907104492188e+02 4.618836402893066406e+00 1.037619552612304688e+02
1.661357688903808594e+01 1.083128814697265625e+02 4.613883495330810547e+00 1.036989974975585938e+02
1.663398742675781250e+01 1.082700119018554688e+02 4.610380649566650391e+00 1.036596298217773438e+02
1.665439414978027344e+01 1.081496734619140625e+02 4.606168746948242188e+00 1.035435028076171875e+02
1.667480468750000000e+01 1.080674743652343750e+02 4.593352317810058594e+00 1.034741210937500000e+02
1.669521141052246094e+01 1.079795532226562500e+02 4.595623970031738281e+00 1.033839340209960938e+02
1.671562194824218750e+01 1.079228439331054688e+02 4.587864398956298828e+00 1.033349761962890625e+02
1.673602867126464844e+01 1.078217010498046875e+02 4.585131168365478516e+00 1.032365722656250000e+02
1.675643920898437500e+01 1.077472839355468750e+02 4.576688766479492188e+00 1.031706008911132812e+02
1.677684593200683594e+01 1.076619262695312500e+02 4.568981170654296875e+00 1.030929412841796875e+02
1.679725456237792969e+01 1.075854644775390625e+02 4.569843769073486328e+00 1.030156250000000000e+02
1.681766510009765625e+01 1.074794998168945312e+02 4.562162399291992188e+00 1.029173355102539062e+02
1.683807182312011719e+01 1.073830718994140625e+02 4.551657199859619141e+00 1.028314208984375000e+02
1.685848236083984375e+01 1.073624343872070312e+02 4.549696445465087891e+00 1.028127365112304688e+02
1.687888908386230469e+01 1.072670440673828125e+02 4.542068004608154297e+00 1.027249755859375000e+02
1.689929962158203125e+01 1.071687164306640625e+02 4.535874366760253906e+00 1.026328430175781250e+02
1.691970634460449219e+01 1.070973663330078125e+02 4.529695987701416016e+00 1.025676651000976562e+02
1.694011688232421875e+01 1.070267639160156250e+02 4.520705223083496094e+00 1.025060577392578125e+02
1.696052551269531250e+01 1.069555130004882812e+02 4.511031627655029297e+00 1.024444808959960938e+02
1.698093605041503906e+01 1.068646240234375000e+02 4.506314277648925781e+00 1.023583145141601562e+02
1.700134277343750000e+01 1.067838516235351562e+02 4.495273113250732422e+00 1.022885818481445312e+02
1.702175331115722656e+01 1.066848907470703125e+02 4.480038166046142578e+00 1.022048492431640625e+02
1.704216003417968750e+01 1.065956268310546875e+02 4.477482795715332031e+00 1.021181488037109375e+02
1.706256675720214844e+01 1.065462799072265625e+02 4.472829341888427734e+00 1.020734405517578125e+02
1.708297729492187500e+01 1.064471282958984375e+02 4.459077358245849609e+00 1.019880523681640625e+02
1.710338592529296875e+01 1.063460311889648438e+02 4.450257301330566406e+00 1.018957748413085938e+02
1.712379646301269531e+01 1.062794952392578125e+02 4.442856311798095703e+00 1.018366317749023438e+02
1.714420318603515625e+01 1.062097778320312500e+02 4.431982040405273438e+00 1.017778015136718750e+02
1.716461372375488281e+01 1.061190185546875000e+02 4.425317764282226562e+00 1.016937103271484375e+02
1.718502044677734375e+01 1.060156097412109375e+02 4.411704540252685547e+00 1.016039047241210938e+02
1.720543098449707031e+01 1.059648742675781250e+02 4.400905132293701172e+00 1.015639648437500000e+02
1.722583770751953125e+01 1.058605728149414062e+02 4.396387100219726562e+00 1.014641876220703125e+02
1.724624824523925781e+01 1.057932739257812500e+02 4.387713909149169922e+00 1.014055557250976562e+02
1.726665496826171875e+01 1.057175064086914062e+02 4.379061698913574219e+00 1.013384475708007812e+02
1.728706359863281250e+01 1.056296157836914062e+02 4.371814727783203125e+00 1.012578048706054688e+02
1.730747413635253906e+01 1.055562820434570312e+02 4.364584445953369141e+00 1.011917037963867188e+02
1.732788085937500000e+01 1.054696121215820312e+02 4.357371807098388672e+00 1.011122436523437500e+02
1.734829139709472656e+01 1.054075622558593750e+02 4.350865364074707031e+00 1.010567016601562500e+02
1.736869812011718750e+01 1.053091354370117188e+02 4.346442699432373047e+00 1.009626998901367188e+02
1.738910865783691406e+01 1.052500534057617188e+02 4.342717647552490234e+00 1.009073410034179688e+02
1.740951538085937500e+01 1.051779174804687500e+02 4.331439971923828125e+00 1.008464736938476562e+02
1.742992591857910156e+01 1.051119384765625000e+02 4.324306964874267578e+00 1.007876358032226562e+02
1.745033454895019531e+01 1.050598831176757812e+02 4.319936275482177734e+00 1.007399444580078125e+02
1.747074508666992188e+01 1.049439315795898438e+02 4.317629814147949219e+00 1.006263046264648438e+02
1.749115180969238281e+01 1.048636627197265625e+02 4.305064678192138672e+00 1.005585937500000000e+02
1.751155853271484375e+01 1.048369903564453125e+02 4.308933734893798828e+00 1.005280609130859375e+02
1.753196907043457031e+01 1.047482757568359375e+02 4.306648254394531250e+00 1.004416198730468750e+02
1.755237579345703125e+01 1.046697006225585938e+02 4.303687095642089844e+00 1.003660125732421875e+02
1.757278633117675781e+01 1.045880432128906250e+02 4.300731182098388672e+00 1.002873153686523438e+02
1.759319496154785156e+01 1.045476074218750000e+02 4.298464298248291016e+00 1.002491455078125000e+02
1.761360359191894531e+01 1.044759674072265625e+02 4.290764808654785156e+00 1.001852111816406250e+02
1.763401222229003906e+01 1.044093933105468750e+02 4.294623851776123047e+00 1.001147689819335938e+02
1.765442276000976562e+01 1.043455123901367188e+02 4.291014671325683594e+00 1.000544967651367188e+02
1.767482948303222656e+01 1.043092803955078125e+02 4.291477680206298828e+00 1.000178070068359375e+02
1.769524002075195312e+01 1.042300491333007812e+02 4.289233684539794922e+00 9.994081878662109375e+01
1.771564674377441406e+01 1.041480331420898438e+02 4.287671089172363281e+00 9.986035919189453125e+01
1.773605346679687500e+01 1.041139068603515625e+02 4.284087181091308594e+00 9.982981872558593750e+01
1.775646400451660156e+01 1.040490722656250000e+02 4.283207416534423828e+00 9.976586151123046875e+01
1.777687263488769531e+01 1.039487686157226562e+02 4.281657218933105469e+00 9.966710662841796875e+01
1.779728317260742188e+01 1.039143829345703125e+02 4.280782222747802734e+00 9.963359069824218750e+01
1.781768989562988281e+01 1.038283691406250000e+02 4.270504951477050781e+00 9.955786895751953125e+01
1.783810043334960938e+01 1.038003005981445312e+02 4.276354789733886719e+00 9.952394866943359375e+01
1.785850715637207031e+01 1.037205276489257812e+02 4.274149417877197266e+00 9.944637298583984375e+01
1.787891769409179688e+01 1.036335372924804688e+02 4.271277904510498047e+00 9.936225891113281250e+01
1.789932441711425781e+01 1.035975799560546875e+02 4.266408443450927734e+00 9.933116149902343750e+01
1.791973495483398438e+01 1.035088424682617188e+02 4.265556812286376953e+00 9.924328613281250000e+01
1.794014358520507812e+01 1.034408416748046875e+02 4.263373374938964844e+00 9.917746734619140625e+01
1.796055030822753906e+01 1.034025878906250000e+02 4.257863044738769531e+00 9.914472198486328125e+01
1.798096084594726562e+01 1.033237304687500000e+02 4.255692005157470703e+00 9.906803131103515625e+01
1.800136756896972656e+01 1.032353668212890625e+02 4.246878147125244141e+00 9.898848724365234375e+01
1.802177810668945312e+01 1.031631088256835938e+02 4.248046398162841797e+00 9.891506195068359375e+01
1.804218482971191406e+01 1.030957412719726562e+02 4.244567871093750000e+00 9.885117340087890625e+01
1.806259536743164062e+01 1.030416488647460938e+02 4.239771842956542969e+00 9.880187988281250000e+01
1.808300209045410156e+01 1.029610519409179688e+02 4.234324932098388672e+00 9.872673034667968750e+01
1.810341262817382812e+01 1.029233703613281250e+02 4.228229045867919922e+00 9.869514465332031250e+01
1.812382125854492188e+01 1.028223495483398438e+02 4.223468303680419922e+00 9.859887695312500000e+01
1.814423179626464844e+01 1.027583389282226562e+02 4.220036029815673828e+00 9.853829193115234375e+01
1.816463851928710938e+01 1.026782836914062500e+02 4.208705902099609375e+00 9.846958160400390625e+01
1.818504524230957031e+01 1.026219558715820312e+02 4.209907054901123047e+00 9.841205596923828125e+01
1.820545578002929688e+01 1.025376663208007812e+02 4.205186843872070312e+00 9.833248138427734375e+01
1.822586250305175781e+01 1.024582061767578125e+02 4.184059619903564453e+00 9.827414703369140625e+01
1.824627304077148438e+01 1.024210510253906250e+02 4.193811416625976562e+00 9.822724151611328125e+01
1.826668167114257812e+01 1.023239898681640625e+02 4.189781665802001953e+00 9.813420104980468750e+01
1.828709220886230469e+01 1.022639617919921875e+02 4.185105800628662109e+00 9.807885742187500000e+01
1.830749893188476562e+01 1.022082138061523438e+02 4.182401657104492188e+00 9.802581024169921875e+01
1.832790946960449219e+01 1.021340637207031250e+02 4.178397178649902344e+00 9.795566558837890625e+01
1.834831619262695312e+01 1.020610809326171875e+02 4.175055027008056641e+00 9.788602447509765625e+01
1.836872673034667969e+01 1.020050506591796875e+02 4.173021793365478516e+00 9.783202362060546875e+01
1.838913345336914062e+01 1.019318389892578125e+02 4.170343875885009766e+00 9.776148986816406250e+01
1.840954399108886719e+01 1.018584976196289062e+02 4.166370391845703125e+00 9.769211578369140625e+01
1.842995262145996094e+01 1.018262710571289062e+02 4.168251991271972656e+00 9.765802764892578125e+01
1.845035934448242188e+01 1.017551727294921875e+02 4.164289951324462891e+00 9.759088134765625000e+01
1.847076988220214844e+01 1.017010879516601562e+02 4.161632061004638672e+00 9.753945922851562500e+01
1.849117660522460938e+01 1.016118087768554688e+02 4.158981323242187500e+00 9.745282745361328125e+01
1.851158714294433594e+01 1.015765991210937500e+02 4.154396057128906250e+00 9.742219543457031250e+01
1.853199386596679688e+01 1.015083312988281250e+02 4.147237777709960938e+00 9.736109924316406250e+01
1.855240440368652344e+01 1.014374008178710938e+02 4.138158798217773438e+00 9.729924011230468750e+01
1.857281112670898438e+01 1.013802108764648438e+02 4.127167224884033203e+00 9.725304412841796875e+01
1.859322166442871094e+01 1.012935791015625000e+02 4.107830047607421875e+00 9.718575286865234375e+01
1.861363029479980469e+01 1.012316131591796875e+02 4.096252918243408203e+00 9.713535308837890625e+01
1.863404083251953125e+01 1.011542587280273438e+02 4.089838981628417969e+00 9.706442260742187500e+01
1.865444755554199219e+01 1.010988693237304688e+02 4.096914768218994141e+00 9.700194549560546875e+01
1.867485427856445312e+01 1.010534210205078125e+02 4.113589286804199219e+00 9.693982696533203125e+01
1.869526481628417969e+01 1.010044937133789062e+02 4.138549327850341797e+00 9.686594390869140625e+01
1.871567153930664062e+01 1.009705123901367188e+02 4.164095401763916016e+00 9.680641937255859375e+01
1.873608207702636719e+01 1.009375152587890625e+02 4.199806690216064453e+00 9.673770904541015625e+01
1.875649070739746094e+01 1.009435043334960938e+02 4.236717700958251953e+00 9.670678710937500000e+01
1.877690124511718750e+01 1.009265136718750000e+02 4.270359992980957031e+00 9.665615844726562500e+01
1.879730796813964844e+01 1.009206466674804688e+02 4.312208175659179688e+00 9.660843658447265625e+01
1.881771850585937500e+01 1.009188308715820312e+02 4.357144832611083984e+00 9.656168365478515625e+01
1.883812522888183594e+01 1.009091186523437500e+02 4.406433105468750000e+00 9.650268554687500000e+01
1.885853576660156250e+01 1.009597244262695312e+02 4.461326122283935547e+00 9.649839019775390625e+01
1.887894248962402344e+01 1.009813995361328125e+02 4.518002986907958984e+00 9.646339416503906250e+01
1.889935111999511719e+01 1.010216598510742188e+02 4.577724456787109375e+00 9.644393157958984375e+01
1.891975975036621094e+01 1.010540466308593750e+02 4.632255554199218750e+00 9.642179107666015625e+01
1.894016838073730469e+01 1.010553054809570312e+02 4.670869827270507812e+00 9.638443756103515625e+01
1.896057891845703125e+01 1.010634994506835938e+02 4.679730415344238281e+00 9.638378143310546875e+01
1.898098564147949219e+01 1.009886550903320312e+02 4.639384746551513672e+00 9.634926605224609375e+01
1.900139617919921875e+01 1.008829956054687500e+02 4.551250457763671875e+00 9.633174133300781250e+01
1.902180290222167969e+01 1.006410293579101562e+02 4.434989452362060547e+00 9.620603179931640625e+01
1.904221343994140625e+01 1.004538955688476562e+02 4.318348884582519531e+00 9.613555145263671875e+01
1.906262016296386719e+01 1.002342147827148438e+02 4.222051143646240234e+00 9.601216888427734375e+01
1.908303070068359375e+01 1.000326156616210938e+02 4.147912025451660156e+00 9.588471221923828125e+01
1.910343933105468750e+01 9.988797760009765625e+01 4.086463928222656250e+00 9.580151367187500000e+01
1.912384605407714844e+01 9.970803070068359375e+01 4.026398181915283203e+00 9.568162536621093750e+01
1.914425659179687500e+01 9.956937408447265625e+01 3.962083339691162109e+00 9.560728454589843750e+01
1.916466331481933594e+01 9.943035125732421875e+01 3.894783496856689453e+00 9.553556823730468750e+01
1.918507385253906250e+01 9.929968261718750000e+01 3.831369161605834961e+00 9.546831512451171875e+01
1.920548057556152344e+01 9.919368743896484375e+01 3.779309272766113281e+00 9.541437530517578125e+01
1.922589111328125000e+01 9.906351470947265625e+01 3.740432500839233398e+00 9.532308197021484375e+01
1.924629974365234375e+01 9.894573211669921875e+01 3.725272417068481445e+00 9.522045135498046875e+01
1.926671028137207031e+01 9.891511535644531250e+01 3.764813661575317383e+00 9.515029907226562500e+01
1.928711700439453125e+01 9.886299133300781250e+01 3.781930446624755859e+00 9.508106231689453125e+01
1.930752754211425781e+01 9.864871215820312500e+01 3.720897912979125977e+00 9.492781066894531250e+01
1.932793426513671875e+01 9.841711425781250000e+01 3.588776588439941406e+00 9.482833862304687500e+01
1.934834098815917969e+01 9.830792999267578125e+01 3.563957691192626953e+00 9.474396514892578125e+01
1.936875152587890625e+01 9.827681732177734375e+01 3.591719388961791992e+00 9.468509674072265625e+01
1.938915824890136719e+01 9.831221008300781250e+01 3.618805408477783203e+00 9.469340515136718750e+01
1.940956878662109375e+01 9.828507995605468750e+01 3.641517639160156250e+00 9.464356994628906250e+01
1.942997741699218750e+01 9.830335235595703125e+01 3.658638000488281250e+00 9.464472198486328125e+01
1.945038795471191406e+01 9.825356292724609375e+01 3.652337312698364258e+00 9.460122680664062500e+01
1.947079467773437500e+01 9.818963623046875000e+01 3.617157459259033203e+00 9.457247924804687500e+01
1.949120521545410156e+01 9.808715820312500000e+01 3.587577342987060547e+00 9.449958038330078125e+01
1.951161193847656250e+01 9.795162963867187500e+01 3.555605888366699219e+00 9.439602661132812500e+01
1.953202247619628906e+01 9.782307434082031250e+01 3.506541967391967773e+00 9.431653594970703125e+01
1.955242919921875000e+01 9.766387939453125000e+01 3.465539216995239258e+00 9.419834136962890625e+01
1.957283973693847656e+01 9.756353759765625000e+01 3.471098423004150391e+00 9.409243774414062500e+01
1.959324836730957031e+01 9.753985595703125000e+01 3.504748106002807617e+00 9.403511047363281250e+01
1.961365509033203125e+01 9.749387359619140625e+01 3.519409656524658203e+00 9.397446441650390625e+01
1.963406562805175781e+01 9.741853332519531250e+01 3.513922214508056641e+00 9.390460968017578125e+01
1.965447235107421875e+01 9.733805084228515625e+01 3.490785598754882812e+00 9.384726715087890625e+01
1.967488288879394531e+01 9.726956939697265625e+01 3.464654684066772461e+00 9.380491638183593750e+01
1.969528961181640625e+01 9.722521209716796875e+01 3.442224979400634766e+00 9.378298950195312500e+01
1.971570014953613281e+01 9.721001434326171875e+01 3.430162191390991211e+00 9.377985382080078125e+01
1.973610877990722656e+01 9.713853454589843750e+01 3.428434848785400391e+00 9.371011352539062500e+01
1.975651741027832031e+01 9.714167022705078125e+01 3.437009572982788086e+00 9.370467376708984375e+01
1.977692604064941406e+01 9.711502838134765625e+01 3.451014757156372070e+00 9.366400909423828125e+01
1.979733657836914062e+01 9.704069519042968750e+01 3.451084613800048828e+00 9.358961486816406250e+01
1.981774330139160156e+01 9.695197296142578125e+01 3.418540000915527344e+00 9.353343200683593750e+01
1.983815002441406250e+01 9.686131286621093750e+01 3.398129224777221680e+00 9.346318817138671875e+01
1.985856056213378906e+01 9.682043457031250000e+01 3.355458259582519531e+00 9.346497344970703125e+01
1.987896728515625000e+01 9.674006652832031250e+01 3.332143783569335938e+00 9.340791320800781250e+01
1.989937782287597656e+01 9.671635437011718750e+01 3.310680627822875977e+00 9.340567779541015625e+01
1.991978645324707031e+01 9.662291717529296875e+01 3.298876762390136719e+00 9.332404327392578125e+01
1.994019699096679688e+01 9.653614807128906250e+01 3.288296937942504883e+00 9.324784851074218750e+01
1.996060371398925781e+01 9.649082183837890625e+01 3.287933111190795898e+00 9.320288848876953125e+01
1.998101425170898438e+01 9.642456817626953125e+01 3.300149679183959961e+00 9.312442016601562500e+01
2.000142097473144531e+01 9.637757110595703125e+01 3.313539028167724609e+00 9.306403350830078125e+01
2.002183151245117188e+01 9.632014465332031250e+01 3.323910951614379883e+00 9.299623107910156250e+01
2.004223823547363281e+01 9.626187133789062500e+01 3.327095985412597656e+00 9.293476867675781250e+01
2.006264686584472656e+01 9.618262481689453125e+01 3.329678058624267578e+00 9.285294342041015625e+01
2.008305740356445312e+01 9.615412139892578125e+01 3.329274177551269531e+00 9.282485198974609375e+01
2.010346412658691406e+01 9.606025695800781250e+01 3.328275918960571289e+00 9.273197937011718750e+01
2.012387466430664062e+01 9.600447845458984375e+01 3.327874183654785156e+00 9.267660522460937500e+01
2.014428138732910156e+01 9.597079467773437500e+01 3.316184282302856445e+00 9.265460968017578125e+01
2.016469192504882812e+01 9.584345245361328125e+01 3.264746904373168945e+00 9.257870483398437500e+01
2.018509864807128906e+01 9.572405242919921875e+01 3.197996139526367188e+00 9.252605438232421875e+01
2.020550918579101562e+01 9.557632446289062500e+01 3.115385293960571289e+00 9.246093750000000000e+01
2.022591781616210938e+01 9.543274688720703125e+01 3.032941579818725586e+00 9.239980316162109375e+01
2.024632644653320312e+01 9.527785491943359375e+01 2.951255083084106445e+00 9.232659912109375000e+01
2.026673507690429688e+01 9.512451171875000000e+01 2.882726669311523438e+00 9.224177551269531250e+01
2.028714179992675781e+01 9.503933715820312500e+01 2.857996225357055664e+00 9.218133544921875000e+01
2.030755233764648438e+01 9.506050109863281250e+01 2.886363029479980469e+00 9.217414855957031250e+01
2.032795906066894531e+01 9.509860229492187500e+01 2.941169977188110352e+00 9.215742492675781250e+01
2.034836959838867188e+01 9.519043731689453125e+01 3.021160364151000977e+00 9.216927337646484375e+01
2.036877632141113281e+01 9.519365692138671875e+01 3.093939542770385742e+00 9.209971618652343750e+01
2.038918685913085938e+01 9.513856506347656250e+01 3.085559129714965820e+00 9.205300140380859375e+01
2.040959548950195312e+01 9.511659240722656250e+01 3.127045392990112305e+00 9.198954772949218750e+01
2.043000602722167969e+01 9.509131622314453125e+01 3.146770477294921875e+00 9.194454956054687500e+01
2.045041275024414062e+01 9.501948547363281250e+01 3.145386219024658203e+00 9.187409973144531250e+01
2.047082328796386719e+01 9.499771881103515625e+01 3.128216981887817383e+00 9.186949920654296875e+01
2.049123001098632812e+01 9.490253448486328125e+01 3.099399805068969727e+00 9.180313873291015625e+01
2.051163673400878906e+01 9.480214691162109375e+01 3.065388441085815430e+00 9.173675537109375000e+01
2.053204727172851562e+01 9.468150329589843750e+01 3.051264762878417969e+00 9.163024139404296875e+01
2.055245590209960938e+01 9.459986114501953125e+01 3.063376903533935547e+00 9.153649139404296875e+01
2.057286643981933594e+01 9.448831176757812500e+01 3.076628684997558594e+00 9.141168212890625000e+01
2.059327316284179688e+01 9.440402221679687500e+01 3.070092439651489258e+00 9.133392333984375000e+01
2.061368370056152344e+01 9.432687377929687500e+01 3.047310113906860352e+00 9.127956390380859375e+01
2.063409042358398438e+01 9.429067993164062500e+01 3.093603372573852539e+00 9.119707489013671875e+01
2.065450096130371094e+01 9.421359252929687500e+01 3.103295803070068359e+00 9.111029815673828125e+01
2.067490768432617188e+01 9.411857604980468750e+01 3.111232519149780273e+00 9.100735473632812500e+01
2.069531822204589844e+01 9.407659912109375000e+01 3.112791299819946289e+00 9.096380615234375000e+01
2.071572494506835938e+01 9.396879577636718750e+01 3.107991456985473633e+00 9.086080932617187500e+01
2.073613357543945312e+01 9.384670257568359375e+01 3.063949346542358398e+00 9.078275299072265625e+01
2.075654411315917969e+01 9.380595397949218750e+01 3.022299766540527344e+00 9.078364562988281250e+01
2.077695083618164062e+01 9.374120330810546875e+01 3.004352569580078125e+00 9.073684692382812500e+01
2.079736137390136719e+01 9.374385833740234375e+01 2.989893436431884766e+00 9.075395965576171875e+01
2.081776809692382812e+01 9.374710083007812500e+01 3.026060581207275391e+00 9.072104644775390625e+01
2.083817863464355469e+01 9.385211944580078125e+01 3.154635429382324219e+00 9.069748687744140625e+01
2.085858535766601562e+01 9.387087249755859375e+01 3.226722717285156250e+00 9.064415740966796875e+01
2.087899589538574219e+01 9.384312438964843750e+01 3.239620208740234375e+00 9.060350036621093750e+01
2.089940452575683594e+01 9.386124420166015625e+01 3.255356550216674805e+00 9.060588836669921875e+01
2.091981506347656250e+01 9.381748199462890625e+01 3.256185770034790039e+00 9.056130218505859375e+01
2.094022178649902344e+01 9.379062652587890625e+01 3.263873100280761719e+00 9.052675628662109375e+01
2.096063232421875000e+01 9.377648162841796875e+01 3.250415802001953125e+00 9.052606964111328125e+01
2.098103904724121094e+01 9.369054412841796875e+01 3.230139732360839844e+00 9.046040344238281250e+01
2.100144577026367188e+01 9.351956939697265625e+01 3.196793794631958008e+00 9.032277679443359375e+01
2.102185630798339844e+01 9.340219879150390625e+01 3.140167713165283203e+00 9.026203155517578125e+01
2.104226493835449219e+01 9.323847961425781250e+01 3.058623075485229492e+00 9.017985534667968750e+01
2.106267547607421875e+01 9.310972595214843750e+01 3.009628295898437500e+00 9.010009765625000000e+01
2.108308219909667969e+01 9.317035675048828125e+01 3.062352895736694336e+00 9.010800933837890625e+01
2.110349273681640625e+01 9.324739074707031250e+01 3.176231384277343750e+00 9.007115936279296875e+01
2.112389945983886719e+01 9.338835144042968750e+01 3.291023015975952148e+00 9.009733581542968750e+01
2.114430999755859375e+01 9.350025177001953125e+01 3.422009229660034180e+00 9.007823944091796875e+01
2.116471672058105469e+01 9.367497253417968750e+01 3.582717657089233398e+00 9.009225463867187500e+01
2.118512725830078125e+01 9.378083038330078125e+01 3.652150630950927734e+00 9.012867736816406250e+01
2.120553398132324219e+01 9.382204437255859375e+01 3.674600601196289062e+00 9.014744567871093750e+01
2.122594261169433594e+01 9.373213958740234375e+01 3.600579023361206055e+00 9.013156127929687500e+01
2.124635314941406250e+01 9.341110229492187500e+01 3.383602380752563477e+00 9.002750396728515625e+01
2.126675987243652344e+01 9.318700408935546875e+01 3.245839595794677734e+00 8.994116210937500000e+01
2.128717041015625000e+01 9.289533996582031250e+01 3.097656488418579102e+00 8.979768371582031250e+01
2.130757713317871094e+01 9.245643615722656250e+01 2.910996913909912109e+00 8.954544067382812500e+01
2.132798767089843750e+01 9.212899780273437500e+01 2.795968294143676758e+00 8.933302307128906250e+01
2.134839439392089844e+01 9.197708892822265625e+01 2.746198892593383789e+00 8.923089599609375000e+01
2.136880493164062500e+01 9.187336730957031250e+01 2.702685356140136719e+00 8.917068481445312500e+01
2.138921356201171875e+01 9.194270324707031250e+01 2.753269195556640625e+00 8.918943786621093750e+01
2.140962409973144531e+01 9.196945953369140625e+01 2.771330595016479492e+00 8.919814300537109375e+01
2.143003082275390625e+01 9.190959930419921875e+01 2.793825864791870117e+00 8.911577606201171875e+01
2.145043754577636719e+01 9.175643157958984375e+01 2.831344604492187500e+00 8.892508697509765625e+01
2.147084808349609375e+01 9.173633575439453125e+01 2.917850017547607422e+00 8.881848907470703125e+01
2.149125480651855469e+01 9.167256927490234375e+01 2.898370504379272461e+00 8.877419281005859375e+01
2.151166534423828125e+01 9.150797271728515625e+01 2.855001449584960938e+00 8.865297698974609375e+01
2.153207397460937500e+01 9.145828247070312500e+01 2.900102853775024414e+00 8.855818176269531250e+01
2.155248260498046875e+01 9.142890167236328125e+01 2.929012298583984375e+00 8.849989318847656250e+01
2.157289123535156250e+01 9.140258026123046875e+01 2.936783790588378906e+00 8.846579742431640625e+01
2.159330177307128906e+01 9.143260192871093750e+01 2.935670614242553711e+00 8.849693298339843750e+01
2.161370849609375000e+01 9.143784332275390625e+01 2.991047382354736328e+00 8.844680023193359375e+01
2.163411903381347656e+01 9.143006896972656250e+01 2.998737812042236328e+00 8.843133544921875000e+01
2.165452575683593750e+01 9.135726928710937500e+01 2.967721462249755859e+00 8.838953399658203125e+01
2.167493247985839844e+01 9.126422882080078125e+01 2.921301126480102539e+00 8.834291839599609375e+01
2.169534301757812500e+01 9.129603576660156250e+01 2.993585586547851562e+00 8.830245971679687500e+01
2.171575164794921875e+01 9.133281707763671875e+01 3.027150869369506836e+00 8.830566406250000000e+01
2.173616218566894531e+01 9.123502349853515625e+01 2.960430145263671875e+00 8.827458953857421875e+01
2.175656890869140625e+01 9.109873199462890625e+01 2.914740800857543945e+00 8.818399810791015625e+01
2.177697944641113281e+01 9.088272857666015625e+01 2.808126211166381836e+00 8.807460784912109375e+01
2.179738616943359375e+01 9.072390747070312500e+01 2.779139280319213867e+00 8.794476318359375000e+01
2.181779670715332031e+01 9.073175048828125000e+01 2.833595514297485352e+00 8.789815521240234375e+01
2.183820343017578125e+01 9.083216094970703125e+01 2.925220966339111328e+00 8.790694427490234375e+01
2.185861396789550781e+01 9.080470275878906250e+01 2.994771480560302734e+00 8.780992889404296875e+01
2.187902259826660156e+01 9.076064300537109375e+01 3.016596794128417969e+00 8.774404144287109375e+01
2.189942932128906250e+01 9.081996154785156250e+01 3.047126531600952148e+00 8.777283477783203125e+01
2.191983985900878906e+01 9.079173278808593750e+01 2.984222650527954102e+00 8.780751037597656250e+01
2.194024658203125000e+01 9.063326263427734375e+01 2.859788417816162109e+00 8.777347564697265625e+01
2.196065711975097656e+01 9.043760681152343750e+01 2.763382673263549805e+00 8.767421722412109375e+01
2.198106384277343750e+01 9.021939849853515625e+01 2.699828863143920898e+00 8.751956939697265625e+01
2.200147438049316406e+01 9.017078399658203125e+01 2.690795660018920898e+00 8.747999572753906250e+01
2.202188110351562500e+01 9.016059875488281250e+01 2.683410167694091797e+00 8.747718811035156250e+01
2.204229164123535156e+01 9.041723632812500000e+01 2.817768573760986328e+00 8.759946441650390625e+01
2.206270027160644531e+01 9.043804168701171875e+01 2.869957447052001953e+00 8.756809234619140625e+01
2.208311080932617188e+01 9.038771820068359375e+01 2.859716176986694336e+00 8.752799224853515625e+01
2.210351753234863281e+01 9.031357574462890625e+01 2.854368686676025391e+00 8.745920562744140625e+01
2.212392807006835938e+01 9.036792755126953125e+01 2.971301317214965820e+00 8.739662933349609375e+01
2.214433479309082031e+01 9.045483398437500000e+01 3.044777154922485352e+00 8.741005706787109375e+01
2.216474151611328125e+01 9.046154785156250000e+01 3.058174610137939453e+00 8.740337371826171875e+01
2.218515205383300781e+01 9.044424438476562500e+01 3.030003309249877930e+00 8.741423797607421875e+01
2.220556068420410156e+01 9.038140106201171875e+01 3.028296709060668945e+00 8.735309600830078125e+01
2.222597122192382812e+01 9.037450408935546875e+01 3.077215671539306641e+00 8.729728698730468750e+01
2.224637794494628906e+01 9.029969787597656250e+01 3.099142789840698242e+00 8.720056152343750000e+01
2.226678848266601562e+01 9.030446624755859375e+01 3.129092693328857422e+00 8.717537689208984375e+01
2.228719520568847656e+01 9.043086242675781250e+01 3.178322315216064453e+00 8.725253295898437500e+01
2.230760574340820312e+01 9.054723358154296875e+01 3.220486164093017578e+00 8.732674407958984375e+01
2.232801246643066406e+01 9.060911560058593750e+01 3.175192594528198242e+00 8.743392944335937500e+01
2.234842300415039062e+01 9.038365936279296875e+01 3.135337114334106445e+00 8.724832916259765625e+01
2.236883163452148438e+01 9.020515441894531250e+01 2.979973077774047852e+00 8.722517395019531250e+01
2.238923835754394531e+01 8.994768524169921875e+01 2.838792562484741211e+00 8.710890960693359375e+01
2.240964889526367188e+01 8.965660858154296875e+01 2.747541904449462891e+00 8.690906524658203125e+01
2.243005561828613281e+01 8.967048645019531250e+01 2.831491470336914062e+00 8.683898925781250000e+01
2.245046615600585938e+01 8.971228790283203125e+01 2.925418376922607422e+00 8.678686523437500000e+01
2.247087287902832031e+01 8.966666412353515625e+01 2.889735937118530273e+00 8.677692413330078125e+01
2.249128341674804688e+01 8.957290649414062500e+01 2.860504388809204102e+00 8.671239471435546875e+01
2.251169013977050781e+01 8.940460968017578125e+01 2.815374851226806641e+00 8.658923339843750000e+01
2.253210067749023438e+01 8.923944854736328125e+01 2.782545089721679688e+00 8.645690155029296875e+01
2.255250930786132812e+01 8.905571746826171875e+01 2.660079479217529297e+00 8.639563751220703125e+01
2.257291984558105469e+01 8.876970672607421875e+01 2.518215179443359375e+00 8.625148773193359375e+01
2.259332656860351562e+01 8.845425415039062500e+01 2.295550823211669922e+00 8.615869903564453125e+01
2.261373329162597656e+01 8.819722747802734375e+01 2.227316141128540039e+00 8.596990966796875000e+01
2.263414382934570312e+01 8.831114959716796875e+01 2.457463264465332031e+00 8.585369110107421875e+01
2.265455055236816406e+01 8.848956298828125000e+01 2.595262527465820312e+00 8.589430236816406250e+01
2.267496109008789062e+01 8.844223022460937500e+01 2.590286970138549805e+00 8.585194396972656250e+01
2.269536972045898438e+01 8.819699096679687500e+01 2.497244834899902344e+00 8.569974517822265625e+01
2.271578025817871094e+01 8.796169281005859375e+01 2.438093185424804688e+00 8.552359771728515625e+01
2.273618698120117188e+01 8.797965240478515625e+01 2.468544960021972656e+00 8.551110839843750000e+01
2.275659751892089844e+01 8.814390563964843750e+01 2.435823678970336914e+00 8.570808410644531250e+01
2.277700424194335938e+01 8.803121948242187500e+01 2.388447284698486328e+00 8.564277648925781250e+01
2.279741477966308594e+01 8.791954803466796875e+01 2.328554391860961914e+00 8.559099578857421875e+01
2.281782150268554688e+01 8.793710327148437500e+01 2.325947523117065430e+00 8.561116027832031250e+01
2.283823013305664062e+01 8.794110870361328125e+01 2.386237144470214844e+00 8.555486297607421875e+01
2.285863876342773438e+01 8.789566802978515625e+01 2.562665939331054688e+00 8.533300018310546875e+01
2.287904739379882812e+01 8.800547790527343750e+01 2.557764291763305664e+00 8.544771575927734375e+01
2.289945793151855469e+01 8.803816223144531250e+01 2.579006195068359375e+00 8.545915222167968750e+01
2.291986465454101562e+01 8.822879028320312500e+01 2.632588863372802734e+00 8.559619903564453125e+01
2.294027519226074219e+01 8.816466522216796875e+01 2.590592145919799805e+00 8.557407379150390625e+01
2.296068191528320312e+01 8.809101104736328125e+01 2.542936086654663086e+00 8.554807281494140625e+01
2.298109245300292969e+01 8.798734283447265625e+01 2.505259990692138672e+00 8.548207855224609375e+01
2.300149917602539062e+01 8.791520690917968750e+01 2.530097246170043945e+00 8.538510894775390625e+01
2.302190971374511719e+01 8.782524108886718750e+01 2.521095037460327148e+00 8.530415344238281250e+01
2.304231834411621094e+01 8.779714202880859375e+01 2.533926725387573242e+00 8.526321411132812500e+01
2.306272506713867188e+01 8.779218292236328125e+01 2.623547554016113281e+00 8.516863250732421875e+01
2.308313560485839844e+01 8.777188873291015625e+01 2.673600435256958008e+00 8.509828948974609375e+01
2.310354232788085938e+01 8.776361083984375000e+01 2.710613250732421875e+00 8.505299377441406250e+01
2.312395286560058594e+01 8.767826843261718750e+01 2.810193061828613281e+00 8.486808013916015625e+01
2.314435958862304688e+01 8.756932067871093750e+01 2.747206211090087891e+00 8.482211303710937500e+01
2.316477012634277344e+01 8.749060058593750000e+01 2.648677110671997070e+00 8.484191894531250000e+01
2.318517875671386719e+01 8.717589569091796875e+01 2.528122425079345703e+00 8.464778900146484375e+01
2.320558929443359375e+01 8.737197875976562500e+01 2.716746568679809570e+00 8.465522766113281250e+01
2.322599601745605469e+01 8.720827484130859375e+01 2.653548240661621094e+00 8.455471801757812500e+01
2.324640655517578125e+01 8.719088745117187500e+01 2.728968143463134766e+00 8.446190643310546875e+01
2.326681327819824219e+01 8.716484832763671875e+01 2.742008209228515625e+00 8.442283630371093750e+01
2.328722000122070312e+01 8.712773132324218750e+01 2.729325294494628906e+00 8.439839172363281250e+01
2.330763053894042969e+01 8.721018218994140625e+01 2.807561874389648438e+00 8.440262603759765625e+01
2.332803726196289062e+01 8.725012207031250000e+01 2.903620481491088867e+00 8.434649658203125000e+01
2.334844779968261719e+01 8.737404632568359375e+01 3.005662918090820312e+00 8.436838531494140625e+01
2.336885643005371094e+01 8.739157867431640625e+01 3.010721206665039062e+00 8.438086700439453125e+01
2.338926696777343750e+01 8.732151031494140625e+01 3.013211488723754883e+00 8.430830383300781250e+01
2.340967369079589844e+01 8.730355834960937500e+01 3.044331073760986328e+00 8.425922393798828125e+01
2.343008422851562500e+01 8.734111022949218750e+01 3.126482486724853516e+00 8.421462249755859375e+01
2.345049095153808594e+01 8.747637176513671875e+01 3.297814369201660156e+00 8.417856597900390625e+01
2.347090148925781250e+01 8.740943145751953125e+01 3.352063655853271484e+00 8.405735015869140625e+01
2.349130821228027344e+01 8.729267883300781250e+01 3.317051172256469727e+00 8.397563171386718750e+01
2.351171875000000000e+01 8.754232788085937500e+01 3.561080217361450195e+00 8.398125457763671875e+01
2.353212738037109375e+01 8.763634490966796875e+01 3.641918659210205078e+00 8.399442291259765625e+01
2.355253410339355469e+01 8.771128082275390625e+01 3.662140607833862305e+00 8.404913330078125000e+01
2.357294464111328125e+01 8.736985015869140625e+01 3.302009582519531250e+00 8.406784820556640625e+01
2.359335136413574219e+01 8.698213958740234375e+01 2.977000236511230469e+00 8.400513458251953125e+01
2.361376190185546875e+01 8.663903045654296875e+01 2.922217607498168945e+00 8.371681213378906250e+01
2.363416862487792969e+01 8.653073883056640625e+01 2.866010189056396484e+00 8.366473388671875000e+01
2.365457916259765625e+01 8.667441558837890625e+01 2.798767566680908203e+00 8.387566375732421875e+01
2.367498779296875000e+01 8.649414062500000000e+01 2.651759624481201172e+00 8.384238433837890625e+01
2.369539642333984375e+01 8.613509368896484375e+01 2.443881988525390625e+00 8.369120025634765625e+01
2.371580505371093750e+01 8.609938049316406250e+01 2.452378273010253906e+00 8.364700317382812500e+01
2.373621559143066406e+01 8.629534149169921875e+01 2.699885129928588867e+00 8.359546661376953125e+01
2.375662231445312500e+01 8.615103149414062500e+01 2.514167785644531250e+00 8.363686370849609375e+01
2.377702903747558594e+01 8.596336364746093750e+01 2.512009859085083008e+00 8.345135498046875000e+01
2.379743957519531250e+01 8.591220855712890625e+01 2.542046070098876953e+00 8.337016296386718750e+01
2.381784629821777344e+01 8.567369079589843750e+01 2.440866470336914062e+00 8.323282623291015625e+01
2.383825683593750000e+01 8.572828674316406250e+01 2.504553556442260742e+00 8.322372436523437500e+01
2.385866546630859375e+01 8.593576812744140625e+01 2.713119506835937500e+00 8.322264862060546875e+01
2.387907600402832031e+01 8.601757049560546875e+01 2.804535865783691406e+00 8.321303558349609375e+01
2.389948272705078125e+01 8.612485504150390625e+01 2.757567167282104492e+00 8.336729431152343750e+01
2.391989326477050781e+01 8.615426635742187500e+01 2.732696056365966797e+00 8.342156982421875000e+01
2.394029998779296875e+01 8.628208160400390625e+01 2.702368021011352539e+00 8.357971191406250000e+01
2.396071052551269531e+01 8.635311126708984375e+01 2.518729686737060547e+00 8.383438110351562500e+01
2.398111724853515625e+01 8.627274322509765625e+01 2.383819103240966797e+00 8.388890838623046875e+01
2.400152587890625000e+01 8.608935546875000000e+01 2.222706794738769531e+00 8.386665344238281250e+01
2.402193641662597656e+01 8.610175323486328125e+01 2.051902770996093750e+00 8.404985809326171875e+01
2.404234313964843750e+01 8.614936828613281250e+01 2.093971967697143555e+00 8.405540466308593750e+01
2.406275367736816406e+01 8.610780334472656250e+01 2.140944242477416992e+00 8.396685791015625000e+01
2.408316040039062500e+01 8.624076080322265625e+01 2.205232381820678711e+00 8.403553009033203125e+01
2.410357093811035156e+01 8.634785461425781250e+01 2.173569679260253906e+00 8.417428588867187500e+01
2.412397766113281250e+01 8.622380828857421875e+01 2.227302074432373047e+00 8.399652099609375000e+01
2.414438819885253906e+01 8.615576934814453125e+01 2.271523714065551758e+00 8.388424682617187500e+01
2.416479492187500000e+01 8.588440704345703125e+01 2.312699079513549805e+00 8.357170104980468750e+01
