## NTRMN  = 173
## NTRANS = 218
-3.052340745925903320e-01 0.000000000000000000e+00 0.000000000000000000e+00 0.000000000000000000e+00
-2.848252356052398682e-01 0.000000000000000000e+00 0.000000000000000000e+00 0.000000000000000000e+00
-2.644163966178894043e-01 0.000000000000000000e+00 0.000000000000000000e+00 0.000000000000000000e+00
-2.440075576305389404e-01 0.000000000000000000e+00 0.000000000000000000e+00 0.000000000000000000e+00
-2.235987037420272827e-01 0.000000000000000000e+00 0.000000000000000000e+00 0.000000000000000000e+00
-2.031898647546768188e-01 0.000000000000000000e+00 0.000000000000000000e+00 0.000000000000000000e+00
-1.623729914426803589e-01 0.000000000000000000e+00 0.000000000000000000e+00 0.000000000000000000e+00
-1.419641524553298950e-01 0.000000000000000000e+00 0.000000000000000000e+00 0.000000000000000000e+00
-1.215553134679794312e-01 0.000000000000000000e+00 0.000000000000000000e+00 0.000000000000000000e+00
-8.073762804269790649e-02 0.000000000000000000e+00 0.000000000000000000e+00 0.000000000000000000e+00
-6.032959371805191040e-02 0.000000000000000000e+00 0.000000000000000000e+00 0.000000000000000000e+00
-3.992075473070144653e-02 0.000000000000000000e+00 0.000000000000000000e+00 0.000000000000000000e+00
-1.951191015541553497e-02 0.000000000000000000e+00 0.000000000000000000e+00 0.000000000000000000e+00
2.130577340722084045e-02 0.000000000000000000e+00 0.000000000000000000e+00 0.000000000000000000e+00
4.171380400657653809e-02 0.000000000000000000e+00 0.000000000000000000e+00 0.000000000000000000e+00
6.212264671921730042e-02 0.000000000000000000e+00 0.000000000000000000e+00 0.000000000000000000e+00
8.253148943185806274e-02 0.000000000000000000e+00 0.000000000000000000e+00 0.000000000000000000e+00
1.029403284192085266e-01 0.000000000000000000e+00 0.000000000000000000e+00 0.000000000000000000e+00
1.233491748571395874e-01 0.000000000000000000e+00 0.000000000000000000e+00 0.000000000000000000e+00
1.437580138444900513e-01 0.000000000000000000e+00 0.000000000000000000e+00 0.000000000000000000e+00
2.049837261438369751e-01 0.000000000000000000e+00 0.000000000000000000e+00 0.000000000000000000e+00
2.253925800323486328e-01 0.000000000000000000e+00 0.000000000000000000e+00 0.000000000000000000e+00
2.458014190196990967e-01 0.000000000000000000e+00 0.000000000000000000e+00 0.000000000000000000e+00
2.662102580070495605e-01 0.000000000000000000e+00 0.000000000000000000e+00 0.000000000000000000e+00
2.866182923316955566e-01 0.000000000000000000e+00 0.000000000000000000e+00 0.000000000000000000e+00
3.070271313190460205e-01 0.000000000000000000e+00 0.000000000000000000e+00 0.000000000000000000e+00
3.274359703063964844e-01 0.000000000000000000e+00 0.000000000000000000e+00 0.000000000000000000e+00
3.478448092937469482e-01 0.000000000000000000e+00 0.000000000000000000e+00 0.000000000000000000e+00
3.682536482810974121e-01 0.000000000000000000e+00 0.000000000000000000e+00 0.000000000000000000e+00
3.886616826057434082e-01 0.000000000000000000e+00 0.000000000000000000e+00 0.000000000000000000e+00
4.090705215930938721e-01 0.000000000000000000e+00 0.000000000000000000e+00 0.000000000000000000e+00
4.294793605804443359e-01 0.000000000000000000e+00 0.000000000000000000e+00 0.000000000000000000e+00
4.498882293701171875e-01 0.000000000000000000e+00 0.000000000000000000e+00 0.000000000000000000e+00
4.702970683574676514e-01 0.000000000000000000e+00 0.000000000000000000e+00 0.000000000000000000e+00
4.907059073448181152e-01 0.000000000000000000e+00 0.000000000000000000e+00 0.000000000000000000e+00
5.111139416694641113e-01 0.000000000000000000e+00 0.000000000000000000e+00 0.000000000000000000e+00
5.315227508544921875e-01 0.000000000000000000e+00 0.000000000000000000e+00 0.000000000000000000e+00
5.519316196441650391e-01 0.000000000000000000e+00 0.000000000000000000e+00 0.000000000000000000e+00
5.723404884338378906e-01 0.000000000000000000e+00 0.000000000000000000e+00 0.000000000000000000e+00
5.927492976188659668e-01 0.000000000000000000e+00 0.000000000000000000e+00 0.000000000000000000e+00
6.131581664085388184e-01 0.000000000000000000e+00 0.000000000000000000e+00 0.000000000000000000e+00
6.335662007331848145e-01 0.000000000000000000e+00 0.000000000000000000e+00 0.000000000000000000e+00
6.539750099182128906e-01 0.000000000000000000e+00 0.000000000000000000e+00 0.000000000000000000e+00
6.743838787078857422e-01 0.000000000000000000e+00 0.000000000000000000e+00 0.000000000000000000e+00
6.947926878929138184e-01 0.000000000000000000e+00 0.000000000000000000e+00 0.000000000000000000e+00
7.152015566825866699e-01 0.000000000000000000e+00 0.000000000000000000e+00 0.000000000000000000e+00
7.356095910072326660e-01 0.000000000000000000e+00 0.000000000000000000e+00 0.000000000000000000e+00
7.560184001922607422e-01 0.000000000000000000e+00 0.000000000000000000e+00 0.000000000000000000e+00
7.764272689819335938e-01 0.000000000000000000e+00 0.000000000000000000e+00 0.000000000000000000e+00
7.968360781669616699e-01 0.000000000000000000e+00 0.000000000000000000e+00 0.000000000000000000e+00
8.172449469566345215e-01 0.000000000000000000e+00 0.000000000000000000e+00 0.000000000000000000e+00
8.376538157463073730e-01 0.000000000000000000e+00 0.000000000000000000e+00 0.000000000000000000e+00
8.580617904663085938e-01 0.000000000000000000e+00 0.000000000000000000e+00 0.000000000000000000e+00
8.784706592559814453e-01 0.000000000000000000e+00 0.000000000000000000e+00 0.000000000000000000e+00
8.988795280456542969e-01 0.000000000000000000e+00 0.000000000000000000e+00 0.000000000000000000e+00
9.192883372306823730e-01 0.000000000000000000e+00 0.000000000000000000e+00 0.000000000000000000e+00
9.396972060203552246e-01 0.000000000000000000e+00 0.000000000000000000e+00 0.000000000000000000e+00
9.601060152053833008e-01 0.000000000000000000e+00 0.000000000000000000e+00 0.000000000000000000e+00
9.805140495300292969e-01 0.000000000000000000e+00 0.000000000000000000e+00 0.000000000000000000e+00
1.000922918319702148e+00 0.000000000000000000e+00 0.000000000000000000e+00 0.000000000000000000e+00
1.021331787109375000e+00 0.000000000000000000e+00 0.000000000000000000e+00 0.000000000000000000e+00
1.041740536689758301e+00 0.000000000000000000e+00 0.000000000000000000e+00 0.000000000000000000e+00
1.062149405479431152e+00 0.000000000000000000e+00 0.000000000000000000e+00 0.000000000000000000e+00
1.082557439804077148e+00 0.000000000000000000e+00 0.000000000000000000e+00 0.000000000000000000e+00
1.102966308593750000e+00 0.000000000000000000e+00 0.000000000000000000e+00 0.000000000000000000e+00
1.123375177383422852e+00 0.000000000000000000e+00 0.000000000000000000e+00 0.000000000000000000e+00
1.143784046173095703e+00 0.000000000000000000e+00 0.000000000000000000e+00 0.000000000000000000e+00
1.164192795753479004e+00 0.000000000000000000e+00 0.000000000000000000e+00 0.000000000000000000e+00
1.225418567657470703e+00 0.000000000000000000e+00 0.000000000000000000e+00 0.000000000000000000e+00
1.245827436447143555e+00 0.000000000000000000e+00 0.000000000000000000e+00 0.000000000000000000e+00
1.266236186027526855e+00 0.000000000000000000e+00 0.000000000000000000e+00 0.000000000000000000e+00
1.286645054817199707e+00 0.000000000000000000e+00 0.000000000000000000e+00 0.000000000000000000e+00
1.307053923606872559e+00 0.000000000000000000e+00 0.000000000000000000e+00 0.000000000000000000e+00
1.388688445091247559e+00 0.000000000000000000e+00 0.000000000000000000e+00 0.000000000000000000e+00
1.409097313880920410e+00 0.000000000000000000e+00 0.000000000000000000e+00 0.000000000000000000e+00
1.470323085784912109e+00 0.000000000000000000e+00 0.000000000000000000e+00 0.000000000000000000e+00
1.490731835365295410e+00 0.000000000000000000e+00 0.000000000000000000e+00 0.000000000000000000e+00
1.511140704154968262e+00 0.000000000000000000e+00 0.000000000000000000e+00 0.000000000000000000e+00
1.531549572944641113e+00 0.000000000000000000e+00 0.000000000000000000e+00 0.000000000000000000e+00
1.633592963218688965e+00 4.671784973144531250e+02 4.671784973144531250e+02 0.000000000000000000e+00
1.654001832008361816e+00 6.302468872070312500e+02 6.302468872070312500e+02 0.000000000000000000e+00
1.674409866333007812e+00 8.356629638671875000e+02 8.356629638671875000e+02 0.000000000000000000e+00
1.694818615913391113e+00 1.034648437500000000e+03 1.034648437500000000e+03 0.000000000000000000e+00
1.715227484703063965e+00 1.157020874023437500e+03 1.157020874023437500e+03 0.000000000000000000e+00
1.735636353492736816e+00 1.215827514648437500e+03 1.215827514648437500e+03 0.000000000000000000e+00
1.756045222282409668e+00 1.263724609375000000e+03 1.263724609375000000e+03 0.000000000000000000e+00
1.776453256607055664e+00 1.321302368164062500e+03 1.321302368164062500e+03 0.000000000000000000e+00
1.796862125396728516e+00 1.392892944335937500e+03 1.392892944335937500e+03 0.000000000000000000e+00
1.817270874977111816e+00 1.451019531250000000e+03 1.451019531250000000e+03 0.000000000000000000e+00
1.878496646881103516e+00 1.572581420898437500e+03 1.572581420898437500e+03 1.002469574018505227e-08
1.898905515670776367e+00 1.568286621093750000e+03 1.568286621093750000e+03 1.331002241755641080e-08
1.919314265251159668e+00 1.549739379882812500e+03 1.549739379882812500e+03 1.560242424147872953e-08
1.939723134040832520e+00 1.526645996093750000e+03 1.526645996093750000e+03 1.739218546958909428e-08
1.960132002830505371e+00 1.510140014648437500e+03 1.510140014648437500e+03 1.838023955258449860e-08
1.980540871620178223e+00 1.506061401367187500e+03 1.506061401367187500e+03 1.844673391815376817e-08
2.000949621200561523e+00 1.512833374023437500e+03 1.512833374023437500e+03 1.821453388117788563e-08
2.021358489990234375e+00 1.527758666992187500e+03 1.527758666992187500e+03 1.829225837468584359e-08
2.041767358779907227e+00 1.550006835937500000e+03 1.550006835937500000e+03 1.745108590966992779e-08
2.102992296218872070e+00 1.593757934570312500e+03 1.593671264648437500e+03 8.673661202192306519e-02
2.143810033798217773e+00 1.661493041992187500e+03 1.661036010742187500e+03 4.569882750511169434e-01
2.245854139328002930e+00 1.772314453125000000e+03 1.771568115234375000e+03 7.464534640312194824e-01
2.286671876907348633e+00 1.830839355468750000e+03 1.829454956054687500e+03 1.384400606155395508e+00
2.307079076766967773e+00 1.868243041992187500e+03 1.866711059570312500e+03 1.531987786293029785e+00
2.368305683135986328e+00 1.891351928710937500e+03 1.888703369140625000e+03 2.648495197296142578e+00
2.409123182296752930e+00 1.712039672851562500e+03 1.708147094726562500e+03 3.892356872558593750e+00
2.429532051086425781e+00 1.694682861328125000e+03 1.690842041015625000e+03 3.840837478637695312e+00
2.531574726104736328e+00 2.085890136718750000e+03 1.838289550781250000e+03 2.476005096435546875e+02
2.572392463684082031e+00 2.081562744140625000e+03 1.832850952148437500e+03 2.487119140625000000e+02
2.592801332473754883e+00 2.092499023437500000e+03 1.841968017578125000e+03 2.505310516357421875e+02
2.613210201263427734e+00 2.106052734375000000e+03 1.850942504882812500e+03 2.551100463867187500e+02
2.633618831634521484e+00 2.119911376953125000e+03 1.861596069335937500e+03 2.583150939941406250e+02
2.654027700424194336e+00 2.133223632812500000e+03 1.872536499023437500e+03 2.606872253417968750e+02
2.674436569213867188e+00 2.130110839843750000e+03 1.874806640625000000e+03 2.553040008544921875e+02
2.694845438003540039e+00 2.146853027343750000e+03 1.891255493164062500e+03 2.555975341796875000e+02
2.715254306793212891e+00 2.176109375000000000e+03 1.910542968750000000e+03 2.655664367675781250e+02
2.735663175582885742e+00 2.186497558593750000e+03 1.921667114257812500e+03 2.648306274414062500e+02
2.837705612182617188e+00 2.221557128906250000e+03 1.944518066406250000e+03 2.770393371582031250e+02
2.858114480972290039e+00 2.209916503906250000e+03 1.937333496093750000e+03 2.725831298828125000e+02
2.878523349761962891e+00 2.228171875000000000e+03 1.944804809570312500e+03 2.833673400878906250e+02
3.123427867889404297e+00 2.300813476562500000e+03 1.994271118164062500e+03 3.065419616699218750e+02
3.143836736679077148e+00 2.306659912109375000e+03 1.988178222656250000e+03 3.184812316894531250e+02
3.245879411697387695e+00 2.350385009765625000e+03 1.996108276367187500e+03 3.542769470214843750e+02
3.429558992385864258e+00 2.426847167968750000e+03 2.083949707031250000e+03 3.428976440429687500e+02
3.449967861175537109e+00 2.417771484375000000e+03 2.065723632812500000e+03 3.520474548339843750e+02
3.674463510513305664e+00 2.453785156250000000e+03 2.081868408203125000e+03 3.719164733886718750e+02
3.715279340744018555e+00 2.463877441406250000e+03 2.075105468750000000e+03 3.887717590332031250e+02
3.735688209533691406e+00 2.474690429687500000e+03 2.089722167968750000e+03 3.849681091308593750e+02
3.837732553482055664e+00 2.524129882812500000e+03 2.128348388671875000e+03 3.957816772460937500e+02
3.858141422271728516e+00 2.534355957031250000e+03 2.136945312500000000e+03 3.974112854003906250e+02
3.960183858871459961e+00 2.539395019531250000e+03 2.139309570312500000e+03 4.000855102539062500e+02
4.103045940399169922e+00 2.597196289062500000e+03 2.199890136718750000e+03 3.973054809570312500e+02
4.205088615417480469e+00 2.614822998046875000e+03 2.215959716796875000e+03 3.988637084960937500e+02
4.225497245788574219e+00 2.613211181640625000e+03 2.217720703125000000e+03 3.954910583496093750e+02
4.245905876159667969e+00 2.615608154296875000e+03 2.217773437500000000e+03 3.978348693847656250e+02
4.266314983367919922e+00 2.621526855468750000e+03 2.223156005859375000e+03 3.983714904785156250e+02
4.286723613739013672e+00 2.622855224609375000e+03 2.222344726562500000e+03 4.005102539062500000e+02
4.307132720947265625e+00 2.629857910156250000e+03 2.230711669921875000e+03 3.991458740234375000e+02
4.429584026336669922e+00 2.670445800781250000e+03 2.270107666015625000e+03 4.003373413085937500e+02
4.592854976654052734e+00 2.711903320312500000e+03 2.307725830078125000e+03 4.041776733398437500e+02
4.756124019622802734e+00 2.725404052734375000e+03 2.316085937500000000e+03 4.093177185058593750e+02
4.796941757202148438e+00 2.742333740234375000e+03 2.331561035156250000e+03 4.107723999023437500e+02
4.817350387573242188e+00 2.746643310546875000e+03 2.335100585937500000e+03 4.115427856445312500e+02
4.837759494781494141e+00 2.735533935546875000e+03 2.325744384765625000e+03 4.097898559570312500e+02
4.858166694641113281e+00 2.758846923828125000e+03 2.343815917968750000e+03 4.150317382812500000e+02
4.898984432220458984e+00 2.772243652343750000e+03 2.359470703125000000e+03 4.127740173339843750e+02
4.919393062591552734e+00 2.778382568359375000e+03 2.364281005859375000e+03 4.141017456054687500e+02
4.939801692962646484e+00 2.785438476562500000e+03 2.371717041015625000e+03 4.137213439941406250e+02
4.960210800170898438e+00 2.794778076171875000e+03 2.378126220703125000e+03 4.166520385742187500e+02
4.980619430541992188e+00 2.805824462890625000e+03 2.388087890625000000e+03 4.177365417480468750e+02
5.001028537750244141e+00 2.801856445312500000e+03 2.386001220703125000e+03 4.158553161621093750e+02
5.021437168121337891e+00 2.804959716796875000e+03 2.388460693359375000e+03 4.164991455078125000e+02
5.041846275329589844e+00 2.811838134765625000e+03 2.390662597656250000e+03 4.211756591796875000e+02
5.103071212768554688e+00 2.814879638671875000e+03 2.399509277343750000e+03 4.153704528808593750e+02
5.123479843139648438e+00 2.819896484375000000e+03 2.403968261718750000e+03 4.159284973144531250e+02
5.143888473510742188e+00 2.823019531250000000e+03 2.406065185546875000e+03 4.169542541503906250e+02
5.164297580718994141e+00 2.828899414062500000e+03 2.410463134765625000e+03 4.184366149902343750e+02
5.184706211090087891e+00 2.830766113281250000e+03 2.412517822265625000e+03 4.182481994628906250e+02
5.205115318298339844e+00 2.834353515625000000e+03 2.416855957031250000e+03 4.174980773925781250e+02
5.307159423828125000e+00 2.859395263671875000e+03 2.440301757812500000e+03 4.190934753417968750e+02
5.409202098846435547e+00 2.874747070312500000e+03 2.456225341796875000e+03 4.185223999023437500e+02
5.429610729217529297e+00 2.881142578125000000e+03 2.462424072265625000e+03 4.187188110351562500e+02
5.470428466796875000e+00 2.894395019531250000e+03 2.476871582031250000e+03 4.175232543945312500e+02
5.490837574005126953e+00 2.899888916015625000e+03 2.482924804687500000e+03 4.169638061523437500e+02
5.511246204376220703e+00 2.905432617187500000e+03 2.488932861328125000e+03 4.165006713867187500e+02
5.613288879394531250e+00 2.926004638671875000e+03 2.507658203125000000e+03 4.183461914062500000e+02
5.633697509765625000e+00 2.926265380859375000e+03 2.509197265625000000e+03 4.170685729980468750e+02
5.654106616973876953e+00 2.928905761718750000e+03 2.510724609375000000e+03 4.181817626953125000e+02
5.694924354553222656e+00 2.937036376953125000e+03 2.520052734375000000e+03 4.169839477539062500e+02
5.715332984924316406e+00 2.939931640625000000e+03 2.523619628906250000e+03 4.163123168945312500e+02
5.735742092132568359e+00 2.937776855468750000e+03 2.516727050781250000e+03 4.210504150390625000e+02
5.776557922363281250e+00 2.943503906250000000e+03 2.527953369140625000e+03 4.155513916015625000e+02
5.796966552734375000e+00 2.942221191406250000e+03 2.527312988281250000e+03 4.149082946777343750e+02
5.817375659942626953e+00 2.943972900390625000e+03 2.526676513671875000e+03 4.172962036132812500e+02
5.837784290313720703e+00 2.945267578125000000e+03 2.528095214843750000e+03 4.171719970703125000e+02
5.919419765472412109e+00 2.959758300781250000e+03 2.545804199218750000e+03 4.139543457031250000e+02
5.939828872680664062e+00 2.962701660156250000e+03 2.549147705078125000e+03 4.135538024902343750e+02
5.960237503051757812e+00 2.961979492187500000e+03 2.548451904296875000e+03 4.135281372070312500e+02
5.980646133422851562e+00 2.994494384765625000e+03 2.581784423828125000e+03 4.127102966308593750e+02
6.001055240631103516e+00 2.969527343750000000e+03 2.555053222656250000e+03 4.144742736816406250e+02
6.021462440490722656e+00 2.974038330078125000e+03 2.558320556640625000e+03 4.157176513671875000e+02
6.041871070861816406e+00 2.976083496093750000e+03 2.561565429687500000e+03 4.145180053710937500e+02
6.103097915649414062e+00 2.986319824218750000e+03 2.573131103515625000e+03 4.131884460449218750e+02
6.123506546020507812e+00 2.990814453125000000e+03 2.578237792968750000e+03 4.125758666992187500e+02
6.143915653228759766e+00 2.994405761718750000e+03 2.581362792968750000e+03 4.130427856445312500e+02
6.164324283599853516e+00 2.997633056640625000e+03 2.584467041015625000e+03 4.131659240722656250e+02
6.266366958618164062e+00 3.014173095703125000e+03 2.601594970703125000e+03 4.125783386230468750e+02
6.327593326568603516e+00 3.023279785156250000e+03 2.608579833984375000e+03 4.147007141113281250e+02
6.348002433776855469e+00 3.021877197265625000e+03 2.607735351562500000e+03 4.141419982910156250e+02
6.409228801727294922e+00 3.044265136718750000e+03 2.620174804687500000e+03 4.240901794433593750e+02
6.450046539306640625e+00 3.030408203125000000e+03 2.616584228515625000e+03 4.138243103027343750e+02
6.470455169677734375e+00 3.035445068359375000e+03 2.621280029296875000e+03 4.141656799316406250e+02
6.490862369537353516e+00 3.070167724609375000e+03 2.657296142578125000e+03 4.128720703125000000e+02
6.511271476745605469e+00 3.037364990234375000e+03 2.625069580078125000e+03 4.122956848144531250e+02
6.531680107116699219e+00 3.040282958984375000e+03 2.626029785156250000e+03 4.142534484863281250e+02
6.592906951904296875e+00 3.049701171875000000e+03 2.636137695312500000e+03 4.135629272460937500e+02
6.613315582275390625e+00 3.063562255859375000e+03 2.638862060546875000e+03 4.246997375488281250e+02
6.756175994873046875e+00 3.062230468750000000e+03 2.650385742187500000e+03 4.118445434570312500e+02
6.776584625244140625e+00 3.066778320312500000e+03 2.658300292968750000e+03 4.084778747558593750e+02
6.796993732452392578e+00 3.059036376953125000e+03 2.652079345703125000e+03 4.069574584960937500e+02
6.817402362823486328e+00 3.069704833984375000e+03 2.661697265625000000e+03 4.080075683593750000e+02
6.837811470031738281e+00 3.072065185546875000e+03 2.664255859375000000e+03 4.078094787597656250e+02
6.858220100402832031e+00 3.095468994140625000e+03 2.670290039062500000e+03 4.251789550781250000e+02
6.878628730773925781e+00 3.075777343750000000e+03 2.667587402343750000e+03 4.081899414062500000e+02
6.919446468353271484e+00 3.082531005859375000e+03 2.676069335937500000e+03 4.064615478515625000e+02
6.939853668212890625e+00 3.085412353515625000e+03 2.678548583984375000e+03 4.068629760742187500e+02
6.960262775421142578e+00 3.078054687500000000e+03 2.672414306640625000e+03 4.056401367187500000e+02
6.980671405792236328e+00 3.098061035156250000e+03 2.690321289062500000e+03 4.077402954101562500e+02
7.001080513000488281e+00 3.090764160156250000e+03 2.684188476562500000e+03 4.065763854980468750e+02
7.021489143371582031e+00 3.089712158203125000e+03 2.683205078125000000e+03 4.065074462890625000e+02
7.041898250579833984e+00 3.093223632812500000e+03 2.685627441406250000e+03 4.075966491699218750e+02
7.062306880950927734e+00 3.095412353515625000e+03 2.688035400390625000e+03 4.073764038085937500e+02
7.082715511322021484e+00 3.086437500000000000e+03 2.680289794921875000e+03 4.061477661132812500e+02
7.103124618530273438e+00 3.096538574218750000e+03 2.691125244140625000e+03 4.054132080078125000e+02
7.123533248901367188e+00 3.098324951171875000e+03 2.693496826171875000e+03 4.048283691406250000e+02
7.143942356109619141e+00 3.098452148437500000e+03 2.694179443359375000e+03 4.042727355957031250e+02
7.164350986480712891e+00 3.100286865234375000e+03 2.696528808593750000e+03 4.037578125000000000e+02
7.184758186340332031e+00 3.101976562500000000e+03 2.698865722656250000e+03 4.031114807128906250e+02
7.205167293548583984e+00 3.102608642578125000e+03 2.699527343750000000e+03 4.030810546875000000e+02
7.225575923919677734e+00 3.102088867187500000e+03 2.698528808593750000e+03 4.035604858398437500e+02
7.245985031127929688e+00 3.108601562500000000e+03 2.707446777343750000e+03 4.011543273925781250e+02
7.307211399078369141e+00 3.112083740234375000e+03 2.709332031250000000e+03 4.027518310546875000e+02
7.327620029449462891e+00 3.124052490234375000e+03 2.711587158203125000e+03 4.124654846191406250e+02
7.348029136657714844e+00 3.117776855468750000e+03 2.715458496093750000e+03 4.023182678222656250e+02
7.368437767028808594e+00 3.116899169921875000e+03 2.716059082031250000e+03 4.008401489257812500e+02
7.388846874237060547e+00 3.117349609375000000e+03 2.716656982421875000e+03 4.006927795410156250e+02
7.409254074096679688e+00 3.118722412109375000e+03 2.718867431640625000e+03 3.998545837402343750e+02
7.429662704467773438e+00 3.121666015625000000e+03 2.722676025390625000e+03 3.989893493652343750e+02
7.450071811676025391e+00 3.123718017578125000e+03 2.715217529296875000e+03 4.085004577636718750e+02
7.470480442047119141e+00 3.123418457031250000e+03 2.725424804687500000e+03 3.979934692382812500e+02
7.490889549255371094e+00 3.125248535156250000e+03 2.727586669921875000e+03 3.976622009277343750e+02
7.511298179626464844e+00 3.127069335937500000e+03 2.729736572265625000e+03 3.973324890136718750e+02
7.531706809997558594e+00 3.128949951171875000e+03 2.731875244140625000e+03 3.970744018554687500e+02
7.552115917205810547e+00 3.127433349609375000e+03 2.730832275390625000e+03 3.966003112792968750e+02
7.572524547576904297e+00 3.129367187500000000e+03 2.732956542968750000e+03 3.964106445312500000e+02
7.592933654785156250e+00 3.127623046875000000e+03 2.731916015625000000e+03 3.957067260742187500e+02
7.613342285156250000e+00 3.131483886718750000e+03 2.735598144531250000e+03 3.958860168457031250e+02
7.633749485015869141e+00 3.133077636718750000e+03 2.737692871093750000e+03 3.953845825195312500e+02
7.654158592224121094e+00 3.134970703125000000e+03 2.739775878906250000e+03 3.951945190429687500e+02
7.674567222595214844e+00 3.135178222656250000e+03 2.740288330078125000e+03 3.948904418945312500e+02
7.694976329803466797e+00 3.136976806640625000e+03 2.742353515625000000e+03 3.946233215332031250e+02
7.715384960174560547e+00 3.137138671875000000e+03 2.742856445312500000e+03 3.942816467285156250e+02
7.776611328125000000e+00 3.143260009765625000e+03 2.745888183593750000e+03 3.973715209960937500e+02
7.797020435333251953e+00 3.144305664062500000e+03 2.747911621093750000e+03 3.963938903808593750e+02
7.817429065704345703e+00 3.018078369140625000e+03 2.618246826171875000e+03 3.998310852050781250e+02
7.837838172912597656e+00 3.166640136718750000e+03 2.768725585937500000e+03 3.979146118164062500e+02
7.858246803283691406e+00 3.160106689453125000e+03 2.763058105468750000e+03 3.970485229492187500e+02
7.878654003143310547e+00 3.152768798828125000e+03 2.757420410156250000e+03 3.953482360839843750e+02
7.899063110351562500e+00 3.152028564453125000e+03 2.757872802734375000e+03 3.941558227539062500e+02
7.960289478302001953e+00 3.156183593750000000e+03 2.762222900390625000e+03 3.939615478515625000e+02
7.980698108673095703e+00 3.157267578125000000e+03 2.764157958984375000e+03 3.931098937988281250e+02
8.001107215881347656e+00 3.158396972656250000e+03 2.766083251953125000e+03 3.923132019042968750e+02
8.021515846252441406e+00 3.158958496093750000e+03 2.766506347656250000e+03 3.924519348144531250e+02
8.164376258850097656e+00 3.168065673828125000e+03 2.778207031250000000e+03 3.898591308593750000e+02
8.205193519592285156e+00 3.169202880859375000e+03 2.780433105468750000e+03 3.887705688476562500e+02
8.225603103637695312e+00 3.014046630859375000e+03 2.652756103515625000e+03 3.612910156250000000e+02
8.266420364379882812e+00 3.172886718750000000e+03 2.784454833984375000e+03 3.884324951171875000e+02
8.286828994750976562e+00 3.172837890625000000e+03 2.784819580078125000e+03 3.880183105468750000e+02
8.388872146606445312e+00 3.177744140625000000e+03 2.792322998046875000e+03 3.854209899902343750e+02
8.409280776977539062e+00 3.179431884765625000e+03 2.795510009765625000e+03 3.839225158691406250e+02
8.429689407348632812e+00 3.179146728515625000e+03 2.795841552734375000e+03 3.833046569824218750e+02
8.450098037719726562e+00 3.181919677734375000e+03 2.799004394531250000e+03 3.829151916503906250e+02
8.470507621765136719e+00 3.180133544921875000e+03 2.797912841796875000e+03 3.822206420898437500e+02
8.490916252136230469e+00 3.178024414062500000e+03 2.796826660156250000e+03 3.811986389160156250e+02
8.511324882507324219e+00 3.178173095703125000e+03 2.797151611328125000e+03 3.810212402343750000e+02
8.531733512878417969e+00 3.181059082031250000e+03 2.800281005859375000e+03 3.807777099609375000e+02
8.552143096923828125e+00 3.236289794921875000e+03 2.856580566406250000e+03 3.797090454101562500e+02
8.572549819946289062e+00 3.182144042968750000e+03 2.802307373046875000e+03 3.798362426757812500e+02
8.592958450317382812e+00 3.182099609375000000e+03 2.802616699218750000e+03 3.794829711914062500e+02
8.613367080688476562e+00 3.182223876953125000e+03 2.802924072265625000e+03 3.793007507324218750e+02
8.695002555847167969e+00 3.185166015625000000e+03 2.804140136718750000e+03 3.810267028808593750e+02
8.756229400634765625e+00 3.186266845703125000e+03 2.806404296875000000e+03 3.798623657226562500e+02
8.797045707702636719e+00 3.185961425781250000e+03 2.806989501953125000e+03 3.789715576171875000e+02
8.817454338073730469e+00 3.194873291015625000e+03 2.816782226562500000e+03 3.780911254882812500e+02
8.858271598815917969e+00 3.194874511718750000e+03 2.815964111328125000e+03 3.789104919433593750e+02
8.878681182861328125e+00 3.188870849609375000e+03 2.810839355468750000e+03 3.780324707031250000e+02
9.021542549133300781e+00 3.192835205078125000e+03 2.818072265625000000e+03 3.747625732421875000e+02
9.041950225830078125e+00 3.193837890625000000e+03 2.819654541015625000e+03 3.741824951171875000e+02
9.062358856201171875e+00 3.192065673828125000e+03 2.818587646484375000e+03 3.734773864746093750e+02
9.082767486572265625e+00 3.192412353515625000e+03 2.818843505859375000e+03 3.735690002441406250e+02
9.103176116943359375e+00 3.191251220703125000e+03 2.819098388671875000e+03 3.721522521972656250e+02
9.143994331359863281e+00 3.190917236328125000e+03 2.819604248046875000e+03 3.713130493164062500e+02
9.266445159912109375e+00 3.197592773437500000e+03 2.830137939453125000e+03 3.674556579589843750e+02
9.286854743957519531e+00 3.190102783203125000e+03 2.821340576171875000e+03 3.687626953125000000e+02
9.307263374328613281e+00 3.193464111328125000e+03 2.824156250000000000e+03 3.693076782226562500e+02
9.327672004699707031e+00 3.194751220703125000e+03 2.826959960937500000e+03 3.677918395996093750e+02
9.348080635070800781e+00 3.195083496093750000e+03 2.827190185546875000e+03 3.678933410644531250e+02
9.368490219116210938e+00 3.197770751953125000e+03 2.829974609375000000e+03 3.677961425781250000e+02
9.388898849487304688e+00 3.201120361328125000e+03 2.834021972656250000e+03 3.670990600585937500e+02
9.409307479858398438e+00 3.200986083984375000e+03 2.835507812500000000e+03 3.654783935546875000e+02
9.429716110229492188e+00 3.202849365234375000e+03 2.838256103515625000e+03 3.645934143066406250e+02
9.450124740600585938e+00 3.201498046875000000e+03 2.837192871093750000e+03 3.643045959472656250e+02
9.470534324645996094e+00 3.201755615234375000e+03 2.838662109375000000e+03 3.630939636230468750e+02
9.490941047668457031e+00 3.201471923828125000e+03 2.838864013671875000e+03 3.626076049804687500e+02
9.511349678039550781e+00 3.202682617187500000e+03 2.840323486328125000e+03 3.623587951660156250e+02
9.531759262084960938e+00 3.202165039062500000e+03 2.840520751953125000e+03 3.616443786621093750e+02
9.552167892456054688e+00 3.203217041015625000e+03 2.841970214843750000e+03 3.612472839355468750e+02
9.572576522827148438e+00 3.202606689453125000e+03 2.842162841796875000e+03 3.604434204101562500e+02
9.592985153198242188e+00 3.203559814453125000e+03 2.843603027343750000e+03 3.599565429687500000e+02
9.613394737243652344e+00 3.203295166015625000e+03 2.843791503906250000e+03 3.595037536621093750e+02
9.633803367614746094e+00 3.204256103515625000e+03 2.845221679687500000e+03 3.590336608886718750e+02
9.654211997985839844e+00 3.202831298828125000e+03 2.844166259765625000e+03 3.586651306152343750e+02
9.674620628356933594e+00 3.203932617187500000e+03 2.845589843750000000e+03 3.583424682617187500e+02
9.695029258728027344e+00 3.203558349609375000e+03 2.845772460937500000e+03 3.577851257324218750e+02
9.715438842773437500e+00 3.202179931640625000e+03 2.844722656250000000e+03 3.574574890136718750e+02
9.735845565795898438e+00 3.203137207031250000e+03 2.846136474609375000e+03 3.570005493164062500e+02
9.756254196166992188e+00 3.201497802734375000e+03 2.845090087890625000e+03 3.564074401855468750e+02
9.776663780212402344e+00 3.202622802734375000e+03 2.846496826171875000e+03 3.561252441406250000e+02
9.797072410583496094e+00 3.201125000000000000e+03 2.845454345703125000e+03 3.556701660156250000e+02
9.817481040954589844e+00 3.202140380859375000e+03 2.846854248046875000e+03 3.552855834960937500e+02
9.837889671325683594e+00 3.201831298828125000e+03 2.847031738281250000e+03 3.547990722656250000e+02
9.858299255371093750e+00 3.200196289062500000e+03 2.845994384765625000e+03 3.542020263671875000e+02
9.878707885742187500e+00 3.200160156250000000e+03 2.846173095703125000e+03 3.539866943359375000e+02
9.899116516113281250e+00 3.200996826171875000e+03 2.847559814453125000e+03 3.534371948242187500e+02
9.919525146484375000e+00 3.199440429687500000e+03 2.846528076171875000e+03 3.529127807617187500e+02
9.939933776855468750e+00 3.200535400390625000e+03 2.847908447265625000e+03 3.526266479492187500e+02
9.960341453552246094e+00 3.200383056640625000e+03 2.848082519531250000e+03 3.523012084960937500e+02
9.980750083923339844e+00 3.198955078125000000e+03 2.847055419921875000e+03 3.518995971679687500e+02
1.000115871429443359e+01 3.199854003906250000e+03 2.848426269531250000e+03 3.514279479980468750e+02
1.002156829833984375e+01 3.198527587890625000e+03 2.847403076171875000e+03 3.511245422363281250e+02
1.004197692871093750e+01 3.198322265625000000e+03 2.847575927734375000e+03 3.507461547851562500e+02
1.006238555908203125e+01 3.199107666015625000e+03 2.848937744140625000e+03 3.501698608398437500e+02
1.008279418945312500e+01 3.197743164062500000e+03 2.847919921875000000e+03 3.498228759765625000e+02
1.012361240386962891e+01 3.197116699218750000e+03 2.845895751953125000e+03 3.512202758789062500e+02
1.014402103424072266e+01 3.197326416015625000e+03 2.846070068359375000e+03 3.512572021484375000e+02
1.016442966461181641e+01 3.196719482421875000e+03 2.843888183593750000e+03 3.528313903808593750e+02
1.018483734130859375e+01 3.195916992187500000e+03 2.845241210937500000e+03 3.506753234863281250e+02
1.020524597167968750e+01 3.195193603515625000e+03 2.846588623046875000e+03 3.486042785644531250e+02
1.022565460205078125e+01 3.221146972656250000e+03 2.872512207031250000e+03 3.486346740722656250e+02
1.024606323242187500e+01 3.196298828125000000e+03 2.848098632812500000e+03 3.481996765136718750e+02
1.026647281646728516e+01 3.195210205078125000e+03 2.848266601562500000e+03 3.469436035156250000e+02
1.028688144683837891e+01 3.196201171875000000e+03 2.849596923828125000e+03 3.466043090820312500e+02
1.030729007720947266e+01 3.194930419921875000e+03 2.848599853515625000e+03 3.463312072753906250e+02
1.032769870758056641e+01 3.194701660156250000e+03 2.848765625000000000e+03 3.459362487792968750e+02
1.034810733795166016e+01 3.195739746093750000e+03 2.850087158203125000e+03 3.456521301269531250e+02
1.036851692199707031e+01 3.194330322265625000e+03 2.849094970703125000e+03 3.452357482910156250e+02
1.038892555236816406e+01 3.193872070312500000e+03 2.849258789062500000e+03 3.446131286621093750e+02
1.040933418273925781e+01 3.193775878906250000e+03 2.849422119140625000e+03 3.443536071777343750e+02
1.042974185943603516e+01 3.193854003906250000e+03 2.849584716796875000e+03 3.442702026367187500e+02
1.045015048980712891e+01 3.193545166015625000e+03 2.849746337890625000e+03 3.437991333007812500e+02
1.047055912017822266e+01 3.193467041015625000e+03 2.849907958984375000e+03 3.435593566894531250e+02
1.049096775054931641e+01 3.194771240234375000e+03 2.851209228515625000e+03 3.435612487792968750e+02
1.051137733459472656e+01 3.192041992187500000e+03 2.849089355468750000e+03 3.429528808593750000e+02
1.053178596496582031e+01 3.191834228515625000e+03 2.849250976562500000e+03 3.425829772949218750e+02
1.055219459533691406e+01 3.191696533203125000e+03 2.849412109375000000e+03 3.422843627929687500e+02
1.057260322570800781e+01 3.192614257812500000e+03 2.850704345703125000e+03 3.419098510742187500e+02
1.059301185607910156e+01 3.191197509765625000e+03 2.849731689453125000e+03 3.414660644531250000e+02
1.061342144012451172e+01 3.191011718750000000e+03 2.849891113281250000e+03 3.411201782226562500e+02
1.063383007049560547e+01 3.190911376953125000e+03 2.850049560546875000e+03 3.408617248535156250e+02
1.065423679351806641e+01 3.190785400390625000e+03 2.850207763671875000e+03 3.405776062011718750e+02
1.067464637756347656e+01 3.190759033203125000e+03 2.850364990234375000e+03 3.403938293457031250e+02
1.069505500793457031e+01 3.190237060546875000e+03 2.850521484375000000e+03 3.397156066894531250e+02
1.071546363830566406e+01 3.190251220703125000e+03 2.850677490234375000e+03 3.395732116699218750e+02
1.073587226867675781e+01 3.189917236328125000e+03 2.850833007812500000e+03 3.390842895507812500e+02
1.075628089904785156e+01 3.188626220703125000e+03 2.849875244140625000e+03 3.387505798339843750e+02
1.077669048309326172e+01 3.188395263671875000e+03 2.850031494140625000e+03 3.383634948730468750e+02
1.079709911346435547e+01 3.189321044921875000e+03 2.851295654296875000e+03 3.380250244140625000e+02
1.081750774383544922e+01 3.189167724609375000e+03 2.851449218750000000e+03 3.377179565429687500e+02
1.083791637420654297e+01 3.188982910156250000e+03 2.851601318359375000e+03 3.373818969726562500e+02
1.085832595825195312e+01 3.188729248046875000e+03 2.851753662109375000e+03 3.369747619628906250e+02
1.087873268127441406e+01 3.188582275390625000e+03 2.851905273437500000e+03 3.366771240234375000e+02
1.089914131164550781e+01 3.188432128906250000e+03 2.852056152343750000e+03 3.363749694824218750e+02
1.091955089569091797e+01 3.188255859375000000e+03 2.852206298828125000e+03 3.360496520996093750e+02
1.093995952606201172e+01 3.188092773437500000e+03 2.852355957031250000e+03 3.357366943359375000e+02
1.096036815643310547e+01 3.188842529296875000e+03 2.853597167968750000e+03 3.352452087402343750e+02
1.098077678680419922e+01 3.186699462890625000e+03 2.851563720703125000e+03 3.351353454589843750e+02
1.100118541717529297e+01 3.187409912109375000e+03 2.852801757812500000e+03 3.346081848144531250e+02
1.102159500122070312e+01 3.187323486328125000e+03 2.852949218750000000e+03 3.343739318847656250e+02
1.104200363159179688e+01 3.187046386718750000e+03 2.853096191406250000e+03 3.339497985839843750e+02
1.106241226196289062e+01 3.186874755859375000e+03 2.853242675781250000e+03 3.336318054199218750e+02
1.108282089233398438e+01 3.186713623046875000e+03 2.853388183593750000e+03 3.333250732421875000e+02
1.110323047637939453e+01 3.186524169921875000e+03 2.853533447265625000e+03 3.329903564453125000e+02
1.112363719940185547e+01 3.185237548828125000e+03 2.852602783203125000e+03 3.326343078613281250e+02
1.114404582977294922e+01 3.185069335937500000e+03 2.852749023437500000e+03 3.323197631835937500e+02
1.116445541381835938e+01 3.184895507812500000e+03 2.852895019531250000e+03 3.319995727539062500e+02
1.118486404418945312e+01 3.184716064453125000e+03 2.853039794921875000e+03 3.316755371093750000e+02
1.120527267456054688e+01 3.184438232421875000e+03 2.853184326171875000e+03 3.312538146972656250e+02
1.122568130493164062e+01 3.184246337890625000e+03 2.853328857421875000e+03 3.309176330566406250e+02
1.124608993530273438e+01 3.183988281250000000e+03 2.853472167968750000e+03 3.305154724121093750e+02
1.126649951934814453e+01 3.182838378906250000e+03 2.852552734375000000e+03 3.302852478027343750e+02
1.128690814971923828e+01 3.182554443359375000e+03 2.852697265625000000e+03 3.298574218750000000e+02
1.130731678009033203e+01 3.181395751953125000e+03 2.851782714843750000e+03 3.296127319335937500e+02
1.142976856231689453e+01 3.189631347656250000e+03 2.851600097656250000e+03 3.380314941406250000e+02
1.145017719268798828e+01 3.175182373046875000e+03 2.846517333984375000e+03 3.286655273437500000e+02
1.147058582305908203e+01 3.174847412109375000e+03 2.846670166015625000e+03 3.281773986816406250e+02
1.155222129821777344e+01 3.172798583984375000e+03 2.846240234375000000e+03 3.265578918457031250e+02
1.161344623565673828e+01 3.171257812500000000e+03 2.845664550781250000e+03 3.255934143066406250e+02
1.163385486602783203e+01 3.170657958984375000e+03 2.844787841796875000e+03 3.258692932128906250e+02
1.165426349639892578e+01 3.169273437500000000e+03 2.843914306640625000e+03 3.253588562011718750e+02
1.169508171081542969e+01 3.168019287109375000e+03 2.843199951171875000e+03 3.248195190429687500e+02
1.183794212341308594e+01 3.137559814453125000e+03 2.824054931640625000e+03 3.135046081542968750e+02
1.185835075378417969e+01 3.138806884765625000e+03 2.826260253906250000e+03 3.125467529296875000e+02
1.187875938415527344e+01 3.168676757812500000e+03 2.842564697265625000e+03 3.261122741699218750e+02
1.196039485931396484e+01 3.153248046875000000e+03 2.831169189453125000e+03 3.220786132812500000e+02
1.198080348968505859e+01 3.161271728515625000e+03 2.839334228515625000e+03 3.219376525878906250e+02
1.200121307373046875e+01 3.160433349609375000e+03 2.839492431640625000e+03 3.209411926269531250e+02
1.202162170410156250e+01 3.159336914062500000e+03 2.838654785156250000e+03 3.206817321777343750e+02
1.204202842712402344e+01 3.162072021484375000e+03 2.839808105468750000e+03 3.222648010253906250e+02
1.206243801116943359e+01 3.158916748046875000e+03 2.839964843750000000e+03 3.189515991210937500e+02
1.208284664154052734e+01 3.159932373046875000e+03 2.841111572265625000e+03 3.188200073242187500e+02
1.210325527191162109e+01 3.159650146484375000e+03 2.841265625000000000e+03 3.183845214843750000e+02
1.214407253265380859e+01 3.155271240234375000e+03 2.836644042968750000e+03 3.186270141601562500e+02
1.216448211669921875e+01 3.155915527343750000e+03 2.837788818359375000e+03 3.181267395019531250e+02
1.220529937744140625e+01 3.153337158203125000e+03 2.836143798828125000e+03 3.171932678222656250e+02
1.226652622222900391e+01 3.153091796875000000e+03 2.836624511718750000e+03 3.164671020507812500e+02
1.228693294525146484e+01 3.148787841796875000e+03 2.834835937500000000e+03 3.139515075683593750e+02
1.232775115966796875e+01 3.150276611328125000e+03 2.835158935546875000e+03 3.151178283691406250e+02
1.234815979003906250e+01 3.151004638671875000e+03 2.836289062500000000e+03 3.147154846191406250e+02
1.236856842041015625e+01 3.149914794921875000e+03 2.835479980468750000e+03 3.144350280761718750e+02
1.238897705078125000e+01 3.148889160156250000e+03 2.834673583984375000e+03 3.142160339355468750e+02
1.240938663482666016e+01 3.148023193359375000e+03 2.833869628906250000e+03 3.141534423828125000e+02
1.247061252593994141e+01 3.145168701171875000e+03 2.832434326171875000e+03 3.127347106933593750e+02
1.253183746337890625e+01 3.143907226562500000e+03 2.831967773437500000e+03 3.119400329589843750e+02
1.255224609375000000e+01 3.144070312500000000e+03 2.832131591796875000e+03 3.119388732910156250e+02
1.257265567779541016e+01 3.143673339843750000e+03 2.832294433593750000e+03 3.113799438476562500e+02
1.261347293853759766e+01 3.143068847656250000e+03 2.833567138671875000e+03 3.095017089843750000e+02
1.271551704406738281e+01 3.140372070312500000e+03 2.831536621093750000e+03 3.088349609375000000e+02
1.273592472076416016e+01 3.138628417968750000e+03 2.830759033203125000e+03 3.078689880371093750e+02
1.277674198150634766e+01 3.136843017578125000e+03 2.829210449218750000e+03 3.076325073242187500e+02
1.283796882629394531e+01 3.135682128906250000e+03 2.827837890625000000e+03 3.078436889648437500e+02
1.285837745666503906e+01 3.130973388671875000e+03 2.822418457031250000e+03 3.085545043945312500e+02
1.289919567108154297e+01 3.133477294921875000e+03 2.826478515625000000e+03 3.069985656738281250e+02
1.291960430145263672e+01 3.133451660156250000e+03 2.826645996093750000e+03 3.068054504394531250e+02
1.298082923889160156e+01 3.131570068359375000e+03 2.825301025390625000e+03 3.062695922851562500e+02
1.300123786926269531e+01 3.131383544921875000e+03 2.825469482421875000e+03 3.059140014648437500e+02
1.310328197479248047e+01 3.128163818359375000e+03 2.823562011718750000e+03 3.046009216308593750e+02
1.312369060516357422e+01 3.128022460937500000e+03 2.823731445312500000e+03 3.042906188964843750e+02
1.314409923553466797e+01 3.127016113281250000e+03 2.822989257812500000e+03 3.040265808105468750e+02
1.316450881958007812e+01 3.126949707031250000e+03 2.823158935546875000e+03 3.037910766601562500e+02
1.318491744995117188e+01 3.126843994140625000e+03 2.823328369140625000e+03 3.035156555175781250e+02
1.320532417297363281e+01 3.125299316406250000e+03 2.821684570312500000e+03 3.036156311035156250e+02
1.328695964813232422e+01 3.121729736328125000e+03 2.819662353515625000e+03 3.020675048828125000e+02
1.330736923217773438e+01 3.120757812500000000e+03 2.818936035156250000e+03 3.018215637207031250e+02
1.332777786254882812e+01 3.118466552734375000e+03 2.817313720703125000e+03 3.011534729003906250e+02
1.334818649291992188e+01 3.120177490234375000e+03 2.819283203125000000e+03 3.008951416015625000e+02
1.336859512329101562e+01 3.117763183593750000e+03 2.817665039062500000e+03 3.000986328125000000e+02
1.338900375366210938e+01 3.118614990234375000e+03 2.818734130859375000e+03 2.998809814453125000e+02
1.340941333770751953e+01 3.117898925781250000e+03 2.815336669921875000e+03 3.025616760253906250e+02
1.342982006072998047e+01 3.024925781250000000e+03 2.729062011718750000e+03 2.958642578125000000e+02
1.345022869110107422e+01 3.111690429687500000e+03 2.813022705078125000e+03 2.986680908203125000e+02
1.347063827514648438e+01 3.108709716796875000e+03 2.810537597656250000e+03 2.981726684570312500e+02
1.349104690551757812e+01 3.110262695312500000e+03 2.812496826171875000e+03 2.977662658691406250e+02
1.351145553588867188e+01 3.111905517578125000e+03 2.814449707031250000e+03 2.974564514160156250e+02
1.353186416625976562e+01 3.113536132812500000e+03 2.816396728515625000e+03 2.971391906738281250e+02
1.355227375030517578e+01 3.114340820312500000e+03 2.817454833984375000e+03 2.968860168457031250e+02
1.357268238067626953e+01 3.113396972656250000e+03 2.816745849609375000e+03 2.966515502929687500e+02
1.359309101104736328e+01 3.113262207031250000e+03 2.816919433593750000e+03 2.963432006835937500e+02
1.361350059509277344e+01 3.113039794921875000e+03 2.817092529296875000e+03 2.959474182128906250e+02
1.363390827178955078e+01 3.137425781250000000e+03 2.841847412109375000e+03 2.955786437988281250e+02
1.365431785583496094e+01 3.111184570312500000e+03 2.815684082031250000e+03 2.955003356933593750e+02
1.367472553253173828e+01 3.110319580078125000e+03 2.814983398437500000e+03 2.953363952636718750e+02
1.369513320922851562e+01 3.110141113281250000e+03 2.815158447265625000e+03 2.949833374023437500e+02
1.371554279327392578e+01 3.109222900390625000e+03 2.814460205078125000e+03 2.947626953125000000e+02
1.373595046997070312e+01 3.109230468750000000e+03 2.814635742187500000e+03 2.945947265625000000e+02
1.375636100769042969e+01 3.108317382812500000e+03 2.813940185546875000e+03 2.943772583007812500e+02
1.377676773071289062e+01 3.107252197265625000e+03 2.813247314453125000e+03 2.940045166015625000e+02
1.379717826843261719e+01 3.107283691406250000e+03 2.813423339843750000e+03 2.938605346679687500e+02
1.381758594512939453e+01 3.106400390625000000e+03 2.812733154296875000e+03 2.936669616699218750e+02
1.383799648284912109e+01 3.106242919921875000e+03 2.812909423828125000e+03 2.933342590332031250e+02
1.385840320587158203e+01 3.104476318359375000e+03 2.811358398437500000e+03 2.931180114746093750e+02
1.387881374359130859e+01 3.103514648437500000e+03 2.810673828125000000e+03 2.928407287597656250e+02
1.389922142028808594e+01 3.102640869140625000e+03 2.809991699218750000e+03 2.926491394042968750e+02
1.391962814331054688e+01 3.102625732421875000e+03 2.810171386718750000e+03 2.924538574218750000e+02
1.394003868103027344e+01 3.101699707031250000e+03 2.809491455078125000e+03 2.922078247070312500e+02
1.396044635772705078e+01 3.100710449218750000e+03 2.808813964843750000e+03 2.918952636718750000e+02
1.398085689544677734e+01 3.099787597656250000e+03 2.808138183593750000e+03 2.916493835449218750e+02
1.400126361846923828e+01 3.098810791015625000e+03 2.807464843750000000e+03 2.913458251953125000e+02
1.402167415618896484e+01 3.098016113281250000e+03 2.806792724609375000e+03 2.912233276367187500e+02
1.404208183288574219e+01 3.097062988281250000e+03 2.806123291015625000e+03 2.909398498535156250e+02
1.406249237060546875e+01 3.096181152343750000e+03 2.805455078125000000e+03 2.907266845703125000e+02
1.408289909362792969e+01 3.095294433593750000e+03 2.804789550781250000e+03 2.905051574707031250e+02
1.410330963134765625e+01 3.094347656250000000e+03 2.804125244140625000e+03 2.902227478027343750e+02
1.412371635437011719e+01 3.094403564453125000e+03 2.804311035156250000e+03 2.900925292968750000e+02
1.414412403106689453e+01 3.093476074218750000e+03 2.803649902343750000e+03 2.898262329101562500e+02
1.416453456878662109e+01 3.092592285156250000e+03 2.802989990234375000e+03 2.896018981933593750e+02
1.418494129180908203e+01 3.091760742187500000e+03 2.802332763671875000e+03 2.894275817871093750e+02
1.420535182952880859e+01 3.090824218750000000e+03 2.801677001953125000e+03 2.891467895507812500e+02
1.422575950622558594e+01 3.090001708984375000e+03 2.801023437500000000e+03 2.889788208007812500e+02
1.424617004394531250e+01 3.089101562500000000e+03 2.800371337890625000e+03 2.887304687500000000e+02
1.426657676696777344e+01 3.088254882812500000e+03 2.799721191406250000e+03 2.885335998535156250e+02
1.428698730468750000e+01 3.088206298828125000e+03 2.799910400390625000e+03 2.882957153320312500e+02
1.430739498138427734e+01 3.086525146484375000e+03 2.798426757812500000e+03 2.880984191894531250e+02
1.432780551910400391e+01 3.086533203125000000e+03 2.798617431640625000e+03 2.879160461425781250e+02
1.434821224212646484e+01 3.084753906250000000e+03 2.797139648437500000e+03 2.876145019531250000e+02
1.436861991882324219e+01 3.084825439453125000e+03 2.797332275390625000e+03 2.874927978515625000e+02
1.438903045654296875e+01 3.083995361328125000e+03 2.796691650390625000e+03 2.873033142089843750e+02
1.440943717956542969e+01 3.083186279296875000e+03 2.796053710937500000e+03 2.871330566406250000e+02
1.442984771728515625e+01 3.082346435546875000e+03 2.795416748046875000e+03 2.869302062988281250e+02
1.445025539398193359e+01 3.081461669921875000e+03 2.794782470703125000e+03 2.866796875000000000e+02
1.447066593170166016e+01 3.080634521484375000e+03 2.794148681640625000e+03 2.864851684570312500e+02
1.449107265472412109e+01 3.080630126953125000e+03 2.794344238281250000e+03 2.862861938476562500e+02
1.451148319244384766e+01 3.079052734375000000e+03 2.792888183593750000e+03 2.861644287109375000e+02
1.453189086914062500e+01 3.079040039062500000e+03 2.793084472656250000e+03 2.859560241699218750e+02
1.455230045318603516e+01 3.077389892578125000e+03 2.791634521484375000e+03 2.857559509277343750e+02
1.457270812988281250e+01 3.077315185546875000e+03 2.791832275390625000e+03 2.854835815429687500e+02
1.459311580657958984e+01 3.075669921875000000e+03 2.790388671875000000e+03 2.852816772460937500e+02
1.461352539062500000e+01 3.075713134765625000e+03 2.790586669921875000e+03 2.851272888183593750e+02
1.463393306732177734e+01 3.074885498046875000e+03 2.789967041015625000e+03 2.849187927246093750e+02
1.465434360504150391e+01 3.074053955078125000e+03 2.789348388671875000e+03 2.847059326171875000e+02
1.467475032806396484e+01 3.073153564453125000e+03 2.788731689453125000e+03 2.844221496582031250e+02
1.469516086578369141e+01 3.072392578125000000e+03 2.788116699218750000e+03 2.842762451171875000e+02
1.471556854248046875e+01 3.071555175781250000e+03 2.787503662109375000e+03 2.840516662597656250e+02
1.473597908020019531e+01 3.071611083984375000e+03 2.787704101562500000e+03 2.839072570800781250e+02
1.475638580322265625e+01 3.069904052734375000e+03 2.786282226562500000e+03 2.836223754882812500e+02
1.477679634094238281e+01 3.069135009765625000e+03 2.785673828125000000e+03 2.834615783691406250e+02
1.479720401763916016e+01 3.069144042968750000e+03 2.785876708984375000e+03 2.832678222656250000e+02
1.481761455535888672e+01 3.067512207031250000e+03 2.784462890625000000e+03 2.830501708984375000e+02
1.483802127838134766e+01 3.066638916015625000e+03 2.783859863281250000e+03 2.827794189453125000e+02
1.485842895507812500e+01 3.066690185546875000e+03 2.784064453125000000e+03 2.826252441406250000e+02
1.487883949279785156e+01 3.065082763671875000e+03 2.782658691406250000e+03 2.824242858886718750e+02
1.489924621582031250e+01 3.064286621093750000e+03 2.782060791015625000e+03 2.822257080078125000e+02
1.491965675354003906e+01 3.064216796875000000e+03 2.782266113281250000e+03 2.819513549804687500e+02
1.494006443023681641e+01 3.062689941406250000e+03 2.780869140625000000e+03 2.818210754394531250e+02
1.496047496795654297e+01 3.061840087890625000e+03 2.780275634765625000e+03 2.815651550292968750e+02
1.498088169097900391e+01 3.060260742187500000e+03 2.778885253906250000e+03 2.813753662109375000e+02
1.500129222869873047e+01 3.060283447265625000e+03 2.779093994140625000e+03 2.811900024414062500e+02
1.502169895172119141e+01 3.059458984375000000e+03 2.778505615234375000e+03 2.809535827636718750e+02
1.504210948944091797e+01 3.057899902343750000e+03 2.777122802734375000e+03 2.807773132324218750e+02
1.506251716613769531e+01 3.057942382812500000e+03 2.777333740234375000e+03 2.806090087890625000e+02
1.508292388916015625e+01 3.057125976562500000e+03 2.776750244140625000e+03 2.803760681152343750e+02
1.510333442687988281e+01 3.055587158203125000e+03 2.775375000000000000e+03 2.802123413085937500e+02
1.512374210357666016e+01 3.054789306640625000e+03 2.774795898437500000e+03 2.799931640625000000e+02
1.514415264129638672e+01 3.054831054687500000e+03 2.775008056640625000e+03 2.798236083984375000e+02
1.516455936431884766e+01 3.054098144531250000e+03 2.774431152343750000e+03 2.796676635742187500e+02
1.518496990203857422e+01 3.052518066406250000e+03 2.773066650390625000e+03 2.794523925781250000e+02
1.520537757873535156e+01 3.052594482421875000e+03 2.773280761718750000e+03 2.793140563964843750e+02
1.522578811645507812e+01 3.051920410156250000e+03 2.772707763671875000e+03 2.792135009765625000e+02
1.524619483947753906e+01 3.050306884765625000e+03 2.771351806640625000e+03 2.789554138183593750e+02
1.526660537719726562e+01 3.049602539062500000e+03 2.770782714843750000e+03 2.788210144042968750e+02
1.528701305389404297e+01 3.049674316406250000e+03 2.770998779296875000e+03 2.786763916015625000e+02
1.530741977691650391e+01 3.048108398437500000e+03 2.769650390625000000e+03 2.784585266113281250e+02
1.532783031463623047e+01 3.047409912109375000e+03 2.769085937500000000e+03 2.783238830566406250e+02
1.534823799133300781e+01 3.047363525390625000e+03 2.769303466796875000e+03 2.780607299804687500e+02
1.536864852905273438e+01 3.045887695312500000e+03 2.767962158203125000e+03 2.779264221191406250e+02
1.538905525207519531e+01 3.045180908203125000e+03 2.767403076171875000e+03 2.777782897949218750e+02
1.540946578979492188e+01 3.045194091796875000e+03 2.767621337890625000e+03 2.775733337402343750e+02
1.542987346649169922e+01 3.043713867187500000e+03 2.766288085937500000e+03 2.774259948730468750e+02
1.545028305053710938e+01 3.043017822265625000e+03 2.765732666015625000e+03 2.772857971191406250e+02
1.547069072723388672e+01 3.043085449218750000e+03 2.765952880859375000e+03 2.771330261230468750e+02
1.549109745025634766e+01 3.041546142578125000e+03 2.764626708984375000e+03 2.769194641113281250e+02
1.551150798797607422e+01 3.040789306640625000e+03 2.764075683593750000e+03 2.767140808105468750e+02
1.553191566467285156e+01 3.040852783203125000e+03 2.764297363281250000e+03 2.765554199218750000e+02
1.555232620239257812e+01 3.040095947265625000e+03 2.763748046875000000e+03 2.763489379882812500e+02
1.557273292541503906e+01 3.038674804687500000e+03 2.762432128906250000e+03 2.762422180175781250e+02
1.559314346313476562e+01 3.038666748046875000e+03 2.762654541015625000e+03 2.760120544433593750e+02
1.561355113983154297e+01 3.037902099609375000e+03 2.762110107421875000e+03 2.757918090820312500e+02
1.563395786285400391e+01 3.036433349609375000e+03 2.760801513671875000e+03 2.756315917968750000e+02
1.565436840057373047e+01 3.035728515625000000e+03 2.760260253906250000e+03 2.754680480957031250e+02
1.567477607727050781e+01 3.035782226562500000e+03 2.760485107421875000e+03 2.752969360351562500e+02
1.569518661499023438e+01 3.035077636718750000e+03 2.759945312500000000e+03 2.751327514648437500e+02
1.571559333801269531e+01 3.033610107421875000e+03 2.758646728515625000e+03 2.749637451171875000e+02
1.573600387573242188e+01 3.032824218750000000e+03 2.758110839843750000e+03 2.747141113281250000e+02
1.575641155242919922e+01 3.032060791015625000e+03 2.757577392578125000e+03 2.744846496582031250e+02
1.577682209014892578e+01 3.032120605468750000e+03 2.757803222656250000e+03 2.743180541992187500e+02
1.579722881317138672e+01 3.030597167968750000e+03 2.756513916015625000e+03 2.740839233398437500e+02
1.581763935089111328e+01 3.029959472656250000e+03 2.755983886718750000e+03 2.739764404296875000e+02
1.583804702758789062e+01 3.029261718750000000e+03 2.755455810546875000e+03 2.738062744140625000e+02
1.585845661163330078e+01 3.028420898437500000e+03 2.754928710937500000e+03 2.734923706054687500e+02
1.587886428833007812e+01 3.027022216796875000e+03 2.753649414062500000e+03 2.733735046386718750e+02
1.589927196502685547e+01 3.027060791015625000e+03 2.753879394531250000e+03 2.731819458007812500e+02
1.591968154907226562e+01 3.026380615234375000e+03 2.753355712890625000e+03 2.730257568359375000e+02
1.594008922576904297e+01 3.024838867187500000e+03 2.752083984375000000e+03 2.727550354003906250e+02
1.596049976348876953e+01 3.024163574218750000e+03 2.751563964843750000e+03 2.726002502441406250e+02
1.598090648651123047e+01 3.023436035156250000e+03 2.751046386718750000e+03 2.723898315429687500e+02
1.600131797790527344e+01 3.022706298828125000e+03 2.750529541015625000e+03 2.721773071289062500e+02
1.602172470092773438e+01 3.021290527343750000e+03 2.749267333984375000e+03 2.720240478515625000e+02
1.604213523864746094e+01 3.020568115234375000e+03 2.748753906250000000e+03 2.718146667480468750e+02
1.606254196166992188e+01 3.019903564453125000e+03 2.748242431640625000e+03 2.716617431640625000e+02
1.608295249938964844e+01 3.019126953125000000e+03 2.747731689453125000e+03 2.713966674804687500e+02
1.610335922241210938e+01 3.017817626953125000e+03 2.746479492187500000e+03 2.713384399414062500e+02
1.612376785278320312e+01 3.017197753906250000e+03 2.745972900390625000e+03 2.712250061035156250e+02
1.614417839050292969e+01 3.016424804687500000e+03 2.745466552734375000e+03 2.709586486816406250e+02
1.616458511352539062e+01 3.015807128906250000e+03 2.744962646484375000e+03 2.708453369140625000e+02
1.618499565124511719e+01 3.014337890625000000e+03 2.743719482421875000e+03 2.706181945800781250e+02
1.620540237426757812e+01 3.013725097656250000e+03 2.743218994140625000e+03 2.705065002441406250e+02
1.622581291198730469e+01 3.013057861328125000e+03 2.742718994140625000e+03 2.703397216796875000e+02
1.624621963500976562e+01 3.012448730468750000e+03 2.742220947265625000e+03 2.702281494140625000e+02
1.626663017272949219e+01 3.011725341796875000e+03 2.741723388671875000e+03 2.700024414062500000e+02
1.628703880310058594e+01 3.011062988281250000e+03 2.741227783203125000e+03 2.698354492187500000e+02
1.630744743347167969e+01 3.010455810546875000e+03 2.740732910156250000e+03 2.697234802246093750e+02
1.632785606384277344e+01 3.009796875000000000e+03 2.740239746093750000e+03 2.695572814941406250e+02
1.634826278686523438e+01 3.009196044921875000e+03 2.739747558593750000e+03 2.694489746093750000e+02
1.636867332458496094e+01 3.007807373046875000e+03 2.738525146484375000e+03 2.692828369140625000e+02
1.638908004760742188e+01 3.007189453125000000e+03 2.738036621093750000e+03 2.691535949707031250e+02
1.640949058532714844e+01 3.006594238281250000e+03 2.737548583984375000e+03 2.690455627441406250e+02
1.642989730834960938e+01 3.005849365234375000e+03 2.737062500000000000e+03 2.687875061035156250e+02
1.645030784606933594e+01 3.005202148437500000e+03 2.736577148437500000e+03 2.686254272460937500e+02
1.647071647644042969e+01 3.003885009765625000e+03 2.735366699218750000e+03 2.685183410644531250e+02
1.649112701416015625e+01 3.003927734375000000e+03 2.735610351562500000e+03 2.683176574707031250e+02
1.651153373718261719e+01 3.003284179687500000e+03 2.735128906250000000e+03 2.681555786132812500e+02
1.653194427490234375e+01 3.002696044921875000e+03 2.734648437500000000e+03 2.680481262207031250e+02
1.655235099792480469e+01 3.002021972656250000e+03 2.734169433593750000e+03 2.678526916503906250e+02
1.657275772094726562e+01 3.000622070312500000e+03 2.732968994140625000e+03 2.676539001464843750e+02
1.659316825866699219e+01 2.999950927734375000e+03 2.732492919921875000e+03 2.674582214355468750e+02
1.661357688903808594e+01 3.000055664062500000e+03 2.732738769531250000e+03 2.673168640136718750e+02
1.663398742675781250e+01 2.999478515625000000e+03 2.732263916015625000e+03 2.672149658203125000e+02
1.665439414978027344e+01 2.998808593750000000e+03 2.731790771484375000e+03 2.670180969238281250e+02
1.667480468750000000e+01 2.997477294921875000e+03 2.730600585937500000e+03 2.668767395019531250e+02
1.669521141052246094e+01 2.996830566406250000e+03 2.730130615234375000e+03 2.667001647949218750e+02
1.671562194824218750e+01 2.996167968750000000e+03 2.729661376953125000e+03 2.665066833496093750e+02
1.673602867126464844e+01 2.995468505859375000e+03 2.729193603515625000e+03 2.662750549316406250e+02
1.675643920898437500e+01 2.994114013671875000e+03 2.728012207031250000e+03 2.661016235351562500e+02
1.677684593200683594e+01 2.994243652343750000e+03 2.728261474609375000e+03 2.659824829101562500e+02
1.679725456237792969e+01 2.993494873046875000e+03 2.727796875000000000e+03 2.656982116699218750e+02
1.681766510009765625e+01 2.992803222656250000e+03 2.727333251953125000e+03 2.654702453613281250e+02
1.683807182312011719e+01 2.991456054687500000e+03 2.726160400390625000e+03 2.652951660156250000e+02
1.685848236083984375e+01 2.990824951171875000e+03 2.725699951171875000e+03 2.651247558593750000e+02
1.687888908386230469e+01 2.990158203125000000e+03 2.725240966796875000e+03 2.649171447753906250e+02
1.689929962158203125e+01 2.989472167968750000e+03 2.724782714843750000e+03 2.646898803710937500e+02
1.691970634460449219e+01 2.988844970703125000e+03 2.724325927734375000e+03 2.645193786621093750e+02
1.694011688232421875e+01 2.988217041015625000e+03 2.723869873046875000e+03 2.643475952148437500e+02
1.696052551269531250e+01 2.987556884765625000e+03 2.723415527343750000e+03 2.641417541503906250e+02
1.698093605041503906e+01 2.986228515625000000e+03 2.722256591796875000e+03 2.639728088378906250e+02
1.700134277343750000e+01 2.985553955078125000e+03 2.721805175781250000e+03 2.637488098144531250e+02
1.702175331115722656e+01 2.984931640625000000e+03 2.721354248046875000e+03 2.635772399902343750e+02
1.704216003417968750e+01 2.983610839843750000e+03 2.720202636718750000e+03 2.634080200195312500e+02
1.706256675720214844e+01 2.982942138671875000e+03 2.719755371093750000e+03 2.631865844726562500e+02
1.708297729492187500e+01 2.982326416015625000e+03 2.719308593750000000e+03 2.630181579589843750e+02
1.710338592529296875e+01 2.980960693359375000e+03 2.718163330078125000e+03 2.627973632812500000e+02
1.712379646301269531e+01 2.980350341796875000e+03 2.717719482421875000e+03 2.626306457519531250e+02
1.714420318603515625e+01 2.979739990234375000e+03 2.717277099609375000e+03 2.624624938964843750e+02
1.716461372375488281e+01 2.979165283203125000e+03 2.716835449218750000e+03 2.623303833007812500e+02
1.718502044677734375e+01 2.977808837890625000e+03 2.715698974609375000e+03 2.621101074218750000e+02
1.720543098449707031e+01 2.977239257812500000e+03 2.715259765625000000e+03 2.619799804687500000e+02
1.722583770751953125e+01 2.976672363281250000e+03 2.714822509765625000e+03 2.618502502441406250e+02
1.724624824523925781e+01 2.975376953125000000e+03 2.713691650390625000e+03 2.616849365234375000e+02
1.726665496826171875e+01 2.974759521484375000e+03 2.713257324218750000e+03 2.615021972656250000e+02
1.728706359863281250e+01 2.974196533203125000e+03 2.712823974609375000e+03 2.613721618652343750e+02
1.730747413635253906e+01 2.973582519531250000e+03 2.712391113281250000e+03 2.611911010742187500e+02
1.732788085937500000e+01 2.972331054687500000e+03 2.711269042968750000e+03 2.610620117187500000e+02
1.734829139709472656e+01 2.971774414062500000e+03 2.710839111328125000e+03 2.609348449707031250e+02
1.736869812011718750e+01 2.971163330078125000e+03 2.710410644531250000e+03 2.607525939941406250e+02
1.738910865783691406e+01 2.969918457031250000e+03 2.709294433593750000e+03 2.606242065429687500e+02
1.740951538085937500e+01 2.968627441406250000e+03 2.708180908203125000e+03 2.604466247558593750e+02
1.742992591857910156e+01 2.968073974609375000e+03 2.707756591796875000e+03 2.603177795410156250e+02
1.745033454895019531e+01 2.967525878906250000e+03 2.707333740234375000e+03 2.601926269531250000e+02
1.747074508666992188e+01 2.966924560546875000e+03 2.706911132812500000e+03 2.600127868652343750e+02
1.749115180969238281e+01 2.966324707031250000e+03 2.706490234375000000e+03 2.598337707519531250e+02
1.751155853271484375e+01 2.965780029296875000e+03 2.706070556640625000e+03 2.597095336914062500e+02
1.753196907043457031e+01 2.964498779296875000e+03 2.704968261718750000e+03 2.595309448242187500e+02
1.755237579345703125e+01 2.963923828125000000e+03 2.704551025390625000e+03 2.593730163574218750e+02
1.757278633117675781e+01 2.963382324218750000e+03 2.704134521484375000e+03 2.592482299804687500e+02
1.759319496154785156e+01 2.962791503906250000e+03 2.703719238281250000e+03 2.590725097656250000e+02
1.761360359191894531e+01 2.962251220703125000e+03 2.703304199218750000e+03 2.589476623535156250e+02
1.763401222229003906e+01 2.961647705078125000e+03 2.702890869140625000e+03 2.587570495605468750e+02
1.765442276000976562e+01 2.960434570312500000e+03 2.701800048828125000e+03 2.586346130371093750e+02
1.767482948303222656e+01 2.959781005859375000e+03 2.701389404296875000e+03 2.583919067382812500e+02
1.769524002075195312e+01 2.959215332031250000e+03 2.700979248046875000e+03 2.582355957031250000e+02
1.771564674377441406e+01 2.957973388671875000e+03 2.699894775390625000e+03 2.580786437988281250e+02
1.773605346679687500e+01 2.957411132812500000e+03 2.699487792968750000e+03 2.579236145019531250e+02
1.775646400451660156e+01 2.956764160156250000e+03 2.699081298828125000e+03 2.576827087402343750e+02
1.777687263488769531e+01 2.956204345703125000e+03 2.698676269531250000e+03 2.575285034179687500e+02
1.779728317260742188e+01 2.954937744140625000e+03 2.697598876953125000e+03 2.573388671875000000e+02
1.781768989562988281e+01 2.954345947265625000e+03 2.697196533203125000e+03 2.571497192382812500e+02
1.783810043334960938e+01 2.953758789062500000e+03 2.696794189453125000e+03 2.569649353027343750e+02
1.785850715637207031e+01 2.953169677734375000e+03 2.696393554687500000e+03 2.567760925292968750e+02
1.787891769409179688e+01 2.952529541015625000e+03 2.695993164062500000e+03 2.565365295410156250e+02
1.789932441711425781e+01 2.951979736328125000e+03 2.695594482421875000e+03 2.563853759765625000e+02
1.791973495483398438e+01 2.951307373046875000e+03 2.695195800781250000e+03 2.561117248535156250e+02
1.794014358520507812e+01 2.950110595703125000e+03 2.694131835937500000e+03 2.559790649414062500e+02
1.796055030822753906e+01 2.949496337890625000e+03 2.693736328125000000e+03 2.557603759765625000e+02
1.798096084594726562e+01 2.948250488281250000e+03 2.692675781250000000e+03 2.555745697021484375e+02
1.800136756896972656e+01 2.947639648437500000e+03 2.692282958984375000e+03 2.553561553955078125e+02
1.802177810668945312e+01 2.947060791015625000e+03 2.691890380859375000e+03 2.551708831787109375e+02
1.804218482971191406e+01 2.946541259765625000e+03 2.691499267578125000e+03 2.550416412353515625e+02
1.806259536743164062e+01 2.945827880859375000e+03 2.691108886718750000e+03 2.547185211181640625e+02
1.808300209045410156e+01 2.943930908203125000e+03 2.689395751953125000e+03 2.545352172851562500e+02
1.810341262817382812e+01 2.943327392578125000e+03 2.689008056640625000e+03 2.543195800781250000e+02
1.812382125854492188e+01 2.942757568359375000e+03 2.688621826171875000e+03 2.541358489990234375e+02
1.814423179626464844e+01 2.942139160156250000e+03 2.688236328125000000e+03 2.539035644531250000e+02
1.816463851928710938e+01 2.940880859375000000e+03 2.687193115234375000e+03 2.536877746582031250e+02
1.818504524230957031e+01 2.940316406250000000e+03 2.686810302734375000e+03 2.535065917968750000e+02
1.820545578002929688e+01 2.939045166015625000e+03 2.685770507812500000e+03 2.532747192382812500e+02
1.822586250305175781e+01 2.937829345703125000e+03 2.684733642578125000e+03 2.530955352783203125e+02
1.824627304077148438e+01 2.937268310546875000e+03 2.684354248046875000e+03 2.529142303466796875e+02
1.826668167114257812e+01 2.936086914062500000e+03 2.683321289062500000e+03 2.527657165527343750e+02
1.828709220886230469e+01 2.935482910156250000e+03 2.682944580078125000e+03 2.525381774902343750e+02
1.830749893188476562e+01 2.934927734375000000e+03 2.682568847656250000e+03 2.523587341308593750e+02
1.832790946960449219e+01 2.933754150390625000e+03 2.681541015625000000e+03 2.522135467529296875e+02
1.834831619262695312e+01 2.933203613281250000e+03 2.681167724609375000e+03 2.520355529785156250e+02
1.836872673034667969e+01 2.931985351562500000e+03 2.680143554687500000e+03 2.518417205810546875e+02
1.838913345336914062e+01 2.931435058593750000e+03 2.679772705078125000e+03 2.516626434326171875e+02
1.840954399108886719e+01 2.930272705078125000e+03 2.678752441406250000e+03 2.515194396972656250e+02
1.842995262145996094e+01 2.929062500000000000e+03 2.677734619140625000e+03 2.513282623291015625e+02
1.845035934448242188e+01 2.928520507812500000e+03 2.677367919921875000e+03 2.511529998779296875e+02
1.847076988220214844e+01 2.927961914062500000e+03 2.677001708984375000e+03 2.509604034423828125e+02
1.849117660522460938e+01 2.926807128906250000e+03 2.675989013671875000e+03 2.508183288574218750e+02
1.851158714294433594e+01 2.926252929687500000e+03 2.675625000000000000e+03 2.506281280517578125e+02
1.853199386596679688e+01 2.925071289062500000e+03 2.674616210937500000e+03 2.504557495117187500e+02
1.855240440368652344e+01 2.923893066406250000e+03 2.673609130859375000e+03 2.502837066650390625e+02
1.857281112670898438e+01 2.923343994140625000e+03 2.673249511718750000e+03 2.500950469970703125e+02
1.859322166442871094e+01 2.922171386718750000e+03 2.672246093750000000e+03 2.499252929687500000e+02
1.861363029479980469e+01 2.921623535156250000e+03 2.671888671875000000e+03 2.497356719970703125e+02
1.863404083251953125e+01 2.921094726562500000e+03 2.671531494140625000e+03 2.495635223388671875e+02
1.865444755554199219e+01 2.920547363281250000e+03 2.671175537109375000e+03 2.493720550537109375e+02
1.867485427856445312e+01 2.919359619140625000e+03 2.670179443359375000e+03 2.491802368164062500e+02
1.869526481628417969e+01 2.918192138671875000e+03 2.669185058593750000e+03 2.490067291259765625e+02
1.871567153930664062e+01 2.917650146484375000e+03 2.668832763671875000e+03 2.488176879882812500e+02
1.873608207702636719e+01 2.916518310546875000e+03 2.667841796875000000e+03 2.486767425537109375e+02
1.875649070739746094e+01 2.915950927734375000e+03 2.667491943359375000e+03 2.484595489501953125e+02
1.877690124511718750e+01 2.915432373046875000e+03 2.667142089843750000e+03 2.482907714843750000e+02
1.879730796813964844e+01 2.914867187500000000e+03 2.666793701171875000e+03 2.480739135742187500e+02
1.881771850585937500e+01 2.913668212890625000e+03 2.665809326171875000e+03 2.478591613769531250e+02
1.883812522888183594e+01 2.913157470703125000e+03 2.665463134765625000e+03 2.476946563720703125e+02
1.885853576660156250e+01 2.912571044921875000e+03 2.665117187500000000e+03 2.474536743164062500e+02
1.887894248962402344e+01 2.911402587890625000e+03 2.664138427734375000e+03 2.472645111083984375e+02
1.889935111999511719e+01 2.910193359375000000e+03 2.663161621093750000e+03 2.470321655273437500e+02
1.891975975036621094e+01 2.908961425781250000e+03 2.662186767578125000e+03 2.467745208740234375e+02
1.894016838073730469e+01 2.907821044921875000e+03 2.661214111328125000e+03 2.466072692871093750e+02
1.896057891845703125e+01 2.906661132812500000e+03 2.660243408203125000e+03 2.464177551269531250e+02
1.898098564147949219e+01 2.905493164062500000e+03 2.659274902343750000e+03 2.462180938720703125e+02
1.900139617919921875e+01 2.904406494140625000e+03 2.658308349609375000e+03 2.460983734130859375e+02
1.902180290222167969e+01 2.903905517578125000e+03 2.657973632812500000e+03 2.459315032958984375e+02
1.904221343994140625e+01 2.902791992187500000e+03 2.657010253906250000e+03 2.457815856933593750e+02
1.906262016296386719e+01 2.902291259765625000e+03 2.656677490234375000e+03 2.456135559082031250e+02
1.908303070068359375e+01 2.901153564453125000e+03 2.655717529296875000e+03 2.454363861083984375e+02
1.910343933105468750e+01 2.900643798828125000e+03 2.655386962890625000e+03 2.452566833496093750e+02
1.912384605407714844e+01 2.900108642578125000e+03 2.655056884765625000e+03 2.450512237548828125e+02
1.914425659179687500e+01 2.899587158203125000e+03 2.654727050781250000e+03 2.448603363037109375e+02
1.916466331481933594e+01 2.899081542968750000e+03 2.654398681640625000e+03 2.446829376220703125e+02
1.918507385253906250e+01 2.897882080078125000e+03 2.653446289062500000e+03 2.444363403320312500e+02
1.920548057556152344e+01 2.897363769531250000e+03 2.653119873046875000e+03 2.442437744140625000e+02
1.922589111328125000e+01 2.895532714843750000e+03 2.651548583984375000e+03 2.439846649169921875e+02
1.924629974365234375e+01 2.894911621093750000e+03 2.651224609375000000e+03 2.436869812011718750e+02
1.926671028137207031e+01 2.893678466796875000e+03 2.650279541015625000e+03 2.433988189697265625e+02
1.928711700439453125e+01 2.892466308593750000e+03 2.649337158203125000e+03 2.431289215087890625e+02
1.930752754211425781e+01 2.891963134765625000e+03 2.649016357421875000e+03 2.429474182128906250e+02
1.932793426513671875e+01 2.890830566406250000e+03 2.648077148437500000e+03 2.427538909912109375e+02
1.934834098815917969e+01 2.889638916015625000e+03 2.647140380859375000e+03 2.424988250732421875e+02
1.936875152587890625e+01 2.889123779296875000e+03 2.646822753906250000e+03 2.423007507324218750e+02
1.938915824890136719e+01 2.888671875000000000e+03 2.646506103515625000e+03 2.421658782958984375e+02
1.940956878662109375e+01 2.888183837890625000e+03 2.646189941406250000e+03 2.419949188232421875e+02
1.942997741699218750e+01 2.887122314453125000e+03 2.645258789062500000e+03 2.418637542724609375e+02
1.945038795471191406e+01 2.886618408203125000e+03 2.644944580078125000e+03 2.416741333007812500e+02
1.947079467773437500e+01 2.885409423828125000e+03 2.644016357421875000e+03 2.413929748535156250e+02
1.949120521545410156e+01 2.884945556640625000e+03 2.643704101562500000e+03 2.412417755126953125e+02
1.951161193847656250e+01 2.883895507812500000e+03 2.642779541015625000e+03 2.411163330078125000e+02
1.953202247619628906e+01 2.883510253906250000e+03 2.642469238281250000e+03 2.410406036376953125e+02
1.955242919921875000e+01 2.882432861328125000e+03 2.641547851562500000e+03 2.408853912353515625e+02
1.957283973693847656e+01 2.880097167968750000e+03 2.639404785156250000e+03 2.406925354003906250e+02
1.959324836730957031e+01 2.879081787109375000e+03 2.638488281250000000e+03 2.405933074951171875e+02
1.961365509033203125e+01 2.878621337890625000e+03 2.638184082031250000e+03 2.404375915527343750e+02
1.963406562805175781e+01 2.877591796875000000e+03 2.637270507812500000e+03 2.403220977783203125e+02
1.965447235107421875e+01 2.876525146484375000e+03 2.636359375000000000e+03 2.401657257080078125e+02
1.967488288879394531e+01 2.876055175781250000e+03 2.636058105468750000e+03 2.399976348876953125e+02
1.969528961181640625e+01 2.875582275390625000e+03 2.635757324218750000e+03 2.398249816894531250e+02
1.971570014953613281e+01 2.873973388671875000e+03 2.634242919921875000e+03 2.397304534912109375e+02
1.973610877990722656e+01 2.873521972656250000e+03 2.633945068359375000e+03 2.395760803222656250e+02
1.975651741027832031e+01 2.873089355468750000e+03 2.633647460937500000e+03 2.394425659179687500e+02
1.977692604064941406e+01 2.872652099609375000e+03 2.633350585937500000e+03 2.393019866943359375e+02
1.979733657836914062e+01 2.872212402343750000e+03 2.633054199218750000e+03 2.391586151123046875e+02
1.981774330139160156e+01 2.871828125000000000e+03 2.632758789062500000e+03 2.390694122314453125e+02
1.983815002441406250e+01 2.870713134765625000e+03 2.631860595703125000e+03 2.388527984619140625e+02
1.985856056213378906e+01 2.869638427734375000e+03 2.630963867187500000e+03 2.386748352050781250e+02
1.987896728515625000e+01 2.869158935546875000e+03 2.630671386718750000e+03 2.384870452880859375e+02
1.989937782287597656e+01 2.868021484375000000e+03 2.629777832031250000e+03 2.382433929443359375e+02
1.991978645324707031e+01 2.866219970703125000e+03 2.628285400390625000e+03 2.379347381591796875e+02
1.994019699096679688e+01 2.865682128906250000e+03 2.627996093750000000e+03 2.376858673095703125e+02
1.996060371398925781e+01 2.865113037109375000e+03 2.627708007812500000e+03 2.374046936035156250e+02
1.998101425170898438e+01 2.864023681640625000e+03 2.626820800781250000e+03 2.372032012939453125e+02
2.000142097473144531e+01 2.863539550781250000e+03 2.626534667968750000e+03 2.370050506591796875e+02
2.002183151245117188e+01 2.862489257812500000e+03 2.625650390625000000e+03 2.368392944335937500e+02
2.004223823547363281e+01 2.862088623046875000e+03 2.625365966796875000e+03 2.367224273681640625e+02
2.006264686584472656e+01 2.861692138671875000e+03 2.625082031250000000e+03 2.366105957031250000e+02
2.008305740356445312e+01 2.860748535156250000e+03 2.624202148437500000e+03 2.365462646484375000e+02
2.010346412658691406e+01 2.859685546875000000e+03 2.623324462890625000e+03 2.363613433837890625e+02
2.012387466430664062e+01 2.859268798828125000e+03 2.623042968750000000e+03 2.362258148193359375e+02
2.014428138732910156e+01 2.858185302734375000e+03 2.622168457031250000e+03 2.360167388916015625e+02
2.016469192504882812e+01 2.857103759765625000e+03 2.621294921875000000e+03 2.358087005615234375e+02
2.018509864807128906e+01 2.856053710937500000e+03 2.620423583984375000e+03 2.356302490234375000e+02
2.020550918579101562e+01 2.855697509765625000e+03 2.620146240234375000e+03 2.355510406494140625e+02
2.022591781616210938e+01 2.855294189453125000e+03 2.619869873046875000e+03 2.354244842529296875e+02
2.024632644653320312e+01 2.854905761718750000e+03 2.619593505859375000e+03 2.353124847412109375e+02
2.026673507690429688e+01 2.854487792968750000e+03 2.619318115234375000e+03 2.351701507568359375e+02
2.028714179992675781e+01 2.854671630859375000e+03 2.619633544921875000e+03 2.350375213623046875e+02
2.030755233764648438e+01 2.854307373046875000e+03 2.619358154296875000e+03 2.349493103027343750e+02
2.032795906066894531e+01 2.853827880859375000e+03 2.619083740234375000e+03 2.347445220947265625e+02
2.034836959838867188e+01 2.852743408203125000e+03 2.618221435546875000e+03 2.345225067138671875e+02
2.036877632141113281e+01 2.850907470703125000e+03 2.616773681640625000e+03 2.341335144042968750e+02
2.038918685913085938e+01 2.849168457031250000e+03 2.615328125000000000e+03 2.338398437500000000e+02
2.040959548950195312e+01 2.848744140625000000e+03 2.615059082031250000e+03 2.336847839355468750e+02
2.043000602722167969e+01 2.848253662109375000e+03 2.614790039062500000e+03 2.334640045166015625e+02
2.045041275024414062e+01 2.847187744140625000e+03 2.613936523437500000e+03 2.332510986328125000e+02
2.047082328796386719e+01 2.846686523437500000e+03 2.613669189453125000e+03 2.330174407958984375e+02
2.049123001098632812e+01 2.845607177734375000e+03 2.612818603515625000e+03 2.327898559570312500e+02
2.051163673400878906e+01 2.843350341796875000e+03 2.610802734375000000e+03 2.325474700927734375e+02
2.053204727172851562e+01 2.842787353515625000e+03 2.610539306640625000e+03 2.322483062744140625e+02
2.055245590209960938e+01 2.841596435546875000e+03 2.609694335937500000e+03 2.319017639160156250e+02
2.057286643981933594e+01 2.840440185546875000e+03 2.608850585937500000e+03 2.315894927978515625e+02
2.059327316284179688e+01 2.839211669921875000e+03 2.608009033203125000e+03 2.312025146484375000e+02
2.061368370056152344e+01 2.838128906250000000e+03 2.607168945312500000e+03 2.309602203369140625e+02
2.063409042358398438e+01 2.837288085937500000e+03 2.606330566406250000e+03 2.309575805664062500e+02
2.065450096130371094e+01 2.837123046875000000e+03 2.606073242187500000e+03 2.310495452880859375e+02
2.067490768432617188e+01 2.836316650390625000e+03 2.605237548828125000e+03 2.310791625976562500e+02
2.069531822204589844e+01 2.836078369140625000e+03 2.604981689453125000e+03 2.310964355468750000e+02
2.071572494506835938e+01 2.834686767578125000e+03 2.603571044921875000e+03 2.311160888671875000e+02
2.073613357543945312e+01 2.834316894531250000e+03 2.603317626953125000e+03 2.309992523193359375e+02
2.075654411315917969e+01 2.833384033203125000e+03 2.602487792968750000e+03 2.308966979980468750e+02
2.077695083618164062e+01 2.833117187500000000e+03 2.602235839843750000e+03 2.308819274902343750e+02
2.079736137390136719e+01 2.832205810546875000e+03 2.601408935546875000e+03 2.307963409423828125e+02
2.081776809692382812e+01 2.831226318359375000e+03 2.600583496093750000e+03 2.306430053710937500e+02
2.083817863464355469e+01 2.830253906250000000e+03 2.599759521484375000e+03 2.304940948486328125e+02
2.085858535766601562e+01 2.829339355468750000e+03 2.598937744140625000e+03 2.304016571044921875e+02
2.087899589538574219e+01 2.828482910156250000e+03 2.598116943359375000e+03 2.303661041259765625e+02
2.089940452575683594e+01 2.827575439453125000e+03 2.597297851562500000e+03 2.302784271240234375e+02
2.091981506347656250e+01 2.826658691406250000e+03 2.596480712890625000e+03 2.301785125732421875e+02
2.094022178649902344e+01 2.825505615234375000e+03 2.595664794921875000e+03 2.298407592773437500e+02
2.096063232421875000e+01 2.823666503906250000e+03 2.594279541015625000e+03 2.293873291015625000e+02
2.098103904724121094e+01 2.822408203125000000e+03 2.593467529296875000e+03 2.289408874511718750e+02
2.100144577026367188e+01 2.821393554687500000e+03 2.592657470703125000e+03 2.287370910644531250e+02
2.102185630798339844e+01 2.821166748046875000e+03 2.592417724609375000e+03 2.287499084472656250e+02
2.104226493835449219e+01 2.820498046875000000e+03 2.591610107421875000e+03 2.288881683349609375e+02
2.106267547607421875e+01 2.819705566406250000e+03 2.590803466796875000e+03 2.289019165039062500e+02
2.108308219909667969e+01 2.819454345703125000e+03 2.590566894531250000e+03 2.288869171142578125e+02
2.110349273681640625e+01 2.818437500000000000e+03 2.589762695312500000e+03 2.286749420166015625e+02
2.112389945983886719e+01 2.816837890625000000e+03 2.588394287109375000e+03 2.284438781738281250e+02
2.114430999755859375e+01 2.816376953125000000e+03 2.588160156250000000e+03 2.282165985107421875e+02
2.116471672058105469e+01 2.815268310546875000e+03 2.587361083984375000e+03 2.279074859619140625e+02
2.118512725830078125e+01 2.814614013671875000e+03 2.587128417968750000e+03 2.274853668212890625e+02
2.120553398132324219e+01 2.812696533203125000e+03 2.585767578125000000e+03 2.269289398193359375e+02
2.122594261169433594e+01 2.811689453125000000e+03 2.585536865234375000e+03 2.261523437500000000e+02
2.124635314941406250e+01 2.810087890625000000e+03 2.584743408203125000e+03 2.253439331054687500e+02
2.126675987243652344e+01 2.809553955078125000e+03 2.585077148437500000e+03 2.244764251708984375e+02
2.128717041015625000e+01 2.808592285156250000e+03 2.584847900390625000e+03 2.237445831298828125e+02
2.130757713317871094e+01 2.808496337890625000e+03 2.585180908203125000e+03 2.233159942626953125e+02
2.132798767089843750e+01 2.808795898437500000e+03 2.585513183593750000e+03 2.232829589843750000e+02
2.134839439392089844e+01 2.808518310546875000e+03 2.585284179687500000e+03 2.232343902587890625e+02
2.136880493164062500e+01 2.807740234375000000e+03 2.584495361328125000e+03 2.232444915771484375e+02
2.138921356201171875e+01 2.807096923828125000e+03 2.583708251953125000e+03 2.233881378173828125e+02
2.140962409973144531e+01 2.806481689453125000e+03 2.582922607421875000e+03 2.235592193603515625e+02
2.143003082275390625e+01 2.805913818359375000e+03 2.582138183593750000e+03 2.237755889892578125e+02
2.145043754577636719e+01 2.805031738281250000e+03 2.581355712890625000e+03 2.236760253906250000e+02
2.147084808349609375e+01 2.803170166015625000e+03 2.580016845703125000e+03 2.231529998779296875e+02
2.149125480651855469e+01 2.802943603515625000e+03 2.579794921875000000e+03 2.231491241455078125e+02
2.151166534423828125e+01 2.802677978515625000e+03 2.579016357421875000e+03 2.236614990234375000e+02
2.153207397460937500e+01 2.802407958984375000e+03 2.578239746093750000e+03 2.241685638427734375e+02
2.155248260498046875e+01 2.801448242187500000e+03 2.577464355468750000e+03 2.239835968017578125e+02
2.157289123535156250e+01 2.800480468750000000e+03 2.576690673828125000e+03 2.237891998291015625e+02
2.159330177307128906e+01 2.800193115234375000e+03 2.576472412109375000e+03 2.237207336425781250e+02
2.161370849609375000e+01 2.799239990234375000e+03 2.575700927734375000e+03 2.235386657714843750e+02
2.163411903381347656e+01 2.798274169921875000e+03 2.574930908203125000e+03 2.233434295654296875e+02
2.165452575683593750e+01 2.797291259765625000e+03 2.574162597656250000e+03 2.231286315917968750e+02
2.167493247985839844e+01 2.795782226562500000e+03 2.572843261718750000e+03 2.229391784667968750e+02
2.169534301757812500e+01 2.794866210937500000e+03 2.572077880859375000e+03 2.227884216308593750e+02
2.171575164794921875e+01 2.793465332031250000e+03 2.570763427734375000e+03 2.227018432617187500e+02
2.173616218566894531e+01 2.792633789062500000e+03 2.570001464843750000e+03 2.226322479248046875e+02
2.175656890869140625e+01 2.791654785156250000e+03 2.569241210937500000e+03 2.224134216308593750e+02
2.177697944641113281e+01 2.791810302734375000e+03 2.569581542968750000e+03 2.222285461425781250e+02
2.179738616943359375e+01 2.791397460937500000e+03 2.569372314453125000e+03 2.220243835449218750e+02
2.181779670715332031e+01 2.790540771484375000e+03 2.568614257812500000e+03 2.219268493652343750e+02
2.183820343017578125e+01 2.789658935546875000e+03 2.567858154296875000e+03 2.218006439208984375e+02
2.185861396789550781e+01 2.788874755859375000e+03 2.567103515625000000e+03 2.217711639404296875e+02
2.187902259826660156e+01 2.788165039062500000e+03 2.566350341796875000e+03 2.218151855468750000e+02
2.189942932128906250e+01 2.786550781250000000e+03 2.565052001953125000e+03 2.214993286132812500e+02
2.191983985900878906e+01 2.785403320312500000e+03 2.564301513671875000e+03 2.211021575927734375e+02
2.194024658203125000e+01 2.783218750000000000e+03 2.562462158203125000e+03 2.207570648193359375e+02
2.196065711975097656e+01 2.782220458984375000e+03 2.561715576171875000e+03 2.205053863525390625e+02
2.198106384277343750e+01 2.782418701171875000e+03 2.562060302734375000e+03 2.203582763671875000e+02
2.200147438049316406e+01 2.781678710937500000e+03 2.561315429687500000e+03 2.203639068603515625e+02
2.202188110351562500e+01 2.780942626953125000e+03 2.560572509765625000e+03 2.203706817626953125e+02
2.204229164123535156e+01 2.779999511718750000e+03 2.559830566406250000e+03 2.201685485839843750e+02
2.206270027160644531e+01 2.779014892578125000e+03 2.559090332031250000e+03 2.199246520996093750e+02
2.208311080932617188e+01 2.777696044921875000e+03 2.557809082031250000e+03 2.198864288330078125e+02
2.210351753234863281e+01 2.777051269531250000e+03 2.557072265625000000e+03 2.199790191650390625e+02
2.212392807006835938e+01 2.775783203125000000e+03 2.555795410156250000e+03 2.199875488281250000e+02
2.214433479309082031e+01 2.775062255859375000e+03 2.555061523437500000e+03 2.200010070800781250e+02
2.216474151611328125e+01 2.774165039062500000e+03 2.554329101562500000e+03 2.198364410400390625e+02
2.218515205383300781e+01 2.773443603515625000e+03 2.553597900390625000e+03 2.198453063964843750e+02
2.220556068420410156e+01 2.772787353515625000e+03 2.552868164062500000e+03 2.199191589355468750e+02
2.222597122192382812e+01 2.771537109375000000e+03 2.551600830078125000e+03 2.199363861083984375e+02
2.224637794494628906e+01 2.770696289062500000e+03 2.550874267578125000e+03 2.198213806152343750e+02
2.226678848266601562e+01 2.769776611328125000e+03 2.550148681640625000e+03 2.196278686523437500e+02
2.228719520568847656e+01 2.768760253906250000e+03 2.549425048828125000e+03 2.193353271484375000e+02
2.230760574340820312e+01 2.767525146484375000e+03 2.548702148437500000e+03 2.188232421875000000e+02
2.232801246643066406e+01 2.765970947265625000e+03 2.547980712890625000e+03 2.179902954101562500e+02
2.234842300415039062e+01 2.763946289062500000e+03 2.547260498046875000e+03 2.166858367919921875e+02
2.236883163452148438e+01 2.762077880859375000e+03 2.546007080078125000e+03 2.160710601806640625e+02
2.238923835754394531e+01 2.761381835937500000e+03 2.545824707031250000e+03 2.155567016601562500e+02
2.240964889526367188e+01 2.761696777343750000e+03 2.546176269531250000e+03 2.155211181640625000e+02
2.243005561828613281e+01 2.761199707031250000e+03 2.545460937500000000e+03 2.157393188476562500e+02
2.245046615600585938e+01 2.761294433593750000e+03 2.545812500000000000e+03 2.154816589355468750e+02
2.247087287902832031e+01 2.761132080078125000e+03 2.546163818359375000e+03 2.149674682617187500e+02
2.249128341674804688e+01 2.760318603515625000e+03 2.545449951171875000e+03 2.148684082031250000e+02
2.251169013977050781e+01 2.758921142578125000e+03 2.544205566406250000e+03 2.147151641845703125e+02
2.253210067749023438e+01 2.758314941406250000e+03 2.543494873046875000e+03 2.148201751708984375e+02
2.255250930786132812e+01 2.755796875000000000e+03 2.541193359375000000e+03 2.146034545898437500e+02
2.257291984558105469e+01 2.755285888671875000e+03 2.541016357421875000e+03 2.142700805664062500e+02
2.259332656860351562e+01 2.755888916015625000e+03 2.541900146484375000e+03 2.139890747070312500e+02
2.261373329162597656e+01 2.756563964843750000e+03 2.542252685546875000e+03 2.143108215332031250e+02
2.263414382934570312e+01 2.756030029296875000e+03 2.541546630859375000e+03 2.144839324951171875e+02
2.265455055236816406e+01 2.755186279296875000e+03 2.540842285156250000e+03 2.143439941406250000e+02
2.267496109008789062e+01 2.754935058593750000e+03 2.540666748046875000e+03 2.142682800292968750e+02
2.269536972045898438e+01 2.754155761718750000e+03 2.539964355468750000e+03 2.141914367675781250e+02
2.271578025817871094e+01 2.753655029296875000e+03 2.539262939453125000e+03 2.143920440673828125e+02
2.273618698120117188e+01 2.752156005859375000e+03 2.537510253906250000e+03 2.146463317871093750e+02
2.275659751892089844e+01 2.751645263671875000e+03 2.536812255859375000e+03 2.148338012695312500e+02
2.277700424194335938e+01 2.752510742187500000e+03 2.537692626953125000e+03 2.148186035156250000e+02
2.279741477966308594e+01 2.750750732421875000e+03 2.535945556640625000e+03 2.148049316406250000e+02
2.281782150268554688e+01 2.750863037109375000e+03 2.536300292968750000e+03 2.145635070800781250e+02
2.283823013305664062e+01 2.750354248046875000e+03 2.536130371093750000e+03 2.142233123779296875e+02
2.285863876342773438e+01 2.749190917968750000e+03 2.534913330078125000e+03 2.142781677246093750e+02
2.287904739379882812e+01 2.748149658203125000e+03 2.534221679687500000e+03 2.139281463623046875e+02
2.289945793151855469e+01 2.747658447265625000e+03 2.534053710937500000e+03 2.136051177978515625e+02
2.291986465454101562e+01 2.746398681640625000e+03 2.533364257812500000e+03 2.130345306396484375e+02
2.294027519226074219e+01 2.745709960937500000e+03 2.533197265625000000e+03 2.125126342773437500e+02
2.296068191528320312e+01 2.744170410156250000e+03 2.531988281250000000e+03 2.121822814941406250e+02
2.298109245300292969e+01 2.743422851562500000e+03 2.531302001953125000e+03 2.121208496093750000e+02
2.300149917602539062e+01 2.742921630859375000e+03 2.530617675781250000e+03 2.123033599853515625e+02
2.302190971374511719e+01 2.741763183593750000e+03 2.529933837890625000e+03 2.118287658691406250e+02
2.304231834411621094e+01 2.740895507812500000e+03 2.529251464843750000e+03 2.116441192626953125e+02
2.306272506713867188e+01 2.740189941406250000e+03 2.528570556640625000e+03 2.116195220947265625e+02
2.308313560485839844e+01 2.739810058593750000e+03 2.527890380859375000e+03 2.119196166992187500e+02
2.310354232788085938e+01 2.738491455078125000e+03 2.526693847656250000e+03 2.117967376708984375e+02
2.312395286560058594e+01 2.738084472656250000e+03 2.526016113281250000e+03 2.120682983398437500e+02
2.314435958862304688e+01 2.736284179687500000e+03 2.524823486328125000e+03 2.114605102539062500e+02
2.316477012634277344e+01 2.735154541015625000e+03 2.523632080078125000e+03 2.115216827392578125e+02
2.318517875671386719e+01 2.735015625000000000e+03 2.523475830078125000e+03 2.115397033691406250e+02
2.320558929443359375e+01 2.734331298828125000e+03 2.522803710937500000e+03 2.115276336669921875e+02
2.322599601745605469e+01 2.733667724609375000e+03 2.522133056640625000e+03 2.115344848632812500e+02
2.324640655517578125e+01 2.733070556640625000e+03 2.521463623046875000e+03 2.116069335937500000e+02
2.326681327819824219e+01 2.731837890625000000e+03 2.520280761718750000e+03 2.115569152832031250e+02
2.328722000122070312e+01 2.731092529296875000e+03 2.519614257812500000e+03 2.114779052734375000e+02
2.330763053894042969e+01 2.730396240234375000e+03 2.518948486328125000e+03 2.114474334716796875e+02
2.332803726196289062e+01 2.729125000000000000e+03 2.517771240234375000e+03 2.113537292480468750e+02
2.334844779968261719e+01 2.727900390625000000e+03 2.516595458984375000e+03 2.113050689697265625e+02
2.336885643005371094e+01 2.727114501953125000e+03 2.515934326171875000e+03 2.111806793212890625e+02
2.338926696777343750e+01 2.725635742187500000e+03 2.514762451171875000e+03 2.108730163574218750e+02
2.340967369079589844e+01 2.724598632812500000e+03 2.514104003906250000e+03 2.104946289062500000e+02
2.343008422851562500e+01 2.723765136718750000e+03 2.513446533203125000e+03 2.103185119628906250e+02
2.345049095153808594e+01 2.721941406250000000e+03 2.511769531250000000e+03 2.101724395751953125e+02
2.347090148925781250e+01 2.721235107421875000e+03 2.511115478515625000e+03 2.101203308105468750e+02
2.349130821228027344e+01 2.720468994140625000e+03 2.510462646484375000e+03 2.100062561035156250e+02
2.351171875000000000e+01 2.719345947265625000e+03 2.509301269531250000e+03 2.100445709228515625e+02
2.353212738037109375e+01 2.717734375000000000e+03 2.508142822265625000e+03 2.095912322998046875e+02
2.355253410339355469e+01 2.715939941406250000e+03 2.506985839843750000e+03 2.089540557861328125e+02
2.357294464111328125e+01 2.713681396484375000e+03 2.505830566406250000e+03 2.078509674072265625e+02
2.359335136413574219e+01 2.711858154296875000e+03 2.504677978515625000e+03 2.071802978515625000e+02
2.361376190185546875e+01 2.712656982421875000e+03 2.504540771484375000e+03 2.081166076660156250e+02
2.363416862487792969e+01 2.711483398437500000e+03 2.503390869140625000e+03 2.080924224853515625e+02
2.365457916259765625e+01 2.710331054687500000e+03 2.502748779296875000e+03 2.075827178955078125e+02
2.367498779296875000e+01 2.709579101562500000e+03 2.502614013671875000e+03 2.069649963378906250e+02
2.369539642333984375e+01 2.709572998046875000e+03 2.502984130859375000e+03 2.065880889892578125e+02
2.371580505371093750e+01 2.708284423828125000e+03 2.501334960937500000e+03 2.069502105712890625e+02
2.373621559143066406e+01 2.707502441406250000e+03 2.500697021484375000e+03 2.068053436279296875e+02
2.375662231445312500e+01 2.705335205078125000e+03 2.499052490234375000e+03 2.062822570800781250e+02
2.377702903747558594e+01 2.705811279296875000e+03 2.499424804687500000e+03 2.063853759765625000e+02
2.379743957519531250e+01 2.705518798828125000e+03 2.499292724609375000e+03 2.062253112792968750e+02
2.381784629821777344e+01 2.704734619140625000e+03 2.498659179687500000e+03 2.060752868652343750e+02
2.383825683593750000e+01 2.704144531250000000e+03 2.498026123046875000e+03 2.061183776855468750e+02
2.385866546630859375e+01 2.702891113281250000e+03 2.497394531250000000e+03 2.054968109130859375e+02
2.387907600402832031e+01 2.702324218750000000e+03 2.496763671875000000e+03 2.055609741210937500e+02
2.389948272705078125e+01 2.702783203125000000e+03 2.497636718750000000e+03 2.051460113525390625e+02
2.391989326477050781e+01 2.701524414062500000e+03 2.497006835937500000e+03 2.045176849365234375e+02
2.394029998779296875e+01 2.701262695312500000e+03 2.497378173828125000e+03 2.038849334716796875e+02
2.396071052551269531e+01 2.700870117187500000e+03 2.497748779296875000e+03 2.031204528808593750e+02
2.398111724853515625e+01 2.702414550781250000e+03 2.499615966796875000e+03 2.027992095947265625e+02
2.400152587890625000e+01 2.701689697265625000e+03 2.498986816406250000e+03 2.027034759521484375e+02
2.402193641662597656e+01 2.702003417968750000e+03 2.499354980468750000e+03 2.026489410400390625e+02
2.404234313964843750e+01 2.701192138671875000e+03 2.498727050781250000e+03 2.024652709960937500e+02
2.406275367736816406e+01 2.699921142578125000e+03 2.497602294921875000e+03 2.023184661865234375e+02
2.408316040039062500e+01 2.698958740234375000e+03 2.496480224609375000e+03 2.024792022705078125e+02
2.410357093811035156e+01 2.698651855468750000e+03 2.495855957031250000e+03 2.027967071533203125e+02
2.412397766113281250e+01 2.698420166015625000e+03 2.495233154296875000e+03 2.031869049072265625e+02
2.414438819885253906e+01 2.698073242187500000e+03 2.494610839843750000e+03 2.034624176025390625e+02
2.416479492187500000e+01 2.697624267578125000e+03 2.493990234375000000e+03 2.036349182128906250e+02
