# NTRMN  = 168
# NTRANS = 218
-3.052340745925903320e-01 0.000000000000000000e+00 0.000000000000000000e+00 0.000000000000000000e+00
-2.848252356052398682e-01 0.000000000000000000e+00 0.000000000000000000e+00 0.000000000000000000e+00
-2.644163966178894043e-01 0.000000000000000000e+00 0.000000000000000000e+00 0.000000000000000000e+00
-2.440075576305389404e-01 0.000000000000000000e+00 0.000000000000000000e+00 0.000000000000000000e+00
-2.235987037420272827e-01 0.000000000000000000e+00 0.000000000000000000e+00 0.000000000000000000e+00
-2.031898647546768188e-01 0.000000000000000000e+00 0.000000000000000000e+00 0.000000000000000000e+00
-1.623729914426803589e-01 0.000000000000000000e+00 0.000000000000000000e+00 0.000000000000000000e+00
-1.419641524553298950e-01 0.000000000000000000e+00 0.000000000000000000e+00 0.000000000000000000e+00
-1.215553134679794312e-01 0.000000000000000000e+00 0.000000000000000000e+00 0.000000000000000000e+00
-8.073762804269790649e-02 0.000000000000000000e+00 0.000000000000000000e+00 0.000000000000000000e+00
-6.032959371805191040e-02 0.000000000000000000e+00 0.000000000000000000e+00 0.000000000000000000e+00
-3.992075473070144653e-02 0.000000000000000000e+00 0.000000000000000000e+00 0.000000000000000000e+00
-1.951191015541553497e-02 0.000000000000000000e+00 0.000000000000000000e+00 0.000000000000000000e+00
2.130577340722084045e-02 0.000000000000000000e+00 0.000000000000000000e+00 0.000000000000000000e+00
4.171380400657653809e-02 0.000000000000000000e+00 0.000000000000000000e+00 0.000000000000000000e+00
6.212264671921730042e-02 0.000000000000000000e+00 0.000000000000000000e+00 0.000000000000000000e+00
8.253148943185806274e-02 0.000000000000000000e+00 0.000000000000000000e+00 0.000000000000000000e+00
1.029403284192085266e-01 0.000000000000000000e+00 0.000000000000000000e+00 0.000000000000000000e+00
1.233491748571395874e-01 0.000000000000000000e+00 0.000000000000000000e+00 0.000000000000000000e+00
1.437580138444900513e-01 0.000000000000000000e+00 0.000000000000000000e+00 0.000000000000000000e+00
2.049837261438369751e-01 0.000000000000000000e+00 0.000000000000000000e+00 0.000000000000000000e+00
2.253925800323486328e-01 0.000000000000000000e+00 0.000000000000000000e+00 0.000000000000000000e+00
2.458014190196990967e-01 0.000000000000000000e+00 0.000000000000000000e+00 0.000000000000000000e+00
2.662102580070495605e-01 0.000000000000000000e+00 0.000000000000000000e+00 0.000000000000000000e+00
2.866182923316955566e-01 0.000000000000000000e+00 0.000000000000000000e+00 0.000000000000000000e+00
3.070271313190460205e-01 0.000000000000000000e+00 0.000000000000000000e+00 0.000000000000000000e+00
3.274359703063964844e-01 0.000000000000000000e+00 0.000000000000000000e+00 0.000000000000000000e+00
3.478448092937469482e-01 0.000000000000000000e+00 0.000000000000000000e+00 0.000000000000000000e+00
3.682536482810974121e-01 0.000000000000000000e+00 0.000000000000000000e+00 0.000000000000000000e+00
3.886616826057434082e-01 0.000000000000000000e+00 0.000000000000000000e+00 0.000000000000000000e+00
4.090705215930938721e-01 0.000000000000000000e+00 0.000000000000000000e+00 0.000000000000000000e+00
4.294793605804443359e-01 0.000000000000000000e+00 0.000000000000000000e+00 0.000000000000000000e+00
4.498882293701171875e-01 0.000000000000000000e+00 0.000000000000000000e+00 0.000000000000000000e+00
4.702970683574676514e-01 0.000000000000000000e+00 0.000000000000000000e+00 0.000000000000000000e+00
4.907059073448181152e-01 0.000000000000000000e+00 0.000000000000000000e+00 0.000000000000000000e+00
5.111139416694641113e-01 0.000000000000000000e+00 0.000000000000000000e+00 0.000000000000000000e+00
5.315227508544921875e-01 0.000000000000000000e+00 0.000000000000000000e+00 0.000000000000000000e+00
5.519316196441650391e-01 0.000000000000000000e+00 0.000000000000000000e+00 0.000000000000000000e+00
5.723404884338378906e-01 0.000000000000000000e+00 0.000000000000000000e+00 0.000000000000000000e+00
5.927492976188659668e-01 0.000000000000000000e+00 0.000000000000000000e+00 0.000000000000000000e+00
6.131581664085388184e-01 0.000000000000000000e+00 0.000000000000000000e+00 0.000000000000000000e+00
6.335662007331848145e-01 0.000000000000000000e+00 0.000000000000000000e+00 0.000000000000000000e+00
6.539750099182128906e-01 0.000000000000000000e+00 0.000000000000000000e+00 0.000000000000000000e+00
6.743838787078857422e-01 0.000000000000000000e+00 0.000000000000000000e+00 0.000000000000000000e+00
6.947926878929138184e-01 0.000000000000000000e+00 0.000000000000000000e+00 0.000000000000000000e+00
7.152015566825866699e-01 0.000000000000000000e+00 0.000000000000000000e+00 0.000000000000000000e+00
7.356095910072326660e-01 0.000000000000000000e+00 0.000000000000000000e+00 0.000000000000000000e+00
7.560184001922607422e-01 0.000000000000000000e+00 0.000000000000000000e+00 0.000000000000000000e+00
7.764272689819335938e-01 0.000000000000000000e+00 0.000000000000000000e+00 0.000000000000000000e+00
7.968360781669616699e-01 0.000000000000000000e+00 0.000000000000000000e+00 0.000000000000000000e+00
8.172449469566345215e-01 0.000000000000000000e+00 0.000000000000000000e+00 0.000000000000000000e+00
8.376538157463073730e-01 0.000000000000000000e+00 0.000000000000000000e+00 0.000000000000000000e+00
8.580617904663085938e-01 0.000000000000000000e+00 0.000000000000000000e+00 0.000000000000000000e+00
8.784706592559814453e-01 0.000000000000000000e+00 0.000000000000000000e+00 0.000000000000000000e+00
8.988795280456542969e-01 0.000000000000000000e+00 0.000000000000000000e+00 0.000000000000000000e+00
9.192883372306823730e-01 0.000000000000000000e+00 0.000000000000000000e+00 0.000000000000000000e+00
9.396972060203552246e-01 0.000000000000000000e+00 0.000000000000000000e+00 0.000000000000000000e+00
9.601060152053833008e-01 0.000000000000000000e+00 0.000000000000000000e+00 0.000000000000000000e+00
9.805140495300292969e-01 0.000000000000000000e+00 0.000000000000000000e+00 0.000000000000000000e+00
1.000922918319702148e+00 0.000000000000000000e+00 0.000000000000000000e+00 0.000000000000000000e+00
1.021331787109375000e+00 0.000000000000000000e+00 0.000000000000000000e+00 0.000000000000000000e+00
1.041740536689758301e+00 0.000000000000000000e+00 0.000000000000000000e+00 0.000000000000000000e+00
1.062149405479431152e+00 0.000000000000000000e+00 0.000000000000000000e+00 0.000000000000000000e+00
1.082557439804077148e+00 0.000000000000000000e+00 0.000000000000000000e+00 0.000000000000000000e+00
1.102966308593750000e+00 0.000000000000000000e+00 0.000000000000000000e+00 0.000000000000000000e+00
1.123375177383422852e+00 0.000000000000000000e+00 0.000000000000000000e+00 0.000000000000000000e+00
1.143784046173095703e+00 0.000000000000000000e+00 0.000000000000000000e+00 0.000000000000000000e+00
1.164192795753479004e+00 0.000000000000000000e+00 0.000000000000000000e+00 0.000000000000000000e+00
1.225418567657470703e+00 0.000000000000000000e+00 0.000000000000000000e+00 0.000000000000000000e+00
1.245827436447143555e+00 0.000000000000000000e+00 0.000000000000000000e+00 0.000000000000000000e+00
1.266236186027526855e+00 0.000000000000000000e+00 0.000000000000000000e+00 0.000000000000000000e+00
1.286645054817199707e+00 0.000000000000000000e+00 0.000000000000000000e+00 0.000000000000000000e+00
1.307053923606872559e+00 0.000000000000000000e+00 0.000000000000000000e+00 0.000000000000000000e+00
1.388688445091247559e+00 5.010417175292968750e+01 5.010417175292968750e+01 0.000000000000000000e+00
1.409097313880920410e+00 6.703852844238281250e+01 6.703852844238281250e+01 0.000000000000000000e+00
1.470323085784912109e+00 8.458262634277343750e+01 8.458262634277343750e+01 0.000000000000000000e+00
1.490731835365295410e+00 8.222025299072265625e+01 8.222025299072265625e+01 0.000000000000000000e+00
1.511140704154968262e+00 8.166429138183593750e+01 8.166429138183593750e+01 0.000000000000000000e+00
1.531549572944641113e+00 9.581594848632812500e+01 9.581594848632812500e+01 0.000000000000000000e+00
1.633592963218688965e+00 9.957585144042968750e+01 9.957585144042968750e+01 9.960474471881752834e-07
1.654001832008361816e+00 1.043536529541015625e+02 1.043536529541015625e+02 1.113975372390996199e-06
1.674409866333007812e+00 1.066560440063476562e+02 1.066560440063476562e+02 1.238011350324086379e-06
1.694818615913391113e+00 1.059366989135742188e+02 1.059366989135742188e+02 1.360566329822177067e-06
1.715227484703063965e+00 1.054438171386718750e+02 1.054438171386718750e+02 1.472098347221617587e-06
1.735636353492736816e+00 1.046177215576171875e+02 1.046177215576171875e+02 1.565802335790067445e-06
1.756045222282409668e+00 1.021067657470703125e+02 1.021067657470703125e+02 1.610626782166946214e-06
1.776453256607055664e+00 9.635198974609375000e+01 9.635198974609375000e+01 1.600590053385531064e-06
1.796862125396728516e+00 9.086111450195312500e+01 9.086111450195312500e+01 1.601361532266309951e-06
1.817270874977111816e+00 9.893014526367187500e+01 9.893014526367187500e+01 1.631784357414289843e-06
1.878496646881103516e+00 7.799188232421875000e+01 7.799188232421875000e+01 1.666215894147171639e-06
1.898905515670776367e+00 7.538869476318359375e+01 7.538869476318359375e+01 1.676701231190236285e-06
1.919314265251159668e+00 7.290323638916015625e+01 7.290323638916015625e+01 1.694356114967376925e-06
1.939723134040832520e+00 7.133398437500000000e+01 7.133398437500000000e+01 1.710176434244203847e-06
1.960132002830505371e+00 7.089658355712890625e+01 7.089658355712890625e+01 1.719876649985963013e-06
1.980540871620178223e+00 7.119342041015625000e+01 7.119342041015625000e+01 1.720780119285336696e-06
2.000949621200561523e+00 7.202259063720703125e+01 7.202259063720703125e+01 1.714574295874626841e-06
2.021358489990234375e+00 7.342715454101562500e+01 7.342715454101562500e+01 1.705685917841037735e-06
2.041767358779907227e+00 7.621061706542968750e+01 7.621061706542968750e+01 1.694195816526189446e-06
2.102992296218872070e+00 9.909220123291015625e+01 9.909220123291015625e+01 1.725834067656251136e-06
2.143810033798217773e+00 9.179078674316406250e+01 9.178969573974609375e+01 1.089226221665740013e-03
2.245854139328002930e+00 1.432771301269531250e+02 1.358522186279296875e+02 7.424919605255126953e+00
2.286671876907348633e+00 1.238131027221679688e+02 1.117564010620117188e+02 1.205670166015625000e+01
2.307079076766967773e+00 1.281739349365234375e+02 1.108197555541992188e+02 1.735418128967285156e+01
2.368305683135986328e+00 1.687612304687500000e+02 1.000704498291015625e+02 6.869078063964843750e+01
2.409123182296752930e+00 1.449699249267578125e+02 7.740818023681640625e+01 6.756175231933593750e+01
2.429532051086425781e+00 1.055756225585937500e+02 5.572093200683593750e+01 4.985470581054687500e+01
2.531574726104736328e+00 1.143769073486328125e+02 6.051982498168945312e+01 5.385708618164062500e+01
2.572392463684082031e+00 1.132552261352539062e+02 6.546893310546875000e+01 4.778629684448242188e+01
2.592801332473754883e+00 1.203364944458007812e+02 7.340172576904296875e+01 4.693476486206054688e+01
2.613210201263427734e+00 1.258580627441406250e+02 7.534769439697265625e+01 5.051035690307617188e+01
2.633618831634521484e+00 1.275991134643554688e+02 7.330943298339843750e+01 5.428967285156250000e+01
2.654027700424194336e+00 1.272683181762695312e+02 6.976911926269531250e+01 5.749919128417968750e+01
2.674436569213867188e+00 1.205102539062500000e+02 6.641710662841796875e+01 5.409314727783203125e+01
2.694845438003540039e+00 1.198666610717773438e+02 6.582528686523437500e+01 5.404137039184570312e+01
2.715254306793212891e+00 1.257796325683593750e+02 7.123759460449218750e+01 5.454203414916992188e+01
2.735663175582885742e+00 1.239284133911132812e+02 6.716208648681640625e+01 5.676633453369140625e+01
2.837705612182617188e+00 1.379780883789062500e+02 6.959772491455078125e+01 6.838038635253906250e+01
2.858114480972290039e+00 1.372676544189453125e+02 6.566664123535156250e+01 7.160102081298828125e+01
2.878523349761962891e+00 1.312733764648437500e+02 6.112599945068359375e+01 7.014738464355468750e+01
3.123427867889404297e+00 1.258879165649414062e+02 5.142797851562500000e+01 7.445993804931640625e+01
3.143836736679077148e+00 1.215437927246093750e+02 4.911431503295898438e+01 7.242948913574218750e+01
3.245879411697387695e+00 1.221104278564453125e+02 4.875032424926757812e+01 7.336009216308593750e+01
3.429558992385864258e+00 1.138303222656250000e+02 4.701189422607421875e+01 6.681844329833984375e+01
3.449967861175537109e+00 1.160568389892578125e+02 4.735828781127929688e+01 6.869856262207031250e+01
3.674463510513305664e+00 1.135973205566406250e+02 4.042557907104492188e+01 7.317173767089843750e+01
3.715279340744018555e+00 1.122127914428710938e+02 3.959486007690429688e+01 7.261794281005859375e+01
3.735688209533691406e+00 1.106258468627929688e+02 3.870568084716796875e+01 7.192016601562500000e+01
3.837732553482055664e+00 1.093117599487304688e+02 3.867456054687500000e+01 7.063720703125000000e+01
3.858141422271728516e+00 1.103207168579101562e+02 3.940070724487304688e+01 7.092001342773437500e+01
3.960183858871459961e+00 1.044704589843750000e+02 3.826456451416015625e+01 6.620589447021484375e+01
4.103045940399169922e+00 1.006756668090820312e+02 3.524024963378906250e+01 6.543539428710937500e+01
4.205088615417480469e+00 9.897003173828125000e+01 3.603603363037109375e+01 6.293400955200195312e+01
4.225497245788574219e+00 9.829669189453125000e+01 3.634354019165039062e+01 6.195312500000000000e+01
4.245905876159667969e+00 9.759463500976562500e+01 3.506940460205078125e+01 6.252523040771484375e+01
4.266314983367919922e+00 9.705670928955078125e+01 3.445274734497070312e+01 6.260398483276367188e+01
4.286723613739013672e+00 9.576944732666015625e+01 3.375819396972656250e+01 6.201124572753906250e+01
4.307132720947265625e+00 9.644187164306640625e+01 3.459867858886718750e+01 6.184318923950195312e+01
4.429584026336669922e+00 9.364195251464843750e+01 3.239922714233398438e+01 6.124271011352539062e+01
4.592854976654052734e+00 8.923215484619140625e+01 3.051775360107421875e+01 5.871438598632812500e+01
4.756124019622802734e+00 8.674338531494140625e+01 2.926880455017089844e+01 5.747458267211914062e+01
4.796941757202148438e+00 8.616192626953125000e+01 2.899480056762695312e+01 5.716711807250976562e+01
4.817350387573242188e+00 8.562993621826171875e+01 2.869803619384765625e+01 5.693190383911132812e+01
4.837759494781494141e+00 1.180185775756835938e+02 6.170645523071289062e+01 5.631212234497070312e+01
4.858166694641113281e+00 8.480469512939453125e+01 2.781633758544921875e+01 5.698835372924804688e+01
4.898984432220458984e+00 8.371290588378906250e+01 2.724251747131347656e+01 5.647037887573242188e+01
4.919393062591552734e+00 8.315116882324218750e+01 2.710516548156738281e+01 5.604600906372070312e+01
4.939801692962646484e+00 8.280902099609375000e+01 2.699318122863769531e+01 5.581583404541015625e+01
4.960210800170898438e+00 8.288509368896484375e+01 2.707516670227050781e+01 5.580993652343750000e+01
4.980619430541992188e+00 8.234557342529296875e+01 2.706035041809082031e+01 5.528522109985351562e+01
5.001028537750244141e+00 8.101493835449218750e+01 2.692598533630371094e+01 5.408894348144531250e+01
5.021437168121337891e+00 8.080331420898437500e+01 2.681654930114746094e+01 5.398675918579101562e+01
5.041846275329589844e+00 8.079795074462890625e+01 2.682670021057128906e+01 5.397125244140625000e+01
5.103071212768554688e+00 7.968386840820312500e+01 2.666903305053710938e+01 5.301483535766601562e+01
5.123479843139648438e+00 7.986178588867187500e+01 2.705340576171875000e+01 5.280839538574218750e+01
5.143888473510742188e+00 7.990640258789062500e+01 2.706241798400878906e+01 5.284399795532226562e+01
5.164297580718994141e+00 7.972553253173828125e+01 2.741901779174804688e+01 5.230651092529296875e+01
5.184706211090087891e+00 7.932608795166015625e+01 2.758812141418457031e+01 5.173796844482421875e+01
5.205115318298339844e+00 7.910677337646484375e+01 2.759493064880371094e+01 5.151181411743164062e+01
5.307159423828125000e+00 7.719947814941406250e+01 2.618475341796875000e+01 5.101471710205078125e+01
5.409202098846435547e+00 7.513588714599609375e+01 2.529248046875000000e+01 4.984341812133789062e+01
5.429610729217529297e+00 7.425944519042968750e+01 2.458015251159667969e+01 4.967929458618164062e+01
5.470428466796875000e+00 7.323320770263671875e+01 2.400289916992187500e+01 4.923030853271484375e+01
5.490837574005126953e+00 7.310588836669921875e+01 2.369569015502929688e+01 4.941017913818359375e+01
5.511246204376220703e+00 7.321949005126953125e+01 2.367309761047363281e+01 4.954638290405273438e+01
5.613288879394531250e+00 7.224553680419921875e+01 2.328539848327636719e+01 4.896015167236328125e+01
5.633697509765625000e+00 7.173931884765625000e+01 2.296733093261718750e+01 4.877199172973632812e+01
5.654106616973876953e+00 7.140431213378906250e+01 2.301144981384277344e+01 4.839286041259765625e+01
5.694924354553222656e+00 7.078529357910156250e+01 2.320382118225097656e+01 4.758146667480468750e+01
5.715332984924316406e+00 7.003965759277343750e+01 2.301625061035156250e+01 4.702341842651367188e+01
5.735742092132568359e+00 6.983977508544921875e+01 2.310130119323730469e+01 4.673844909667968750e+01
5.776557922363281250e+00 6.870819091796875000e+01 2.281374549865722656e+01 4.589447021484375000e+01
5.796966552734375000e+00 6.846718597412109375e+01 2.289861106872558594e+01 4.556857681274414062e+01
5.817375659942626953e+00 6.775864410400390625e+01 2.238619041442871094e+01 4.537244796752929688e+01
5.837784290313720703e+00 6.722171020507812500e+01 2.275900840759277344e+01 4.446271514892578125e+01
5.919419765472412109e+00 6.617481231689453125e+01 2.216204452514648438e+01 4.401275253295898438e+01
5.939828872680664062e+00 6.615618896484375000e+01 2.206574630737304688e+01 4.409045791625976562e+01
5.960237503051757812e+00 6.565059661865234375e+01 2.209060096740722656e+01 4.355999374389648438e+01
5.980646133422851562e+00 7.245121002197265625e+01 2.936029434204101562e+01 4.309090042114257812e+01
6.001055240631103516e+00 6.463330841064453125e+01 2.150153923034667969e+01 4.313177108764648438e+01
6.021462440490722656e+00 6.451354217529296875e+01 2.128952026367187500e+01 4.322401809692382812e+01
6.041871070861816406e+00 6.393973541259765625e+01 2.115817451477050781e+01 4.278155517578125000e+01
6.103097915649414062e+00 6.342343521118164062e+01 2.025948524475097656e+01 4.316394805908203125e+01
6.123506546020507812e+00 6.365181350708007812e+01 2.046561813354492188e+01 4.318619537353515625e+01
6.143915653228759766e+00 6.323017883300781250e+01 2.028074455261230469e+01 4.294943618774414062e+01
6.164324283599853516e+00 6.232044219970703125e+01 1.974757957458496094e+01 4.257286071777343750e+01
6.266366958618164062e+00 6.163625717163085938e+01 1.901532936096191406e+01 4.262092590332031250e+01
6.327593326568603516e+00 6.134335708618164062e+01 1.882755088806152344e+01 4.251580429077148438e+01
6.348002433776855469e+00 6.102516937255859375e+01 1.862560272216796875e+01 4.239957046508789062e+01
6.409228801727294922e+00 6.048344421386718750e+01 1.867551803588867188e+01 4.180792236328125000e+01
6.450046539306640625e+00 5.969855880737304688e+01 1.872434806823730469e+01 4.097420883178710938e+01
6.470455169677734375e+00 5.964641952514648438e+01 1.870228576660156250e+01 4.094413375854492188e+01
6.490862369537353516e+00 9.391000366210937500e+01 5.312748718261718750e+01 4.078249359130859375e+01
6.511271476745605469e+00 5.937831115722656250e+01 1.898947334289550781e+01 4.038883590698242188e+01
6.531680107116699219e+00 5.882909393310546875e+01 1.865525817871093750e+01 4.017383575439453125e+01
6.592906951904296875e+00 5.784368515014648438e+01 1.873618507385253906e+01 3.910749816894531250e+01
6.613315582275390625e+00 5.962020111083984375e+01 1.994530868530273438e+01 3.967488861083984375e+01
6.756175994873046875e+00 5.846561431884765625e+01 1.977159118652343750e+01 3.869401550292968750e+01
6.776584625244140625e+00 5.566316223144531250e+01 1.868758773803710938e+01 3.697557830810546875e+01
6.796993732452392578e+00 2.218539062500000000e+03 2.181890136718750000e+03 3.664906692504882812e+01
6.817402362823486328e+00 5.484828186035156250e+01 1.825966453552246094e+01 3.658861923217773438e+01
6.837811470031738281e+00 5.458590316772460938e+01 1.808263206481933594e+01 3.650326919555664062e+01
6.858220100402832031e+00 5.607951736450195312e+01 1.963448524475097656e+01 3.644502639770507812e+01
6.878628730773925781e+00 5.418916320800781250e+01 1.781871795654296875e+01 3.637043762207031250e+01
6.919446468353271484e+00 5.364743423461914062e+01 1.767901039123535156e+01 3.596842575073242188e+01
6.939853668212890625e+00 5.355955123901367188e+01 1.769601440429687500e+01 3.586353683471679688e+01
6.960262775421142578e+00 9.847070922851562500e+02 9.491026000976562500e+02 3.560442352294921875e+01
6.980671405792236328e+00 4.437736511230468750e+02 4.082635498046875000e+02 3.551018524169921875e+01
7.001080513000488281e+00 5.292686843872070312e+01 1.748996734619140625e+01 3.543689727783203125e+01
7.021489143371582031e+00 5.268217086791992188e+01 1.749027061462402344e+01 3.519189834594726562e+01
7.041898250579833984e+00 5.230647277832031250e+01 1.695514678955078125e+01 3.535132217407226562e+01
7.062306880950927734e+00 5.213823318481445312e+01 1.687055969238281250e+01 3.526766586303710938e+01
7.082715511322021484e+00 5.282398071289062500e+02 4.933017578125000000e+02 3.493814468383789062e+01
7.103124618530273438e+00 5.159802246093750000e+01 1.666744995117187500e+01 3.493056488037109375e+01
7.123533248901367188e+00 5.134406661987304688e+01 1.649703788757324219e+01 3.484703445434570312e+01
7.143942356109619141e+00 5.115033721923828125e+01 1.639964485168457031e+01 3.475069427490234375e+01
7.164350986480712891e+00 5.093850326538085938e+01 1.621759986877441406e+01 3.472089767456054688e+01
7.184758186340332031e+00 5.058344268798828125e+01 1.606324768066406250e+01 3.452019119262695312e+01
7.205167293548583984e+00 5.035042190551757812e+01 1.593966960906982422e+01 3.441075515747070312e+01
7.225575923919677734e+00 5.120364379882812500e+01 1.689686393737792969e+01 3.430677413940429688e+01
7.245985031127929688e+00 4.974974822998046875e+01 1.561531162261962891e+01 3.413444519042968750e+01
7.307211399078369141e+00 4.937101745605468750e+01 1.529773426055908203e+01 3.407328033447265625e+01
7.327620029449462891e+00 4.997704315185546875e+01 1.594609260559082031e+01 3.403096008300781250e+01
7.348029136657714844e+00 4.874508285522460938e+01 1.486253261566162109e+01 3.388255691528320312e+01
7.368437767028808594e+00 4.862966918945312500e+01 1.483598613739013672e+01 3.379369354248046875e+01
7.388846874237060547e+00 4.840413665771484375e+01 1.473507022857666016e+01 3.366905975341796875e+01
7.409254074096679688e+00 4.811468887329101562e+01 1.460563278198242188e+01 3.350904846191406250e+01
7.429662704467773438e+00 4.767804718017578125e+01 1.441246223449707031e+01 3.326558685302734375e+01
7.450071811676025391e+00 2.278984222412109375e+02 1.947244873046875000e+02 3.317393493652343750e+01
7.470480442047119141e+00 4.727813339233398438e+01 1.427603530883789062e+01 3.300209426879882812e+01
7.490889549255371094e+00 4.705585479736328125e+01 1.419719219207763672e+01 3.285867309570312500e+01
7.511298179626464844e+00 4.690155792236328125e+01 1.417614650726318359e+01 3.272541046142578125e+01
7.531706809997558594e+00 4.664433670043945312e+01 1.402648735046386719e+01 3.261783218383789062e+01
7.552115917205810547e+00 4.636477661132812500e+01 1.390141105651855469e+01 3.246336364746093750e+01
7.572524547576904297e+00 4.627663803100585938e+01 1.391768646240234375e+01 3.235894393920898438e+01
7.592933654785156250e+00 4.630966567993164062e+01 1.388815975189208984e+01 3.242150878906250000e+01
7.613342285156250000e+00 4.587534332275390625e+01 1.381477069854736328e+01 3.206057739257812500e+01
7.633749485015869141e+00 4.564823532104492188e+01 1.372452831268310547e+01 3.192369842529296875e+01
7.654158592224121094e+00 4.550207901000976562e+01 1.373171997070312500e+01 3.177036094665527344e+01
7.674567222595214844e+00 4.538293075561523438e+01 1.371391868591308594e+01 3.166900444030761719e+01
7.694976329803466797e+00 4.521232604980468750e+01 1.366976928710937500e+01 3.154255104064941406e+01
7.715384960174560547e+00 4.507590484619140625e+01 1.369721603393554688e+01 3.137869071960449219e+01
7.776611328125000000e+00 4.493226623535156250e+01 1.352165222167968750e+01 3.141061210632324219e+01
7.797020435333251953e+00 4.485834503173828125e+01 1.352003192901611328e+01 3.133830642700195312e+01
7.817429065704345703e+00 1.254784698486328125e+02 9.451716613769531250e+01 3.096128654479980469e+01
7.837838172912597656e+00 7.731240844726562500e+01 4.657812118530273438e+01 3.073429489135742188e+01
7.858246803283691406e+00 4.940667724609375000e+02 4.635052490234375000e+02 3.056148529052734375e+01
7.878654003143310547e+00 4.419163513183593750e+01 1.348477363586425781e+01 3.070686340332031250e+01
7.899063110351562500e+00 4.396432113647460938e+01 1.339386653900146484e+01 3.057046318054199219e+01
7.960289478302001953e+00 4.376252746582031250e+01 1.331189823150634766e+01 3.045063400268554688e+01
7.980698108673095703e+00 4.360708618164062500e+01 1.328685569763183594e+01 3.032023811340332031e+01
8.001107215881347656e+00 4.337363815307617188e+01 1.316021347045898438e+01 3.021342277526855469e+01
8.021515846252441406e+00 4.332910537719726562e+01 1.309986972808837891e+01 3.022923660278320312e+01
8.164376258850097656e+00 4.256187820434570312e+01 1.279587936401367188e+01 2.976599121093750000e+01
8.205193519592285156e+00 4.228470230102539062e+01 1.256008815765380859e+01 2.972461891174316406e+01
8.225603103637695312e+00 9.126917266845703125e+01 6.213531875610351562e+01 2.913385772705078125e+01
8.266420364379882812e+00 4.181841278076171875e+01 1.235411930084228516e+01 2.946428871154785156e+01
8.286828994750976562e+00 4.171495437622070312e+01 1.228758239746093750e+01 2.942736816406250000e+01
8.388872146606445312e+00 4.109101104736328125e+01 1.199971294403076172e+01 2.909129333496093750e+01
8.409280776977539062e+00 4.092250061035156250e+01 1.196347332000732422e+01 2.895902061462402344e+01
8.429689407348632812e+00 4.078195571899414062e+01 1.192315006256103516e+01 2.885879707336425781e+01
8.450098037719726562e+00 4.055870056152343750e+01 1.173003768920898438e+01 2.882867050170898438e+01
8.470507621765136719e+00 4.046033477783203125e+01 1.169753646850585938e+01 2.876279640197753906e+01
8.490916252136230469e+00 4.029859542846679688e+01 1.171312046051025391e+01 2.858548355102539062e+01
8.511324882507324219e+00 4.030100631713867188e+01 1.175113105773925781e+01 2.854987716674804688e+01
8.531733512878417969e+00 4.011840057373046875e+01 1.166129112243652344e+01 2.845710563659667969e+01
8.552143096923828125e+00 1.087338333129882812e+02 8.049090576171875000e+01 2.824291419982910156e+01
8.572549819946289062e+00 3.985100555419921875e+01 1.160716533660888672e+01 2.824385643005371094e+01
8.592958450317382812e+00 3.974096679687500000e+01 1.161302852630615234e+01 2.812794113159179688e+01
8.613367080688476562e+00 3.962673187255859375e+01 1.156744670867919922e+01 2.805928611755371094e+01
8.695002555847167969e+00 3.962806701660156250e+01 1.162954139709472656e+01 2.799852180480957031e+01
8.756229400634765625e+00 3.911763381958007812e+01 1.151541519165039062e+01 2.760222434997558594e+01
8.797045707702636719e+00 3.902226638793945312e+01 1.155451011657714844e+01 2.746775627136230469e+01
8.817454338073730469e+00 2.615240173339843750e+02 2.345734863281250000e+02 2.695056343078613281e+01
8.858271598815917969e+00 6.645217132568359375e+01 3.953699874877929688e+01 2.691517448425292969e+01
8.878681182861328125e+00 3.837702178955078125e+01 1.152511596679687500e+01 2.685189819335937500e+01
9.021542549133300781e+00 3.751810073852539062e+01 1.145405673980712891e+01 2.606404113769531250e+01
9.041950225830078125e+00 3.740741729736328125e+01 1.148777484893798828e+01 2.591965103149414062e+01
9.062358856201171875e+00 3.735851669311523438e+01 1.148435783386230469e+01 2.587415504455566406e+01
9.082767486572265625e+00 3.719116210937500000e+01 1.141374683380126953e+01 2.577741622924804688e+01
9.103176116943359375e+00 3.714226531982421875e+01 1.144206809997558594e+01 2.570019721984863281e+01
9.143994331359863281e+00 3.700622177124023438e+01 1.151142120361328125e+01 2.549480056762695312e+01
9.266445159912109375e+00 3.872262573242187500e+01 1.369213294982910156e+01 2.503050422668457031e+01
9.286854743957519531e+00 3.622814559936523438e+01 1.132660675048828125e+01 2.490153121948242188e+01
9.307263374328613281e+00 3.630685806274414062e+01 1.139565181732177734e+01 2.491120719909667969e+01
9.327672004699707031e+00 3.643560028076171875e+01 1.173515510559082031e+01 2.470045089721679688e+01
9.348080635070800781e+00 3.595673370361328125e+01 1.131644344329833984e+01 2.464029502868652344e+01
9.368490219116210938e+00 3.591200637817382812e+01 1.136078262329101562e+01 2.455121231079101562e+01
9.388898849487304688e+00 3.581462097167968750e+01 1.135393619537353516e+01 2.446067619323730469e+01
9.409307479858398438e+00 3.566934585571289062e+01 1.130513858795166016e+01 2.436419677734375000e+01
9.429716110229492188e+00 3.553053283691406250e+01 1.133398437500000000e+01 2.419654846191406250e+01
9.450124740600585938e+00 3.542140960693359375e+01 1.131837272644042969e+01 2.410304260253906250e+01
9.470534324645996094e+00 3.527083206176757812e+01 1.130282878875732422e+01 2.396799850463867188e+01
9.490941047668457031e+00 3.517753219604492188e+01 1.129366016387939453e+01 2.388387298583984375e+01
9.511349678039550781e+00 3.505120468139648438e+01 1.125055027008056641e+01 2.380064964294433594e+01
9.531759262084960938e+00 3.497475433349609375e+01 1.125283241271972656e+01 2.372193145751953125e+01
9.552167892456054688e+00 3.488228225708007812e+01 1.122377777099609375e+01 2.365850067138671875e+01
9.572576522827148438e+00 3.477172851562500000e+01 1.121485328674316406e+01 2.355686950683593750e+01
9.592985153198242188e+00 3.466985702514648438e+01 1.120347118377685547e+01 2.346638298034667969e+01
9.613394737243652344e+00 3.457998657226562500e+01 1.119089126586914062e+01 2.338908576965332031e+01
9.633803367614746094e+00 3.446477508544921875e+01 1.116967010498046875e+01 2.329511070251464844e+01
9.654211997985839844e+00 3.436128997802734375e+01 1.115225696563720703e+01 2.320902061462402344e+01
9.674620628356933594e+00 3.425752258300781250e+01 1.112378120422363281e+01 2.313374519348144531e+01
9.695029258728027344e+00 3.415397644042968750e+01 1.110653877258300781e+01 2.304743194580078125e+01
9.715438842773437500e+00 3.401619338989257812e+01 1.105363845825195312e+01 2.296255493164062500e+01
9.735845565795898438e+00 3.391030502319335938e+01 1.102432250976562500e+01 2.288599586486816406e+01
9.756254196166992188e+00 3.378737258911132812e+01 1.098899269104003906e+01 2.279837799072265625e+01
9.776663780212402344e+00 3.367347335815429688e+01 1.095013713836669922e+01 2.272333335876464844e+01
9.797072410583496094e+00 3.357868957519531250e+01 1.092610359191894531e+01 2.265258789062500000e+01
9.817481040954589844e+00 3.345570755004882812e+01 1.089485549926757812e+01 2.256085395812988281e+01
9.837889671325683594e+00 3.334482192993164062e+01 1.084427070617675781e+01 2.250055313110351562e+01
9.858299255371093750e+00 3.325987625122070312e+01 1.084003353118896484e+01 2.241984367370605469e+01
9.878707885742187500e+00 3.309530258178710938e+01 1.076069068908691406e+01 2.233460807800292969e+01
9.899116516113281250e+00 3.298666000366210938e+01 1.072036838531494141e+01 2.226628112792968750e+01
9.919525146484375000e+00 3.287409591674804688e+01 1.068262386322021484e+01 2.219147682189941406e+01
9.939933776855468750e+00 3.277565002441406250e+01 1.064021968841552734e+01 2.213543319702148438e+01
9.960341453552246094e+00 3.264599990844726562e+01 1.057996463775634766e+01 2.206603622436523438e+01
9.980750083923339844e+00 3.250503921508789062e+01 1.053794384002685547e+01 2.196709060668945312e+01
1.000115871429443359e+01 3.243228149414062500e+01 1.049010944366455078e+01 2.194217300415039062e+01
1.002156829833984375e+01 3.230311203002929688e+01 1.043649768829345703e+01 2.186661338806152344e+01
1.004197692871093750e+01 3.218694686889648438e+01 1.037714385986328125e+01 2.180979728698730469e+01
1.006238555908203125e+01 3.207619094848632812e+01 1.031922149658203125e+01 2.175696754455566406e+01
1.008279418945312500e+01 3.195448493957519531e+01 1.027459144592285156e+01 2.167989540100097656e+01
1.012361240386962891e+01 3.204349517822265625e+01 1.018705272674560547e+01 2.185644149780273438e+01
1.014402103424072266e+01 3.200680541992187500e+01 1.013941860198974609e+01 2.186738777160644531e+01
1.016442966461181641e+01 3.199827575683593750e+01 1.011081695556640625e+01 2.188745880126953125e+01
1.018483734130859375e+01 3.173063850402832031e+01 1.007057952880859375e+01 2.166005897521972656e+01
1.020524597167968750e+01 3.143599319458007812e+01 9.927287101745605469e+00 2.150870704650878906e+01
1.022565460205078125e+01 1.822307586669921875e+02 1.607155151367187500e+02 2.151523780822753906e+01
1.024606323242187500e+01 3.124795532226562500e+01 9.845684051513671875e+00 2.140227127075195312e+01
1.026647281646728516e+01 3.106896781921386719e+01 9.785305976867675781e+00 2.128366661071777344e+01
1.028688144683837891e+01 3.093943023681640625e+01 9.728656768798828125e+00 2.121077537536621094e+01
1.030729007720947266e+01 3.086690521240234375e+01 9.685008049011230469e+00 2.118189811706542969e+01
1.032769870758056641e+01 3.079744338989257812e+01 9.635735511779785156e+00 2.116170883178710938e+01
1.034810733795166016e+01 3.075821495056152344e+01 9.592440605163574219e+00 2.116577529907226562e+01
1.036851692199707031e+01 3.052870368957519531e+01 9.518148422241210938e+00 2.101055717468261719e+01
1.038892555236816406e+01 3.043481826782226562e+01 9.475254058837890625e+00 2.095956420898437500e+01
1.040933418273925781e+01 3.033796882629394531e+01 9.426779747009277344e+00 2.091119003295898438e+01
1.042974185943603516e+01 3.023210525512695312e+01 9.371610641479492188e+00 2.086049652099609375e+01
1.045015048980712891e+01 3.014634323120117188e+01 9.333836555480957031e+00 2.081250762939453125e+01
1.047055912017822266e+01 3.006673240661621094e+01 9.298496246337890625e+00 2.076823234558105469e+01
1.049096775054931641e+01 3.012657928466796875e+01 9.318058013916015625e+00 2.080852127075195312e+01
1.051137733459472656e+01 2.988426780700683594e+01 9.221393585205078125e+00 2.066287422180175781e+01
1.053178596496582031e+01 2.981932067871093750e+01 9.197841644287109375e+00 2.062147903442382812e+01
1.055219459533691406e+01 2.972101593017578125e+01 9.151694297790527344e+00 2.056932449340820312e+01
1.057260322570800781e+01 2.963321876525878906e+01 9.111386299133300781e+00 2.052183341979980469e+01
1.059301185607910156e+01 2.954337120056152344e+01 9.068972587585449219e+00 2.047439765930175781e+01
1.061342144012451172e+01 2.944528961181640625e+01 9.031233787536621094e+00 2.041405296325683594e+01
1.063383007049560547e+01 2.936873817443847656e+01 9.001519203186035156e+00 2.036721611022949219e+01
1.065423679351806641e+01 2.929604911804199219e+01 8.976412773132324219e+00 2.031963157653808594e+01
1.067464637756347656e+01 2.922652626037597656e+01 8.959250450134277344e+00 2.026727485656738281e+01
1.069505500793457031e+01 2.914168167114257812e+01 8.924248695373535156e+00 2.021743011474609375e+01
1.071546363830566406e+01 2.905085563659667969e+01 8.893846511840820312e+00 2.015700721740722656e+01
1.073587226867675781e+01 2.897922706604003906e+01 8.868019104003906250e+00 2.011120414733886719e+01
1.075628089904785156e+01 2.890154075622558594e+01 8.834501266479492188e+00 2.006703758239746094e+01
1.077669048309326172e+01 2.883696556091308594e+01 8.816659927368164062e+00 2.002030372619628906e+01
1.079709911346435547e+01 2.875499725341796875e+01 8.788908958435058594e+00 1.996609115600585938e+01
1.081750774383544922e+01 2.869500160217285156e+01 8.764581680297851562e+00 1.993041992187500000e+01
1.083791637420654297e+01 2.865283584594726562e+01 8.742554664611816406e+00 1.991028213500976562e+01
1.085832595825195312e+01 2.855355262756347656e+01 8.707383155822753906e+00 1.984617042541503906e+01
1.087873268127441406e+01 2.847243309020996094e+01 8.688848495483398438e+00 1.978358459472656250e+01
1.089914131164550781e+01 2.843242835998535156e+01 8.672578811645507812e+00 1.975985336303710938e+01
1.091955089569091797e+01 2.837731933593750000e+01 8.654177665710449219e+00 1.972314262390136719e+01
1.093995952606201172e+01 2.831242942810058594e+01 8.631467819213867188e+00 1.968095970153808594e+01
1.096036815643310547e+01 2.825388526916503906e+01 8.611027717590332031e+00 1.964285850524902344e+01
1.098077678680419922e+01 2.823126602172851562e+01 8.609193801879882812e+00 1.962207412719726562e+01
1.100118541717529297e+01 2.816072082519531250e+01 8.584518432617187500e+00 1.957620429992675781e+01
1.102159500122070312e+01 2.809275627136230469e+01 8.551245689392089844e+00 1.954150581359863281e+01
1.104200363159179688e+01 2.805453491210937500e+01 8.544112205505371094e+00 1.951042175292968750e+01
1.106241226196289062e+01 2.797570037841796875e+01 8.514284133911132812e+00 1.946141624450683594e+01
1.108282089233398438e+01 2.795114326477050781e+01 8.499684333801269531e+00 1.945145988464355469e+01
1.110323047637939453e+01 2.791024589538574219e+01 8.496996879577636719e+00 1.941324806213378906e+01
1.112363719940185547e+01 2.787620544433593750e+01 8.465269088745117188e+00 1.941093826293945312e+01
1.114404582977294922e+01 2.780344390869140625e+01 8.442246437072753906e+00 1.936119842529296875e+01
1.116445541381835938e+01 2.777242660522460938e+01 8.425742149353027344e+00 1.934668350219726562e+01
1.118486404418945312e+01 2.771892738342285156e+01 8.406087875366210938e+00 1.931283950805664062e+01
1.120527267456054688e+01 2.767714309692382812e+01 8.386504173278808594e+00 1.929063796997070312e+01
1.122568130493164062e+01 2.763840675354003906e+01 8.371256828308105469e+00 1.926715087890625000e+01
1.124608993530273438e+01 2.758313751220703125e+01 8.347550392150878906e+00 1.923558425903320312e+01
1.126649951934814453e+01 2.753631591796875000e+01 8.327117919921875000e+00 1.920919799804687500e+01
1.128690814971923828e+01 2.747664260864257812e+01 8.300395011901855469e+00 1.917624855041503906e+01
1.130731678009033203e+01 2.744551849365234375e+01 8.282238006591796875e+00 1.916328430175781250e+01
1.142976856231689453e+01 3.292530059814453125e+01 1.377104091644287109e+01 1.915426063537597656e+01
1.145017719268798828e+01 2.721241760253906250e+01 8.096319198608398438e+00 1.911609649658203125e+01
1.147058582305908203e+01 2.727490806579589844e+01 8.087131500244140625e+00 1.918777656555175781e+01
1.155222129821777344e+01 2.702261161804199219e+01 7.873527050018310547e+00 1.914908409118652344e+01
1.161344623565673828e+01 2.682590866088867188e+01 7.748535633087158203e+00 1.907737350463867188e+01
1.163385486602783203e+01 2.735462188720703125e+01 8.328592300415039062e+00 1.902603149414062500e+01
1.165426349639892578e+01 2.669705390930175781e+01 7.712153434753417969e+00 1.898490142822265625e+01
1.169508171081542969e+01 2.662932777404785156e+01 7.666814327239990234e+00 1.896251296997070312e+01
1.183794212341308594e+01 2.478673583984375000e+03 2.460052246093750000e+03 1.862121200561523438e+01
1.185835075378417969e+01 3.048383903503417969e+01 1.174916744232177734e+01 1.873466491699218750e+01
1.187875938415527344e+01 2.637377738952636719e+01 7.632906913757324219e+00 1.874086952209472656e+01
1.196039485931396484e+01 1.481998242187500000e+04 1.480133984375000000e+04 1.864345550537109375e+01
1.198080348968505859e+01 2.595877265930175781e+01 7.312135696411132812e+00 1.864664077758789062e+01
1.200121307373046875e+01 2.598670578002929688e+01 7.325631141662597656e+00 1.866107559204101562e+01
1.202162170410156250e+01 2.580073738098144531e+01 7.322156429290771484e+00 1.847858238220214844e+01
1.204202842712402344e+01 2.580835533142089844e+01 7.389266014099121094e+00 1.841909027099609375e+01
1.206243801116943359e+01 2.558967781066894531e+01 7.309287548065185547e+00 1.828038787841796875e+01
1.208284664154052734e+01 2.553979492187500000e+01 7.295951366424560547e+00 1.824384498596191406e+01
1.210325527191162109e+01 2.548851013183593750e+01 7.294527530670166016e+00 1.819398307800292969e+01
1.214407253265380859e+01 2.549971008300781250e+01 7.294650077819824219e+00 1.820506286621093750e+01
1.216448211669921875e+01 2.544104766845703125e+01 7.272571563720703125e+00 1.816847991943359375e+01
1.220529937744140625e+01 2.536958694458007812e+01 7.260017871856689453e+00 1.810956764221191406e+01
1.226652622222900391e+01 2.518533134460449219e+01 7.217926025390625000e+00 1.796740722656250000e+01
1.228693294525146484e+01 2.533656501770019531e+01 7.430971622467041016e+00 1.790559768676757812e+01
1.232775115966796875e+01 2.506728744506835938e+01 7.203439235687255859e+00 1.786384582519531250e+01
1.234815979003906250e+01 2.495919609069824219e+01 7.145006179809570312e+00 1.781419181823730469e+01
1.236856842041015625e+01 2.496700286865234375e+01 7.186441421508789062e+00 1.778055763244628906e+01
1.238897705078125000e+01 2.491376686096191406e+01 7.174602985382080078e+00 1.773916435241699219e+01
1.240938663482666016e+01 2.486075973510742188e+01 7.174378395080566406e+00 1.768638420104980469e+01
1.247061252593994141e+01 2.471624755859375000e+01 7.068127632141113281e+00 1.764811706542968750e+01
1.253183746337890625e+01 2.469250106811523438e+01 7.097589969635009766e+00 1.759491157531738281e+01
1.255224609375000000e+01 2.467944526672363281e+01 7.120378971099853516e+00 1.755906867980957031e+01
1.257265567779541016e+01 2.458174133300781250e+01 7.126908779144287109e+00 1.745483589172363281e+01
1.261347293853759766e+01 2.493024253845214844e+01 7.623871326446533203e+00 1.730636978149414062e+01
1.271551704406738281e+01 2.437380790710449219e+01 7.071311473846435547e+00 1.730249595642089844e+01
1.273592472076416016e+01 2.422157287597656250e+01 7.026146411895751953e+00 1.719542312622070312e+01
1.277674198150634766e+01 2.417257690429687500e+01 7.031805515289306641e+00 1.714077377319335938e+01
1.283796882629394531e+01 2.407216262817382812e+01 7.036495685577392578e+00 1.703566551208496094e+01
1.285837745666503906e+01 3.275086975097656250e+01 1.578767108917236328e+01 1.696319580078125000e+01
1.289919567108154297e+01 2.400692749023437500e+01 7.003097057342529297e+00 1.700382995605468750e+01
1.291960430145263672e+01 2.396045494079589844e+01 6.990181922912597656e+00 1.697027397155761719e+01
1.298082923889160156e+01 2.390603637695312500e+01 7.004238605499267578e+00 1.690179634094238281e+01
1.300123786926269531e+01 2.384701347351074219e+01 7.019942283630371094e+00 1.682707023620605469e+01
1.310328197479248047e+01 2.370361328125000000e+01 7.006380081176757812e+00 1.669723510742187500e+01
1.312369060516357422e+01 2.366904640197753906e+01 7.036527156829833984e+00 1.663252258300781250e+01
1.314409923553466797e+01 2.366247749328613281e+01 7.041993141174316406e+00 1.662047958374023438e+01
1.316450881958007812e+01 2.360686302185058594e+01 7.032893657684326172e+00 1.657396888732910156e+01
1.318491744995117188e+01 2.356155395507812500e+01 7.030178070068359375e+00 1.653137397766113281e+01
1.320532417297363281e+01 2.354704666137695312e+01 7.009343624114990234e+00 1.653769874572753906e+01
1.328695964813232422e+01 2.336835670471191406e+01 6.977087974548339844e+00 1.639126777648925781e+01
1.330736923217773438e+01 2.337553596496582031e+01 7.001466751098632812e+00 1.637407112121582031e+01
1.332777786254882812e+01 2.327493476867675781e+01 6.991643905639648438e+00 1.628328895568847656e+01
1.334818649291992188e+01 2.325895118713378906e+01 6.983644008636474609e+00 1.627530288696289062e+01
1.336859512329101562e+01 2.315527534484863281e+01 6.966714859008789062e+00 1.618856048583984375e+01
1.338900375366210938e+01 2.314686775207519531e+01 6.955201625823974609e+00 1.619166755676269531e+01
1.340941333770751953e+01 2.306535530090332031e+01 6.945508480072021484e+00 1.611985015869140625e+01
1.342982006072998047e+01 2.325479698181152344e+01 7.197878837585449219e+00 1.605691528320312500e+01
1.345022869110107422e+01 2.296384620666503906e+01 6.903073787689208984e+00 1.606077384948730469e+01
1.347063827514648438e+01 2.287280654907226562e+01 6.889060497283935547e+00 1.598374748229980469e+01
1.349104690551757812e+01 2.283988380432128906e+01 6.874203205108642578e+00 1.596567726135253906e+01
1.351145553588867188e+01 2.279053115844726562e+01 6.863820075988769531e+00 1.592671203613281250e+01
1.353186416625976562e+01 2.275461387634277344e+01 6.858775138854980469e+00 1.589584159851074219e+01
1.355227375030517578e+01 2.270849418640136719e+01 6.839613914489746094e+00 1.586887836456298828e+01
1.357268238067626953e+01 2.267378234863281250e+01 6.830211639404296875e+00 1.584356975555419922e+01
1.359309101104736328e+01 2.262771415710449219e+01 6.812912464141845703e+00 1.581479930877685547e+01
1.361350059509277344e+01 2.258387184143066406e+01 6.802698135375976562e+00 1.578117465972900391e+01
1.363390827178955078e+01 2.251585960388183594e+01 6.780224800109863281e+00 1.573563575744628906e+01
1.365431785583496094e+01 2.249512672424316406e+01 6.769212722778320312e+00 1.572591304779052734e+01
1.367472553253173828e+01 2.245873451232910156e+01 6.752109050750732422e+00 1.570662593841552734e+01
1.369513320922851562e+01 2.240213203430175781e+01 6.733307361602783203e+00 1.566882514953613281e+01
1.371554279327392578e+01 2.236073303222656250e+01 6.716305255889892578e+00 1.564443016052246094e+01
1.373595046997070312e+01 2.232650756835937500e+01 6.702841758728027344e+00 1.562366199493408203e+01
1.375636100769042969e+01 2.228506088256835938e+01 6.688546180725097656e+00 1.559651565551757812e+01
1.377676773071289062e+01 2.224249458312988281e+01 6.668212890625000000e+00 1.557428073883056641e+01
1.379717826843261719e+01 2.219889259338378906e+01 6.654878139495849609e+00 1.554401969909667969e+01
1.381758594512939453e+01 2.215712165832519531e+01 6.630323410034179688e+00 1.552680015563964844e+01
1.383799648284912109e+01 2.212377548217773438e+01 6.632652759552001953e+00 1.549112415313720703e+01
1.385840320587158203e+01 2.206586074829101562e+01 6.601293563842773438e+00 1.546457099914550781e+01
1.387881374359130859e+01 2.201931190490722656e+01 6.581236839294433594e+00 1.543807601928710938e+01
1.389922142028808594e+01 2.197890090942382812e+01 6.566406726837158203e+00 1.541250133514404297e+01
1.391962814331054688e+01 2.194820976257324219e+01 6.556779861450195312e+00 1.539142799377441406e+01
1.394003868103027344e+01 2.189999961853027344e+01 6.534300327301025391e+00 1.536570358276367188e+01
1.396044635772705078e+01 2.186133766174316406e+01 6.525605201721191406e+00 1.533572769165039062e+01
1.398085689544677734e+01 2.181248855590820312e+01 6.505805015563964844e+00 1.530668258666992188e+01
1.400126361846923828e+01 2.177514839172363281e+01 6.482644557952880859e+00 1.529249858856201172e+01
1.402167415618896484e+01 2.174559402465820312e+01 6.470647811889648438e+00 1.527495002746582031e+01
1.404208183288574219e+01 2.170881080627441406e+01 6.457834243774414062e+00 1.525097179412841797e+01
1.406249237060546875e+01 2.166898345947265625e+01 6.433990955352783203e+00 1.523499202728271484e+01
1.408289909362792969e+01 2.163480377197265625e+01 6.417017936706542969e+00 1.521778774261474609e+01
1.410330963134765625e+01 2.159073066711425781e+01 6.398396015167236328e+00 1.519233894348144531e+01
1.412371635437011719e+01 2.155274772644042969e+01 6.380676269531250000e+00 1.517207145690917969e+01
1.414412403106689453e+01 2.153026199340820312e+01 6.372316360473632812e+00 1.515795040130615234e+01
1.416453456878662109e+01 2.150865364074707031e+01 6.367359161376953125e+00 1.514129257202148438e+01
1.418494129180908203e+01 2.146275138854980469e+01 6.337103366851806641e+00 1.512564849853515625e+01
1.420535182952880859e+01 2.143523406982421875e+01 6.322099685668945312e+00 1.511313629150390625e+01
1.422575950622558594e+01 2.139618301391601562e+01 6.305458545684814453e+00 1.509072971343994141e+01
1.424617004394531250e+01 2.135739707946777344e+01 6.282980918884277344e+00 1.507441520690917969e+01
1.426657676696777344e+01 2.132842826843261719e+01 6.266442775726318359e+00 1.506198024749755859e+01
1.428698730468750000e+01 2.129525184631347656e+01 6.249950408935546875e+00 1.504530429840087891e+01
1.430739498138427734e+01 2.125868415832519531e+01 6.226813316345214844e+00 1.503187561035156250e+01
1.432780551910400391e+01 2.122240447998046875e+01 6.200399875640869141e+00 1.502200603485107422e+01
1.434821224212646484e+01 2.119591712951660156e+01 6.193249225616455078e+00 1.500267124176025391e+01
1.436861991882324219e+01 2.116497421264648438e+01 6.171124458312988281e+00 1.499384880065917969e+01
1.438903045654296875e+01 2.113850593566894531e+01 6.151556968688964844e+00 1.498694801330566406e+01
1.440943717956542969e+01 2.109111976623535156e+01 6.127892971038818359e+00 1.496322727203369141e+01
1.442984771728515625e+01 2.106231117248535156e+01 6.105123996734619141e+00 1.495719242095947266e+01
1.445025539398193359e+01 2.102512931823730469e+01 6.084076404571533203e+00 1.494105339050292969e+01
1.447066593170166016e+01 2.098645210266113281e+01 6.059779644012451172e+00 1.492667388916015625e+01
1.449107265472412109e+01 2.094524383544921875e+01 6.034725666046142578e+00 1.491051578521728516e+01
1.451148319244384766e+01 2.092652893066406250e+01 6.013865470886230469e+00 1.491266822814941406e+01
1.453189086914062500e+01 2.087866592407226562e+01 5.993064880371093750e+00 1.488559818267822266e+01
1.455230045318603516e+01 2.084552955627441406e+01 5.970676422119140625e+00 1.487485027313232422e+01
1.457270812988281250e+01 2.080397605895996094e+01 5.945066452026367188e+00 1.485891437530517578e+01
1.459311580657958984e+01 2.076783370971679688e+01 5.921988964080810547e+00 1.484584236145019531e+01
1.461352539062500000e+01 2.072931480407714844e+01 5.894060134887695312e+00 1.483525371551513672e+01
1.463393306732177734e+01 2.069273757934570312e+01 5.872753620147705078e+00 1.481998348236083984e+01
1.465434360504150391e+01 2.065549278259277344e+01 5.845788478851318359e+00 1.480970859527587891e+01
1.467475032806396484e+01 2.061091995239257812e+01 5.821345329284667969e+00 1.478957462310791016e+01
1.469516086578369141e+01 2.057111930847167969e+01 5.794525623321533203e+00 1.477659320831298828e+01
1.471556854248046875e+01 2.053935241699218750e+01 5.775103092193603516e+00 1.476425075531005859e+01
1.473597908020019531e+01 2.049026489257812500e+01 5.743547916412353516e+00 1.474671649932861328e+01
1.475638580322265625e+01 2.044752120971679688e+01 5.721815586090087891e+00 1.472570800781250000e+01
1.477679634094238281e+01 2.042461585998535156e+01 5.705002307891845703e+00 1.471961593627929688e+01
1.479720401763916016e+01 2.039357948303222656e+01 5.677720069885253906e+00 1.471586036682128906e+01
1.481761455535888672e+01 2.033808135986328125e+01 5.651319980621337891e+00 1.468675804138183594e+01
1.483802127838134766e+01 2.030198287963867188e+01 5.630640983581542969e+00 1.467134475708007812e+01
1.485842895507812500e+01 2.026197052001953125e+01 5.605185031890869141e+00 1.465678977966308594e+01
1.487883949279785156e+01 2.022769355773925781e+01 5.587037563323974609e+00 1.464066123962402344e+01
1.489924621582031250e+01 2.017783927917480469e+01 5.561711311340332031e+00 1.461612796783447266e+01
1.491965675354003906e+01 2.014700889587402344e+01 5.540463924407958984e+00 1.460655212402343750e+01
1.494006443023681641e+01 2.011635017395019531e+01 5.520878791809082031e+00 1.459547042846679688e+01
1.496047496795654297e+01 2.007878112792968750e+01 5.499745368957519531e+00 1.457904052734375000e+01
1.498088169097900391e+01 2.004330444335937500e+01 5.484263896942138672e+00 1.455904293060302734e+01
1.500129222869873047e+01 2.001471710205078125e+01 5.465631008148193359e+00 1.454908561706542969e+01
1.502169895172119141e+01 1.998038864135742188e+01 5.446253776550292969e+00 1.453414154052734375e+01
1.504210948944091797e+01 1.994421577453613281e+01 5.424540519714355469e+00 1.451967239379882812e+01
1.506251716613769531e+01 1.991539382934570312e+01 5.409244537353515625e+00 1.450615119934082031e+01
1.508292388916015625e+01 1.988737297058105469e+01 5.393196105957031250e+00 1.449417686462402344e+01
1.510333442687988281e+01 1.985750961303710938e+01 5.377190589904785156e+00 1.448031902313232422e+01
1.512374210357666016e+01 1.982075119018554688e+01 5.362020015716552734e+00 1.445872688293457031e+01
1.514415264129638672e+01 1.981125640869140625e+01 5.355584144592285156e+00 1.445567035675048828e+01
1.516455936431884766e+01 1.977205085754394531e+01 5.330222606658935547e+00 1.444183349609375000e+01
1.518496990203857422e+01 1.974572372436523438e+01 5.315175533294677734e+00 1.443054962158203125e+01
1.520537757873535156e+01 1.971971702575683594e+01 5.297808647155761719e+00 1.442191314697265625e+01
1.522578811645507812e+01 1.969504928588867188e+01 5.284418106079101562e+00 1.441062831878662109e+01
1.524619483947753906e+01 1.967317390441894531e+01 5.276558876037597656e+00 1.439661502838134766e+01
1.526660537719726562e+01 1.964446449279785156e+01 5.256960391998291016e+00 1.438749790191650391e+01
1.528701305389404297e+01 1.962891006469726562e+01 5.246810913085937500e+00 1.438209438323974609e+01
1.530741977691650391e+01 1.959739112854003906e+01 5.231996536254882812e+00 1.436538982391357422e+01
1.532783031463623047e+01 1.957490348815917969e+01 5.218782424926757812e+00 1.435611915588378906e+01
1.534823799133300781e+01 1.954041290283203125e+01 5.196245670318603516e+00 1.434416770935058594e+01
1.536864852905273438e+01 1.951948547363281250e+01 5.184671878814697266e+00 1.433481216430664062e+01
1.538905525207519531e+01 1.949027061462402344e+01 5.170018672943115234e+00 1.432025146484375000e+01
1.540946578979492188e+01 1.946258735656738281e+01 5.153849601745605469e+00 1.430873680114746094e+01
1.542987346649169922e+01 1.943208503723144531e+01 5.132294178009033203e+00 1.429978752136230469e+01
1.545028305053710938e+01 1.940995979309082031e+01 5.123965263366699219e+00 1.428599262237548828e+01
1.547069072723388672e+01 1.938515853881835938e+01 5.108695507049560547e+00 1.427646160125732422e+01
1.549109745025634766e+01 1.935288810729980469e+01 5.088057041168212891e+00 1.426483249664306641e+01
1.551150798797607422e+01 1.932356834411621094e+01 5.071330547332763672e+00 1.425223827362060547e+01
1.553191566467285156e+01 1.929232978820800781e+01 5.055419921875000000e+00 1.423691272735595703e+01
1.555232620239257812e+01 1.926409530639648438e+01 5.032622814178466797e+00 1.423147010803222656e+01
1.557273292541503906e+01 1.923437309265136719e+01 5.022184848785400391e+00 1.421218872070312500e+01
1.559314346313476562e+01 1.920236587524414062e+01 5.006399631500244141e+00 1.419597339630126953e+01
1.561355113983154297e+01 1.916787147521972656e+01 4.989890575408935547e+00 1.417797851562500000e+01
1.563395786285400391e+01 1.913205718994140625e+01 4.969595909118652344e+00 1.416245746612548828e+01
1.565436840057373047e+01 1.910264396667480469e+01 4.950882911682128906e+00 1.415175819396972656e+01
1.567477607727050781e+01 1.907427787780761719e+01 4.939091682434082031e+00 1.413518714904785156e+01
1.569518661499023438e+01 1.904629707336425781e+01 4.922754287719726562e+00 1.412353992462158203e+01
1.571559333801269531e+01 1.900325012207031250e+01 4.904937744140625000e+00 1.409831047058105469e+01
1.573600387573242188e+01 1.897200202941894531e+01 4.887166023254394531e+00 1.408483791351318359e+01
1.575641155242919922e+01 1.893771934509277344e+01 4.872479438781738281e+00 1.406524085998535156e+01
1.577682209014892578e+01 1.890685272216796875e+01 4.857072353363037109e+00 1.404977893829345703e+01
1.579722881317138672e+01 1.887405776977539062e+01 4.842463016510009766e+00 1.403159141540527344e+01
1.581763935089111328e+01 1.883935546875000000e+01 4.826377391815185547e+00 1.401298427581787109e+01
1.583804702758789062e+01 1.881041717529296875e+01 4.811845302581787109e+00 1.399857044219970703e+01
1.585845661163330078e+01 1.877742576599121094e+01 4.797349929809570312e+00 1.398007583618164062e+01
1.587886428833007812e+01 1.874418830871582031e+01 4.782892227172851562e+00 1.396129798889160156e+01
1.589927196502685547e+01 1.871578407287597656e+01 4.769225120544433594e+00 1.394656276702880859e+01
1.591968154907226562e+01 1.868849182128906250e+01 4.758599281311035156e+00 1.392989540100097656e+01
1.594008922576904297e+01 1.866035270690917969e+01 4.748001098632812500e+00 1.391235256195068359e+01
1.596049976348876953e+01 1.863456153869628906e+01 4.739679813385009766e+00 1.389488220214843750e+01
1.598090648651123047e+01 1.859919357299804688e+01 4.722392559051513672e+00 1.387680339813232422e+01
1.600131797790527344e+01 1.857346534729003906e+01 4.711132526397705078e+00 1.386233329772949219e+01
1.602172470092773438e+01 1.854979324340820312e+01 4.703637599945068359e+00 1.384615707397460938e+01
1.604213523864746094e+01 1.852154159545898438e+01 4.691684246063232422e+00 1.382985877990722656e+01
1.606254196166992188e+01 1.850242042541503906e+01 4.684233188629150391e+00 1.381818675994873047e+01
1.608295249938964844e+01 1.848928451538085938e+01 4.683498382568359375e+00 1.380578517913818359e+01
1.610335922241210938e+01 1.845899391174316406e+01 4.666413784027099609e+00 1.379257869720458984e+01
1.612376785278320312e+01 1.843815040588378906e+01 4.659765243530273438e+00 1.377838325500488281e+01
1.614417839050292969e+01 1.841617202758789062e+01 4.650908470153808594e+00 1.376526737213134766e+01
1.616458511352539062e+01 1.839633750915527344e+01 4.645776748657226562e+00 1.375056362152099609e+01
1.618499565124511719e+01 1.837399673461914062e+01 4.636220455169677734e+00 1.373777389526367188e+01
1.620540237426757812e+01 1.835803413391113281e+01 4.629643917083740234e+00 1.372838687896728516e+01
1.622581291198730469e+01 1.833917808532714844e+01 4.622344493865966797e+00 1.371683216094970703e+01
1.624621963500976562e+01 1.832517814636230469e+01 4.618011951446533203e+00 1.370716762542724609e+01
1.626663017272949219e+01 1.831072235107421875e+01 4.613689899444580078e+00 1.369703292846679688e+01
1.628703880310058594e+01 1.829338264465332031e+01 4.607173442840576172e+00 1.368620967864990234e+01
1.630744743347167969e+01 1.827757835388183594e+01 4.601407051086425781e+00 1.367616939544677734e+01
1.632785606384277344e+01 1.826577568054199219e+01 4.597122192382812500e+00 1.366865062713623047e+01
1.634826278686523438e+01 1.825107765197753906e+01 4.592115879058837891e+00 1.365896129608154297e+01
1.636867332458496094e+01 1.823766899108886719e+01 4.585658550262451172e+00 1.365200805664062500e+01
1.638908004760742188e+01 1.821799087524414062e+01 4.577757835388183594e+00 1.364023399353027344e+01
1.640949058532714844e+01 1.820449256896972656e+01 4.573523044586181641e+00 1.363096714019775391e+01
1.642989730834960938e+01 1.819079589843750000e+01 4.574398517608642578e+00 1.361639690399169922e+01
1.645030784606933594e+01 1.817301559448242188e+01 4.562901973724365234e+00 1.361011505126953125e+01
1.647071647644042969e+01 1.816275024414062500e+01 4.558702468872070312e+00 1.360404109954833984e+01
1.649112701416015625e+01 1.814223861694335938e+01 4.551608562469482422e+00 1.359062862396240234e+01
1.651153373718261719e+01 1.812561798095703125e+01 4.545982837677001953e+00 1.357963180541992188e+01
1.653194427490234375e+01 1.810857200622558594e+01 4.539646625518798828e+00 1.356892776489257812e+01
1.655235099792480469e+01 1.809681129455566406e+01 4.534772872924804688e+00 1.356203937530517578e+01
1.657275772094726562e+01 1.807753181457519531e+01 4.529188632965087891e+00 1.354834175109863281e+01
1.659316825866699219e+01 1.805916595458984375e+01 4.522896289825439453e+00 1.353627204895019531e+01
1.661357688903808594e+01 1.803738021850585938e+01 4.513738632202148438e+00 1.352363586425781250e+01
1.663398742675781250e+01 1.802790641784667969e+01 4.510358333587646484e+00 1.351754760742187500e+01
1.665439414978027344e+01 1.800590133666992188e+01 4.504112720489501953e+00 1.350179004669189453e+01
1.667480468750000000e+01 1.798852729797363281e+01 4.497164249420166016e+00 1.349136447906494141e+01
1.669521141052246094e+01 1.797058677673339844e+01 4.493817806243896484e+00 1.347676372528076172e+01
1.671562194824218750e+01 1.795520019531250000e+01 4.488330841064453125e+00 1.346686935424804688e+01
1.673602867126464844e+01 1.793211936950683594e+01 4.482857704162597656e+00 1.344926357269287109e+01
1.675643920898437500e+01 1.791114425659179688e+01 4.474540233612060547e+00 1.343660545349121094e+01
1.677684593200683594e+01 1.788969802856445312e+01 4.468383789062500000e+00 1.342131423950195312e+01
1.679725456237792969e+01 1.787426948547363281e+01 4.463667869567871094e+00 1.341060543060302734e+01
1.681766510009765625e+01 1.784984207153320312e+01 4.456827163696289062e+00 1.339301681518554688e+01
1.683807182312011719e+01 1.783068466186523438e+01 4.451425552368164062e+00 1.337926197052001953e+01
1.685848236083984375e+01 1.782035827636718750e+01 4.448876380920410156e+00 1.337148380279541016e+01
1.687888908386230469e+01 1.779507827758789062e+01 4.439951896667480469e+00 1.335512542724609375e+01
1.689929962158203125e+01 1.777487182617187500e+01 4.433881282806396484e+00 1.334099102020263672e+01
1.691970634460449219e+01 1.775664710998535156e+01 4.428533554077148438e+00 1.332811164855957031e+01
1.694011688232421875e+01 1.774129104614257812e+01 4.422491073608398438e+00 1.331879997253417969e+01
1.696052551269531250e+01 1.772643089294433594e+01 4.417875289916992188e+00 1.330855655670166016e+01
1.698093605041503906e+01 1.770999717712402344e+01 4.413270473480224609e+00 1.329672527313232422e+01
1.700134277343750000e+01 1.769139289855957031e+01 4.407972812652587891e+00 1.328342056274414062e+01
1.702175331115722656e+01 1.767433547973632812e+01 4.404093265533447266e+00 1.327023601531982422e+01
1.704216003417968750e+01 1.766338729858398438e+01 4.400224685668945312e+00 1.326315784454345703e+01
1.706256675720214844e+01 1.764844512939453125e+01 4.393558502197265625e+00 1.325488758087158203e+01
1.708297729492187500e+01 1.763199806213378906e+01 4.392513275146484375e+00 1.323948287963867188e+01
1.710338592529296875e+01 1.761651420593261719e+01 4.389371871948242188e+00 1.322714519500732422e+01
1.712379646301269531e+01 1.760938072204589844e+01 4.386236667633056641e+00 1.322313880920410156e+01
1.714420318603515625e+01 1.759270858764648438e+01 4.379619598388671875e+00 1.321308898925781250e+01
1.716461372375488281e+01 1.758380126953125000e+01 4.379292964935302734e+00 1.320450305938720703e+01
1.718502044677734375e+01 1.757577323913574219e+01 4.378968715667724609e+00 1.319680213928222656e+01
1.720543098449707031e+01 1.756398200988769531e+01 4.373774051666259766e+00 1.319020843505859375e+01
1.722583770751953125e+01 1.755859184265136719e+01 4.374845504760742188e+00 1.318374729156494141e+01
1.724624824523925781e+01 1.754782295227050781e+01 4.371056556701660156e+00 1.317676258087158203e+01
1.726665496826171875e+01 1.754666328430175781e+01 4.372129440307617188e+00 1.317453575134277344e+01
1.728706359863281250e+01 1.753802299499511719e+01 4.371122837066650391e+00 1.316689968109130859e+01
1.730747413635253906e+01 1.753158569335937500e+01 4.369425296783447266e+00 1.316216468811035156e+01
1.732788085937500000e+01 1.752782440185546875e+01 4.369805335998535156e+00 1.315801906585693359e+01
1.734829139709472656e+01 1.752405166625976562e+01 4.369494438171386719e+00 1.315456008911132812e+01
1.736869812011718750e+01 1.751565933227539062e+01 4.370562553405761719e+00 1.314509773254394531e+01
1.738910865783691406e+01 1.751627731323242188e+01 4.373004436492919922e+00 1.314327335357666016e+01
1.740951538085937500e+01 1.751425170898437500e+01 4.369941234588623047e+00 1.314431095123291016e+01
1.742992591857910156e+01 1.751188278198242188e+01 4.371691703796386719e+00 1.314018630981445312e+01
1.745033454895019531e+01 1.751385879516601562e+01 4.371380329132080078e+00 1.314248180389404297e+01
1.747074508666992188e+01 1.750768661499023438e+01 4.373809814453125000e+00 1.313387393951416016e+01
1.749115180969238281e+01 1.751069641113281250e+01 4.379655838012695312e+00 1.313103866577148438e+01
1.751155853271484375e+01 1.750560569763183594e+01 4.375235557556152344e+00 1.313037204742431641e+01
1.753196907043457031e+01 1.750338935852050781e+01 4.376969337463378906e+00 1.312641716003417969e+01
1.755237579345703125e+01 1.750067901611328125e+01 4.378699779510498047e+00 1.312197685241699219e+01
1.757278633117675781e+01 1.749832916259765625e+01 4.379063129425048828e+00 1.311926841735839844e+01
1.759319496154785156e+01 1.749731636047363281e+01 4.380787372589111328e+00 1.311652946472167969e+01
1.761360359191894531e+01 1.749028778076171875e+01 4.380467414855957031e+00 1.310982418060302734e+01
1.763401222229003906e+01 1.749140357971191406e+01 4.383543491363525391e+00 1.310786056518554688e+01
1.765442276000976562e+01 1.748703575134277344e+01 4.384577274322509766e+00 1.310245990753173828e+01
1.767482948303222656e+01 1.748673629760742188e+01 4.384255886077880859e+00 1.310247516632080078e+01
1.769524002075195312e+01 1.748117256164550781e+01 4.386639595031738281e+00 1.309453678131103516e+01
1.771564674377441406e+01 1.747334861755371094e+01 4.386315822601318359e+00 1.308703327178955078e+01
1.773605346679687500e+01 1.747213745117187500e+01 4.388017654418945312e+00 1.308411884307861328e+01
1.775646400451660156e+01 1.746680641174316406e+01 4.388366222381591797e+00 1.307843971252441406e+01
1.777687263488769531e+01 1.746074104309082031e+01 4.390735149383544922e+00 1.307000255584716797e+01
1.779728317260742188e+01 1.745334243774414062e+01 4.389735221862792969e+00 1.306360530853271484e+01
1.781768989562988281e+01 1.745105934143066406e+01 4.394112586975097656e+00 1.305694484710693359e+01
1.783810043334960938e+01 1.744019317626953125e+01 4.390426635742187500e+00 1.304976367950439453e+01
1.785850715637207031e+01 1.743110466003417969e+01 4.391442298889160156e+00 1.303966331481933594e+01
1.787891769409179688e+01 1.741865539550781250e+01 4.389775753021240234e+00 1.302887821197509766e+01
1.789932441711425781e+01 1.741400146484375000e+01 4.393464565277099609e+00 1.302053165435791016e+01
1.791973495483398438e+01 1.740165710449218750e+01 4.389128684997558594e+00 1.301253509521484375e+01
1.794014358520507812e+01 1.739461135864257812e+01 4.394143581390380859e+00 1.300046634674072266e+01
1.796055030822753906e+01 1.739126777648925781e+01 4.394482135772705078e+00 1.299678230285644531e+01
1.798096084594726562e+01 1.737607383728027344e+01 4.394153594970703125e+00 1.298192024230957031e+01
1.800136756896972656e+01 1.736404418945312500e+01 4.395156860351562500e+00 1.296888542175292969e+01
1.802177810668945312e+01 1.735640525817871094e+01 4.394828319549560547e+00 1.296157646179199219e+01
1.804218482971191406e+01 1.734790229797363281e+01 4.393174648284912109e+00 1.295472717285156250e+01
1.806259536743164062e+01 1.733843994140625000e+01 4.396824836730957031e+00 1.294161128997802734e+01
1.808300209045410156e+01 1.733211517333984375e+01 4.401792049407958984e+00 1.293032550811767578e+01
1.810341262817382812e+01 1.732885360717773438e+01 4.404101848602294922e+00 1.292475509643554688e+01
1.812382125854492188e+01 1.731808090209960938e+01 4.403765678405761719e+00 1.291431427001953125e+01
1.814423179626464844e+01 1.731377410888671875e+01 4.410026550292968750e+00 1.290374851226806641e+01
1.816463851928710938e+01 1.730649375915527344e+01 4.412980079650878906e+00 1.289351177215576172e+01
1.818504524230957031e+01 1.730352592468261719e+01 4.417900562286376953e+00 1.288562774658203125e+01
1.820545578002929688e+01 1.729945182800292969e+01 4.422152042388916016e+00 1.287729930877685547e+01
1.822586250305175781e+01 1.729234886169433594e+01 4.427708625793457031e+00 1.286464214324951172e+01
1.824627304077148438e+01 1.729943084716796875e+01 4.436532020568847656e+00 1.286290168762207031e+01
1.826668167114257812e+01 1.729682922363281250e+01 4.442715167999267578e+00 1.285411357879638672e+01
1.828709220886230469e+01 1.730009841918945312e+01 4.452156543731689453e+00 1.284794616699218750e+01
1.830749893188476562e+01 1.730559349060058594e+01 4.460269451141357422e+00 1.284532642364501953e+01
1.832790946960449219e+01 1.731173133850097656e+01 4.471629619598388672e+00 1.284010124206542969e+01
1.834831619262695312e+01 1.731877708435058594e+01 4.483616828918457031e+00 1.283516216278076172e+01
1.836872673034667969e+01 1.732929039001464844e+01 4.496880531311035156e+00 1.283240795135498047e+01
1.838913345336914062e+01 1.734096145629882812e+01 4.510115623474121094e+00 1.283084392547607422e+01
1.840954399108886719e+01 1.735618209838867188e+01 4.529171943664550781e+00 1.282701301574707031e+01
1.842995262145996094e+01 1.737263679504394531e+01 4.546238899230957031e+00 1.282639789581298828e+01
1.845035934448242188e+01 1.739348411560058594e+01 4.567160129547119141e+00 1.282632637023925781e+01
1.847076988220214844e+01 1.741841506958007812e+01 4.589330196380615234e+00 1.282908248901367188e+01
1.849117660522460938e+01 1.744422149658203125e+01 4.614689350128173828e+00 1.282953357696533203e+01
1.851158714294433594e+01 1.747859191894531250e+01 4.641284942626953125e+00 1.283730697631835938e+01
1.853199386596679688e+01 1.751080894470214844e+01 4.671051502227783203e+00 1.283975028991699219e+01
1.855240440368652344e+01 1.754907035827636719e+01 4.703332901000976562e+00 1.284573936462402344e+01
1.857281112670898438e+01 1.759650421142578125e+01 4.742633342742919922e+00 1.285386943817138672e+01
1.859322166442871094e+01 1.764581871032714844e+01 4.786353111267089844e+00 1.285946559906005859e+01
1.861363029479980469e+01 1.769964027404785156e+01 4.830620288848876953e+00 1.286901855468750000e+01
1.863404083251953125e+01 1.775533866882324219e+01 4.884425163269042969e+00 1.287090969085693359e+01
1.865444755554199219e+01 1.781923103332519531e+01 4.944530010223388672e+00 1.287469863891601562e+01
1.867485427856445312e+01 1.789253234863281250e+01 5.015399456024169922e+00 1.287713241577148438e+01
1.869526481628417969e+01 1.797135543823242188e+01 5.089313983917236328e+00 1.288203907012939453e+01
1.871567153930664062e+01 1.806545066833496094e+01 5.176499366760253906e+00 1.288894653320312500e+01
1.873608207702636719e+01 1.817239379882812500e+01 5.273076057434082031e+00 1.289931869506835938e+01
1.875649070739746094e+01 1.830636787414550781e+01 5.391779899597167969e+00 1.291458797454833984e+01
1.877690124511718750e+01 1.845659637451171875e+01 5.524248123168945312e+00 1.293234539031982422e+01
1.879730796813964844e+01 1.863756561279296875e+01 5.678717136383056641e+00 1.295885086059570312e+01
1.881771850585937500e+01 1.884856033325195312e+01 5.858928680419921875e+00 1.298963451385498047e+01
1.883812522888183594e+01 1.910734558105468750e+01 6.076239109039306641e+00 1.303111171722412109e+01
1.885853576660156250e+01 1.941401290893554688e+01 6.330525875091552734e+00 1.308348560333251953e+01
1.887894248962402344e+01 1.978586196899414062e+01 6.631814956665039062e+00 1.315404605865478516e+01
1.889935111999511719e+01 2.020857810974121094e+01 6.966653823852539062e+00 1.324192237854003906e+01
1.891975975036621094e+01 2.068526268005371094e+01 7.332401275634765625e+00 1.335286140441894531e+01
1.894016838073730469e+01 2.117704010009765625e+01 7.691041469573974609e+00 1.348599529266357422e+01
1.896057891845703125e+01 2.160800552368164062e+01 7.966841697692871094e+00 1.364115810394287109e+01
1.898098564147949219e+01 2.185470962524414062e+01 8.059173583984375000e+00 1.379553890228271484e+01
1.900139617919921875e+01 2.181597328186035156e+01 7.899333953857421875e+00 1.391664028167724609e+01
1.902180290222167969e+01 2.149290657043457031e+01 7.519598007202148438e+00 1.397331047058105469e+01
1.904221343994140625e+01 2.100122451782226562e+01 7.040102958679199219e+00 1.396112155914306641e+01
1.906262016296386719e+01 2.050657081604003906e+01 6.605588912963867188e+00 1.390098190307617188e+01
1.908303070068359375e+01 2.006487846374511719e+01 6.251034736633300781e+00 1.381384563446044922e+01
1.910343933105468750e+01 1.969022941589355469e+01 5.955510616302490234e+00 1.373472023010253906e+01
1.912384605407714844e+01 1.935509109497070312e+01 5.675638198852539062e+00 1.367944717407226562e+01
1.914425659179687500e+01 1.908320236206054688e+01 5.408866405487060547e+00 1.367433547973632812e+01
1.916466331481933594e+01 1.889198875427246094e+01 5.171393394470214844e+00 1.372060012817382812e+01
1.918507385253906250e+01 1.878998947143554688e+01 4.992447376251220703e+00 1.379754161834716797e+01
1.920548057556152344e+01 1.876368141174316406e+01 4.881191730499267578e+00 1.388249015808105469e+01
1.922589111328125000e+01 1.878481101989746094e+01 4.841768741607666016e+00 1.394304370880126953e+01
1.924629974365234375e+01 1.881336402893066406e+01 4.871461868286132812e+00 1.394190502166748047e+01
1.926671028137207031e+01 1.877886390686035156e+01 4.924077987670898438e+00 1.385478115081787109e+01
1.928711700439453125e+01 1.865861511230468750e+01 4.964792251586914062e+00 1.369381809234619141e+01
1.930752754211425781e+01 1.845147895812988281e+01 4.981241703033447266e+00 1.347023773193359375e+01
1.932793426513671875e+01 1.827906036376953125e+01 4.995180606842041016e+00 1.328388214111328125e+01
1.934834098815917969e+01 1.809264945983886719e+01 4.957743167877197266e+00 1.313490581512451172e+01
1.936875152587890625e+01 1.783565902709960938e+01 4.833248138427734375e+00 1.300240707397460938e+01
1.938915824890136719e+01 1.760829544067382812e+01 4.683087348937988281e+00 1.292520999908447266e+01
1.940956878662109375e+01 1.743282699584960938e+01 4.535092353820800781e+00 1.289773178100585938e+01
1.942997741699218750e+01 1.730895233154296875e+01 4.399113178253173828e+00 1.290983867645263672e+01
1.945038795471191406e+01 1.723973655700683594e+01 4.288034915924072266e+00 1.295170211791992188e+01
1.947079467773437500e+01 1.721596717834472656e+01 4.228213310241699219e+00 1.298774814605712891e+01
1.949120521545410156e+01 1.714836120605468750e+01 4.192466735839843750e+00 1.295588874816894531e+01
1.951161193847656250e+01 1.711984062194824219e+01 4.193603038787841797e+00 1.292623805999755859e+01
1.953202247619628906e+01 1.719403076171875000e+01 4.248051166534423828e+00 1.294598293304443359e+01
1.955242919921875000e+01 1.737550926208496094e+01 4.375235557556152344e+00 1.300027179718017578e+01
1.957283973693847656e+01 1.756943893432617188e+01 4.521723270416259766e+00 1.304771709442138672e+01
1.959324836730957031e+01 1.766680526733398438e+01 4.622699737548828125e+00 1.304411029815673828e+01
1.961365509033203125e+01 1.769723129272460938e+01 4.696004390716552734e+00 1.300122451782226562e+01
1.963406562805175781e+01 1.767987251281738281e+01 4.741722106933593750e+00 1.293814754486083984e+01
1.965447235107421875e+01 1.761362457275390625e+01 4.750805854797363281e+00 1.286281967163085938e+01
1.967488288879394531e+01 1.749355888366699219e+01 4.716067314147949219e+00 1.277748966217041016e+01
1.969528961181640625e+01 1.734237480163574219e+01 4.650407314300537109e+00 1.269196224212646484e+01
1.971570014953613281e+01 1.719757843017578125e+01 4.573954105377197266e+00 1.262362289428710938e+01
1.973610877990722656e+01 1.707083702087402344e+01 4.502511501312255859e+00 1.256832122802734375e+01
1.975651741027832031e+01 1.697919082641601562e+01 4.436063289642333984e+00 1.254312705993652344e+01
1.977692604064941406e+01 1.691120338439941406e+01 4.381251811981201172e+00 1.252995014190673828e+01
1.979733657836914062e+01 1.685706901550292969e+01 4.305996417999267578e+00 1.255107116699218750e+01
1.981774330139160156e+01 1.674372291564941406e+01 4.205528736114501953e+00 1.253819274902343750e+01
1.983815002441406250e+01 1.680603218078613281e+01 4.219303607940673828e+00 1.258672714233398438e+01
1.985856056213378906e+01 1.690227317810058594e+01 4.262583255767822266e+00 1.263969039916992188e+01
1.987896728515625000e+01 1.707503318786621094e+01 4.339494228363037109e+00 1.273553848266601562e+01
1.989937782287597656e+01 1.727705192565917969e+01 4.425869941711425781e+00 1.285117816925048828e+01
1.991978645324707031e+01 1.745238113403320312e+01 4.491640090942382812e+00 1.296074295043945312e+01
1.994019699096679688e+01 1.754437637329101562e+01 4.499047756195068359e+00 1.304532909393310547e+01
1.996060371398925781e+01 1.751824569702148438e+01 4.455470085144042969e+00 1.306277656555175781e+01
1.998101425170898438e+01 1.742096519470214844e+01 4.401197910308837891e+00 1.301976680755615234e+01
2.000142097473144531e+01 1.727187156677246094e+01 4.360801696777343750e+00 1.291106891632080078e+01
2.002183151245117188e+01 1.707815742492675781e+01 4.331247329711914062e+00 1.274690723419189453e+01
2.004223823547363281e+01 1.688316917419433594e+01 4.313698291778564453e+00 1.256946945190429688e+01
2.006264686584472656e+01 1.673137474060058594e+01 4.311100482940673828e+00 1.242027759552001953e+01
2.008305740356445312e+01 1.665721893310546875e+01 4.328771114349365234e+00 1.232844924926757812e+01
2.010346412658691406e+01 1.665398025512695312e+01 4.368436336517333984e+00 1.228554534912109375e+01
2.012387466430664062e+01 1.672589683532714844e+01 4.438355445861816406e+00 1.228753948211669922e+01
2.014428138732910156e+01 1.684247970581054688e+01 4.518234252929687500e+00 1.232424163818359375e+01
2.016469192504882812e+01 1.698465156555175781e+01 4.606261253356933594e+00 1.237838840484619141e+01
2.018509864807128906e+01 1.705838012695312500e+01 4.636590480804443359e+00 1.242179298400878906e+01
2.020550918579101562e+01 1.702511024475097656e+01 4.615911960601806641e+00 1.240919303894042969e+01
2.022591781616210938e+01 1.705829429626464844e+01 4.648538112640380859e+00 1.240975761413574219e+01
2.024632644653320312e+01 1.713219070434570312e+01 4.697059154510498047e+00 1.243512535095214844e+01
2.026673507690429688e+01 1.713947868347167969e+01 4.682880401611328125e+00 1.245659828186035156e+01
2.028714179992675781e+01 1.697902297973632812e+01 4.535387992858886719e+00 1.244363307952880859e+01
2.030755233764648438e+01 1.671763992309570312e+01 4.315693378448486328e+00 1.240194416046142578e+01
2.032795906066894531e+01 1.650034904479980469e+01 4.134713649749755859e+00 1.236563110351562500e+01
2.034836959838867188e+01 1.645003318786621094e+01 4.053507804870605469e+00 1.239652252197265625e+01
2.036877632141113281e+01 1.672821426391601562e+01 4.120551586151123047e+00 1.260766124725341797e+01
2.038918685913085938e+01 1.692907524108886719e+01 4.118187904357910156e+00 1.281088447570800781e+01
2.040959548950195312e+01 1.679492378234863281e+01 3.978009462356567383e+00 1.281691551208496094e+01
2.043000602722167969e+01 1.672463226318359375e+01 3.878536939620971680e+00 1.284609031677246094e+01
2.045041275024414062e+01 1.675768470764160156e+01 3.838963270187377930e+00 1.291872310638427734e+01
2.047082328796386719e+01 1.687663650512695312e+01 3.853846311569213867e+00 1.302278804779052734e+01
2.049123001098632812e+01 1.703139495849609375e+01 3.908421516418457031e+00 1.312297153472900391e+01
2.051163673400878906e+01 1.714388465881347656e+01 3.957635879516601562e+00 1.318624877929687500e+01
2.053204727172851562e+01 1.712545776367187500e+01 3.933880805969238281e+00 1.319157028198242188e+01
2.055245590209960938e+01 1.703622817993164062e+01 3.876394748687744141e+00 1.315983581542968750e+01
2.057286643981933594e+01 1.693113136291503906e+01 3.853930950164794922e+00 1.307720088958740234e+01
2.059327316284179688e+01 1.679245567321777344e+01 3.861155509948730469e+00 1.293130111694335938e+01
2.061368370056152344e+01 1.664568710327148438e+01 3.907849788665771484e+00 1.273783397674560547e+01
2.063409042358398438e+01 1.641944122314453125e+01 3.941690683364868164e+00 1.247774887084960938e+01
2.065450096130371094e+01 1.617369842529296875e+01 3.929102897644042969e+00 1.224459648132324219e+01
2.067490768432617188e+01 1.591057682037353516e+01 3.864435672760009766e+00 1.204614067077636719e+01
2.069531822204589844e+01 1.571522998809814453e+01 3.834019184112548828e+00 1.188121032714843750e+01
2.071572494506835938e+01 1.563504028320312500e+01 3.870110511779785156e+00 1.176492881774902344e+01
2.073613357543945312e+01 1.561338424682617188e+01 3.877846717834472656e+00 1.173553657531738281e+01
2.075654411315917969e+01 1.554240322113037109e+01 3.839433670043945312e+00 1.170297050476074219e+01
2.077695083618164062e+01 1.535745048522949219e+01 3.690485715866088867e+00 1.166696453094482422e+01
2.079736137390136719e+01 1.526562023162841797e+01 3.585570096969604492e+00 1.168005084991455078e+01
2.081776809692382812e+01 1.527075004577636719e+01 3.543532133102416992e+00 1.172721672058105469e+01
2.083817863464355469e+01 1.533900451660156250e+01 3.556719303131103516e+00 1.178228569030761719e+01
2.085858535766601562e+01 1.544696331024169922e+01 3.607180833816528320e+00 1.183978176116943359e+01
2.087899589538574219e+01 1.550622940063476562e+01 3.640344858169555664e+00 1.186588478088378906e+01
2.089940452575683594e+01 1.555351829528808594e+01 3.661989927291870117e+00 1.189152908325195312e+01
2.091981506347656250e+01 1.563505458831787109e+01 3.691030502319335938e+00 1.194402408599853516e+01
2.094022178649902344e+01 1.578654861450195312e+01 3.723444700241088867e+00 1.206310367584228516e+01
2.096063232421875000e+01 1.593646049499511719e+01 3.724957942962646484e+00 1.221150207519531250e+01
2.098103904724121094e+01 1.596781730651855469e+01 3.689958095550537109e+00 1.227785968780517578e+01
2.100144577026367188e+01 1.594099044799804688e+01 3.674403667449951172e+00 1.226658725738525391e+01
2.102185630798339844e+01 1.599661540985107422e+01 3.719803333282470703e+00 1.227681255340576172e+01
2.104226493835449219e+01 1.611414146423339844e+01 3.764546871185302734e+00 1.234959030151367188e+01
2.106267547607421875e+01 1.622765731811523438e+01 3.770559549331665039e+00 1.245709705352783203e+01
2.108308219909667969e+01 1.641612625122070312e+01 3.810625314712524414e+00 1.260550212860107422e+01
2.110349273681640625e+01 1.670007705688476562e+01 3.885778903961181641e+00 1.281430149078369141e+01
2.112389945983886719e+01 1.697205734252929688e+01 3.884857654571533203e+00 1.308719635009765625e+01
2.114430999755859375e+01 1.715537834167480469e+01 3.768455982208251953e+00 1.338692474365234375e+01
2.116471672058105469e+01 1.734850883483886719e+01 3.640402793884277344e+00 1.370810413360595703e+01
2.118512725830078125e+01 1.761959075927734375e+01 3.534631013870239258e+00 1.408496189117431641e+01
2.120553398132324219e+01 1.793002891540527344e+01 3.459543466567993164e+00 1.447048187255859375e+01
2.122594261169433594e+01 1.819030761718750000e+01 3.398134708404541016e+00 1.479217147827148438e+01
2.124635314941406250e+01 1.830277633666992188e+01 3.324448823928833008e+00 1.497833156585693359e+01
2.126675987243652344e+01 1.810560035705566406e+01 3.137213230133056641e+00 1.496838569641113281e+01
2.128717041015625000e+01 1.760045051574707031e+01 2.940777301788330078e+00 1.465967559814453125e+01
2.130757713317871094e+01 1.703428840637207031e+01 2.811005115509033203e+00 1.422328281402587891e+01
2.132798767089843750e+01 1.663680267333984375e+01 2.874538183212280273e+00 1.376226425170898438e+01
2.134839439392089844e+01 1.652642059326171875e+01 3.080923318862915039e+00 1.344549751281738281e+01
2.136880493164062500e+01 1.661837387084960938e+01 3.231459140777587891e+00 1.338691329956054688e+01
2.138921356201171875e+01 1.672283363342285156e+01 3.332463264465332031e+00 1.339037418365478516e+01
2.140962409973144531e+01 1.685729408264160156e+01 3.377925872802734375e+00 1.347936916351318359e+01
2.143003082275390625e+01 1.652468490600585938e+01 3.395375251770019531e+00 1.312930583953857422e+01
2.145043754577636719e+01 1.576816463470458984e+01 3.319045543670654297e+00 1.244911956787109375e+01
2.147084808349609375e+01 1.517336273193359375e+01 3.283556461334228516e+00 1.188980674743652344e+01
2.149125480651855469e+01 1.512972259521484375e+01 3.333348989486694336e+00 1.179637336730957031e+01
2.151166534423828125e+01 1.518646430969238281e+01 3.485427856445312500e+00 1.170103454589843750e+01
2.153207397460937500e+01 1.540148448944091797e+01 3.663346052169799805e+00 1.173813724517822266e+01
2.155248260498046875e+01 1.557425594329833984e+01 3.743737697601318359e+00 1.183051776885986328e+01
2.157289123535156250e+01 1.566058826446533203e+01 3.831190347671508789e+00 1.182939815521240234e+01
2.159330177307128906e+01 1.537005329132080078e+01 3.686772108078002930e+00 1.168328189849853516e+01
2.161370849609375000e+01 1.506446838378906250e+01 3.593022584915161133e+00 1.147144699096679688e+01
2.163411903381347656e+01 1.490184879302978516e+01 3.542051315307617188e+00 1.135979747772216797e+01
2.165452575683593750e+01 1.476209831237792969e+01 3.482885360717773438e+00 1.127921199798583984e+01
2.167493247985839844e+01 1.468502616882324219e+01 3.440950155258178711e+00 1.124407672882080078e+01
2.169534301757812500e+01 1.464817619323730469e+01 3.454815864562988281e+00 1.119336032867431641e+01
2.171575164794921875e+01 1.465277385711669922e+01 3.463144779205322266e+00 1.118962955474853516e+01
2.173616218566894531e+01 1.468496036529541016e+01 3.403172731399536133e+00 1.128178691864013672e+01
2.175656890869140625e+01 1.451079463958740234e+01 3.225030422210693359e+00 1.128576469421386719e+01
2.177697944641113281e+01 1.426327705383300781e+01 2.964774847030639648e+00 1.129850196838378906e+01
2.179738616943359375e+01 1.420118427276611328e+01 2.995496034622192383e+00 1.120568943023681641e+01
2.181779670715332031e+01 1.422500991821289062e+01 3.093638658523559570e+00 1.113137245178222656e+01
2.183820343017578125e+01 1.429093837738037109e+01 3.153231620788574219e+00 1.113770580291748047e+01
2.185861396789550781e+01 1.432016754150390625e+01 3.236258745193481445e+00 1.108390998840332031e+01
2.187902259826660156e+01 1.434523296356201172e+01 3.244729280471801758e+00 1.110050392150878906e+01
2.189942932128906250e+01 1.439913368225097656e+01 3.191420793533325195e+00 1.120771312713623047e+01
2.191983985900878906e+01 1.448237800598144531e+01 3.188995361328125000e+00 1.129338359832763672e+01
2.194024658203125000e+01 1.450217342376708984e+01 3.186574697494506836e+00 1.131559848785400391e+01
2.196065711975097656e+01 1.445564270019531250e+01 3.131288766860961914e+00 1.132435417175292969e+01
2.198106384277343750e+01 1.428573703765869141e+01 3.043433427810668945e+00 1.124230289459228516e+01
2.200147438049316406e+01 1.414914703369140625e+01 3.064003467559814453e+00 1.108514308929443359e+01
2.202188110351562500e+01 1.419073200225830078e+01 3.169326543807983398e+00 1.102140522003173828e+01
2.204229164123535156e+01 1.436590957641601562e+01 3.223409891128540039e+00 1.114250087738037109e+01
2.206270027160644531e+01 1.442738437652587891e+01 3.231278896331787109e+00 1.119610500335693359e+01
2.208311080932617188e+01 1.444112110137939453e+01 3.272738218307495117e+00 1.116838073730468750e+01
2.210351753234863281e+01 1.450588512420654297e+01 3.304915904998779297e+00 1.120097064971923828e+01
2.212392807006835938e+01 1.455923080444335938e+01 3.310523271560668945e+00 1.124870777130126953e+01
2.214433479309082031e+01 1.461276245117187500e+01 3.295580863952636719e+00 1.131718254089355469e+01
2.216474151611328125e+01 1.470462036132812500e+01 3.284446001052856445e+00 1.142017555236816406e+01
2.218515205383300781e+01 1.478436946868896484e+01 3.282503366470336914e+00 1.150186634063720703e+01
2.220556068420410156e+01 1.487498569488525391e+01 3.270323038101196289e+00 1.160466384887695312e+01
2.222597122192382812e+01 1.507149124145507812e+01 3.289400339126586914e+00 1.178209018707275391e+01
2.224637794494628906e+01 1.526170921325683594e+01 3.239572763442993164e+00 1.202213668823242188e+01
2.226678848266601562e+01 1.554038143157958984e+01 3.219401359558105469e+00 1.232098102569580078e+01
2.228719520568847656e+01 1.585547065734863281e+01 3.276604413986206055e+00 1.257886695861816406e+01
2.230760574340820312e+01 1.624214935302734375e+01 3.366969347000122070e+00 1.287518310546875000e+01
2.232801246643066406e+01 1.676953887939453125e+01 3.389623880386352539e+00 1.337991714477539062e+01
2.234842300415039062e+01 1.667604446411132812e+01 3.364569187164306641e+00 1.331147480010986328e+01
2.236883163452148438e+01 1.684730911254882812e+01 3.435878515243530273e+00 1.341143131256103516e+01
2.238923835754394531e+01 1.700077438354492188e+01 3.506523132324218750e+00 1.349424839019775391e+01
2.240964889526367188e+01 1.663418579101562500e+01 3.533774614334106445e+00 1.310041141510009766e+01
2.243005561828613281e+01 1.644826889038085938e+01 3.254667758941650391e+00 1.319360160827636719e+01
2.245046615600585938e+01 1.625219154357910156e+01 3.042712450027465820e+00 1.320947933197021484e+01
2.247087287902832031e+01 1.607174873352050781e+01 2.870560169219970703e+00 1.320118713378906250e+01
2.249128341674804688e+01 1.584702873229980469e+01 2.754066944122314453e+00 1.309296226501464844e+01
2.251169013977050781e+01 1.544080638885498047e+01 2.739872932434082031e+00 1.270093345642089844e+01
2.253210067749023438e+01 1.516531658172607422e+01 2.624240875244140625e+00 1.254107379913330078e+01
2.255250930786132812e+01 1.547199440002441406e+01 2.747652053833007812e+00 1.272434234619140625e+01
2.257291984558105469e+01 1.550235652923583984e+01 2.726608276367187500e+00 1.277574920654296875e+01
2.259332656860351562e+01 1.577144622802734375e+01 2.648386478424072266e+00 1.312306022644042969e+01
2.261373329162597656e+01 1.601193809509277344e+01 2.743388652801513672e+00 1.326854991912841797e+01
2.263414382934570312e+01 1.604738426208496094e+01 2.839277029037475586e+00 1.320810699462890625e+01
2.265455055236816406e+01 1.592991828918457031e+01 2.865778446197509766e+00 1.306413936614990234e+01
2.267496109008789062e+01 1.593117809295654297e+01 2.863198757171630859e+00 1.306797885894775391e+01
2.269536972045898438e+01 1.627079772949218750e+01 2.965049743652343750e+00 1.330574989318847656e+01
2.271578025817871094e+01 1.630475044250488281e+01 3.123625516891479492e+00 1.318112182617187500e+01
2.273618698120117188e+01 1.627037048339843750e+01 3.262964725494384766e+00 1.300740432739257812e+01
2.275659751892089844e+01 1.580835723876953125e+01 3.053327083587646484e+00 1.275502967834472656e+01
2.277700424194335938e+01 1.548728656768798828e+01 3.026417732238769531e+00 1.246086788177490234e+01
2.279741477966308594e+01 1.526404380798339844e+01 3.092488288879394531e+00 1.217155456542968750e+01
2.281782150268554688e+01 1.489704513549804688e+01 2.966973066329956055e+00 1.193007183074951172e+01
2.283823013305664062e+01 1.466045379638671875e+01 3.001533269882202148e+00 1.165891838073730469e+01
2.285863876342773438e+01 1.459949111938476562e+01 3.148612499237060547e+00 1.145088005065917969e+01
2.287904739379882812e+01 1.441563701629638672e+01 3.006118535995483398e+00 1.140951824188232422e+01
2.289945793151855469e+01 1.428546905517578125e+01 2.951691627502441406e+00 1.133377742767333984e+01
2.291986465454101562e+01 1.415723419189453125e+01 2.910940408706665039e+00 1.124629402160644531e+01
2.294027519226074219e+01 1.404720115661621094e+01 2.877044200897216797e+00 1.117015743255615234e+01
2.296068191528320312e+01 1.390359020233154297e+01 2.890126705169677734e+00 1.101346397399902344e+01
2.298109245300292969e+01 1.384507465362548828e+01 3.008916139602661133e+00 1.083615875244140625e+01
2.300149917602539062e+01 1.384484100341796875e+01 3.041632652282714844e+00 1.080320835113525391e+01
2.302190971374511719e+01 1.382205390930175781e+01 3.069611310958862305e+00 1.075244140625000000e+01
2.304231834411621094e+01 1.366416740417480469e+01 3.043517112731933594e+00 1.062065124511718750e+01
2.306272506713867188e+01 1.353517627716064453e+01 3.043419122695922852e+00 1.049175643920898438e+01
2.308313560485839844e+01 1.343339824676513672e+01 3.060432672500610352e+00 1.037296485900878906e+01
2.310354232788085938e+01 1.346617221832275391e+01 3.098657846450805664e+00 1.036751365661621094e+01
2.312395286560058594e+01 1.352794170379638672e+01 3.220670700073242188e+00 1.030727195739746094e+01
2.314435958862304688e+01 1.356428527832031250e+01 3.203867197036743164e+00 1.036041736602783203e+01
2.316477012634277344e+01 1.340791702270507812e+01 3.032595872879028320e+00 1.037532234191894531e+01
2.318517875671386719e+01 1.328419017791748047e+01 2.927190780639648438e+00 1.035699939727783203e+01
2.320558929443359375e+01 1.333419609069824219e+01 2.982386350631713867e+00 1.035180950164794922e+01
2.322599601745605469e+01 1.321337604522705078e+01 2.929776668548583984e+00 1.028359985351562500e+01
2.324640655517578125e+01 1.326639366149902344e+01 2.993626356124877930e+00 1.027276420593261719e+01
2.326681327819824219e+01 1.334274482727050781e+01 3.048104524612426758e+00 1.029464054107666016e+01
2.328722000122070312e+01 1.350151920318603516e+01 3.140522718429565430e+00 1.036099720001220703e+01
2.330763053894042969e+01 1.365408992767333984e+01 3.255888462066650391e+00 1.039820194244384766e+01
2.332803726196289062e+01 1.382416820526123047e+01 3.320255994796752930e+00 1.050391101837158203e+01
2.334844779968261719e+01 1.405881881713867188e+01 3.379897117614746094e+00 1.067892265319824219e+01
2.336885643005371094e+01 1.415665435791015625e+01 3.388214111328125000e+00 1.076844024658203125e+01
2.338926696777343750e+01 1.410173034667968750e+01 3.314123153686523438e+00 1.078760910034179688e+01
2.340967369079589844e+01 1.410569667816162109e+01 3.293849706649780273e+00 1.081184673309326172e+01
2.343008422851562500e+01 1.414072704315185547e+01 3.362501144409179688e+00 1.077822494506835938e+01
2.345049095153808594e+01 1.439177036285400391e+01 3.467783451080322266e+00 1.092398738861083984e+01
2.347090148925781250e+01 1.448130416870117188e+01 3.463238239288330078e+00 1.101806640625000000e+01
2.349130821228027344e+01 1.446883392333984375e+01 3.455643653869628906e+00 1.101318931579589844e+01
2.351171875000000000e+01 1.484476470947265625e+01 3.611989021301269531e+00 1.123277568817138672e+01
2.353212738037109375e+01 1.489725494384765625e+01 3.629711151123046875e+00 1.126754379272460938e+01
2.355253410339355469e+01 1.494875049591064453e+01 3.571679830551147461e+00 1.137707138061523438e+01
2.357294464111328125e+01 1.472445487976074219e+01 3.315211296081542969e+00 1.140924453735351562e+01
2.359335136413574219e+01 1.460273361206054688e+01 3.203268289566040039e+00 1.139946556091308594e+01
2.361376190185546875e+01 1.429194164276123047e+01 3.105711460113525391e+00 1.118623065948486328e+01
2.363416862487792969e+01 1.423737430572509766e+01 3.103029727935791016e+00 1.113434600830078125e+01
2.365457916259765625e+01 1.476445960998535156e+01 3.247096776962280273e+00 1.151736259460449219e+01
2.367498779296875000e+01 1.450074100494384766e+01 2.949545621871948242e+00 1.155119419097900391e+01
2.369539642333984375e+01 1.466847610473632812e+01 2.946499586105346680e+00 1.172197628021240234e+01
2.371580505371093750e+01 1.448502063751220703e+01 2.972228050231933594e+00 1.151279258728027344e+01
2.373621559143066406e+01 1.480571174621582031e+01 2.970176219940185547e+00 1.183553504943847656e+01
2.375662231445312500e+01 1.491597747802734375e+01 3.058316230773925781e+00 1.185766029357910156e+01
2.377702903747558594e+01 1.487943649291992188e+01 3.009881258010864258e+00 1.186955451965332031e+01
2.379743957519531250e+01 1.508358764648437500e+01 3.027418851852416992e+00 1.205616950988769531e+01
2.381784629821777344e+01 1.516809272766113281e+01 3.212776899337768555e+00 1.195531654357910156e+01
2.383825683593750000e+01 1.549526977539062500e+01 3.273293256759643555e+00 1.222197532653808594e+01
2.385866546630859375e+01 1.579955196380615234e+01 3.267483234405517578e+00 1.253206825256347656e+01
2.387907600402832031e+01 1.558152294158935547e+01 3.185992956161499023e+00 1.239553070068359375e+01
2.389948272705078125e+01 1.562919425964355469e+01 2.889786243438720703e+00 1.273940849304199219e+01
2.391989326477050781e+01 1.602042961120605469e+01 2.759717941284179688e+00 1.326071357727050781e+01
2.394029998779296875e+01 1.649870491027832031e+01 2.610372543334960938e+00 1.388833808898925781e+01
2.396071052551269531e+01 1.688062667846679688e+01 2.414823293685913086e+00 1.446580696105957031e+01
2.398111724853515625e+01 1.675759506225585938e+01 2.311945199966430664e+00 1.444565200805664062e+01
2.400152587890625000e+01 1.672264862060546875e+01 2.257117271423339844e+00 1.446553230285644531e+01
2.402193641662597656e+01 1.689475440979003906e+01 2.307518482208251953e+00 1.458723831176757812e+01
2.404234313964843750e+01 1.641109657287597656e+01 2.340409755706787109e+00 1.407068634033203125e+01
2.406275367736816406e+01 1.627629852294921875e+01 2.408562421798706055e+00 1.386773681640625000e+01
2.408316040039062500e+01 1.640438842773437500e+01 2.513378381729125977e+00 1.389101219177246094e+01
2.410357093811035156e+01 1.637216758728027344e+01 2.527141094207763672e+00 1.384502506256103516e+01
2.412397766113281250e+01 1.603171920776367188e+01 2.549315452575683594e+00 1.348240375518798828e+01
2.414438819885253906e+01 1.586209678649902344e+01 2.540219783782958984e+00 1.332187652587890625e+01
2.416479492187500000e+01 1.549792289733886719e+01 2.508850097656250000e+00 1.298907279968261719e+01
