# NTRMN  = 177
# NTRANS = 218
-3.052340745925903320e-01 0.000000000000000000e+00 0.000000000000000000e+00 0.000000000000000000e+00
-2.848252356052398682e-01 0.000000000000000000e+00 0.000000000000000000e+00 0.000000000000000000e+00
-2.644163966178894043e-01 0.000000000000000000e+00 0.000000000000000000e+00 0.000000000000000000e+00
-2.440075576305389404e-01 0.000000000000000000e+00 0.000000000000000000e+00 0.000000000000000000e+00
-2.235987037420272827e-01 0.000000000000000000e+00 0.000000000000000000e+00 0.000000000000000000e+00
-2.031898647546768188e-01 0.000000000000000000e+00 0.000000000000000000e+00 0.000000000000000000e+00
-1.623729914426803589e-01 0.000000000000000000e+00 0.000000000000000000e+00 0.000000000000000000e+00
-1.419641524553298950e-01 0.000000000000000000e+00 0.000000000000000000e+00 0.000000000000000000e+00
-1.215553134679794312e-01 0.000000000000000000e+00 0.000000000000000000e+00 0.000000000000000000e+00
-8.073762804269790649e-02 0.000000000000000000e+00 0.000000000000000000e+00 0.000000000000000000e+00
-6.032959371805191040e-02 0.000000000000000000e+00 0.000000000000000000e+00 0.000000000000000000e+00
-3.992075473070144653e-02 0.000000000000000000e+00 0.000000000000000000e+00 0.000000000000000000e+00
-1.951191015541553497e-02 0.000000000000000000e+00 0.000000000000000000e+00 0.000000000000000000e+00
2.130577340722084045e-02 0.000000000000000000e+00 0.000000000000000000e+00 0.000000000000000000e+00
4.171380400657653809e-02 0.000000000000000000e+00 0.000000000000000000e+00 0.000000000000000000e+00
6.212264671921730042e-02 0.000000000000000000e+00 0.000000000000000000e+00 0.000000000000000000e+00
8.253148943185806274e-02 0.000000000000000000e+00 0.000000000000000000e+00 0.000000000000000000e+00
1.029403284192085266e-01 0.000000000000000000e+00 0.000000000000000000e+00 0.000000000000000000e+00
1.233491748571395874e-01 0.000000000000000000e+00 0.000000000000000000e+00 0.000000000000000000e+00
1.437580138444900513e-01 0.000000000000000000e+00 0.000000000000000000e+00 0.000000000000000000e+00
2.049837261438369751e-01 0.000000000000000000e+00 0.000000000000000000e+00 0.000000000000000000e+00
2.253925800323486328e-01 0.000000000000000000e+00 0.000000000000000000e+00 0.000000000000000000e+00
2.458014190196990967e-01 0.000000000000000000e+00 0.000000000000000000e+00 0.000000000000000000e+00
2.662102580070495605e-01 0.000000000000000000e+00 0.000000000000000000e+00 0.000000000000000000e+00
2.866182923316955566e-01 0.000000000000000000e+00 0.000000000000000000e+00 0.000000000000000000e+00
3.070271313190460205e-01 0.000000000000000000e+00 0.000000000000000000e+00 0.000000000000000000e+00
3.274359703063964844e-01 0.000000000000000000e+00 0.000000000000000000e+00 0.000000000000000000e+00
3.478448092937469482e-01 0.000000000000000000e+00 0.000000000000000000e+00 0.000000000000000000e+00
3.682536482810974121e-01 0.000000000000000000e+00 0.000000000000000000e+00 0.000000000000000000e+00
3.886616826057434082e-01 0.000000000000000000e+00 0.000000000000000000e+00 0.000000000000000000e+00
4.090705215930938721e-01 0.000000000000000000e+00 0.000000000000000000e+00 0.000000000000000000e+00
4.294793605804443359e-01 0.000000000000000000e+00 0.000000000000000000e+00 0.000000000000000000e+00
4.498882293701171875e-01 0.000000000000000000e+00 0.000000000000000000e+00 0.000000000000000000e+00
4.702970683574676514e-01 0.000000000000000000e+00 0.000000000000000000e+00 0.000000000000000000e+00
4.907059073448181152e-01 0.000000000000000000e+00 0.000000000000000000e+00 0.000000000000000000e+00
5.111139416694641113e-01 0.000000000000000000e+00 0.000000000000000000e+00 0.000000000000000000e+00
5.315227508544921875e-01 0.000000000000000000e+00 0.000000000000000000e+00 0.000000000000000000e+00
5.519316196441650391e-01 0.000000000000000000e+00 0.000000000000000000e+00 0.000000000000000000e+00
5.723404884338378906e-01 0.000000000000000000e+00 0.000000000000000000e+00 0.000000000000000000e+00
5.927492976188659668e-01 0.000000000000000000e+00 0.000000000000000000e+00 0.000000000000000000e+00
6.131581664085388184e-01 0.000000000000000000e+00 0.000000000000000000e+00 0.000000000000000000e+00
6.335662007331848145e-01 0.000000000000000000e+00 0.000000000000000000e+00 0.000000000000000000e+00
6.539750099182128906e-01 0.000000000000000000e+00 0.000000000000000000e+00 0.000000000000000000e+00
6.743838787078857422e-01 0.000000000000000000e+00 0.000000000000000000e+00 0.000000000000000000e+00
6.947926878929138184e-01 0.000000000000000000e+00 0.000000000000000000e+00 0.000000000000000000e+00
7.152015566825866699e-01 0.000000000000000000e+00 0.000000000000000000e+00 0.000000000000000000e+00
7.356095910072326660e-01 0.000000000000000000e+00 0.000000000000000000e+00 0.000000000000000000e+00
7.560184001922607422e-01 0.000000000000000000e+00 0.000000000000000000e+00 0.000000000000000000e+00
7.764272689819335938e-01 0.000000000000000000e+00 0.000000000000000000e+00 0.000000000000000000e+00
7.968360781669616699e-01 0.000000000000000000e+00 0.000000000000000000e+00 0.000000000000000000e+00
8.172449469566345215e-01 0.000000000000000000e+00 0.000000000000000000e+00 0.000000000000000000e+00
8.376538157463073730e-01 0.000000000000000000e+00 0.000000000000000000e+00 0.000000000000000000e+00
8.580617904663085938e-01 0.000000000000000000e+00 0.000000000000000000e+00 0.000000000000000000e+00
8.784706592559814453e-01 0.000000000000000000e+00 0.000000000000000000e+00 0.000000000000000000e+00
8.988795280456542969e-01 0.000000000000000000e+00 0.000000000000000000e+00 0.000000000000000000e+00
9.192883372306823730e-01 0.000000000000000000e+00 0.000000000000000000e+00 0.000000000000000000e+00
9.396972060203552246e-01 0.000000000000000000e+00 0.000000000000000000e+00 0.000000000000000000e+00
9.601060152053833008e-01 0.000000000000000000e+00 0.000000000000000000e+00 0.000000000000000000e+00
9.805140495300292969e-01 0.000000000000000000e+00 0.000000000000000000e+00 0.000000000000000000e+00
1.000922918319702148e+00 0.000000000000000000e+00 0.000000000000000000e+00 0.000000000000000000e+00
1.021331787109375000e+00 0.000000000000000000e+00 0.000000000000000000e+00 0.000000000000000000e+00
1.041740536689758301e+00 0.000000000000000000e+00 0.000000000000000000e+00 0.000000000000000000e+00
1.062149405479431152e+00 0.000000000000000000e+00 0.000000000000000000e+00 0.000000000000000000e+00
1.082557439804077148e+00 0.000000000000000000e+00 0.000000000000000000e+00 0.000000000000000000e+00
1.102966308593750000e+00 0.000000000000000000e+00 0.000000000000000000e+00 0.000000000000000000e+00
1.123375177383422852e+00 0.000000000000000000e+00 0.000000000000000000e+00 0.000000000000000000e+00
1.143784046173095703e+00 0.000000000000000000e+00 0.000000000000000000e+00 0.000000000000000000e+00
1.164192795753479004e+00 0.000000000000000000e+00 0.000000000000000000e+00 0.000000000000000000e+00
1.225418567657470703e+00 0.000000000000000000e+00 0.000000000000000000e+00 0.000000000000000000e+00
1.245827436447143555e+00 0.000000000000000000e+00 0.000000000000000000e+00 0.000000000000000000e+00
1.266236186027526855e+00 0.000000000000000000e+00 0.000000000000000000e+00 0.000000000000000000e+00
1.286645054817199707e+00 0.000000000000000000e+00 0.000000000000000000e+00 0.000000000000000000e+00
1.307053923606872559e+00 0.000000000000000000e+00 0.000000000000000000e+00 0.000000000000000000e+00
1.388688445091247559e+00 0.000000000000000000e+00 0.000000000000000000e+00 0.000000000000000000e+00
1.409097313880920410e+00 0.000000000000000000e+00 0.000000000000000000e+00 0.000000000000000000e+00
1.470323085784912109e+00 0.000000000000000000e+00 0.000000000000000000e+00 0.000000000000000000e+00
1.490731835365295410e+00 0.000000000000000000e+00 0.000000000000000000e+00 0.000000000000000000e+00
1.511140704154968262e+00 0.000000000000000000e+00 0.000000000000000000e+00 0.000000000000000000e+00
1.531549572944641113e+00 0.000000000000000000e+00 0.000000000000000000e+00 0.000000000000000000e+00
1.633592963218688965e+00 0.000000000000000000e+00 0.000000000000000000e+00 0.000000000000000000e+00
1.654001832008361816e+00 0.000000000000000000e+00 0.000000000000000000e+00 0.000000000000000000e+00
1.674409866333007812e+00 0.000000000000000000e+00 0.000000000000000000e+00 0.000000000000000000e+00
1.694818615913391113e+00 0.000000000000000000e+00 0.000000000000000000e+00 0.000000000000000000e+00
1.715227484703063965e+00 0.000000000000000000e+00 0.000000000000000000e+00 0.000000000000000000e+00
1.735636353492736816e+00 0.000000000000000000e+00 0.000000000000000000e+00 0.000000000000000000e+00
1.756045222282409668e+00 0.000000000000000000e+00 0.000000000000000000e+00 0.000000000000000000e+00
1.776453256607055664e+00 0.000000000000000000e+00 0.000000000000000000e+00 0.000000000000000000e+00
1.796862125396728516e+00 0.000000000000000000e+00 0.000000000000000000e+00 0.000000000000000000e+00
1.817270874977111816e+00 0.000000000000000000e+00 0.000000000000000000e+00 0.000000000000000000e+00
1.878496646881103516e+00 0.000000000000000000e+00 0.000000000000000000e+00 0.000000000000000000e+00
1.898905515670776367e+00 0.000000000000000000e+00 0.000000000000000000e+00 0.000000000000000000e+00
1.919314265251159668e+00 0.000000000000000000e+00 0.000000000000000000e+00 0.000000000000000000e+00
1.939723134040832520e+00 0.000000000000000000e+00 0.000000000000000000e+00 0.000000000000000000e+00
1.960132002830505371e+00 0.000000000000000000e+00 0.000000000000000000e+00 0.000000000000000000e+00
1.980540871620178223e+00 0.000000000000000000e+00 0.000000000000000000e+00 0.000000000000000000e+00
2.000949621200561523e+00 0.000000000000000000e+00 0.000000000000000000e+00 0.000000000000000000e+00
2.021358489990234375e+00 0.000000000000000000e+00 0.000000000000000000e+00 0.000000000000000000e+00
2.041767358779907227e+00 0.000000000000000000e+00 0.000000000000000000e+00 0.000000000000000000e+00
2.102992296218872070e+00 5.936425685882568359e+00 5.936425685882568359e+00 4.113774598746289257e-11
2.143810033798217773e+00 7.766390800476074219e+00 7.766390800476074219e+00 5.802226060724890999e-11
2.245854139328002930e+00 7.413511753082275391e+00 7.413511753082275391e+00 5.690346804865242802e-11
2.286671876907348633e+00 1.278786373138427734e+01 1.278786373138427734e+01 3.092510136859516479e-10
2.307079076766967773e+00 1.394585609436035156e+01 1.394585609436035156e+01 3.473555887367751893e-10
2.368305683135986328e+00 1.358532142639160156e+01 1.358532142639160156e+01 5.844819295219849664e-09
2.409123182296752930e+00 1.335514640808105469e+01 1.335514640808105469e+01 6.169966315638930610e-09
2.429532051086425781e+00 1.324295902252197266e+01 1.324295902252197266e+01 3.895775257944933401e-09
2.531574726104736328e+00 9.418396949768066406e+00 9.418396949768066406e+00 1.305357102410198422e-07
2.572392463684082031e+00 3.735498428344726562e+00 3.735498428344726562e+00 1.311099424583517248e-07
2.592801332473754883e+00 2.895444154739379883e+00 2.895444154739379883e+00 1.314402737762065954e-07
2.613210201263427734e+00 2.590220212936401367e+00 2.590220212936401367e+00 1.325876866076214355e-07
2.633618831634521484e+00 2.764669895172119141e+00 2.764669895172119141e+00 1.350449707615553052e-07
2.654027700424194336e+00 2.743861436843872070e+00 2.743861436843872070e+00 1.361969879098978708e-07
2.674436569213867188e+00 2.995035886764526367e+00 2.995035886764526367e+00 1.391930197769397637e-07
2.694845438003540039e+00 2.781362533569335938e+00 2.781362533569335938e+00 1.417432287098563393e-07
2.715254306793212891e+00 2.760456800460815430e+00 2.760456800460815430e+00 1.503027249327715253e-07
2.735663175582885742e+00 2.737675189971923828e+00 2.737675189971923828e+00 1.471809412123548100e-07
2.837705612182617188e+00 2.978904962539672852e+00 2.638808012008666992e+00 3.400969803333282471e-01
2.858114480972290039e+00 2.647304296493530273e+00 2.331835985183715820e+00 3.154685497283935547e-01
2.878523349761962891e+00 2.482825756072998047e+00 2.172675848007202148e+00 3.101501166820526123e-01
3.123427867889404297e+00 3.947421312332153320e+00 2.001935720443725586e+00 1.945485591888427734e+00
3.143836736679077148e+00 4.741180896759033203e+00 2.758397102355957031e+00 1.982784271240234375e+00
3.245879411697387695e+00 5.577484607696533203e+00 3.649636507034301758e+00 1.927848219871520996e+00
3.429558992385864258e+00 5.996259212493896484e+00 3.950813770294189453e+00 2.045445919036865234e+00
3.449967861175537109e+00 6.313065528869628906e+00 4.534599781036376953e+00 1.778466463088989258e+00
3.674463510513305664e+00 5.969929218292236328e+00 4.378080368041992188e+00 1.591849565505981445e+00
3.715279340744018555e+00 5.936039447784423828e+00 4.368643283843994141e+00 1.567396044731140137e+00
3.735688209533691406e+00 5.978526592254638672e+00 4.386430263519287109e+00 1.592096686363220215e+00
3.837732553482055664e+00 5.961069583892822266e+00 4.403909683227539062e+00 1.557160377502441406e+00
3.858141422271728516e+00 5.948423385620117188e+00 4.551247119903564453e+00 1.397176742553710938e+00
3.960183858871459961e+00 6.025305271148681641e+00 4.705996990203857422e+00 1.319309353828430176e+00
4.103045940399169922e+00 6.016131401062011719e+00 4.845534324645996094e+00 1.170596957206726074e+00
4.205088615417480469e+00 6.449035644531250000e+00 5.379786968231201172e+00 1.069248914718627930e+00
4.225497245788574219e+00 6.575641632080078125e+00 5.532263278961181641e+00 1.043378710746765137e+00
4.245905876159667969e+00 6.609860897064208984e+00 5.564871788024902344e+00 1.044989824295043945e+00
4.266314983367919922e+00 6.690855979919433594e+00 5.644864082336425781e+00 1.045992374420166016e+00
4.286723613739013672e+00 6.807270050048828125e+00 5.802277088165283203e+00 1.004993438720703125e+00
4.307132720947265625e+00 6.456266880035400391e+00 5.421848773956298828e+00 1.034418463706970215e+00
4.429584026336669922e+00 6.666386127471923828e+00 5.690806388854980469e+00 9.755798578262329102e-01
4.592854976654052734e+00 6.551005363464355469e+00 5.655297279357910156e+00 8.957086801528930664e-01
4.756124019622802734e+00 6.427566528320312500e+00 5.607127666473388672e+00 8.204393982887268066e-01
4.796941757202148438e+00 6.507240772247314453e+00 5.696654796600341797e+00 8.105863928794860840e-01
4.817350387573242188e+00 6.548391342163085938e+00 5.766938209533691406e+00 7.814536094665527344e-01
4.837759494781494141e+00 6.454851627349853516e+00 5.688177108764648438e+00 7.666751146316528320e-01
4.858166694641113281e+00 6.243282318115234375e+00 5.472106933593750000e+00 7.711754441261291504e-01
4.898984432220458984e+00 6.459021091461181641e+00 5.702603816986083984e+00 7.564178109169006348e-01
4.919393062591552734e+00 6.258726596832275391e+00 5.515925884246826172e+00 7.428008317947387695e-01
4.939801692962646484e+00 6.282079696655273438e+00 5.546444416046142578e+00 7.356359362602233887e-01
4.960210800170898438e+00 6.290091991424560547e+00 5.581538677215576172e+00 7.085537910461425781e-01
4.980619430541992188e+00 6.275434970855712891e+00 5.575489997863769531e+00 6.999452114105224609e-01
5.001028537750244141e+00 6.216248035430908203e+00 5.504868030548095703e+00 7.113803625106811523e-01
5.021437168121337891e+00 6.241197109222412109e+00 5.515866279602050781e+00 7.253305912017822266e-01
5.041846275329589844e+00 6.180980205535888672e+00 5.467424392700195312e+00 7.135562896728515625e-01
5.103071212768554688e+00 6.225159645080566406e+00 5.521450996398925781e+00 7.037090063095092773e-01
5.123479843139648438e+00 6.398669242858886719e+00 5.705044746398925781e+00 6.936250329017639160e-01
5.143888473510742188e+00 6.348859786987304688e+00 5.654486179351806641e+00 6.943742036819458008e-01
5.164297580718994141e+00 6.386785030364990234e+00 5.685448169708251953e+00 7.013370394706726074e-01
5.184706211090087891e+00 6.386326313018798828e+00 5.713858127593994141e+00 6.724687814712524414e-01
5.205115318298339844e+00 6.316354274749755859e+00 5.640863418579101562e+00 6.754910945892333984e-01
5.307159423828125000e+00 6.573468208312988281e+00 5.920325279235839844e+00 6.531431674957275391e-01
5.409202098846435547e+00 6.624377727508544922e+00 6.007793903350830078e+00 6.165843605995178223e-01
5.429610729217529297e+00 6.585053443908691406e+00 5.965371608734130859e+00 6.196815371513366699e-01
5.470428466796875000e+00 6.667855739593505859e+00 6.041203975677490234e+00 6.266519427299499512e-01
5.490837574005126953e+00 6.697371959686279297e+00 6.057987689971923828e+00 6.393846273422241211e-01
5.511246204376220703e+00 6.660251140594482422e+00 6.046412944793701172e+00 6.138385534286499023e-01
5.613288879394531250e+00 6.376186847686767578e+00 5.785099506378173828e+00 5.910876393318176270e-01
5.633697509765625000e+00 6.501842975616455078e+00 5.904368400573730469e+00 5.974748730659484863e-01
5.654106616973876953e+00 6.395131111145019531e+00 5.794143199920654297e+00 6.009882092475891113e-01
5.694924354553222656e+00 6.283619880676269531e+00 5.693764209747314453e+00 5.898563861846923828e-01
5.715332984924316406e+00 6.275593280792236328e+00 5.683904170989990234e+00 5.916897058486938477e-01
5.735742092132568359e+00 6.229293346405029297e+00 5.649071216583251953e+00 5.802223086357116699e-01
5.776557922363281250e+00 6.189315795898437500e+00 5.607083797454833984e+00 5.822318792343139648e-01
5.796966552734375000e+00 6.125493049621582031e+00 5.541917800903320312e+00 5.835760235786437988e-01
5.817375659942626953e+00 6.114908218383789062e+00 5.536878585815429688e+00 5.780303478240966797e-01
5.837784290313720703e+00 6.036139011383056641e+00 5.492917537689208984e+00 5.432218313217163086e-01
5.919419765472412109e+00 6.262057304382324219e+00 5.708343982696533203e+00 5.537137389183044434e-01
5.939828872680664062e+00 6.227449417114257812e+00 5.680670261383056641e+00 5.467801690101623535e-01
5.960237503051757812e+00 6.331834316253662109e+00 5.797778129577636719e+00 5.340568423271179199e-01
5.980646133422851562e+00 6.405407905578613281e+00 5.880064010620117188e+00 5.253441333770751953e-01
6.001055240631103516e+00 6.321783065795898438e+00 5.798234939575195312e+00 5.235484838485717773e-01
6.021462440490722656e+00 6.365463256835937500e+00 5.842194557189941406e+00 5.232692360877990723e-01
6.041871070861816406e+00 6.369055271148681641e+00 5.840290069580078125e+00 5.287652611732482910e-01
6.103097915649414062e+00 6.416582584381103516e+00 5.862110614776611328e+00 5.544719696044921875e-01
6.123506546020507812e+00 6.414169311523437500e+00 5.871892929077148438e+00 5.422765612602233887e-01
6.143915653228759766e+00 6.374587535858154297e+00 5.832905769348144531e+00 5.416816473007202148e-01
6.164324283599853516e+00 6.315584659576416016e+00 5.780584335327148438e+00 5.350010395050048828e-01
6.266366958618164062e+00 6.293869018554687500e+00 5.781959056854248047e+00 5.119103193283081055e-01
6.327593326568603516e+00 6.190756797790527344e+00 5.682504177093505859e+00 5.082530975341796875e-01
6.348002433776855469e+00 6.140256881713867188e+00 5.645379066467285156e+00 4.948783218860626221e-01
6.409228801727294922e+00 6.146512031555175781e+00 5.668019294738769531e+00 4.784929156303405762e-01
6.450046539306640625e+00 5.970136642456054688e+00 5.491114616394042969e+00 4.790215790271759033e-01
6.470455169677734375e+00 6.039401054382324219e+00 5.555189609527587891e+00 4.842118322849273682e-01
6.490862369537353516e+00 5.988266944885253906e+00 5.508219242095947266e+00 4.800481200218200684e-01
6.511271476745605469e+00 5.965849876403808594e+00 5.490954399108886719e+00 4.748962521553039551e-01
6.531680107116699219e+00 5.893758296966552734e+00 5.411490917205810547e+00 4.822680652141571045e-01
6.592906951904296875e+00 5.890996932983398438e+00 5.441118717193603516e+00 4.498782753944396973e-01
6.613315582275390625e+00 5.858124256134033203e+00 5.424327373504638672e+00 4.337967634201049805e-01
6.756175994873046875e+00 5.991162300109863281e+00 5.566518306732177734e+00 4.246439635753631592e-01
6.776584625244140625e+00 5.971014976501464844e+00 5.551519870758056641e+00 4.194954037666320801e-01
6.796993732452392578e+00 5.942352771759033203e+00 5.520763397216796875e+00 4.215893745422363281e-01
6.817402362823486328e+00 5.925245761871337891e+00 5.504236221313476562e+00 4.210093617439270020e-01
6.837811470031738281e+00 5.963940620422363281e+00 5.538571834564208984e+00 4.253694415092468262e-01
6.858220100402832031e+00 5.944488525390625000e+00 5.522089958190917969e+00 4.223990440368652344e-01
6.878628730773925781e+00 6.074806690216064453e+00 5.653614997863769531e+00 4.211922287940979004e-01
6.919446468353271484e+00 6.062263965606689453e+00 5.656590938568115234e+00 4.056730866432189941e-01
6.939853668212890625e+00 6.114932060241699219e+00 5.708948135375976562e+00 4.059839248657226562e-01
6.960262775421142578e+00 6.096917152404785156e+00 5.692208290100097656e+00 4.047091007232666016e-01
6.980671405792236328e+00 6.178857326507568359e+00 5.775017261505126953e+00 4.038403034210205078e-01
7.001080513000488281e+00 6.151313304901123047e+00 5.758182525634765625e+00 3.931310176849365234e-01
7.021489143371582031e+00 6.010717868804931641e+00 5.620411396026611328e+00 3.903067708015441895e-01
7.041898250579833984e+00 5.985172748565673828e+00 5.600722789764404297e+00 3.844498395919799805e-01
7.062306880950927734e+00 5.972452163696289062e+00 5.587927341461181641e+00 3.845254480838775635e-01
7.082715511322021484e+00 5.818655490875244141e+00 5.448458194732666016e+00 3.701978921890258789e-01
7.103124618530273438e+00 5.801927089691162109e+00 5.432803630828857422e+00 3.691239953041076660e-01
7.123533248901367188e+00 5.857012748718261719e+00 5.491171360015869141e+00 3.658419549465179443e-01
7.143942356109619141e+00 5.806009769439697266e+00 5.438623428344726562e+00 3.673866987228393555e-01
7.164350986480712891e+00 5.784381866455078125e+00 5.423130989074707031e+00 3.612512350082397461e-01
7.184758186340332031e+00 5.752720832824707031e+00 5.396065235137939453e+00 3.566559553146362305e-01
7.205167293548583984e+00 5.735585689544677734e+00 5.384103298187255859e+00 3.514827489852905273e-01
7.225575923919677734e+00 5.712440967559814453e+00 5.363925933837890625e+00 3.485151529312133789e-01
7.245985031127929688e+00 5.686816215515136719e+00 5.338906764984130859e+00 3.479098677635192871e-01
7.307211399078369141e+00 5.737427711486816406e+00 5.377713203430175781e+00 3.597145080566406250e-01
7.327620029449462891e+00 5.752521991729736328e+00 5.401938915252685547e+00 3.505832850933074951e-01
7.348029136657714844e+00 5.558268070220947266e+00 5.207750797271728516e+00 3.505173325538635254e-01
7.368437767028808594e+00 5.441857337951660156e+00 5.103981971740722656e+00 3.378754854202270508e-01
7.388846874237060547e+00 5.380435466766357422e+00 5.044525623321533203e+00 3.359103202819824219e-01
7.409254074096679688e+00 5.367139816284179688e+00 5.030631542205810547e+00 3.365089893341064453e-01
7.429662704467773438e+00 5.341771125793457031e+00 5.016812801361083984e+00 3.249582648277282715e-01
7.450071811676025391e+00 5.313416481018066406e+00 4.990216732025146484e+00 3.232001066207885742e-01
7.470480442047119141e+00 5.305231094360351562e+00 4.976583957672119141e+00 3.286472260951995850e-01
7.490889549255371094e+00 5.262115955352783203e+00 4.940655231475830078e+00 3.214607536792755127e-01
7.511298179626464844e+00 5.247818470001220703e+00 4.928823947906494141e+00 3.189948797225952148e-01
7.531706809997558594e+00 5.215106487274169922e+00 4.897987365722656250e+00 3.171194195747375488e-01
7.552115917205810547e+00 5.187130928039550781e+00 4.868901252746582031e+00 3.182301521301269531e-01
7.572524547576904297e+00 5.182938575744628906e+00 4.865262985229492188e+00 3.176758289337158203e-01
7.592933654785156250e+00 5.139205455780029297e+00 4.823810577392578125e+00 3.153952360153198242e-01
7.613342285156250000e+00 5.123459339141845703e+00 4.804590702056884766e+00 3.188690841197967529e-01
7.633749485015869141e+00 5.149008274078369141e+00 4.829378128051757812e+00 3.196303248405456543e-01
7.654158592224121094e+00 5.073580265045166016e+00 4.753949165344238281e+00 3.196316957473754883e-01
7.674567222595214844e+00 5.064377307891845703e+00 4.745986461639404297e+00 3.183910846710205078e-01
7.694976329803466797e+00 5.085819244384765625e+00 4.767619609832763672e+00 3.181999921798706055e-01
7.715384960174560547e+00 5.042654514312744141e+00 4.728634834289550781e+00 3.140193819999694824e-01
7.776611328125000000e+00 5.222951412200927734e+00 4.911507606506347656e+00 3.114442825317382812e-01
7.797020435333251953e+00 5.220714092254638672e+00 4.906326770782470703e+00 3.143877089023590088e-01
7.817429065704345703e+00 5.204997539520263672e+00 4.893517971038818359e+00 3.114795982837677002e-01
7.837838172912597656e+00 5.191211223602294922e+00 4.880775928497314453e+00 3.104355335235595703e-01
7.858246803283691406e+00 5.103632926940917969e+00 4.796510696411132812e+00 3.071223497390747070e-01
7.878654003143310547e+00 5.090413093566894531e+00 4.784086704254150391e+00 3.063262701034545898e-01
7.899063110351562500e+00 5.097420215606689453e+00 4.785364151000976562e+00 3.120566308498382568e-01
7.960289478302001953e+00 5.186009407043457031e+00 4.877871513366699219e+00 3.081381022930145264e-01
7.980698108673095703e+00 5.175407886505126953e+00 4.877396583557128906e+00 2.980114519596099854e-01
8.001107215881347656e+00 5.141525268554687500e+00 4.835035800933837891e+00 3.064899146556854248e-01
8.021515846252441406e+00 5.155415058135986328e+00 4.857053756713867188e+00 2.983614802360534668e-01
8.164376258850097656e+00 5.081358432769775391e+00 4.798454284667968750e+00 2.829044461250305176e-01
8.205193519592285156e+00 5.049276351928710938e+00 4.765831470489501953e+00 2.834454178810119629e-01
8.225603103637695312e+00 4.955252170562744141e+00 4.684159278869628906e+00 2.710924148559570312e-01
8.266420364379882812e+00 4.929616451263427734e+00 4.659581661224365234e+00 2.700350284576416016e-01
8.286828994750976562e+00 4.904332637786865234e+00 4.643773078918457031e+00 2.605597376823425293e-01
8.388872146606445312e+00 4.692214012145996094e+00 4.433187484741210938e+00 2.590265274047851562e-01
8.409280776977539062e+00 4.684889316558837891e+00 4.426698207855224609e+00 2.581915557384490967e-01
8.429689407348632812e+00 4.680863857269287109e+00 4.427340507507324219e+00 2.535233795642852783e-01
8.450098037719726562e+00 4.678799152374267578e+00 4.425146579742431641e+00 2.536529004573822021e-01
8.470507621765136719e+00 4.632602214813232422e+00 4.377744674682617188e+00 2.548575699329376221e-01
8.490916252136230469e+00 4.608617782592773438e+00 4.358764171600341797e+00 2.498539090156555176e-01
8.511324882507324219e+00 4.603127479553222656e+00 4.352530956268310547e+00 2.505970895290374756e-01
8.531733512878417969e+00 4.529441356658935547e+00 4.277584075927734375e+00 2.518577873706817627e-01
8.552143096923828125e+00 4.513834953308105469e+00 4.267375946044921875e+00 2.464592158794403076e-01
8.572549819946289062e+00 4.515713691711425781e+00 4.269783496856689453e+00 2.459302991628646851e-01
8.592958450317382812e+00 4.474738121032714844e+00 4.230390548706054688e+00 2.443474829196929932e-01
8.613367080688476562e+00 4.466959953308105469e+00 4.225925445556640625e+00 2.410344332456588745e-01
8.695002555847167969e+00 4.449401378631591797e+00 4.204145431518554688e+00 2.452560365200042725e-01
8.756229400634765625e+00 4.456479549407958984e+00 4.214390754699707031e+00 2.420884966850280762e-01
8.797045707702636719e+00 4.491271495819091797e+00 4.249262332916259766e+00 2.420092523097991943e-01
8.817454338073730469e+00 4.479236602783203125e+00 4.239427089691162109e+00 2.398092597723007202e-01
8.858271598815917969e+00 4.497599601745605469e+00 4.253673076629638672e+00 2.439267933368682861e-01
8.878681182861328125e+00 4.487260341644287109e+00 4.243895530700683594e+00 2.433655560016632080e-01
9.021542549133300781e+00 4.517225265502929688e+00 4.272218704223632812e+00 2.450072169303894043e-01
9.041950225830078125e+00 4.471029758453369141e+00 4.222862720489501953e+00 2.481678426265716553e-01
9.062358856201171875e+00 4.507120609283447266e+00 4.268826484680175781e+00 2.382946610450744629e-01
9.082767486572265625e+00 4.452706813812255859e+00 4.210474967956542969e+00 2.422318011522293091e-01
9.103176116943359375e+00 4.415652751922607422e+00 4.179996967315673828e+00 2.356562763452529907e-01
9.143994331359863281e+00 4.456133365631103516e+00 4.226788520812988281e+00 2.293453812599182129e-01
9.266445159912109375e+00 4.416479110717773438e+00 4.195476055145263672e+00 2.210034132003784180e-01
9.286854743957519531e+00 4.466061592102050781e+00 4.245544433593750000e+00 2.205172181129455566e-01
9.307263374328613281e+00 4.488982200622558594e+00 4.267099857330322266e+00 2.218827605247497559e-01
9.327672004699707031e+00 4.477703571319580078e+00 4.259046554565429688e+00 2.186574339866638184e-01
9.348080635070800781e+00 4.505978107452392578e+00 4.286880493164062500e+00 2.190985679626464844e-01
9.368490219116210938e+00 4.464238166809082031e+00 4.245600700378417969e+00 2.186374068260192871e-01
9.388898849487304688e+00 4.456448078155517578e+00 4.237647056579589844e+00 2.188009619712829590e-01
9.409307479858398438e+00 4.452404499053955078e+00 4.242448329925537109e+00 2.099561691284179688e-01
9.429716110229492188e+00 4.417141914367675781e+00 4.206610679626464844e+00 2.105312943458557129e-01
9.450124740600585938e+00 4.390233993530273438e+00 4.181059360504150391e+00 2.091745734214782715e-01
9.470534324645996094e+00 4.416541576385498047e+00 4.206174373626708984e+00 2.103672772645950317e-01
9.490941047668457031e+00 4.408522605895996094e+00 4.200913906097412109e+00 2.076092809438705444e-01
9.511349678039550781e+00 4.397197723388671875e+00 4.191899776458740234e+00 2.052984535694122314e-01
9.531759262084960938e+00 4.390115261077880859e+00 4.189203262329101562e+00 2.009121179580688477e-01
9.552167892456054688e+00 4.387012004852294922e+00 4.186517715454101562e+00 2.004946172237396240e-01
9.572576522827148438e+00 4.386255741119384766e+00 4.187594890594482422e+00 1.986613273620605469e-01
9.592985153198242188e+00 4.363781452178955078e+00 4.166208744049072266e+00 1.975731551647186279e-01
9.613394737243652344e+00 4.371080875396728516e+00 4.174795627593994141e+00 1.962857097387313843e-01
9.633803367614746094e+00 4.351632118225097656e+00 4.156011581420898438e+00 1.956209391355514526e-01
9.654211997985839844e+00 4.320474147796630859e+00 4.127388477325439453e+00 1.930852532386779785e-01
9.674620628356933594e+00 4.321038722991943359e+00 4.128579616546630859e+00 1.924595832824707031e-01
9.695029258728027344e+00 4.307266235351562500e+00 4.117419242858886719e+00 1.898474991321563721e-01
9.715438842773437500e+00 4.294277667999267578e+00 4.105073928833007812e+00 1.892040669918060303e-01
9.735845565795898438e+00 4.293920516967773438e+00 4.105075359344482422e+00 1.888453960418701172e-01
9.756254196166992188e+00 4.263007164001464844e+00 4.073177814483642578e+00 1.898297667503356934e-01
9.776663780212402344e+00 4.247733116149902344e+00 4.059778213500976562e+00 1.879550069570541382e-01
9.797072410583496094e+00 4.244939327239990234e+00 4.059872627258300781e+00 1.850669980049133301e-01
9.817481040954589844e+00 4.234912872314453125e+00 4.051433086395263672e+00 1.834799498319625854e-01
9.837889671325683594e+00 4.224887371063232422e+00 4.040594577789306641e+00 1.842932999134063721e-01
9.858299255371093750e+00 4.204264640808105469e+00 4.021302223205566406e+00 1.829621493816375732e-01
9.878707885742187500e+00 4.189880371093750000e+00 4.008148193359375000e+00 1.817325651645660400e-01
9.899116516113281250e+00 4.193420886993408203e+00 4.014394760131835938e+00 1.790265291929244995e-01
9.919525146484375000e+00 4.158506870269775391e+00 3.979588508605957031e+00 1.789189875125885010e-01
9.939933776855468750e+00 4.151689529418945312e+00 3.970213174819946289e+00 1.814770102500915527e-01
9.960341453552246094e+00 4.124276638031005859e+00 3.946456432342529297e+00 1.778199374675750732e-01
9.980750083923339844e+00 4.121970176696777344e+00 3.944383144378662109e+00 1.775869429111480713e-01
1.000115871429443359e+01 4.113979816436767578e+00 3.939924478530883789e+00 1.740558445453643799e-01
1.002156829833984375e+01 4.089088916778564453e+00 3.915179491043090820e+00 1.739097535610198975e-01
1.004197692871093750e+01 4.083816051483154297e+00 3.908414840698242188e+00 1.754014641046524048e-01
1.006238555908203125e+01 4.069182395935058594e+00 3.895729064941406250e+00 1.734534949064254761e-01
1.008279418945312500e+01 4.043387889862060547e+00 3.870036840438842773e+00 1.733508706092834473e-01
1.012361240386962891e+01 4.013548851013183594e+00 3.841427326202392578e+00 1.721218526363372803e-01
1.014402103424072266e+01 3.967319250106811523e+00 3.788859844207763672e+00 1.784594655036926270e-01
1.016442966461181641e+01 4.000801563262939453e+00 3.823645830154418945e+00 1.771559715270996094e-01
1.018483734130859375e+01 3.935301780700683594e+00 3.758398294448852539e+00 1.769033223390579224e-01
1.020524597167968750e+01 3.971135139465332031e+00 3.791932582855224609e+00 1.792027652263641357e-01
1.022565460205078125e+01 3.958355426788330078e+00 3.783194303512573242e+00 1.751617640256881714e-01
1.024606323242187500e+01 3.950470685958862305e+00 3.775658607482910156e+00 1.748124063014984131e-01
1.026647281646728516e+01 3.945557594299316406e+00 3.775148153305053711e+00 1.704098582267761230e-01
1.028688144683837891e+01 3.922919988632202148e+00 3.751368522644042969e+00 1.715517044067382812e-01
1.030729007720947266e+01 3.933421134948730469e+00 3.763682126998901367e+00 1.697392016649246216e-01
1.032769870758056641e+01 3.912853717803955078e+00 3.742336750030517578e+00 1.705170720815658569e-01
1.034810733795166016e+01 3.883235216140747070e+00 3.712978839874267578e+00 1.702565252780914307e-01
1.036851692199707031e+01 3.860180139541625977e+00 3.690663337707519531e+00 1.695169061422348022e-01
1.038892555236816406e+01 3.850798130035400391e+00 3.682260513305664062e+00 1.685378849506378174e-01
1.040933418273925781e+01 3.835947751998901367e+00 3.665842056274414062e+00 1.701061278581619263e-01
1.042974185943603516e+01 3.813385009765625000e+00 3.643750190734863281e+00 1.696350127458572388e-01
1.045015048980712891e+01 3.805693149566650391e+00 3.637779474258422852e+00 1.679138392210006714e-01
1.047055912017822266e+01 3.797528743743896484e+00 3.623829603195190430e+00 1.736993342638015747e-01
1.049096775054931641e+01 3.792894124984741211e+00 3.622484922409057617e+00 1.704096645116806030e-01
1.051137733459472656e+01 3.746813297271728516e+00 3.576735019683837891e+00 1.700783371925354004e-01
1.053178596496582031e+01 3.744641780853271484e+00 3.575485944747924805e+00 1.691558659076690674e-01
1.055219459533691406e+01 3.719699859619140625e+00 3.551556110382080078e+00 1.681439578533172607e-01
1.057260322570800781e+01 3.713001966476440430e+00 3.543568372726440430e+00 1.694337278604507446e-01
1.059301185607910156e+01 3.706453561782836914e+00 3.537870883941650391e+00 1.685830950736999512e-01
1.061342144012451172e+01 3.698286056518554688e+00 3.532195568084716797e+00 1.660906374454498291e-01
1.063383007049560547e+01 3.672016382217407227e+00 3.506281137466430664e+00 1.657353490591049194e-01
1.065423679351806641e+01 3.660388469696044922e+00 3.491701126098632812e+00 1.686875075101852417e-01
1.067464637756347656e+01 3.632492065429687500e+00 3.463720321655273438e+00 1.687721163034439087e-01
1.069505500793457031e+01 3.628604650497436523e+00 3.462706565856933594e+00 1.658982634544372559e-01
1.071546363830566406e+01 3.627762317657470703e+00 3.460579633712768555e+00 1.671830713748931885e-01
1.073587226867675781e+01 3.609127998352050781e+00 3.442852020263671875e+00 1.662762016057968140e-01
1.075628089904785156e+01 3.600480556488037109e+00 3.434093952178955078e+00 1.663868278264999390e-01
1.077669048309326172e+01 3.590450525283813477e+00 3.423147916793823242e+00 1.673027575016021729e-01
1.079709911346435547e+01 3.576497554779052734e+00 3.412242889404296875e+00 1.642545759677886963e-01
1.081750774383544922e+01 3.570836782455444336e+00 3.405805110931396484e+00 1.650318056344985962e-01
1.083791637420654297e+01 3.567794561386108398e+00 3.402705192565917969e+00 1.650896072387695312e-01
1.085832595825195312e+01 3.557367324829101562e+00 3.393002510070800781e+00 1.643650680780410767e-01
1.087873268127441406e+01 3.543109655380249023e+00 3.380035638809204102e+00 1.630742549896240234e-01
1.089914131164550781e+01 3.548132419586181641e+00 3.385787010192871094e+00 1.623456776142120361e-01
1.091955089569091797e+01 3.536422014236450195e+00 3.373978137969970703e+00 1.624444425106048584e-01
1.093995952606201172e+01 3.535399198532104492e+00 3.372060537338256836e+00 1.633388549089431763e-01
1.096036815643310547e+01 3.536641836166381836e+00 3.374517679214477539e+00 1.621243357658386230e-01
1.098077678680419922e+01 3.526085376739501953e+00 3.363885879516601562e+00 1.621998101472854614e-01
1.100118541717529297e+01 3.524359703063964844e+00 3.363085746765136719e+00 1.612740457057952881e-01
1.102159500122070312e+01 3.514544486999511719e+00 3.352514028549194336e+00 1.620306074619293213e-01
1.104200363159179688e+01 3.519635200500488281e+00 3.359325647354125977e+00 1.603097021579742432e-01
1.106241226196289062e+01 3.496142864227294922e+00 3.334734201431274414e+00 1.614089906215667725e-01
1.108282089233398438e+01 3.509363651275634766e+00 3.350193500518798828e+00 1.591704487800598145e-01
1.110323047637939453e+01 3.504895210266113281e+00 3.346191406250000000e+00 1.587038636207580566e-01
1.112363719940185547e+01 3.500126838684082031e+00 3.342204570770263672e+00 1.579224765300750732e-01
1.114404582977294922e+01 3.496616840362548828e+00 3.339306116104125977e+00 1.573108434677124023e-01
1.116445541381835938e+01 3.488800525665283203e+00 3.329985380172729492e+00 1.588154137134552002e-01
1.118486404418945312e+01 3.482666254043579102e+00 3.324979543685913086e+00 1.576866209506988525e-01
1.120527267456054688e+01 3.474292278289794922e+00 3.316787004470825195e+00 1.575055718421936035e-01
1.122568130493164062e+01 3.470336914062500000e+00 3.311823129653930664e+00 1.585142314434051514e-01
1.124608993530273438e+01 3.457196950912475586e+00 3.300491333007812500e+00 1.567060500383377075e-01
1.126649951934814453e+01 3.451107501983642578e+00 3.295575380325317383e+00 1.555325835943222046e-01
1.128690814971923828e+01 3.441582918167114258e+00 3.288555383682250977e+00 1.530278176069259644e-01
1.130731678009033203e+01 3.433161497116088867e+00 3.279444456100463867e+00 1.537173390388488770e-01
1.142976856231689453e+01 3.423747539520263672e+00 3.272585391998291016e+00 1.511623412370681763e-01
1.145017719268798828e+01 3.366709709167480469e+00 3.206121444702148438e+00 1.605885922908782959e-01
1.147058582305908203e+01 3.327383995056152344e+00 3.168068408966064453e+00 1.593157500028610229e-01
1.155222129821777344e+01 3.302319526672363281e+00 3.134283542633056641e+00 1.680361628532409668e-01
1.161344623565673828e+01 3.267741918563842773e+00 3.094054698944091797e+00 1.736874878406524658e-01
1.163385486602783203e+01 3.236327409744262695e+00 3.067020893096923828e+00 1.693067103624343872e-01
1.165426349639892578e+01 3.222491025924682617e+00 3.053433656692504883e+00 1.690571904182434082e-01
1.169508171081542969e+01 3.229283809661865234e+00 3.064269304275512695e+00 1.650146842002868652e-01
1.183794212341308594e+01 3.191467046737670898e+00 3.028301000595092773e+00 1.631665229797363281e-01
1.185835075378417969e+01 3.215620994567871094e+00 3.063464164733886719e+00 1.521570682525634766e-01
1.187875938415527344e+01 3.150534868240356445e+00 2.999757528305053711e+00 1.507775336503982544e-01
1.196039485931396484e+01 3.130219697952270508e+00 2.980283498764038086e+00 1.499366164207458496e-01
1.198080348968505859e+01 3.129879951477050781e+00 2.980201959609985352e+00 1.496780514717102051e-01
1.200121307373046875e+01 3.121644496917724609e+00 2.966157913208007812e+00 1.554867625236511230e-01
1.202162170410156250e+01 3.076242685317993164e+00 2.926273584365844727e+00 1.499692201614379883e-01
1.204202842712402344e+01 3.060375213623046875e+00 2.913362741470336914e+00 1.470124721527099609e-01
1.206243801116943359e+01 3.032382726669311523e+00 2.885610580444335938e+00 1.467723399400711060e-01
1.208284664154052734e+01 3.015484571456909180e+00 2.870830297470092773e+00 1.446545571088790894e-01
1.210325527191162109e+01 2.995345354080200195e+00 2.850166320800781250e+00 1.451792418956756592e-01
1.214407253265380859e+01 2.983156919479370117e+00 2.838615179061889648e+00 1.445422321557998657e-01
1.216448211669921875e+01 2.991610288619995117e+00 2.847628593444824219e+00 1.439821422100067139e-01
1.220529937744140625e+01 2.962246179580688477e+00 2.817510843276977539e+00 1.447357386350631714e-01
1.226652622222900391e+01 2.930787801742553711e+00 2.784907579421997070e+00 1.458803713321685791e-01
1.228693294525146484e+01 2.921496152877807617e+00 2.776385307312011719e+00 1.451108604669570923e-01
1.232775115966796875e+01 2.913596630096435547e+00 2.767192602157592773e+00 1.464045047760009766e-01
1.234815979003906250e+01 2.890407562255859375e+00 2.744201898574829102e+00 1.462056785821914673e-01
1.236856842041015625e+01 2.864338159561157227e+00 2.720318794250488281e+00 1.440193802118301392e-01
1.238897705078125000e+01 2.860496520996093750e+00 2.716803550720214844e+00 1.436933577060699463e-01
1.240938663482666016e+01 2.857357501983642578e+00 2.713299989700317383e+00 1.440576910972595215e-01
1.247061252593994141e+01 2.839222669601440430e+00 2.691340208053588867e+00 1.478826105594635010e-01
1.253183746337890625e+01 2.873363018035888672e+00 2.721172571182250977e+00 1.521904915571212769e-01
1.255224609375000000e+01 2.872694015502929688e+00 2.727237462997436523e+00 1.454565823078155518e-01
1.257265567779541016e+01 2.857566595077514648e+00 2.710434198379516602e+00 1.471327096223831177e-01
1.261347293853759766e+01 2.933528184890747070e+00 2.788966417312622070e+00 1.445623636245727539e-01
1.271551704406738281e+01 2.831962585449218750e+00 2.685629844665527344e+00 1.463330090045928955e-01
1.273592472076416016e+01 2.836290359497070312e+00 2.691664695739746094e+00 1.446259021759033203e-01
1.277674198150634766e+01 2.854856491088867188e+00 2.710233449935913086e+00 1.446231901645660400e-01
1.283796882629394531e+01 2.861093282699584961e+00 2.716887235641479492e+00 1.442064940929412842e-01
1.285837745666503906e+01 2.852131605148315430e+00 2.708851575851440430e+00 1.432805359363555908e-01
1.289919567108154297e+01 2.852805137634277344e+00 2.700279951095581055e+00 1.525254249572753906e-01
1.291960430145263672e+01 2.845657348632812500e+00 2.692308664321899414e+00 1.533488184213638306e-01
1.298082923889160156e+01 2.869225025177001953e+00 2.716493606567382812e+00 1.527317315340042114e-01
1.300123786926269531e+01 2.858221292495727539e+00 2.707626342773437500e+00 1.505953967571258545e-01
1.310328197479248047e+01 2.860137939453125000e+00 2.699328660964965820e+00 1.608093678951263428e-01
1.312369060516357422e+01 2.866122007369995117e+00 2.703339815139770508e+00 1.627825498580932617e-01
1.314409923553466797e+01 2.863740682601928711e+00 2.703695297241210938e+00 1.600458025932312012e-01
1.316450881958007812e+01 2.873597621917724609e+00 2.714960813522338867e+00 1.586371511220932007e-01
1.318491744995117188e+01 2.888335943222045898e+00 2.728006839752197266e+00 1.603291630744934082e-01
1.320532417297363281e+01 2.853980302810668945e+00 2.699317693710327148e+00 1.546630859375000000e-01
1.328695964813232422e+01 2.858906984329223633e+00 2.715163707733154297e+00 1.437434256076812744e-01
1.330736923217773438e+01 2.845659017562866211e+00 2.705602884292602539e+00 1.400564908981323242e-01
1.332777786254882812e+01 2.841255664825439453e+00 2.701459646224975586e+00 1.397960931062698364e-01
1.334818649291992188e+01 2.876983404159545898e+00 2.736784696578979492e+00 1.401986181735992432e-01
1.336859512329101562e+01 2.853476285934448242e+00 2.715595483779907227e+00 1.378808617591857910e-01
1.338900375366210938e+01 2.849381446838378906e+00 2.711456060409545898e+00 1.379256248474121094e-01
1.340941333770751953e+01 2.866510391235351562e+00 2.728752136230468750e+00 1.377585828304290771e-01
1.342982006072998047e+01 2.982882499694824219e+00 2.845818042755126953e+00 1.370645463466644287e-01
1.345022869110107422e+01 2.845168590545654297e+00 2.705343008041381836e+00 1.398257464170455933e-01
1.347063827514648438e+01 2.840245008468627930e+00 2.698578357696533203e+00 1.416668295860290527e-01
1.349104690551757812e+01 2.840991973876953125e+00 2.699819564819335938e+00 1.411725282669067383e-01
1.351145553588867188e+01 2.845202922821044922e+00 2.702828407287597656e+00 1.423746049404144287e-01
1.353186416625976562e+01 2.851108074188232422e+00 2.709366559982299805e+00 1.417417079210281372e-01
1.355227375030517578e+01 2.853102922439575195e+00 2.710585832595825195e+00 1.425172239542007446e-01
1.357268238067626953e+01 2.852108240127563477e+00 2.710037231445312500e+00 1.420711874961853027e-01
1.359309101104736328e+01 2.847557783126831055e+00 2.705087900161743164e+00 1.424700170755386353e-01
1.361350059509277344e+01 2.849709033966064453e+00 2.708066463470458984e+00 1.416426897048950195e-01
1.363390827178955078e+01 2.845350742340087891e+00 2.704013109207153320e+00 1.413379013538360596e-01
1.365431785583496094e+01 2.848933219909667969e+00 2.706984043121337891e+00 1.419496834278106689e-01
1.367472553253173828e+01 2.842975854873657227e+00 2.701193571090698242e+00 1.417823135852813721e-01
1.369513320922851562e+01 2.843194246292114258e+00 2.701538562774658203e+00 1.416558474302291870e-01
1.371554279327392578e+01 2.841976642608642578e+00 2.700136423110961914e+00 1.418405175209045410e-01
1.373595046997070312e+01 2.842979907989501953e+00 2.701353073120117188e+00 1.416271924972534180e-01
1.375636100769042969e+01 2.845588922500610352e+00 2.702565908432006836e+00 1.430232226848602295e-01
1.377676773071289062e+01 2.844418764114379883e+00 2.702037811279296875e+00 1.423811763525009155e-01
1.379717826843261719e+01 2.843070745468139648e+00 2.699775695800781250e+00 1.432953476905822754e-01
1.381758594512939453e+01 2.844876766204833984e+00 2.702718496322631836e+00 1.421584039926528931e-01
1.383799648284912109e+01 2.835801362991333008e+00 2.692677259445190430e+00 1.431243121623992920e-01
1.385840320587158203e+01 2.838237047195434570e+00 2.695621728897094727e+00 1.426156908273696899e-01
1.387881374359130859e+01 2.839951753616333008e+00 2.698556900024414062e+00 1.413951516151428223e-01
1.389922142028808594e+01 2.837264537811279297e+00 2.694594860076904297e+00 1.426698565483093262e-01
1.391962814331054688e+01 2.835549354553222656e+00 2.694084167480468750e+00 1.414652764797210693e-01
1.394003868103027344e+01 2.831608295440673828e+00 2.689280986785888672e+00 1.423277109861373901e-01
1.396044635772705078e+01 2.833620071411132812e+00 2.690494298934936523e+00 1.431259214878082275e-01
1.398085689544677734e+01 2.834430217742919922e+00 2.691703081130981445e+00 1.427275091409683228e-01
1.400126361846923828e+01 2.829424619674682617e+00 2.687779903411865234e+00 1.416450142860412598e-01
1.402167415618896484e+01 2.825341939926147461e+00 2.683013916015625000e+00 1.423281580209732056e-01
1.404208183288574219e+01 2.826631307601928711e+00 2.683376550674438477e+00 1.432547122240066528e-01
1.406249237060546875e+01 2.825595378875732422e+00 2.682886838912963867e+00 1.427086591720581055e-01
1.408289909362792969e+01 2.826960325241088867e+00 2.684948444366455078e+00 1.420119702816009521e-01
1.410330963134765625e+01 2.818891048431396484e+00 2.677668094635009766e+00 1.412230879068374634e-01
1.412371635437011719e+01 2.821067094802856445e+00 2.678884029388427734e+00 1.421834528446197510e-01
1.414412403106689453e+01 2.823980331420898438e+00 2.680942535400390625e+00 1.430381238460540771e-01
1.416453456878662109e+01 2.814583063125610352e+00 2.672009229660034180e+00 1.425739228725433350e-01
1.418494129180908203e+01 2.816417932510375977e+00 2.674072027206420898e+00 1.423460096120834351e-01
1.420535182952880859e+01 2.814759492874145508e+00 2.671915054321289062e+00 1.428448557853698730e-01
1.422575950622558594e+01 2.814488887786865234e+00 2.671447753906250000e+00 1.430413722991943359e-01
1.424617004394531250e+01 2.812284231185913086e+00 2.670140981674194336e+00 1.421433985233306885e-01
1.426657676696777344e+01 2.808862686157226562e+00 2.665482282638549805e+00 1.433808505535125732e-01
1.428698730468750000e+01 2.815132856369018555e+00 2.672565937042236328e+00 1.425670385360717773e-01
1.430739498138427734e+01 2.804008722305297852e+00 2.660387992858886719e+00 1.436208486557006836e-01
1.432780551910400391e+01 2.808499574661254883e+00 2.665787458419799805e+00 1.427122652530670166e-01
1.434821224212646484e+01 2.811872959136962891e+00 2.668669700622558594e+00 1.432034820318222046e-01
1.436861991882324219e+01 2.808441162109375000e+00 2.665712833404541016e+00 1.427286267280578613e-01
1.438903045654296875e+01 2.809038639068603516e+00 2.666090488433837891e+00 1.429480016231536865e-01
1.440943717956542969e+01 2.805316686630249023e+00 2.662314653396606445e+00 1.430019885301589966e-01
1.442984771728515625e+01 2.804202318191528320e+00 2.661867380142211914e+00 1.423352658748626709e-01
1.445025539398193359e+01 2.806173563003540039e+00 2.663078069686889648e+00 1.430958211421966553e-01
1.447066593170166016e+01 2.803166627883911133e+00 2.660148620605468750e+00 1.430182307958602905e-01
1.449107265472412109e+01 2.803521633148193359e+00 2.660532712936401367e+00 1.429891735315322876e-01
1.451148319244384766e+01 2.810534715652465820e+00 2.666688442230224609e+00 1.438466161489486694e-01
1.453189086914062500e+01 2.804450988769531250e+00 2.661296606063842773e+00 1.431546211242675781e-01
1.455230045318603516e+01 2.802187204360961914e+00 2.659208536148071289e+00 1.429790258407592773e-01
1.457270812988281250e+01 2.801687240600585938e+00 2.658770561218261719e+00 1.429169028997421265e-01
1.459311580657958984e+01 2.802507877349853516e+00 2.659153223037719727e+00 1.433547139167785645e-01
1.461352539062500000e+01 2.799540042877197266e+00 2.656258583068847656e+00 1.432816386222839355e-01
1.463393306732177734e+01 2.797675132751464844e+00 2.654190301895141602e+00 1.434848904609680176e-01
1.465434360504150391e+01 2.800377845764160156e+00 2.656211137771606445e+00 1.441668123006820679e-01
1.467475032806396484e+01 2.796521902084350586e+00 2.652517318725585938e+00 1.440047919750213623e-01
1.469516086578369141e+01 2.793233871459960938e+00 2.648018598556518555e+00 1.452157348394393921e-01
1.471556854248046875e+01 2.791418313980102539e+00 2.647599697113037109e+00 1.438188552856445312e-01
1.473597908020019531e+01 2.793795108795166016e+00 2.649618625640869141e+00 1.441766172647476196e-01
1.475638580322265625e+01 2.790325164794921875e+00 2.646765470504760742e+00 1.435598433017730713e-01
1.477679634094238281e+01 2.791368484497070312e+00 2.647160053253173828e+00 1.442086547613143921e-01
1.479720401763916016e+01 2.789686441421508789e+00 2.645935773849487305e+00 1.437507271766662598e-01
1.481761455535888672e+01 2.783020734786987305e+00 2.639059782028198242e+00 1.439612060785293579e-01
1.483802127838134766e+01 2.782217979431152344e+00 2.638657093048095703e+00 1.435612887144088745e-01
1.485842895507812500e+01 2.781733512878417969e+00 2.637449741363525391e+00 1.442839205265045166e-01
1.487883949279785156e+01 2.778706550598144531e+00 2.633831739425659180e+00 1.448752135038375854e-01
1.489924621582031250e+01 2.772776365280151367e+00 2.628617525100708008e+00 1.441590040922164917e-01
1.491965675354003906e+01 2.769600391387939453e+00 2.625823736190795898e+00 1.437768489122390747e-01
1.494006443023681641e+01 2.769007921218872070e+00 2.625441789627075195e+00 1.435661166906356812e-01
1.496047496795654297e+01 2.766270875930786133e+00 2.621859788894653320e+00 1.444111764430999756e-01
1.498088169097900391e+01 2.765912294387817383e+00 2.622283220291137695e+00 1.436292827129364014e-01
1.500129222869873047e+01 2.760202646255493164e+00 2.616322040557861328e+00 1.438809335231781006e-01
1.502169895172119141e+01 2.759111166000366211e+00 2.615157842636108398e+00 1.439535617828369141e-01
1.504210948944091797e+01 2.754670143127441406e+00 2.610813379287719727e+00 1.438568532466888428e-01
1.506251716613769531e+01 2.753539323806762695e+00 2.609660387039184570e+00 1.438791006803512573e-01
1.508292388916015625e+01 2.754092693328857422e+00 2.610097408294677734e+00 1.439952701330184937e-01
1.510333442687988281e+01 2.751977443695068359e+00 2.608155250549316406e+00 1.438225656747817993e-01
1.512374210357666016e+01 2.754558086395263672e+00 2.610967397689819336e+00 1.435907483100891113e-01
1.514415264129638672e+01 2.754511833190917969e+00 2.611400365829467773e+00 1.431117057800292969e-01
1.516455936431884766e+01 2.749174356460571289e+00 2.605518102645874023e+00 1.436567008495330811e-01
1.518496990203857422e+01 2.747043609619140625e+00 2.603592634201049805e+00 1.434510648250579834e-01
1.520537757873535156e+01 2.746989965438842773e+00 2.604034185409545898e+00 1.429559141397476196e-01
1.522578811645507812e+01 2.743331670761108398e+00 2.599757671356201172e+00 1.435743123292922974e-01
1.524619483947753906e+01 2.744927883148193359e+00 2.602558135986328125e+00 1.423700451850891113e-01
1.526660537719726562e+01 2.743257761001586914e+00 2.599863052368164062e+00 1.433951556682586670e-01
1.528701305389404297e+01 2.746524810791015625e+00 2.604222059249877930e+00 1.423030793666839600e-01
1.530741977691650391e+01 2.745067358016967773e+00 2.601532459259033203e+00 1.435352712869644165e-01
1.532783031463623047e+01 2.746517181396484375e+00 2.603534221649169922e+00 1.429833024740219116e-01
1.534823799133300781e+01 2.741888999938964844e+00 2.599292993545532227e+00 1.425965130329132080e-01
1.536864852905273438e+01 2.745988607406616211e+00 2.602071523666381836e+00 1.439174711704254150e-01
1.538905525207519531e+01 2.751813650131225586e+00 2.607176542282104492e+00 1.446373611688613892e-01
1.540946578979492188e+01 2.746757984161376953e+00 2.602946519851684570e+00 1.438116431236267090e-01
1.542987346649169922e+01 2.749438762664794922e+00 2.604934453964233398e+00 1.445044279098510742e-01
1.545028305053710938e+01 2.749151945114135742e+00 2.605366468429565430e+00 1.437859535217285156e-01
1.547069072723388672e+01 2.747527599334716797e+00 2.603477001190185547e+00 1.440510302782058716e-01
1.549109745025634766e+01 2.745502233505249023e+00 2.602365493774414062e+00 1.431370228528976440e-01
1.551150798797607422e+01 2.749167203903198242e+00 2.605886220932006836e+00 1.432810574769973755e-01
1.553191566467285156e+01 2.747101545333862305e+00 2.603232860565185547e+00 1.438686698675155640e-01
1.555232620239257812e+01 2.745999336242675781e+00 2.602125406265258789e+00 1.438739895820617676e-01
1.557273292541503906e+01 2.744389772415161133e+00 2.600252628326416016e+00 1.441373527050018311e-01
1.559314346313476562e+01 2.745752811431884766e+00 2.602222442626953125e+00 1.435306221246719360e-01
1.561355113983154297e+01 2.741834640502929688e+00 2.597288131713867188e+00 1.445465683937072754e-01
1.563395786285400391e+01 2.738999605178833008e+00 2.593897819519042969e+00 1.451019197702407837e-01
1.565436840057373047e+01 2.735168695449829102e+00 2.592045068740844727e+00 1.431238949298858643e-01
1.567477607727050781e+01 2.736997365951538086e+00 2.592488765716552734e+00 1.445088386535644531e-01
1.569518661499023438e+01 2.735232591629028320e+00 2.590642213821411133e+00 1.445905566215515137e-01
1.571559333801269531e+01 2.731880903244018555e+00 2.586516857147216797e+00 1.453642249107360840e-01
1.573600387573242188e+01 2.726723909378051758e+00 2.581640481948852539e+00 1.450837999582290649e-01
1.575641155242919922e+01 2.720347881317138672e+00 2.575258493423461914e+00 1.450892984867095947e-01
1.577682209014892578e+01 2.718271255493164062e+00 2.573444128036499023e+00 1.448273360729217529e-01
1.579722881317138672e+01 2.713438987731933594e+00 2.567846536636352539e+00 1.455928534269332886e-01
1.581763935089111328e+01 2.712118148803710938e+00 2.566046476364135742e+00 1.460719108581542969e-01
1.583804702758789062e+01 2.703961133956909180e+00 2.559717178344726562e+00 1.442440450191497803e-01
1.585845661163330078e+01 2.699516534805297852e+00 2.554158449172973633e+00 1.453582495450973511e-01
1.587886428833007812e+01 2.692587137222290039e+00 2.547860383987426758e+00 1.447268277406692505e-01
1.589927196502685547e+01 2.686383247375488281e+00 2.541579008102416992e+00 1.448046267032623291e-01
1.591968154907226562e+01 2.681548833847045898e+00 2.536065101623535156e+00 1.454839855432510376e-01
1.594008922576904297e+01 2.676729679107666016e+00 2.532067298889160156e+00 1.446626335382461548e-01
1.596049976348876953e+01 2.668025016784667969e+00 2.523579359054565430e+00 1.444458365440368652e-01
1.598090648651123047e+01 2.663745880126953125e+00 2.518858909606933594e+00 1.448873877525329590e-01
1.600131797790527344e+01 2.656672000885009766e+00 2.511906147003173828e+00 1.447662413120269775e-01
1.602172470092773438e+01 2.650979518890380859e+00 2.506465196609497070e+00 1.445147246122360229e-01
1.604213523864746094e+01 2.645177841186523438e+00 2.501037597656250000e+00 1.441405862569808960e-01
1.606254196166992188e+01 2.639395952224731445e+00 2.494879484176635742e+00 1.445167362689971924e-01
1.608295249938964844e+01 2.636040925979614258e+00 2.490969181060791016e+00 1.450720578432083130e-01
1.610335922241210938e+01 2.627408981323242188e+00 2.483352661132812500e+00 1.440566033124923706e-01
1.612376785278320312e+01 2.619541168212890625e+00 2.475755214691162109e+00 1.437861472368240356e-01
1.614417839050292969e+01 2.614953279495239258e+00 2.471142530441284180e+00 1.438111215829849243e-01
1.616458511352539062e+01 2.608560085296630859e+00 2.465060949325561523e+00 1.434994637966156006e-01
1.618499565124511719e+01 2.601245164871215820e+00 2.458254575729370117e+00 1.429908871650695801e-01
1.620540237426757812e+01 2.596180438995361328e+00 2.452942848205566406e+00 1.432376503944396973e-01
1.622581291198730469e+01 2.592067718505859375e+00 2.449119806289672852e+00 1.429482698440551758e-01
1.624621963500976562e+01 2.584773063659667969e+00 2.442359447479248047e+00 1.424138545989990234e-01
1.626663017272949219e+01 2.580553531646728516e+00 2.437823534011840820e+00 1.427302062511444092e-01
1.628703880310058594e+01 2.574292659759521484e+00 2.431829214096069336e+00 1.424636989831924438e-01
1.630744743347167969e+01 2.568939924240112305e+00 2.426583528518676758e+00 1.423566490411758423e-01
1.632785606384277344e+01 2.563657999038696289e+00 2.421351432800292969e+00 1.423068195581436157e-01
1.634826278686523438e+01 2.558098793029785156e+00 2.415400266647338867e+00 1.426988244056701660e-01
1.636867332458496094e+01 2.551558494567871094e+00 2.409463405609130859e+00 1.420951783657073975e-01
1.638908004760742188e+01 2.550843954086303711e+00 2.408654212951660156e+00 1.421901136636734009e-01
1.640949058532714844e+01 2.544377565383911133e+00 2.402011156082153320e+00 1.423668712377548218e-01
1.642989730834960938e+01 2.534007072448730469e+00 2.392470836639404297e+00 1.415364146232604980e-01
1.645030784606933594e+01 2.534332752227783203e+00 2.392413139343261719e+00 1.419197469949722290e-01
1.647071647644042969e+01 2.527260541915893555e+00 2.385815382003784180e+00 1.414453387260437012e-01
1.649112701416015625e+01 2.524268388748168945e+00 2.382136583328247070e+00 1.421321630477905273e-01
1.651153373718261719e+01 2.518968105316162109e+00 2.377017736434936523e+00 1.419507712125778198e-01
1.653194427490234375e+01 2.513795852661132812e+00 2.371911048889160156e+00 1.418852508068084717e-01
1.655235099792480469e+01 2.509742736816406250e+00 2.367540359497070312e+00 1.422028243541717529e-01
1.657275772094726562e+01 2.504234075546264648e+00 2.362458229064941406e+00 1.417762786149978638e-01
1.659316825866699219e+01 2.497840642929077148e+00 2.355945587158203125e+00 1.418950855731964111e-01
1.661357688903808594e+01 2.493432044982910156e+00 2.351610660552978516e+00 1.418215632438659668e-01
1.663398742675781250e+01 2.490797042846679688e+00 2.346566438674926758e+00 1.442308723926544189e-01
1.665439414978027344e+01 2.485450029373168945e+00 2.342972517013549805e+00 1.424776762723922729e-01
1.667480468750000000e+01 2.482594966888427734e+00 2.340104579925537109e+00 1.424907296895980835e-01
1.669521141052246094e+01 2.472892999649047852e+00 2.330791711807250977e+00 1.421015709638595581e-01
1.671562194824218750e+01 2.469943761825561523e+00 2.327945709228515625e+00 1.419982314109802246e-01
1.673602867126464844e+01 2.462256193161010742e+00 2.320100545883178711e+00 1.421555280685424805e-01
1.675643920898437500e+01 2.458521604537963867e+00 2.316560268402099609e+00 1.419613659381866455e-01
1.677684593200683594e+01 2.455604553222656250e+00 2.313742399215698242e+00 1.418625712394714355e-01
1.679725456237792969e+01 2.449409246444702148e+00 2.307368516921997070e+00 1.420409381389617920e-01
1.681766510009765625e+01 2.441318273544311523e+00 2.299586296081542969e+00 1.417320966720581055e-01
1.683807182312011719e+01 2.437101840972900391e+00 2.296088218688964844e+00 1.410137265920639038e-01
1.685848236083984375e+01 2.433543443679809570e+00 2.292598247528076172e+00 1.409453302621841431e-01
1.687888908386230469e+01 2.425450801849365234e+00 2.284153461456298828e+00 1.412973850965499878e-01
1.689929962158203125e+01 2.419861316680908203e+00 2.278561592102050781e+00 1.412998586893081665e-01
1.691970634460449219e+01 2.413839101791381836e+00 2.272983551025390625e+00 1.408560276031494141e-01
1.694011688232421875e+01 2.408692836761474609e+00 2.267418622970581055e+00 1.412745565176010132e-01
1.696052551269531250e+01 2.402441263198852539e+00 2.261161804199218750e+00 1.412796825170516968e-01
1.698093605041503906e+01 2.396626710891723633e+00 2.255624532699584961e+00 1.410023570060729980e-01
1.700134277343750000e+01 2.389112710952758789e+00 2.248692512512207031e+00 1.404203474521636963e-01
1.702175331115722656e+01 2.385150194168090820e+00 2.244589805603027344e+00 1.405603885650634766e-01
1.704216003417968750e+01 2.379040002822875977e+00 2.238390445709228516e+00 1.406498700380325317e-01
1.706256675720214844e+01 2.372482538223266602e+00 2.232205629348754883e+00 1.402768790721893311e-01
1.708297729492187500e+01 2.364627361297607422e+00 2.224633932113647461e+00 1.399938315153121948e-01
1.710338592529296875e+01 2.361212491989135742e+00 2.221279621124267578e+00 1.399331986904144287e-01
1.712379646301269531e+01 2.354128599166870117e+00 2.214437961578369141e+00 1.396909505128860474e-01
1.714420318603515625e+01 2.349270820617675781e+00 2.209707736968994141e+00 1.395632028579711914e-01
1.716461372375488281e+01 2.340425491333007812e+00 2.200803995132446289e+00 1.396218538284301758e-01
1.718502044677734375e+01 2.336749792098999023e+00 2.197494029998779297e+00 1.392557919025421143e-01
1.720543098449707031e+01 2.328294038772583008e+00 2.189321756362915039e+00 1.389726996421813965e-01
1.722583770751953125e+01 2.324457168579101562e+00 2.184643507003784180e+00 1.398139297962188721e-01
1.724624824523925781e+01 2.319584131240844727e+00 2.180670022964477539e+00 1.389141082763671875e-01
1.726665496826171875e+01 2.311777830123901367e+00 2.173240423202514648e+00 1.385375857353210449e-01
1.728706359863281250e+01 2.307231426239013672e+00 2.168597459793090820e+00 1.386343836784362793e-01
1.730747413635253906e+01 2.301789522171020508e+00 2.162582159042358398e+00 1.392073035240173340e-01
1.732788085937500000e+01 2.295413494110107422e+00 2.156581401824951172e+00 1.388323009014129639e-01
1.734829139709472656e+01 2.288882732391357422e+00 2.150594472885131836e+00 1.382882893085479736e-01
1.736869812011718750e+01 2.287598848342895508e+00 2.148756742477416992e+00 1.388423144817352295e-01
1.738910865783691406e+01 2.279806375503540039e+00 2.141416072845458984e+00 1.383907049894332886e-01
1.740951538085937500e+01 2.276682138442993164e+00 2.138218402862548828e+00 1.384639143943786621e-01
1.742992591857910156e+01 2.271682977676391602e+00 2.133654594421386719e+00 1.380283683538436890e-01
1.745033454895019531e+01 2.264014244079589844e+00 2.124986171722412109e+00 1.390283405780792236e-01
1.747074508666992188e+01 2.261863946914672852e+00 2.123188734054565430e+00 1.386757642030715942e-01
1.749115180969238281e+01 2.263933420181274414e+00 2.125501632690429688e+00 1.384321749210357666e-01
1.751155853271484375e+01 2.252363443374633789e+00 2.114138841629028320e+00 1.382251083850860596e-01
1.753196907043457031e+01 2.248138666152954102e+00 2.109629392623901367e+00 1.385095119476318359e-01
1.755237579345703125e+01 2.243729829788208008e+00 2.105130910873413086e+00 1.385991275310516357e-01
1.757278633117675781e+01 2.239936590194702148e+00 2.102004766464233398e+00 1.379319727420806885e-01
1.759319496154785156e+01 2.235993146896362305e+00 2.097525358200073242e+00 1.384679973125457764e-01
1.761360359191894531e+01 2.232568502426147461e+00 2.095774412155151367e+00 1.367944031953811646e-01
1.763401222229003906e+01 2.227637290954589844e+00 2.089276313781738281e+00 1.383612304925918579e-01
1.765442276000976562e+01 2.223351716995239258e+00 2.084826946258544922e+00 1.385250389575958252e-01
1.767482948303222656e+01 2.220377683639526367e+00 2.081742525100708008e+00 1.386355012655258179e-01
1.769524002075195312e+01 2.215854406356811523e+00 2.077312231063842773e+00 1.385425031185150146e-01
1.771564674377441406e+01 2.211566686630249023e+00 2.072892427444458008e+00 1.386746019124984741e-01
1.773605346679687500e+01 2.209471940994262695e+00 2.070507287979125977e+00 1.389648318290710449e-01
1.775646400451660156e+01 2.205422878265380859e+00 2.066779136657714844e+00 1.386438310146331787e-01
1.777687263488769531e+01 2.201579570770263672e+00 2.062386512756347656e+00 1.391932964324951172e-01
1.779728317260742188e+01 2.197859048843383789e+00 2.058676242828369141e+00 1.391831785440444946e-01
1.781768989562988281e+01 2.193610906600952148e+00 2.054302930831909180e+00 1.393082886934280396e-01
1.783810043334960938e+01 2.191365003585815430e+00 2.051281452178955078e+00 1.400835216045379639e-01
1.785850715637207031e+01 2.186209440231323242e+00 2.046926736831665039e+00 1.392830014228820801e-01
1.787891769409179688e+01 2.180939674377441406e+00 2.041912078857421875e+00 1.390276849269866943e-01
1.789932441711425781e+01 2.176879405975341797e+00 2.037577867507934570e+00 1.393017917871475220e-01
1.791973495483398438e+01 2.171862125396728516e+00 2.032585382461547852e+00 1.392771005630493164e-01
1.794014358520507812e+01 2.168749332427978516e+00 2.028938531875610352e+00 1.398109048604965210e-01
1.796055030822753906e+01 2.165150642395019531e+00 2.025300502777099609e+00 1.398501843214035034e-01
1.798096084594726562e+01 2.159852266311645508e+00 2.020338773727416992e+00 1.395136266946792603e-01
1.800136756896972656e+01 2.155685186386108398e+00 2.016053915023803711e+00 1.396315395832061768e-01
1.802177810668945312e+01 2.151087999343872070e+00 2.011113882064819336e+00 1.399742960929870605e-01
1.804218482971191406e+01 2.146133422851562500e+00 2.005522012710571289e+00 1.406111717224121094e-01
1.806259536743164062e+01 2.140728235244750977e+00 2.001267671585083008e+00 1.394608914852142334e-01
1.808300209045410156e+01 2.138252973556518555e+00 1.998347282409667969e+00 1.399056315422058105e-01
1.810341262817382812e+01 2.133213996887207031e+00 1.993449449539184570e+00 1.397645771503448486e-01
1.812382125854492188e+01 2.126349210739135742e+00 1.985921502113342285e+00 1.404274255037307739e-01
1.814423179626464844e+01 2.122987747192382812e+00 1.983687520027160645e+00 1.393004059791564941e-01
1.816463851928710938e+01 2.115961313247680664e+00 1.976846337318420410e+00 1.391147822141647339e-01
1.818504524230957031e+01 2.112853765487670898e+00 1.973311424255371094e+00 1.395423412322998047e-01
1.820545578002929688e+01 2.108068943023681641e+00 1.967811703681945801e+00 1.402571797370910645e-01
1.822586250305175781e+01 2.102043390274047852e+00 1.962324738502502441e+00 1.397186964750289917e-01
1.824627304077148438e+01 2.097667217254638672e+00 1.958161830902099609e+00 1.395055055618286133e-01
1.826668167114257812e+01 2.092112302780151367e+00 1.952697753906250000e+00 1.394145786762237549e-01
1.828709220886230469e+01 2.087913274765014648e+00 1.948554635047912598e+00 1.393585503101348877e-01
1.830749893188476562e+01 2.082918405532836914e+00 1.943767547607421875e+00 1.391509175300598145e-01
1.832790946960449219e+01 2.078665494918823242e+00 1.938990473747253418e+00 1.396750062704086304e-01
1.834831619262695312e+01 2.073838233947753906e+00 1.934224605560302734e+00 1.396135389804840088e-01
1.836872673034667969e+01 2.069714307785034180e+00 1.930120468139648438e+00 1.395937949419021606e-01
1.838913345336914062e+01 2.065473318099975586e+00 1.926025748252868652e+00 1.394475549459457397e-01
1.840954399108886719e+01 2.062322139739990234e+00 1.921939730644226074e+00 1.403823941946029663e-01
1.842995262145996094e+01 2.059172630310058594e+00 1.919811606407165527e+00 1.393608450889587402e-01
1.845035934448242188e+01 2.052989006042480469e+00 1.913795828819274902e+00 1.391930431127548218e-01
1.847076988220214844e+01 2.052304267883300781e+00 1.912329077720642090e+00 1.399751305580139160e-01
1.849117660522460938e+01 2.049058198928833008e+00 1.908923983573913574e+00 1.401341259479522705e-01
1.851158714294433594e+01 2.046206712722778320e+00 1.906172633171081543e+00 1.400340497493743896e-01
1.853199386596679688e+01 2.043294668197631836e+00 1.902781724929809570e+00 1.405128389596939087e-01
1.855240440368652344e+01 2.041284084320068359e+00 1.900688409805297852e+00 1.405958086252212524e-01
1.857281112670898438e+01 2.038242816925048828e+00 1.897311210632324219e+00 1.409315466880798340e-01
1.859322166442871094e+01 2.034813165664672852e+00 1.893297076225280762e+00 1.415160149335861206e-01
1.861363029479980469e+01 2.032026290893554688e+00 1.890578269958496094e+00 1.414481401443481445e-01
1.863404083251953125e+01 2.032099008560180664e+00 1.889792203903198242e+00 1.423067152500152588e-01
1.865444755554199219e+01 2.029376029968261719e+00 1.887724876403808594e+00 1.416511684656143188e-01
1.867485427856445312e+01 2.027134418487548828e+00 1.886302947998046875e+00 1.408312618732452393e-01
1.869526481628417969e+01 2.030789375305175781e+00 1.888725280761718750e+00 1.420639008283615112e-01
1.871567153930664062e+01 2.036110639572143555e+00 1.893700957298278809e+00 1.424098163843154907e-01
1.873608207702636719e+01 2.040750980377197266e+00 1.898026466369628906e+00 1.427243798971176147e-01
1.875649070739746094e+01 2.046192169189453125e+00 1.902981162071228027e+00 1.432109624147415161e-01
1.877690124511718750e+01 2.057275533676147461e+00 1.912386894226074219e+00 1.448886245489120483e-01
1.879730796813964844e+01 2.069580078125000000e+00 1.924319744110107422e+00 1.452602744102478027e-01
1.881771850585937500e+01 2.083413124084472656e+00 1.936226367950439453e+00 1.471870243549346924e-01
1.883812522888183594e+01 2.099493026733398438e+00 1.950648903846740723e+00 1.488441079854965210e-01
1.885853576660156250e+01 2.116297483444213867e+00 1.965674638748168945e+00 1.506230235099792480e-01
1.887894248962402344e+01 2.139072179794311523e+00 1.985106348991394043e+00 1.539657264947891235e-01
1.889935111999511719e+01 2.162288188934326172e+00 2.004496335983276367e+00 1.577920615673065186e-01
1.891975975036621094e+01 2.186331510543823242e+00 2.023211240768432617e+00 1.631204038858413696e-01
1.894016838073730469e+01 2.204772233963012695e+00 2.035566568374633789e+00 1.692056953907012939e-01
1.896057891845703125e+01 2.213927745819091797e+00 2.036531925201416016e+00 1.773960739374160767e-01
1.898098564147949219e+01 2.209770441055297852e+00 2.026144266128540039e+00 1.836264878511428833e-01
1.900139617919921875e+01 2.182085037231445312e+00 1.993731260299682617e+00 1.883540749549865723e-01
1.902180290222167969e+01 2.137078285217285156e+00 1.947544455528259277e+00 1.895340234041213989e-01
1.904221343994140625e+01 2.087490797042846680e+00 1.900199174880981445e+00 1.872915625572204590e-01
1.906262016296386719e+01 2.045930624008178711e+00 1.862374067306518555e+00 1.835566759109497070e-01
1.908303070068359375e+01 2.012499332427978516e+00 1.832783818244934082e+00 1.797156184911727905e-01
1.910343933105468750e+01 1.983493447303771973e+00 1.808269739151000977e+00 1.752236783504486084e-01
1.912384605407714844e+01 1.960325479507446289e+00 1.788814902305603027e+00 1.715106219053268433e-01
1.914425659179687500e+01 1.946206212043762207e+00 1.775653481483459473e+00 1.705527603626251221e-01
1.916466331481933594e+01 1.941249608993530273e+00 1.770640015602111816e+00 1.706096827983856201e-01
1.918507385253906250e+01 1.938968658447265625e+00 1.767508506774902344e+00 1.714601516723632812e-01
1.920548057556152344e+01 1.937910914421081543e+00 1.765630364418029785e+00 1.722806543111801147e-01
1.922589111328125000e+01 1.936903119087219238e+00 1.764378547668457031e+00 1.725246161222457886e-01
1.924629974365234375e+01 1.930188775062561035e+00 1.758776068687438965e+00 1.714127808809280396e-01
1.926671028137207031e+01 1.907612681388854980e+00 1.738896727561950684e+00 1.687161177396774292e-01
1.928711700439453125e+01 1.878301262855529785e+00 1.714715123176574707e+00 1.635862439870834351e-01
1.930752754211425781e+01 1.862196087837219238e+00 1.704223155975341797e+00 1.579730510711669922e-01
1.932793426513671875e+01 1.868875503540039062e+00 1.716048121452331543e+00 1.528274118900299072e-01
1.934834098815917969e+01 1.851616621017456055e+00 1.702484130859375000e+00 1.491326093673706055e-01
1.936875152587890625e+01 1.818294763565063477e+00 1.672262907028198242e+00 1.460318565368652344e-01
1.938915824890136719e+01 1.789741039276123047e+00 1.644574761390686035e+00 1.451663374900817871e-01
1.940956878662109375e+01 1.774117708206176758e+00 1.629895210266113281e+00 1.442224532365798950e-01
1.942997741699218750e+01 1.761484026908874512e+00 1.617094516754150391e+00 1.443895548582077026e-01
1.945038795471191406e+01 1.758454442024230957e+00 1.613551616668701172e+00 1.449029594659805298e-01
1.947079467773437500e+01 1.754321575164794922e+00 1.608786821365356445e+00 1.455349177122116089e-01
1.949120521545410156e+01 1.754694938659667969e+00 1.609558463096618652e+00 1.451365351676940918e-01
1.951161193847656250e+01 1.764459729194641113e+00 1.618917226791381836e+00 1.455426216125488281e-01
1.953202247619628906e+01 1.785272121429443359e+00 1.638674020767211914e+00 1.465981304645538330e-01
1.955242919921875000e+01 1.806294918060302734e+00 1.659002184867858887e+00 1.472928375005722046e-01
1.957283973693847656e+01 1.807237267494201660e+00 1.660329818725585938e+00 1.469076424837112427e-01
1.959324836730957031e+01 1.789528369903564453e+00 1.643328070640563965e+00 1.462003290653228760e-01
1.961365509033203125e+01 1.775905728340148926e+00 1.629412889480590820e+00 1.464929729700088501e-01
1.963406562805175781e+01 1.758773207664489746e+00 1.612478256225585938e+00 1.462950408458709717e-01
1.965447235107421875e+01 1.740778803825378418e+00 1.594969987869262695e+00 1.458087861537933350e-01
1.967488288879394531e+01 1.722056269645690918e+00 1.577497839927673340e+00 1.445585787296295166e-01
1.969528961181640625e+01 1.706012248992919922e+00 1.562493085861206055e+00 1.435191333293914795e-01
1.971570014953613281e+01 1.691323637962341309e+00 1.548733353614807129e+00 1.425902694463729858e-01
1.973610877990722656e+01 1.680532455444335938e+00 1.538641333580017090e+00 1.418911218643188477e-01
1.975651741027832031e+01 1.669344186782836914e+00 1.527963876724243164e+00 1.413804441690444946e-01
1.977692604064941406e+01 1.670981526374816895e+00 1.528808116912841797e+00 1.421734094619750977e-01
1.979733657836914062e+01 1.679156422615051270e+00 1.534487247467041016e+00 1.446693241596221924e-01
1.981774330139160156e+01 1.693401217460632324e+00 1.548006653785705566e+00 1.453947424888610840e-01
1.983815002441406250e+01 1.711275577545166016e+00 1.567531824111938477e+00 1.437437981367111206e-01
1.985856056213378906e+01 1.711813688278198242e+00 1.567126274108886719e+00 1.446875631809234619e-01
1.987896728515625000e+01 1.710886836051940918e+00 1.566721677780151367e+00 1.441651433706283569e-01
1.989937782287597656e+01 1.705685615539550781e+00 1.561505794525146484e+00 1.441797912120819092e-01
1.991978645324707031e+01 1.690577387809753418e+00 1.547287344932556152e+00 1.432901024818420410e-01
1.994019699096679688e+01 1.674497365951538086e+00 1.530096530914306641e+00 1.444010734558105469e-01
1.996060371398925781e+01 1.662775516510009766e+00 1.520736455917358398e+00 1.420391947031021118e-01
1.998101425170898438e+01 1.651843786239624023e+00 1.511395573616027832e+00 1.404483169317245483e-01
2.000142097473144531e+01 1.643720269203186035e+00 1.502672314643859863e+00 1.410480290651321411e-01
2.002183151245117188e+01 1.636257171630859375e+00 1.494564414024353027e+00 1.416928619146347046e-01
2.004223823547363281e+01 1.630661368370056152e+00 1.489459276199340820e+00 1.412020921707153320e-01
2.006264686584472656e+01 1.627726078033447266e+00 1.486750960350036621e+00 1.409751921892166138e-01
2.008305740356445312e+01 1.626348257064819336e+00 1.485239982604980469e+00 1.411083638668060303e-01
2.010346412658691406e+01 1.628882527351379395e+00 1.487900018692016602e+00 1.409826278686523438e-01
2.012387466430664062e+01 1.629143714904785156e+00 1.488175392150878906e+00 1.409684270620346069e-01
2.014428138732910156e+01 1.625472903251647949e+00 1.483102679252624512e+00 1.423702836036682129e-01
2.016469192504882812e+01 1.615606546401977539e+00 1.472697496414184570e+00 1.429091989994049072e-01
2.018509864807128906e+01 1.605025053024291992e+00 1.461720824241638184e+00 1.433042883872985840e-01
2.020550918579101562e+01 1.596199750900268555e+00 1.453135609626770020e+00 1.430641710758209229e-01
2.022591781616210938e+01 1.591917753219604492e+00 1.449302315711975098e+00 1.426154524087905884e-01
2.024632644653320312e+01 1.593896508216857910e+00 1.451388359069824219e+00 1.425081491470336914e-01
2.026673507690429688e+01 1.603992462158203125e+00 1.461738944053649902e+00 1.422536373138427734e-01
2.028714179992675781e+01 1.623293399810791016e+00 1.480918765068054199e+00 1.423746198415756226e-01
2.030755233764648438e+01 1.640223026275634766e+00 1.497702240943908691e+00 1.425208151340484619e-01
2.032795906066894531e+01 1.655093669891357422e+00 1.512096881866455078e+00 1.429969966411590576e-01
2.034836959838867188e+01 1.668289899826049805e+00 1.524109601974487305e+00 1.441802680492401123e-01
2.036877632141113281e+01 1.670441150665283203e+00 1.524345397949218750e+00 1.460959166288375854e-01
2.038918685913085938e+01 1.649946689605712891e+00 1.503446817398071289e+00 1.464997977018356323e-01
2.040959548950195312e+01 1.644370079040527344e+00 1.498424768447875977e+00 1.459454894065856934e-01
2.043000602722167969e+01 1.646979093551635742e+00 1.501028895378112793e+00 1.459501534700393677e-01
2.045041275024414062e+01 1.652546048164367676e+00 1.505969285964965820e+00 1.465768069028854370e-01
2.047082328796386719e+01 1.657955527305603027e+00 1.510314941406250000e+00 1.476407200098037720e-01
2.049123001098632812e+01 1.660819530487060547e+00 1.511147260665893555e+00 1.496724933385848999e-01
2.051163673400878906e+01 1.654109001159667969e+00 1.503808259963989258e+00 1.503007411956787109e-01
2.053204727172851562e+01 1.647972345352172852e+00 1.498232603073120117e+00 1.497397720813751221e-01
2.055245590209960938e+01 1.636679053306579590e+00 1.488591551780700684e+00 1.480875909328460693e-01
2.057286643981933594e+01 1.623372316360473633e+00 1.476642131805419922e+00 1.467303335666656494e-01
2.059327316284179688e+01 1.608883023262023926e+00 1.463554143905639648e+00 1.453290730714797974e-01
2.061368370056152344e+01 1.601359963417053223e+00 1.456298232078552246e+00 1.450618505477905273e-01
2.063409042358398438e+01 1.598169326782226562e+00 1.451957583427429199e+00 1.462117731571197510e-01
2.065450096130371094e+01 1.591309666633605957e+00 1.443568587303161621e+00 1.477411091327667236e-01
2.067490768432617188e+01 1.585384488105773926e+00 1.436354279518127441e+00 1.490301191806793213e-01
2.069531822204589844e+01 1.583798050880432129e+00 1.434937715530395508e+00 1.488604694604873657e-01
2.071572494506835938e+01 1.580736160278320312e+00 1.432946443557739258e+00 1.477898806333541870e-01
2.073613357543945312e+01 1.571484565734863281e+00 1.426340937614440918e+00 1.451435387134552002e-01
2.075654411315917969e+01 1.564628720283508301e+00 1.422055125236511230e+00 1.425736546516418457e-01
2.077695083618164062e+01 1.560572028160095215e+00 1.418930292129516602e+00 1.416416168212890625e-01
2.079736137390136719e+01 1.558147192001342773e+00 1.416962027549743652e+00 1.411851197481155396e-01
2.081776809692382812e+01 1.559418678283691406e+00 1.417872905731201172e+00 1.415458321571350098e-01
2.083817863464355469e+01 1.567511677742004395e+00 1.425674557685852051e+00 1.418371051549911499e-01
2.085858535766601562e+01 1.571234703063964844e+00 1.428870677947998047e+00 1.423640847206115723e-01
2.087899589538574219e+01 1.571117281913757324e+00 1.428620338439941406e+00 1.424969285726547241e-01
2.089940452575683594e+01 1.569530487060546875e+00 1.426652550697326660e+00 1.428779810667037964e-01
2.091981506347656250e+01 1.562725663185119629e+00 1.418967008590698242e+00 1.437587291002273560e-01
2.094022178649902344e+01 1.553282856941223145e+00 1.408438324928283691e+00 1.448443979024887085e-01
2.096063232421875000e+01 1.545529961585998535e+00 1.398501157760620117e+00 1.470289230346679688e-01
2.098103904724121094e+01 1.536619544029235840e+00 1.386872053146362305e+00 1.497475504875183105e-01
2.100144577026367188e+01 1.534395337104797363e+00 1.382674694061279297e+00 1.517206579446792603e-01
2.102185630798339844e+01 1.537421226501464844e+00 1.384748578071594238e+00 1.526727378368377686e-01
2.104226493835449219e+01 1.542736768722534180e+00 1.390231490135192871e+00 1.525055170059204102e-01
2.106267547607421875e+01 1.548416972160339355e+00 1.395135521888732910e+00 1.532814800739288330e-01
2.108308219909667969e+01 1.549115180969238281e+00 1.395488262176513672e+00 1.536268442869186401e-01
2.110349273681640625e+01 1.543645381927490234e+00 1.389601111412048340e+00 1.540443748235702515e-01
2.112389945983886719e+01 1.535823464393615723e+00 1.380892395973205566e+00 1.549311727285385132e-01
2.114430999755859375e+01 1.528498411178588867e+00 1.372766375541687012e+00 1.557322293519973755e-01
2.116471672058105469e+01 1.521695256233215332e+00 1.364656209945678711e+00 1.570392102003097534e-01
2.118512725830078125e+01 1.513908028602600098e+00 1.355996489524841309e+00 1.579115092754364014e-01
2.120553398132324219e+01 1.487261652946472168e+00 1.329855442047119141e+00 1.574063599109649658e-01
2.122594261169433594e+01 1.455598354339599609e+00 1.300381302833557129e+00 1.552171707153320312e-01
2.124635314941406250e+01 1.427769541740417480e+00 1.275470495223999023e+00 1.522990614175796509e-01
2.126675987243652344e+01 1.407876372337341309e+00 1.257361769676208496e+00 1.505144834518432617e-01
2.128717041015625000e+01 1.390544295310974121e+00 1.240411996841430664e+00 1.501322686672210693e-01
2.130757713317871094e+01 1.380332946777343750e+00 1.232483029365539551e+00 1.478499323129653931e-01
2.132798767089843750e+01 1.375420689582824707e+00 1.230181097984313965e+00 1.452396214008331299e-01
2.134839439392089844e+01 1.372017621994018555e+00 1.228444576263427734e+00 1.435730904340744019e-01
2.136880493164062500e+01 1.373864531517028809e+00 1.230071902275085449e+00 1.437927633523941040e-01
2.138921356201171875e+01 1.378264188766479492e+00 1.234494328498840332e+00 1.437698155641555786e-01
2.140962409973144531e+01 1.376552820205688477e+00 1.232199311256408691e+00 1.443535536527633667e-01
2.143003082275390625e+01 1.364260315895080566e+00 1.219855070114135742e+00 1.444054245948791504e-01
2.145043754577636719e+01 1.345701813697814941e+00 1.201954245567321777e+00 1.437476128339767456e-01
2.147084808349609375e+01 1.337388515472412109e+00 1.196909308433532715e+00 1.404793411493301392e-01
2.149125480651855469e+01 1.358518362045288086e+00 1.221949458122253418e+00 1.365689635276794434e-01
2.151166534423828125e+01 1.392695069313049316e+00 1.254175305366516113e+00 1.385198533535003662e-01
2.153207397460937500e+01 1.392462134361267090e+00 1.250763177871704102e+00 1.416991055011749268e-01
2.155248260498046875e+01 1.368970155715942383e+00 1.227363944053649902e+00 1.416061073541641235e-01
2.157289123535156250e+01 1.359941482543945312e+00 1.218989968299865723e+00 1.409515589475631714e-01
2.159330177307128906e+01 1.372432351112365723e+00 1.231695771217346191e+00 1.407365947961807251e-01
2.161370849609375000e+01 1.365176677703857422e+00 1.227209925651550293e+00 1.379668563604354858e-01
2.163411903381347656e+01 1.370589733123779297e+00 1.232138156890869141e+00 1.384515762329101562e-01
2.165452575683593750e+01 1.376786708831787109e+00 1.238715529441833496e+00 1.380711644887924194e-01
2.167493247985839844e+01 1.386084079742431641e+00 1.247489452362060547e+00 1.385946422815322876e-01
2.169534301757812500e+01 1.389530301094055176e+00 1.250729560852050781e+00 1.388008147478103638e-01
2.171575164794921875e+01 1.390930175781250000e+00 1.251758813858032227e+00 1.391714215278625488e-01
2.173616218566894531e+01 1.397201299667358398e+00 1.256640911102294922e+00 1.405604034662246704e-01
2.175656890869140625e+01 1.404299616813659668e+00 1.262614250183105469e+00 1.416853964328765869e-01
2.177697944641113281e+01 1.416937828063964844e+00 1.275171995162963867e+00 1.417660415172576904e-01
2.179738616943359375e+01 1.422447085380554199e+00 1.282215118408203125e+00 1.402320414781570435e-01
2.181779670715332031e+01 1.423953652381896973e+00 1.284855842590332031e+00 1.390978693962097168e-01
2.183820343017578125e+01 1.423405170440673828e+00 1.284751296043395996e+00 1.386540383100509644e-01
2.185861396789550781e+01 1.417928218841552734e+00 1.279171109199523926e+00 1.387573182582855225e-01
2.187902259826660156e+01 1.428177475929260254e+00 1.289466500282287598e+00 1.387109756469726562e-01
2.189942932128906250e+01 1.420288443565368652e+00 1.280066490173339844e+00 1.402220129966735840e-01
2.191983985900878906e+01 1.405059695243835449e+00 1.264130949974060059e+00 1.409288793802261353e-01
2.194024658203125000e+01 1.391847372055053711e+00 1.250407338142395020e+00 1.414401084184646606e-01
2.196065711975097656e+01 1.383015394210815430e+00 1.242159605026245117e+00 1.408558785915374756e-01
2.198106384277343750e+01 1.378829836845397949e+00 1.239917397499084473e+00 1.389124393463134766e-01
2.200147438049316406e+01 1.384296417236328125e+00 1.246927618980407715e+00 1.373688578605651855e-01
2.202188110351562500e+01 1.396151781082153320e+00 1.260447382926940918e+00 1.357043683528900146e-01
2.204229164123535156e+01 1.392454743385314941e+00 1.256022095680236816e+00 1.364326775074005127e-01
2.206270027160644531e+01 1.391170382499694824e+00 1.254317641258239746e+00 1.368528306484222412e-01
2.208311080932617188e+01 1.400062561035156250e+00 1.261830806732177734e+00 1.382317692041397095e-01
2.210351753234863281e+01 1.414628624916076660e+00 1.274745345115661621e+00 1.398833543062210083e-01
2.212392807006835938e+01 1.423011660575866699e+00 1.282766699790954590e+00 1.402451097965240479e-01
2.214433479309082031e+01 1.433565855026245117e+00 1.292395234107971191e+00 1.411705613136291504e-01
2.216474151611328125e+01 1.436807036399841309e+00 1.294985532760620117e+00 1.418216824531555176e-01
2.218515205383300781e+01 1.449294328689575195e+00 1.305663824081420898e+00 1.436305791139602661e-01
2.220556068420410156e+01 1.467674016952514648e+00 1.321173787117004395e+00 1.465003639459609985e-01
2.222597122192382812e+01 1.482942104339599609e+00 1.335039854049682617e+00 1.479022651910781860e-01
2.224637794494628906e+01 1.489298701286315918e+00 1.339195609092712402e+00 1.501030325889587402e-01
2.226678848266601562e+01 1.478955268859863281e+00 1.327754616737365723e+00 1.512007415294647217e-01
2.228719520568847656e+01 1.454516053199768066e+00 1.302908062934875488e+00 1.516080200672149658e-01
2.230760574340820312e+01 1.429345011711120605e+00 1.278106927871704102e+00 1.512379795312881470e-01
2.232801246643066406e+01 1.392742514610290527e+00 1.240485548973083496e+00 1.522571742534637451e-01
2.234842300415039062e+01 1.342014193534851074e+00 1.190613865852355957e+00 1.514003872871398926e-01
2.236883163452148438e+01 1.312225818634033203e+00 1.161702513694763184e+00 1.505232751369476318e-01
2.238923835754394531e+01 1.280837774276733398e+00 1.130705356597900391e+00 1.501325964927673340e-01
2.240964889526367188e+01 1.265955090522766113e+00 1.118458986282348633e+00 1.474961936473846436e-01
2.243005561828613281e+01 1.292622327804565430e+00 1.145724177360534668e+00 1.468981355428695679e-01
2.245046615600585938e+01 1.298191666603088379e+00 1.150014162063598633e+00 1.481775343418121338e-01
2.247087287902832031e+01 1.281764984130859375e+00 1.133522272109985352e+00 1.482427716255187988e-01
2.249128341674804688e+01 1.294115304946899414e+00 1.148459315299987793e+00 1.456559598445892334e-01
2.251169013977050781e+01 1.317848920822143555e+00 1.174535036087036133e+00 1.433139294385910034e-01
2.253210067749023438e+01 1.343795299530029297e+00 1.202688336372375488e+00 1.411070376634597778e-01
2.255250930786132812e+01 1.350142121315002441e+00 1.208499908447265625e+00 1.416424810886383057e-01
2.257291984558105469e+01 1.291558742523193359e+00 1.148017764091491699e+00 1.435409188270568848e-01
2.259332656860351562e+01 1.268948793411254883e+00 1.127908587455749512e+00 1.410401761531829834e-01
2.261373329162597656e+01 1.268421649932861328e+00 1.129537224769592285e+00 1.388844996690750122e-01
2.263414382934570312e+01 1.248956561088562012e+00 1.111596226692199707e+00 1.373602896928787231e-01
2.265455055236816406e+01 1.246803760528564453e+00 1.109538078308105469e+00 1.372656226158142090e-01
2.267496109008789062e+01 1.249188661575317383e+00 1.111706614494323730e+00 1.374822407960891724e-01
2.269536972045898438e+01 1.263874411582946777e+00 1.127056479454040527e+00 1.368178725242614746e-01
2.271578025817871094e+01 1.245930671691894531e+00 1.110762953758239746e+00 1.351677328348159790e-01
2.273618698120117188e+01 1.238066315650939941e+00 1.102922081947326660e+00 1.351442933082580566e-01
2.275659751892089844e+01 1.237688064575195312e+00 1.101406812667846680e+00 1.362810730934143066e-01
2.277700424194335938e+01 1.209301114082336426e+00 1.074144363403320312e+00 1.351569890975952148e-01
2.279741477966308594e+01 1.216980814933776855e+00 1.080008387565612793e+00 1.369724720716476440e-01
2.281782150268554688e+01 1.211835503578186035e+00 1.074321269989013672e+00 1.375142931938171387e-01
2.283823013305664062e+01 1.196240305900573730e+00 1.057114124298095703e+00 1.391263157129287720e-01
2.285863876342773438e+01 1.209387898445129395e+00 1.072402954101562500e+00 1.369850188493728638e-01
2.287904739379882812e+01 1.203352212905883789e+00 1.064645171165466309e+00 1.387070715427398682e-01
2.289945793151855469e+01 1.194687604904174805e+00 1.056378364562988281e+00 1.383094042539596558e-01
2.291986465454101562e+01 1.186132550239562988e+00 1.047604322433471680e+00 1.385283023118972778e-01
2.294027519226074219e+01 1.179636478424072266e+00 1.041976332664489746e+00 1.376602947711944580e-01
2.296068191528320312e+01 1.174701213836669922e+00 1.037922382354736328e+00 1.367789208889007568e-01
2.298109245300292969e+01 1.182096242904663086e+00 1.044292449951171875e+00 1.378038823604583740e-01
2.300149917602539062e+01 1.210514187812805176e+00 1.073548078536987305e+00 1.369661688804626465e-01
2.302190971374511719e+01 1.209007859230041504e+00 1.071556448936462402e+00 1.374514997005462646e-01
2.304231834411621094e+01 1.220562577247619629e+00 1.083593845367431641e+00 1.369687616825103760e-01
2.306272506713867188e+01 1.241185426712036133e+00 1.103914022445678711e+00 1.372714340686798096e-01
2.308313560485839844e+01 1.267651438713073730e+00 1.129383563995361328e+00 1.382678598165512085e-01
2.310354232788085938e+01 1.272051095962524414e+00 1.133048892021179199e+00 1.390021741390228271e-01
2.312395286560058594e+01 1.280235171318054199e+00 1.141883611679077148e+00 1.383515745401382446e-01
2.314435958862304688e+01 1.261066675186157227e+00 1.123292922973632812e+00 1.377738118171691895e-01
2.316477012634277344e+01 1.281075119972229004e+00 1.142455101013183594e+00 1.386200785636901855e-01
2.318517875671386719e+01 1.285280466079711914e+00 1.147128462791442871e+00 1.381520479917526245e-01
2.320558929443359375e+01 1.291864275932312012e+00 1.153856515884399414e+00 1.380079537630081177e-01
2.322599601745605469e+01 1.305914163589477539e+00 1.167787909507751465e+00 1.381262540817260742e-01
2.324640655517578125e+01 1.296725153923034668e+00 1.159039020538330078e+00 1.376861035823822021e-01
2.326681327819824219e+01 1.291840553283691406e+00 1.153392434120178223e+00 1.384482383728027344e-01
2.328722000122070312e+01 1.304084539413452148e+00 1.164717674255371094e+00 1.393668353557586670e-01
2.330763053894042969e+01 1.318999528884887695e+00 1.179104089736938477e+00 1.398954391479492188e-01
2.332803726196289062e+01 1.334040880203247070e+00 1.192952513694763184e+00 1.410883218050003052e-01
2.334844779968261719e+01 1.328490257263183594e+00 1.187295794486999512e+00 1.411944925785064697e-01
2.336885643005371094e+01 1.326124072074890137e+00 1.184210062026977539e+00 1.419139355421066284e-01
2.338926696777343750e+01 1.324717998504638672e+00 1.180617928504943848e+00 1.441001296043395996e-01
2.340967369079589844e+01 1.312042713165283203e+00 1.167317390441894531e+00 1.447254568338394165e-01
2.343008422851562500e+01 1.325860977172851562e+00 1.180604696273803711e+00 1.452562510967254639e-01
2.345049095153808594e+01 1.322454571723937988e+00 1.176004409790039062e+00 1.464503407478332520e-01
2.347090148925781250e+01 1.332981586456298828e+00 1.187731027603149414e+00 1.452506631612777710e-01
2.349130821228027344e+01 1.335501074790954590e+00 1.189756512641906738e+00 1.457446068525314331e-01
2.351171875000000000e+01 1.339046716690063477e+00 1.192796230316162109e+00 1.462504863739013672e-01
2.353212738037109375e+01 1.297787904739379883e+00 1.150561451911926270e+00 1.472265720367431641e-01
2.355253410339355469e+01 1.248806118965148926e+00 1.100268483161926270e+00 1.485375612974166870e-01
2.357294464111328125e+01 1.186923742294311523e+00 1.036860466003417969e+00 1.500633060932159424e-01
2.359335136413574219e+01 1.185450553894042969e+00 1.041544198989868164e+00 1.439065039157867432e-01
2.361376190185546875e+01 1.206353783607482910e+00 1.063454031944274902e+00 1.428999751806259155e-01
2.363416862487792969e+01 1.181772470474243164e+00 1.039238929748535156e+00 1.425335407257080078e-01
2.365457916259765625e+01 1.176836371421813965e+00 1.034294128417968750e+00 1.425424069166183472e-01
2.367498779296875000e+01 1.156082868576049805e+00 1.012673854827880859e+00 1.434089690446853638e-01
2.369539642333984375e+01 1.154100179672241211e+00 1.011801600456237793e+00 1.422985941171646118e-01
2.371580505371093750e+01 1.190917134284973145e+00 1.049288749694824219e+00 1.416284143924713135e-01
2.373621559143066406e+01 1.205142498016357422e+00 1.065531849861145020e+00 1.396106183528900146e-01
2.375662231445312500e+01 1.213131070137023926e+00 1.071166515350341797e+00 1.419645547866821289e-01
2.377702903747558594e+01 1.204413771629333496e+00 1.063199400901794434e+00 1.412145644426345825e-01
2.379743957519531250e+01 1.202437520027160645e+00 1.062790513038635254e+00 1.396469473838806152e-01
2.381784629821777344e+01 1.189874768257141113e+00 1.046803474426269531e+00 1.430713832378387451e-01
2.383825683593750000e+01 1.187255263328552246e+00 1.046409368515014648e+00 1.408459693193435669e-01
2.385866546630859375e+01 1.197021365165710449e+00 1.056049823760986328e+00 1.409716606140136719e-01
2.387907600402832031e+01 1.192809462547302246e+00 1.052139520645141602e+00 1.406698822975158691e-01
2.389948272705078125e+01 1.190330147743225098e+00 1.048236131668090820e+00 1.420939564704895020e-01
2.391989326477050781e+01 1.190181612968444824e+00 1.043838858604431152e+00 1.463428586721420288e-01
2.394029998779296875e+01 1.173207521438598633e+00 1.021450161933898926e+00 1.517573744058609009e-01
2.396071052551269531e+01 1.137708544731140137e+00 9.846124649047851562e-01 1.530960500240325928e-01
2.398111724853515625e+01 1.104198932647705078e+00 9.513315558433532715e-01 1.528673917055130005e-01
2.400152587890625000e+01 1.092870354652404785e+00 9.415460228919982910e-01 1.513243317604064941e-01
2.402193641662597656e+01 1.077258348464965820e+00 9.252995252609252930e-01 1.519587486982345581e-01
2.404234313964843750e+01 1.051812052726745605e+00 8.996213674545288086e-01 1.521907895803451538e-01
2.406275367736816406e+01 1.042556643486022949e+00 8.918942213058471680e-01 1.506624370813369751e-01
2.408316040039062500e+01 1.045154333114624023e+00 8.946174979209899902e-01 1.505368798971176147e-01
2.410357093811035156e+01 1.052956104278564453e+00 9.047849774360656738e-01 1.481711417436599731e-01
2.412397766113281250e+01 1.059672474861145020e+00 9.134467840194702148e-01 1.462256908416748047e-01
2.414438819885253906e+01 1.061864495277404785e+00 9.166406393051147461e-01 1.452238857746124268e-01
2.416479492187500000e+01 1.046352505683898926e+00 9.015019536018371582e-01 1.448505967855453491e-01
