## NTRMN  = 172
## NTRANS = 218
-3.052340745925903320e-01 0.000000000000000000e+00 0.000000000000000000e+00 0.000000000000000000e+00
-2.848252356052398682e-01 0.000000000000000000e+00 0.000000000000000000e+00 0.000000000000000000e+00
-2.644163966178894043e-01 0.000000000000000000e+00 0.000000000000000000e+00 0.000000000000000000e+00
-2.440075576305389404e-01 0.000000000000000000e+00 0.000000000000000000e+00 0.000000000000000000e+00
-2.235987037420272827e-01 0.000000000000000000e+00 0.000000000000000000e+00 0.000000000000000000e+00
-2.031898647546768188e-01 0.000000000000000000e+00 0.000000000000000000e+00 0.000000000000000000e+00
-1.623729914426803589e-01 0.000000000000000000e+00 0.000000000000000000e+00 0.000000000000000000e+00
-1.419641524553298950e-01 0.000000000000000000e+00 0.000000000000000000e+00 0.000000000000000000e+00
-1.215553134679794312e-01 0.000000000000000000e+00 0.000000000000000000e+00 0.000000000000000000e+00
-8.073762804269790649e-02 0.000000000000000000e+00 0.000000000000000000e+00 0.000000000000000000e+00
-6.032959371805191040e-02 0.000000000000000000e+00 0.000000000000000000e+00 0.000000000000000000e+00
-3.992075473070144653e-02 0.000000000000000000e+00 0.000000000000000000e+00 0.000000000000000000e+00
-1.951191015541553497e-02 0.000000000000000000e+00 0.000000000000000000e+00 0.000000000000000000e+00
2.130577340722084045e-02 0.000000000000000000e+00 0.000000000000000000e+00 0.000000000000000000e+00
4.171380400657653809e-02 0.000000000000000000e+00 0.000000000000000000e+00 0.000000000000000000e+00
6.212264671921730042e-02 0.000000000000000000e+00 0.000000000000000000e+00 0.000000000000000000e+00
8.253148943185806274e-02 0.000000000000000000e+00 0.000000000000000000e+00 0.000000000000000000e+00
1.029403284192085266e-01 0.000000000000000000e+00 0.000000000000000000e+00 0.000000000000000000e+00
1.233491748571395874e-01 0.000000000000000000e+00 0.000000000000000000e+00 0.000000000000000000e+00
1.437580138444900513e-01 0.000000000000000000e+00 0.000000000000000000e+00 0.000000000000000000e+00
2.049837261438369751e-01 0.000000000000000000e+00 0.000000000000000000e+00 0.000000000000000000e+00
2.253925800323486328e-01 0.000000000000000000e+00 0.000000000000000000e+00 0.000000000000000000e+00
2.458014190196990967e-01 0.000000000000000000e+00 0.000000000000000000e+00 0.000000000000000000e+00
2.662102580070495605e-01 0.000000000000000000e+00 0.000000000000000000e+00 0.000000000000000000e+00
2.866182923316955566e-01 0.000000000000000000e+00 0.000000000000000000e+00 0.000000000000000000e+00
3.070271313190460205e-01 0.000000000000000000e+00 0.000000000000000000e+00 0.000000000000000000e+00
3.274359703063964844e-01 0.000000000000000000e+00 0.000000000000000000e+00 0.000000000000000000e+00
3.478448092937469482e-01 0.000000000000000000e+00 0.000000000000000000e+00 0.000000000000000000e+00
3.682536482810974121e-01 0.000000000000000000e+00 0.000000000000000000e+00 0.000000000000000000e+00
3.886616826057434082e-01 0.000000000000000000e+00 0.000000000000000000e+00 0.000000000000000000e+00
4.090705215930938721e-01 0.000000000000000000e+00 0.000000000000000000e+00 0.000000000000000000e+00
4.294793605804443359e-01 0.000000000000000000e+00 0.000000000000000000e+00 0.000000000000000000e+00
4.498882293701171875e-01 0.000000000000000000e+00 0.000000000000000000e+00 0.000000000000000000e+00
4.702970683574676514e-01 0.000000000000000000e+00 0.000000000000000000e+00 0.000000000000000000e+00
4.907059073448181152e-01 0.000000000000000000e+00 0.000000000000000000e+00 0.000000000000000000e+00
5.111139416694641113e-01 0.000000000000000000e+00 0.000000000000000000e+00 0.000000000000000000e+00
5.315227508544921875e-01 0.000000000000000000e+00 0.000000000000000000e+00 0.000000000000000000e+00
5.519316196441650391e-01 0.000000000000000000e+00 0.000000000000000000e+00 0.000000000000000000e+00
5.723404884338378906e-01 0.000000000000000000e+00 0.000000000000000000e+00 0.000000000000000000e+00
5.927492976188659668e-01 0.000000000000000000e+00 0.000000000000000000e+00 0.000000000000000000e+00
6.131581664085388184e-01 0.000000000000000000e+00 0.000000000000000000e+00 0.000000000000000000e+00
6.335662007331848145e-01 0.000000000000000000e+00 0.000000000000000000e+00 0.000000000000000000e+00
6.539750099182128906e-01 0.000000000000000000e+00 0.000000000000000000e+00 0.000000000000000000e+00
6.743838787078857422e-01 0.000000000000000000e+00 0.000000000000000000e+00 0.000000000000000000e+00
6.947926878929138184e-01 0.000000000000000000e+00 0.000000000000000000e+00 0.000000000000000000e+00
7.152015566825866699e-01 0.000000000000000000e+00 0.000000000000000000e+00 0.000000000000000000e+00
7.356095910072326660e-01 0.000000000000000000e+00 0.000000000000000000e+00 0.000000000000000000e+00
7.560184001922607422e-01 0.000000000000000000e+00 0.000000000000000000e+00 0.000000000000000000e+00
7.764272689819335938e-01 0.000000000000000000e+00 0.000000000000000000e+00 0.000000000000000000e+00
7.968360781669616699e-01 0.000000000000000000e+00 0.000000000000000000e+00 0.000000000000000000e+00
8.172449469566345215e-01 0.000000000000000000e+00 0.000000000000000000e+00 0.000000000000000000e+00
8.376538157463073730e-01 0.000000000000000000e+00 0.000000000000000000e+00 0.000000000000000000e+00
8.580617904663085938e-01 0.000000000000000000e+00 0.000000000000000000e+00 0.000000000000000000e+00
8.784706592559814453e-01 0.000000000000000000e+00 0.000000000000000000e+00 0.000000000000000000e+00
8.988795280456542969e-01 0.000000000000000000e+00 0.000000000000000000e+00 0.000000000000000000e+00
9.192883372306823730e-01 0.000000000000000000e+00 0.000000000000000000e+00 0.000000000000000000e+00
9.396972060203552246e-01 0.000000000000000000e+00 0.000000000000000000e+00 0.000000000000000000e+00
9.601060152053833008e-01 0.000000000000000000e+00 0.000000000000000000e+00 0.000000000000000000e+00
9.805140495300292969e-01 0.000000000000000000e+00 0.000000000000000000e+00 0.000000000000000000e+00
1.000922918319702148e+00 0.000000000000000000e+00 0.000000000000000000e+00 0.000000000000000000e+00
1.021331787109375000e+00 0.000000000000000000e+00 0.000000000000000000e+00 0.000000000000000000e+00
1.041740536689758301e+00 0.000000000000000000e+00 0.000000000000000000e+00 0.000000000000000000e+00
1.062149405479431152e+00 0.000000000000000000e+00 0.000000000000000000e+00 0.000000000000000000e+00
1.082557439804077148e+00 0.000000000000000000e+00 0.000000000000000000e+00 0.000000000000000000e+00
1.102966308593750000e+00 0.000000000000000000e+00 0.000000000000000000e+00 0.000000000000000000e+00
1.123375177383422852e+00 0.000000000000000000e+00 0.000000000000000000e+00 0.000000000000000000e+00
1.143784046173095703e+00 0.000000000000000000e+00 0.000000000000000000e+00 0.000000000000000000e+00
1.164192795753479004e+00 0.000000000000000000e+00 0.000000000000000000e+00 0.000000000000000000e+00
1.225418567657470703e+00 0.000000000000000000e+00 0.000000000000000000e+00 0.000000000000000000e+00
1.245827436447143555e+00 0.000000000000000000e+00 0.000000000000000000e+00 0.000000000000000000e+00
1.266236186027526855e+00 0.000000000000000000e+00 0.000000000000000000e+00 0.000000000000000000e+00
1.286645054817199707e+00 0.000000000000000000e+00 0.000000000000000000e+00 0.000000000000000000e+00
1.307053923606872559e+00 0.000000000000000000e+00 0.000000000000000000e+00 0.000000000000000000e+00
1.388688445091247559e+00 0.000000000000000000e+00 0.000000000000000000e+00 0.000000000000000000e+00
1.409097313880920410e+00 0.000000000000000000e+00 0.000000000000000000e+00 0.000000000000000000e+00
1.470323085784912109e+00 0.000000000000000000e+00 0.000000000000000000e+00 0.000000000000000000e+00
1.490731835365295410e+00 0.000000000000000000e+00 0.000000000000000000e+00 0.000000000000000000e+00
1.511140704154968262e+00 0.000000000000000000e+00 0.000000000000000000e+00 0.000000000000000000e+00
1.531549572944641113e+00 0.000000000000000000e+00 0.000000000000000000e+00 0.000000000000000000e+00
1.633592963218688965e+00 6.291815948486328125e+01 6.291815948486328125e+01 0.000000000000000000e+00
1.654001832008361816e+00 6.468914031982421875e+01 6.468914031982421875e+01 0.000000000000000000e+00
1.674409866333007812e+00 5.889672470092773438e+01 5.889672470092773438e+01 0.000000000000000000e+00
1.694818615913391113e+00 5.357571792602539062e+01 5.357571792602539062e+01 0.000000000000000000e+00
1.715227484703063965e+00 5.272190856933593750e+01 5.272190856933593750e+01 0.000000000000000000e+00
1.735636353492736816e+00 6.228788375854492188e+01 6.228788375854492188e+01 0.000000000000000000e+00
1.756045222282409668e+00 6.157078933715820312e+01 6.157078933715820312e+01 0.000000000000000000e+00
1.776453256607055664e+00 5.740691375732421875e+01 5.740691375732421875e+01 0.000000000000000000e+00
1.796862125396728516e+00 5.674822616577148438e+01 5.674822616577148438e+01 0.000000000000000000e+00
1.817270874977111816e+00 4.831242752075195312e+01 4.831242752075195312e+01 0.000000000000000000e+00
1.878496646881103516e+00 4.957964324951171875e+01 4.957964324951171875e+01 0.000000000000000000e+00
1.898905515670776367e+00 4.946280288696289062e+01 4.946280288696289062e+01 0.000000000000000000e+00
1.919314265251159668e+00 5.076410293579101562e+01 5.076410293579101562e+01 0.000000000000000000e+00
1.939723134040832520e+00 5.222930908203125000e+01 5.222930908203125000e+01 0.000000000000000000e+00
1.960132002830505371e+00 5.327319717407226562e+01 5.327319717407226562e+01 0.000000000000000000e+00
1.980540871620178223e+00 5.361264038085937500e+01 5.361264038085937500e+01 0.000000000000000000e+00
2.000949621200561523e+00 5.331705474853515625e+01 5.331705474853515625e+01 0.000000000000000000e+00
2.021358489990234375e+00 5.244120407104492188e+01 5.244120407104492188e+01 0.000000000000000000e+00
2.041767358779907227e+00 4.990036773681640625e+01 4.990036773681640625e+01 0.000000000000000000e+00
2.102992296218872070e+00 5.466128921508789062e+01 5.452632522583007812e+01 1.349655389785766602e-01
2.143810033798217773e+00 5.268476867675781250e+01 5.249990844726562500e+01 1.848583370447158813e-01
2.245854139328002930e+00 6.487813568115234375e+01 6.470167541503906250e+01 1.764589846134185791e-01
2.286671876907348633e+00 6.182059860229492188e+01 6.150528335571289062e+01 3.153151571750640869e-01
2.307079076766967773e+00 6.283021926879882812e+01 6.251769256591796875e+01 3.125260472297668457e-01
2.368305683135986328e+00 6.161665344238281250e+01 6.054767990112304688e+01 1.068973302841186523e+00
2.409123182296752930e+00 5.729692459106445312e+01 5.619297027587890625e+01 1.103951692581176758e+00
2.429532051086425781e+00 5.159331893920898438e+01 5.049863433837890625e+01 1.094686031341552734e+00
2.531574726104736328e+00 5.532135391235351562e+01 4.813217163085937500e+01 7.189182758331298828e+00
2.572392463684082031e+00 5.596414947509765625e+01 4.778720855712890625e+01 8.176938056945800781e+00
2.592801332473754883e+00 5.592876052856445312e+01 4.708790206909179688e+01 8.840859413146972656e+00
2.613210201263427734e+00 5.519335174560546875e+01 4.556589126586914062e+01 9.627457618713378906e+00
2.633618831634521484e+00 5.517059707641601562e+01 4.494008636474609375e+01 1.023051071166992188e+01
2.654027700424194336e+00 5.430479049682617188e+01 4.376918792724609375e+01 1.053560161590576172e+01
2.674436569213867188e+00 5.252027130126953125e+01 4.145251083374023438e+01 1.106776237487792969e+01
2.694845438003540039e+00 5.129117202758789062e+01 3.950849533081054688e+01 1.178267669677734375e+01
2.715254306793212891e+00 5.279384613037109375e+01 3.990804290771484375e+01 1.288580703735351562e+01
2.735663175582885742e+00 5.487106323242187500e+01 4.236680603027343750e+01 1.250425720214843750e+01
2.837705612182617188e+00 5.535067749023437500e+01 4.128620910644531250e+01 1.406446456909179688e+01
2.858114480972290039e+00 5.470175933837890625e+01 3.993604278564453125e+01 1.476571273803710938e+01
2.878523349761962891e+00 5.393887710571289062e+01 4.011861419677734375e+01 1.382026576995849609e+01
3.123427867889404297e+00 4.834166717529296875e+01 3.559720230102539062e+01 1.274446105957031250e+01
3.143836736679077148e+00 4.699724578857421875e+01 3.415919876098632812e+01 1.283804988861083984e+01
3.245879411697387695e+00 4.182436752319335938e+01 2.859748649597167969e+01 1.322688007354736328e+01
3.429558992385864258e+00 3.865065383911132812e+01 2.607118225097656250e+01 1.257947540283203125e+01
3.449967861175537109e+00 3.608699798583984375e+01 2.420650672912597656e+01 1.188049793243408203e+01
3.674463510513305664e+00 3.091303634643554688e+01 2.052225303649902344e+01 1.039078330993652344e+01
3.715279340744018555e+00 3.146541404724121094e+01 2.108611297607421875e+01 1.037930202484130859e+01
3.735688209533691406e+00 3.153178215026855469e+01 2.067613983154296875e+01 1.085564231872558594e+01
3.837732553482055664e+00 3.025755882263183594e+01 1.988620948791503906e+01 1.037134552001953125e+01
3.858141422271728516e+00 2.960787582397460938e+01 1.932496070861816406e+01 1.028291797637939453e+01
3.960183858871459961e+00 2.761452674865722656e+01 1.819229125976562500e+01 9.422236442565917969e+00
4.103045940399169922e+00 2.554333686828613281e+01 1.683538818359375000e+01 8.707951545715332031e+00
4.205088615417480469e+00 2.371066093444824219e+01 1.549037170410156250e+01 8.220292091369628906e+00
4.225497245788574219e+00 2.316564559936523438e+01 1.511245441436767578e+01 8.053194046020507812e+00
4.245905876159667969e+00 2.293325996398925781e+01 1.479455375671386719e+01 8.138705253601074219e+00
4.266314983367919922e+00 2.301728248596191406e+01 1.498750686645507812e+01 8.029777526855468750e+00
4.286723613739013672e+00 2.276582145690917969e+01 1.490777492523193359e+01 7.858046531677246094e+00
4.307132720947265625e+00 2.252573204040527344e+01 1.475098705291748047e+01 7.774745464324951172e+00
4.429584026336669922e+00 2.150199890136718750e+01 1.421080303192138672e+01 7.291192531585693359e+00
4.592854976654052734e+00 1.863309097290039062e+01 1.200382423400878906e+01 6.629270076751708984e+00
4.756124019622802734e+00 1.728528022766113281e+01 1.128220462799072266e+01 6.003076076507568359e+00
4.796941757202148438e+00 1.682810592651367188e+01 1.089425945281982422e+01 5.933844566345214844e+00
4.817350387573242188e+00 1.673386573791503906e+01 1.084810543060302734e+01 5.885760307312011719e+00
4.837759494781494141e+00 1.652137374877929688e+01 1.071821880340576172e+01 5.803154468536376953e+00
4.858166694641113281e+00 1.645303916931152344e+01 1.067319583892822266e+01 5.779843807220458984e+00
4.898984432220458984e+00 1.601856040954589844e+01 1.040346622467041016e+01 5.615095615386962891e+00
4.919393062591552734e+00 1.598260211944580078e+01 1.036273765563964844e+01 5.619865417480468750e+00
4.939801692962646484e+00 1.577547073364257812e+01 1.024965476989746094e+01 5.525815963745117188e+00
4.960210800170898438e+00 1.557979011535644531e+01 1.009647846221923828e+01 5.483312606811523438e+00
4.980619430541992188e+00 1.548431015014648438e+01 1.002867221832275391e+01 5.455637931823730469e+00
5.001028537750244141e+00 1.516935062408447266e+01 9.798666000366210938e+00 5.370687007904052734e+00
5.021437168121337891e+00 1.494578075408935547e+01 9.603900909423828125e+00 5.341877460479736328e+00
5.041846275329589844e+00 1.486418533325195312e+01 9.512796401977539062e+00 5.351386547088623047e+00
5.103071212768554688e+00 1.418918514251708984e+01 9.105468750000000000e+00 5.083716392517089844e+00
5.123479843139648438e+00 1.388390541076660156e+01 8.821558952331542969e+00 5.062344074249267578e+00
5.143888473510742188e+00 1.370884895324707031e+01 8.695808410644531250e+00 5.013038635253906250e+00
5.164297580718994141e+00 1.363205718994140625e+01 8.622041702270507812e+00 5.010015010833740234e+00
5.184706211090087891e+00 1.346631145477294922e+01 8.521151542663574219e+00 4.945161342620849609e+00
5.205115318298339844e+00 1.323517799377441406e+01 8.273880004882812500e+00 4.961298942565917969e+00
5.307159423828125000e+00 1.271237182617187500e+01 7.925342559814453125e+00 4.787027835845947266e+00
5.409202098846435547e+00 1.262739658355712891e+01 7.955071926116943359e+00 4.672326564788818359e+00
5.429610729217529297e+00 1.243239784240722656e+01 7.810536384582519531e+00 4.621860504150390625e+00
5.470428466796875000e+00 1.228850555419921875e+01 7.690991878509521484e+00 4.597513198852539062e+00
5.490837574005126953e+00 1.226519966125488281e+01 7.695105075836181641e+00 4.570097446441650391e+00
5.511246204376220703e+00 1.214444255828857422e+01 7.627515316009521484e+00 4.516929149627685547e+00
5.613288879394531250e+00 1.129384231567382812e+01 6.932310104370117188e+00 4.361533164978027344e+00
5.633697509765625000e+00 1.126933193206787109e+01 6.949689865112304688e+00 4.319645404815673828e+00
5.654106616973876953e+00 1.111708164215087891e+01 6.784883975982666016e+00 4.332200050354003906e+00
5.694924354553222656e+00 1.085207462310791016e+01 6.578620433807373047e+00 4.273453712463378906e+00
5.715332984924316406e+00 1.079872798919677734e+01 6.567694187164306641e+00 4.231033802032470703e+00
5.735742092132568359e+00 1.063007926940917969e+01 6.425374984741210938e+00 4.204702377319335938e+00
5.776557922363281250e+00 1.058161354064941406e+01 6.392407417297363281e+00 4.189205169677734375e+00
5.796966552734375000e+00 1.037038803100585938e+01 6.210912704467773438e+00 4.159475803375244141e+00
5.817375659942626953e+00 1.044820117950439453e+01 6.324921607971191406e+00 4.123280048370361328e+00
5.837784290313720703e+00 1.030992126464843750e+01 6.241299629211425781e+00 4.068623542785644531e+00
5.919419765472412109e+00 1.000112247467041016e+01 6.037943840026855469e+00 3.963178873062133789e+00
5.939828872680664062e+00 9.870055198669433594e+00 5.932562351226806641e+00 3.937493562698364258e+00
5.960237503051757812e+00 9.736674308776855469e+00 5.823885440826416016e+00 3.912791728973388672e+00
5.980646133422851562e+00 9.672800064086914062e+00 5.804011821746826172e+00 3.868788957595825195e+00
6.001055240631103516e+00 9.775677680969238281e+00 5.884001731872558594e+00 3.891676902770996094e+00
6.021462440490722656e+00 9.773731231689453125e+00 5.864060401916503906e+00 3.909670591354370117e+00
6.041871070861816406e+00 9.604959487915039062e+00 5.741234779357910156e+00 3.863725423812866211e+00
6.103097915649414062e+00 9.539235115051269531e+00 5.718941211700439453e+00 3.820293664932250977e+00
6.123506546020507812e+00 9.411329269409179688e+00 5.600191116333007812e+00 3.811137437820434570e+00
6.143915653228759766e+00 9.464075088500976562e+00 5.661464691162109375e+00 3.802609205245971680e+00
6.164324283599853516e+00 9.381651878356933594e+00 5.594176769256591797e+00 3.787477731704711914e+00
6.266366958618164062e+00 8.986069679260253906e+00 5.285325527191162109e+00 3.700744152069091797e+00
6.327593326568603516e+00 8.803877830505371094e+00 5.139601707458496094e+00 3.664276599884033203e+00
6.348002433776855469e+00 8.760882377624511719e+00 5.107993602752685547e+00 3.652887821197509766e+00
6.409228801727294922e+00 8.594406127929687500e+00 4.977025508880615234e+00 3.617380142211914062e+00
6.450046539306640625e+00 8.428991317749023438e+00 4.843463897705078125e+00 3.585527420043945312e+00
6.470455169677734375e+00 8.372092247009277344e+00 4.805988311767578125e+00 3.566104173660278320e+00
6.490862369537353516e+00 8.287442207336425781e+00 4.739244461059570312e+00 3.548198461532592773e+00
6.511271476745605469e+00 8.222894668579101562e+00 4.724390029907226562e+00 3.498504400253295898e+00
6.531680107116699219e+00 8.198970794677734375e+00 4.704130172729492188e+00 3.494840860366821289e+00
6.592906951904296875e+00 8.061296463012695312e+00 4.598716735839843750e+00 3.462579488754272461e+00
6.613315582275390625e+00 8.080998420715332031e+00 4.584525108337402344e+00 3.496473312377929688e+00
6.756175994873046875e+00 7.951352119445800781e+00 4.535418987274169922e+00 3.415932893753051758e+00
6.776584625244140625e+00 7.602723121643066406e+00 4.274476528167724609e+00 3.328245639801025391e+00
6.796993732452392578e+00 7.520464897155761719e+00 4.159502983093261719e+00 3.360963106155395508e+00
6.817402362823486328e+00 7.448381423950195312e+00 4.147051334381103516e+00 3.301328420639038086e+00
6.837811470031738281e+00 7.429666519165039062e+00 4.125920772552490234e+00 3.303745746612548828e+00
6.858220100402832031e+00 7.409602165222167969e+00 4.141567707061767578e+00 3.268034696578979492e+00
6.878628730773925781e+00 7.413744449615478516e+00 4.129279613494873047e+00 3.284464359283447266e+00
6.919446468353271484e+00 7.316906929016113281e+00 4.016698837280273438e+00 3.300208091735839844e+00
6.939853668212890625e+00 7.300240039825439453e+00 4.030758380889892578e+00 3.269481182098388672e+00
6.960262775421142578e+00 7.236023426055908203e+00 4.018939495086669922e+00 3.217084407806396484e+00
6.980671405792236328e+00 7.221675395965576172e+00 3.995187282562255859e+00 3.226488351821899414e+00
7.001080513000488281e+00 7.209787368774414062e+00 3.983540773391723633e+00 3.226245641708374023e+00
7.021489143371582031e+00 7.168987274169921875e+00 3.954915046691894531e+00 3.214071035385131836e+00
7.041898250579833984e+00 7.171507358551025391e+00 3.958750724792480469e+00 3.212757349014282227e+00
7.062306880950927734e+00 7.131113052368164062e+00 3.932057142257690430e+00 3.199055910110473633e+00
7.082715511322021484e+00 7.081626415252685547e+00 3.908897161483764648e+00 3.172728538513183594e+00
7.103124618530273438e+00 7.072864055633544922e+00 3.897665977478027344e+00 3.175197839736938477e+00
7.123533248901367188e+00 7.014054775238037109e+00 3.844491958618164062e+00 3.169562816619873047e+00
7.143942356109619141e+00 6.968124389648437500e+00 3.799999237060546875e+00 3.168125152587890625e+00
7.164350986480712891e+00 6.959170818328857422e+00 3.790844917297363281e+00 3.168325901031494141e+00
7.184758186340332031e+00 6.892020225524902344e+00 3.750090360641479492e+00 3.141930103302001953e+00
7.205167293548583984e+00 6.846736431121826172e+00 3.709565639495849609e+00 3.137170791625976562e+00
7.225575923919677734e+00 6.778448104858398438e+00 3.662643909454345703e+00 3.115805149078369141e+00
7.245985031127929688e+00 6.774618148803710938e+00 3.652327775955200195e+00 3.122290134429931641e+00
7.307211399078369141e+00 6.584079742431640625e+00 3.516889810562133789e+00 3.067189216613769531e+00
7.327620029449462891e+00 6.519957065582275391e+00 3.474424839019775391e+00 3.045532226562500000e+00
7.348029136657714844e+00 6.529679298400878906e+00 3.464774847030639648e+00 3.064904928207397461e+00
7.368437767028808594e+00 6.515968799591064453e+00 3.442183017730712891e+00 3.073785305023193359e+00
7.388846874237060547e+00 6.499741554260253906e+00 3.429435014724731445e+00 3.070306539535522461e+00
7.409254074096679688e+00 6.453003883361816406e+00 3.374755859375000000e+00 3.078248500823974609e+00
7.429662704467773438e+00 6.415088653564453125e+00 3.338097810745239258e+00 3.076991558074951172e+00
7.450071811676025391e+00 6.345045089721679688e+00 3.285573959350585938e+00 3.059472084045410156e+00
7.470480442047119141e+00 6.342917442321777344e+00 3.276597976684570312e+00 3.066319942474365234e+00
7.490889549255371094e+00 6.307016372680664062e+00 3.245300531387329102e+00 3.061715841293334961e+00
7.511298179626464844e+00 6.267408847808837891e+00 3.207799196243286133e+00 3.059610128402709961e+00
7.531706809997558594e+00 6.219031810760498047e+00 3.167322397232055664e+00 3.051709890365600586e+00
7.552115917205810547e+00 6.199974060058593750e+00 3.160347938537597656e+00 3.039628267288208008e+00
7.572524547576904297e+00 6.162022590637207031e+00 3.124959468841552734e+00 3.037062883377075195e+00
7.592933654785156250e+00 6.181846141815185547e+00 3.080302715301513672e+00 3.101543664932250977e+00
7.613342285156250000e+00 6.085439682006835938e+00 3.062612056732177734e+00 3.022828340530395508e+00
7.633749485015869141e+00 6.049085140228271484e+00 3.026201486587524414e+00 3.022884130477905273e+00
7.654158592224121094e+00 6.003930091857910156e+00 2.991547822952270508e+00 3.012382745742797852e+00
7.674567222595214844e+00 5.988064289093017578e+00 2.985151767730712891e+00 3.002912759780883789e+00
7.694976329803466797e+00 5.942842483520507812e+00 2.941457986831665039e+00 3.001385211944580078e+00
7.715384960174560547e+00 5.936106204986572266e+00 2.939882993698120117e+00 2.996223211288452148e+00
7.776611328125000000e+00 5.888328075408935547e+00 2.924432516098022461e+00 2.963895559310913086e+00
7.797020435333251953e+00 5.923160076141357422e+00 2.922918319702148438e+00 3.000242471694946289e+00
7.817429065704345703e+00 6.142210006713867188e+00 2.875478029251098633e+00 3.266733169555664062e+00
7.837838172912597656e+00 6.102695465087890625e+00 2.867990493774414062e+00 3.234705686569213867e+00
7.858246803283691406e+00 6.049030303955078125e+00 2.860542058944702148e+00 3.188487768173217773e+00
7.878654003143310547e+00 5.789642810821533203e+00 2.853132724761962891e+00 2.936509609222412109e+00
7.899063110351562500e+00 5.793039321899414062e+00 2.854852914810180664e+00 2.938186168670654297e+00
7.960289478302001953e+00 5.744073867797851562e+00 2.852442264556884766e+00 2.891630887985229492e+00
7.980698108673095703e+00 5.752932071685791016e+00 2.869144916534423828e+00 2.883787155151367188e+00
8.001107215881347656e+00 5.668874263763427734e+00 2.790019035339355469e+00 2.878853797912597656e+00
8.021515846252441406e+00 5.666767597198486328e+00 2.785904645919799805e+00 2.880863904953002930e+00
8.164376258850097656e+00 5.553153514862060547e+00 2.690242767333984375e+00 2.862910747528076172e+00
8.205193519592285156e+00 5.509621143341064453e+00 2.662271976470947266e+00 2.847348928451538086e+00
8.225603103637695312e+00 5.305829048156738281e+00 2.612011671066284180e+00 2.693817377090454102e+00
8.266420364379882812e+00 5.435640335083007812e+00 2.599114179611206055e+00 2.836526393890380859e+00
8.286828994750976562e+00 5.411224842071533203e+00 2.582602262496948242e+00 2.828622341156005859e+00
8.388872146606445312e+00 5.297235012054443359e+00 2.484126091003417969e+00 2.813108921051025391e+00
8.409280776977539062e+00 5.244845390319824219e+00 2.433972597122192383e+00 2.810872554779052734e+00
8.429689407348632812e+00 5.241013050079345703e+00 2.420980215072631836e+00 2.820033788681030273e+00
8.450098037719726562e+00 5.219476222991943359e+00 2.388219356536865234e+00 2.831255912780761719e+00
8.470507621765136719e+00 5.213067054748535156e+00 2.379638910293579102e+00 2.833427667617797852e+00
8.490916252136230469e+00 5.209755420684814453e+00 2.365461111068725586e+00 2.844294309616088867e+00
8.511324882507324219e+00 5.191173076629638672e+00 2.342913150787353516e+00 2.848259449005126953e+00
8.531733512878417969e+00 5.184616565704345703e+00 2.337308645248413086e+00 2.847308635711669922e+00
8.552143096923828125e+00 5.133578300476074219e+00 2.299540281295776367e+00 2.834037542343139648e+00
8.572549819946289062e+00 5.144196987152099609e+00 2.294066190719604492e+00 2.850131273269653320e+00
8.592958450317382812e+00 5.132591724395751953e+00 2.281652927398681641e+00 2.850939035415649414e+00
8.613367080688476562e+00 5.122424125671386719e+00 2.277636289596557617e+00 2.844788074493408203e+00
8.695002555847167969e+00 5.041208744049072266e+00 2.242486000061035156e+00 2.798722982406616211e+00
8.756229400634765625e+00 5.019335746765136719e+00 2.221338033676147461e+00 2.797998666763305664e+00
8.797045707702636719e+00 5.012866973876953125e+00 2.215113401412963867e+00 2.797752857208251953e+00
8.817454338073730469e+00 4.944902896881103516e+00 2.171976804733276367e+00 2.772927045822143555e+00
8.858271598815917969e+00 4.956761837005615234e+00 2.161968708038330078e+00 2.794792652130126953e+00
8.878681182861328125e+00 4.945280075073242188e+00 2.156999111175537109e+00 2.788280963897705078e+00
9.021542549133300781e+00 4.809499740600585938e+00 2.063136577606201172e+00 2.746363401412963867e+00
9.041950225830078125e+00 4.805891513824462891e+00 2.063775300979614258e+00 2.742116212844848633e+00
9.062358856201171875e+00 4.808753490447998047e+00 2.063090085983276367e+00 2.745663881301879883e+00
9.082767486572265625e+00 4.796847343444824219e+00 2.061089992523193359e+00 2.735757350921630859e+00
9.103176116943359375e+00 4.797443866729736328e+00 2.070932865142822266e+00 2.726511955261230469e+00
9.143994331359863281e+00 4.757443428039550781e+00 2.039435148239135742e+00 2.718008518218994141e+00
9.266445159912109375e+00 4.799747943878173828e+00 2.052528142929077148e+00 2.747219562530517578e+00
9.286854743957519531e+00 4.652536869049072266e+00 1.971974134445190430e+00 2.680563449859619141e+00
9.307263374328613281e+00 4.625338077545166016e+00 1.952217340469360352e+00 2.673120737075805664e+00
9.327672004699707031e+00 4.587407112121582031e+00 1.932547211647033691e+00 2.654860258102416992e+00
9.348080635070800781e+00 4.576819896697998047e+00 1.923206210136413574e+00 2.653614044189453125e+00
9.368490219116210938e+00 4.551104068756103516e+00 1.903684973716735840e+00 2.647420167922973633e+00
9.388898849487304688e+00 4.528997421264648438e+00 1.891897678375244141e+00 2.637099742889404297e+00
9.409307479858398438e+00 4.527601242065429688e+00 1.881433606147766113e+00 2.646167993545532227e+00
9.429716110229492188e+00 4.527720928192138672e+00 1.873553633689880371e+00 2.654167652130126953e+00
9.450124740600585938e+00 4.508799552917480469e+00 1.863174438476562500e+00 2.645625591278076172e+00
9.470534324645996094e+00 4.512218475341796875e+00 1.854103922843933105e+00 2.658114194869995117e+00
9.490941047668457031e+00 4.505645275115966797e+00 1.848856091499328613e+00 2.656789302825927734e+00
9.511349678039550781e+00 4.485800266265869141e+00 1.834821343421936035e+00 2.650979518890380859e+00
9.531759262084960938e+00 4.476889133453369141e+00 1.822102308273315430e+00 2.654786348342895508e+00
9.552167892456054688e+00 4.473881721496582031e+00 1.823221564292907715e+00 2.650659799575805664e+00
9.572576522827148438e+00 4.468760490417480469e+00 1.820584893226623535e+00 2.648175001144409180e+00
9.592985153198242188e+00 4.453391075134277344e+00 1.812968492507934570e+00 2.640423536300659180e+00
9.613394737243652344e+00 4.445418357849121094e+00 1.804139137268066406e+00 2.641278028488159180e+00
9.633803367614746094e+00 4.431524276733398438e+00 1.795347332954406738e+00 2.636177778244018555e+00
9.654211997985839844e+00 4.412399768829345703e+00 1.781633377075195312e+00 2.630765914916992188e+00
9.674620628356933594e+00 4.402803897857666016e+00 1.776637792587280273e+00 2.626166343688964844e+00
9.695029258728027344e+00 4.387561798095703125e+00 1.765490055084228516e+00 2.622072696685791016e+00
9.715438842773437500e+00 4.375867366790771484e+00 1.760549545288085938e+00 2.615319013595581055e+00
9.735845565795898438e+00 4.359270095825195312e+00 1.749482631683349609e+00 2.609786987304687500e+00
9.756254196166992188e+00 4.348297595977783203e+00 1.744596004486083984e+00 2.603701353073120117e+00
9.776663780212402344e+00 4.333995819091796875e+00 1.732384204864501953e+00 2.601611614227294922e+00
9.797072410583496094e+00 4.316528797149658203e+00 1.721444606781005859e+00 2.595084190368652344e+00
9.817481040954589844e+00 4.306015014648437500e+00 1.716647028923034668e+00 2.589367866516113281e+00
9.837889671325683594e+00 4.297510623931884766e+00 1.713085770606994629e+00 2.584424018859863281e+00
9.858299255371093750e+00 4.280082702636718750e+00 1.699826121330261230e+00 2.580256700515747070e+00
9.878707885742187500e+00 4.263272285461425781e+00 1.689044356346130371e+00 2.574227571487426758e+00
9.899116516113281250e+00 4.246978282928466797e+00 1.678307175636291504e+00 2.568670988082885742e+00
9.919525146484375000e+00 4.232851028442382812e+00 1.670027494430541992e+00 2.562823772430419922e+00
9.939933776855468750e+00 4.215602397918701172e+00 1.658169150352478027e+00 2.557432889938354492e+00
9.960341453552246094e+00 4.203444004058837891e+00 1.649964928627014160e+00 2.553479671478271484e+00
9.980750083923339844e+00 4.195573806762695312e+00 1.646591067314147949e+00 2.548982620239257812e+00
1.000115871429443359e+01 4.181836605072021484e+00 1.634853124618530273e+00 2.546982765197753906e+00
1.002156829833984375e+01 4.174168586730957031e+00 1.632718205451965332e+00 2.541450500488281250e+00
1.004197692871093750e+01 4.159875869750976562e+00 1.622248172760009766e+00 2.537628173828125000e+00
1.006238555908203125e+01 4.146742343902587891e+00 1.615389347076416016e+00 2.531352996826171875e+00
1.008279418945312500e+01 4.132528781890869141e+00 1.606184005737304688e+00 2.526345491409301758e+00
1.012361240386962891e+01 4.072968482971191406e+00 1.576061248779296875e+00 2.496906757354736328e+00
1.014402103424072266e+01 4.086870193481445312e+00 1.595309495925903320e+00 2.491560697555541992e+00
1.016442966461181641e+01 4.125143527984619141e+00 1.608592629432678223e+00 2.516550779342651367e+00
1.018483734130859375e+01 4.072476387023925781e+00 1.581864953041076660e+00 2.490611076354980469e+00
1.020524597167968750e+01 4.064203739166259766e+00 1.568145394325256348e+00 2.496058940887451172e+00
1.022565460205078125e+01 4.043238162994384766e+00 1.560333609580993652e+00 2.482903957366943359e+00
1.024606323242187500e+01 4.042901039123535156e+00 1.557225584983825684e+00 2.485675573348999023e+00
1.026647281646728516e+01 4.048665523529052734e+00 1.556461691856384277e+00 2.492203235626220703e+00
1.028688144683837891e+01 4.038783550262451172e+00 1.547555804252624512e+00 2.491228580474853516e+00
1.030729007720947266e+01 4.029232978820800781e+00 1.542168974876403809e+00 2.487063407897949219e+00
1.032769870758056641e+01 4.035987377166748047e+00 1.536803603172302246e+00 2.499184131622314453e+00
1.034810733795166016e+01 4.012305259704589844e+00 1.525675773620605469e+00 2.486629724502563477e+00
1.036851692199707031e+01 3.994210720062255859e+00 1.518055081367492676e+00 2.476155757904052734e+00
1.038892555236816406e+01 3.994061470031738281e+00 1.521985650062561035e+00 2.472075700759887695e+00
1.040933418273925781e+01 3.983907938003540039e+00 1.514402270317077637e+00 2.469505310058593750e+00
1.042974185943603516e+01 3.974233388900756836e+00 1.506848454475402832e+00 2.467384815216064453e+00
1.045015048980712891e+01 3.965655803680419922e+00 1.500469446182250977e+00 2.465186119079589844e+00
1.047055912017822266e+01 3.958824396133422852e+00 1.497544765472412109e+00 2.461279630661010742e+00
1.049096775054931641e+01 3.979588031768798828e+00 1.509463667869567871e+00 2.470124244689941406e+00
1.051137733459472656e+01 3.935943365097045898e+00 1.484897136688232422e+00 2.451046228408813477e+00
1.053178596496582031e+01 3.928208589553833008e+00 1.476337075233459473e+00 2.451871633529663086e+00
1.055219459533691406e+01 3.919503211975097656e+00 1.472347497940063477e+00 2.447155952453613281e+00
1.057260322570800781e+01 3.909743070602416992e+00 1.466108918190002441e+00 2.443634033203125000e+00
1.059301185607910156e+01 3.897939205169677734e+00 1.457634449005126953e+00 2.440304756164550781e+00
1.061342144012451172e+01 3.875075578689575195e+00 1.436787247657775879e+00 2.438288211822509766e+00
1.063383007049560547e+01 3.877680301666259766e+00 1.440783262252807617e+00 2.436896800994873047e+00
1.065423679351806641e+01 3.865805864334106445e+00 1.433529734611511230e+00 2.432276010513305664e+00
1.067464637756347656e+01 3.859530210494995117e+00 1.428546428680419922e+00 2.430983781814575195e+00
1.069505500793457031e+01 3.840798139572143555e+00 1.417986273765563965e+00 2.422811746597290039e+00
1.071546363830566406e+01 3.833973169326782227e+00 1.410817384719848633e+00 2.423156023025512695e+00
1.073587226867675781e+01 3.822713136672973633e+00 1.403675794601440430e+00 2.419037103652954102e+00
1.075628089904785156e+01 3.814516782760620117e+00 1.398786783218383789e+00 2.415729999542236328e+00
1.077669048309326172e+01 3.805589199066162109e+00 1.391695022583007812e+00 2.413893938064575195e+00
1.079709911346435547e+01 3.792157888412475586e+00 1.381304264068603516e+00 2.410853624343872070e+00
1.081750774383544922e+01 3.779968261718750000e+00 1.373165726661682129e+00 2.406802654266357422e+00
1.083791637420654297e+01 3.765001058578491211e+00 1.366162300109863281e+00 2.398838520050048828e+00
1.085832595825195312e+01 3.762621641159057617e+00 1.359185218811035156e+00 2.403436183929443359e+00
1.087873268127441406e+01 3.752632856369018555e+00 1.351134181022644043e+00 2.401498556137084961e+00
1.089914131164550781e+01 3.744546890258789062e+00 1.346407771110534668e+00 2.398139476776123047e+00
1.091955089569091797e+01 3.736462354660034180e+00 1.339506506919860840e+00 2.396955728530883789e+00
1.093995952606201172e+01 3.724323987960815430e+00 1.330443143844604492e+00 2.393880844116210938e+00
1.096036815643310547e+01 3.713747024536132812e+00 1.322505235671997070e+00 2.391242027282714844e+00
1.098077678680419922e+01 3.701929807662963867e+00 1.312416911125183105e+00 2.389513254165649414e+00
1.100118541717529297e+01 3.701555252075195312e+00 1.314334273338317871e+00 2.387221097946166992e+00
1.102159500122070312e+01 3.691945075988769531e+00 1.306470513343811035e+00 2.385474681854248047e+00
1.104200363159179688e+01 3.681580543518066406e+00 1.297551751136779785e+00 2.384028911590576172e+00
1.106241226196289062e+01 3.674262523651123047e+00 1.291911840438842773e+00 2.382350683212280273e+00
1.108282089233398438e+01 3.669199228286743164e+00 1.289532899856567383e+00 2.379666566848754883e+00
1.110323047637939453e+01 3.662341833114624023e+00 1.283928394317626953e+00 2.378413200378417969e+00
1.112363719940185547e+01 3.656414270401000977e+00 1.279420852661132812e+00 2.376993656158447266e+00
1.114404582977294922e+01 3.656373500823974609e+00 1.280300140380859375e+00 2.376073360443115234e+00
1.116445541381835938e+01 3.642832756042480469e+00 1.267238378524780273e+00 2.375594377517700195e+00
1.118486404418945312e+01 3.636891841888427734e+00 1.264926075935363770e+00 2.371965646743774414e+00
1.120527267456054688e+01 3.627974510192871094e+00 1.257281184196472168e+00 2.370693206787109375e+00
1.122568130493164062e+01 3.624908924102783203e+00 1.254995346069335938e+00 2.369913578033447266e+00
1.124608993530273438e+01 3.621609210968017578e+00 1.252717852592468262e+00 2.368891239166259766e+00
1.126649951934814453e+01 3.614084243774414062e+00 1.247261524200439453e+00 2.366822481155395508e+00
1.128690814971923828e+01 3.605682849884033203e+00 1.240764260292053223e+00 2.364918947219848633e+00
1.130731678009033203e+01 3.598127603530883789e+00 1.234290599822998047e+00 2.363837003707885742e+00
1.142976856231689453e+01 3.516447544097900391e+00 1.185461282730102539e+00 2.330986022949218750e+00
1.145017719268798828e+01 3.522310495376586914e+00 1.183348417282104492e+00 2.338962078094482422e+00
1.147058582305908203e+01 3.504915952682495117e+00 1.178112387657165527e+00 2.326803445816040039e+00
1.155222129821777344e+01 3.507013082504272461e+00 1.179112315177917480e+00 2.327900409698486328e+00
1.161344623565673828e+01 3.498883485794067383e+00 1.177018880844116211e+00 2.321864366531372070e+00
1.163385486602783203e+01 3.539353609085083008e+00 1.202733039855957031e+00 2.336620569229125977e+00
1.165426349639892578e+01 3.476625442504882812e+00 1.163652896881103516e+00 2.312972545623779297e+00
1.169508171081542969e+01 3.457949638366699219e+00 1.150380373001098633e+00 2.307569026947021484e+00
1.183794212341308594e+01 3.417520523071289062e+00 1.136497616767883301e+00 2.281022787094116211e+00
1.185835075378417969e+01 3.392293930053710938e+00 1.096185207366943359e+00 2.296108484268188477e+00
1.187875938415527344e+01 3.368185520172119141e+00 1.094301819801330566e+00 2.273883819580078125e+00
1.196039485931396484e+01 3.336941480636596680e+00 1.073822736740112305e+00 2.263118982315063477e+00
1.198080348968505859e+01 3.349684476852416992e+00 1.071993589401245117e+00 2.277690887451171875e+00
1.200121307373046875e+01 3.367099046707153320e+00 1.076154708862304688e+00 2.290944099426269531e+00
1.202162170410156250e+01 3.363410949707031250e+00 1.062379717826843262e+00 2.301031112670898438e+00
1.204202842712402344e+01 3.357599973678588867e+00 1.088410854339599609e+00 2.269188880920410156e+00
1.206243801116943359e+01 3.344051361083984375e+00 1.056800246238708496e+00 2.287251234054565430e+00
1.208284664154052734e+01 3.336269855499267578e+00 1.050062179565429688e+00 2.286207675933837891e+00
1.210325527191162109e+01 3.333388090133666992e+00 1.041368842124938965e+00 2.292019128799438477e+00
1.214407253265380859e+01 3.303406000137329102e+00 1.028998017311096191e+00 2.274407863616943359e+00
1.216448211669921875e+01 3.298871994018554688e+00 1.021367788314819336e+00 2.277503967285156250e+00
1.220529937744140625e+01 3.294487237930297852e+00 1.017952084541320801e+00 2.276535034179687500e+00
1.226652622222900391e+01 3.268365383148193359e+00 1.007016420364379883e+00 2.261349201202392578e+00
1.228693294525146484e+01 3.332205057144165039e+00 9.887829422950744629e-01 2.343422174453735352e+00
1.232775115966796875e+01 3.241703510284423828e+00 9.796833395957946777e-01 2.262019872665405273e+00
1.234815979003906250e+01 3.230364084243774414e+00 9.722480773925781250e-01 2.258115768432617188e+00
1.236856842041015625e+01 3.221305847167968750e+00 9.613534808158874512e-01 2.259952306747436523e+00
1.238897705078125000e+01 3.223777770996093750e+00 9.635378122329711914e-01 2.260240077972412109e+00
1.240938663482666016e+01 3.217402696609497070e+00 9.541402459144592285e-01 2.263262510299682617e+00
1.247061252593994141e+01 3.188855171203613281e+00 9.505114555358886719e-01 2.238343715667724609e+00
1.253183746337890625e+01 3.174778938293457031e+00 9.494972229003906250e-01 2.225281715393066406e+00
1.255224609375000000e+01 3.154206514358520508e+00 9.299308061599731445e-01 2.224275827407836914e+00
1.257265567779541016e+01 3.148945093154907227e+00 9.255651831626892090e-01 2.223379850387573242e+00
1.261347293853759766e+01 3.133816242218017578e+00 9.153580069541931152e-01 2.218458175659179688e+00
1.271551704406738281e+01 3.126832485198974609e+00 9.079179763793945312e-01 2.218914508819580078e+00
1.273592472076416016e+01 3.118330955505371094e+00 9.066511392593383789e-01 2.211679697036743164e+00
1.277674198150634766e+01 3.115457057952880859e+00 8.970094919204711914e-01 2.218447685241699219e+00
1.283796882629394531e+01 3.101328372955322266e+00 9.000971913337707520e-01 2.201231002807617188e+00
1.285837745666503906e+01 3.080229282379150391e+00 8.848915696144104004e-01 2.195337533950805664e+00
1.289919567108154297e+01 3.073054075241088867e+00 8.819985985755920410e-01 2.191055297851562500e+00
1.291960430145263672e+01 3.080592632293701172e+00 8.886656165122985840e-01 2.191927194595336914e+00
1.298082923889160156e+01 3.075255393981933594e+00 8.714725971221923828e-01 2.203782558441162109e+00
1.300123786926269531e+01 3.080092191696166992e+00 8.772856593132019043e-01 2.202806234359741211e+00
1.310328197479248047e+01 3.061826944351196289e+00 8.716410994529724121e-01 2.190185785293579102e+00
1.312369060516357422e+01 3.061724424362182617e+00 8.724745512008666992e-01 2.189249753952026367e+00
1.314409923553466797e+01 3.047043561935424805e+00 8.608296513557434082e-01 2.186213731765747070e+00
1.316450881958007812e+01 3.036897182464599609e+00 8.587677478790283203e-01 2.178129673004150391e+00
1.318491744995117188e+01 3.038236856460571289e+00 8.604342341423034668e-01 2.177802801132202148e+00
1.320532417297363281e+01 3.048534393310546875e+00 8.707973957061767578e-01 2.177737236022949219e+00
1.328695964813232422e+01 3.021920204162597656e+00 8.602222800254821777e-01 2.161698102951049805e+00
1.330736923217773438e+01 3.006429195404052734e+00 8.498183488845825195e-01 2.156610488891601562e+00
1.332777786254882812e+01 2.977940082550048828e+00 8.264238834381103516e-01 2.151515960693359375e+00
1.334818649291992188e+01 2.989512920379638672e+00 8.250707387924194336e-01 2.164442300796508789e+00
1.336859512329101562e+01 2.982054710388183594e+00 8.239006400108337402e-01 2.158154249191284180e+00
1.338900375366210938e+01 2.996519565582275391e+00 8.365909457206726074e-01 2.159928560256958008e+00
1.340941333770751953e+01 2.992435932159423828e+00 8.354070186614990234e-01 2.157028913497924805e+00
1.342982006072998047e+01 2.982447385787963867e+00 8.328896760940551758e-01 2.149557828903198242e+00
1.345022869110107422e+01 2.993396520614624023e+00 8.315369486808776855e-01 2.161859512329101562e+00
1.347063827514648438e+01 2.993266105651855469e+00 8.300994038581848145e-01 2.163166761398315430e+00
1.349104690551757812e+01 2.989908695220947266e+00 8.292872905731201172e-01 2.160621404647827148e+00
1.351145553588867188e+01 2.988955736160278320e+00 8.275030851364135742e-01 2.161452293395996094e+00
1.353186416625976562e+01 2.983140230178833008e+00 8.238667845726013184e-01 2.159273624420166016e+00
1.355227375030517578e+01 2.982196569442749023e+00 8.214779496192932129e-01 2.160718679428100586e+00
1.357268238067626953e+01 2.977563381195068359e+00 8.178616166114807129e-01 2.159702062606811523e+00
1.359309101104736328e+01 2.970943212509155273e+00 8.138158321380615234e-01 2.157127618789672852e+00
1.361350059509277344e+01 2.970823526382446289e+00 8.143543004989624023e-01 2.156469106674194336e+00
1.363390827178955078e+01 2.964646100997924805e+00 8.117306232452392578e-01 2.152915477752685547e+00
1.365431785583496094e+01 2.963599205017089844e+00 8.104296326637268066e-01 2.153169631958007812e+00
1.367472553253173828e+01 2.954742670059204102e+00 8.035306930541992188e-01 2.151211977005004883e+00
1.369513320922851562e+01 2.953723192214965820e+00 8.046057224273681641e-01 2.149117469787597656e+00
1.371554279327392578e+01 2.950048685073852539e+00 8.027101755142211914e-01 2.147338628768920898e+00
1.373595046997070312e+01 2.946304321289062500e+00 7.996877431869506836e-01 2.146616697311401367e+00
1.375636100769042969e+01 2.943761587142944336e+00 7.988492846488952637e-01 2.144912481307983398e+00
1.377676773071289062e+01 2.937967777252197266e+00 7.954938411712646484e-01 2.142473936080932617e+00
1.379717826843261719e+01 2.933951616287231445e+00 7.937965989112854004e-01 2.140155076980590820e+00
1.381758594512939453e+01 2.929928302764892578e+00 7.904585599899291992e-01 2.139469623565673828e+00
1.383799648284912109e+01 2.925970792770385742e+00 7.881682515144348145e-01 2.137802362442016602e+00
1.385840320587158203e+01 2.924210309982299805e+00 7.882167696952819824e-01 2.135993480682373047e+00
1.387881374359130859e+01 2.914813280105590820e+00 7.813655734062194824e-01 2.133447647094726562e+00
1.389922142028808594e+01 2.915544748306274414e+00 7.840074896812438965e-01 2.131537199020385742e+00
1.391962814331054688e+01 2.908577442169189453e+00 7.783865332603454590e-01 2.130191087722778320e+00
1.394003868103027344e+01 2.906591892242431641e+00 7.779337763786315918e-01 2.128658056259155273e+00
1.396044635772705078e+01 2.901921749114990234e+00 7.755104899406433105e-01 2.126411199569702148e+00
1.398085689544677734e+01 2.896960020065307617e+00 7.723236083984375000e-01 2.124636650085449219e+00
1.400126361846923828e+01 2.893814086914062500e+00 7.711124420166015625e-01 2.122701644897460938e+00
1.402167415618896484e+01 2.888308286666870117e+00 7.681973576545715332e-01 2.120110750198364258e+00
1.404208183288574219e+01 2.887303113937377930e+00 7.669104337692260742e-01 2.120392799377441406e+00
1.406249237060546875e+01 2.883697032928466797e+00 7.651163339614868164e-01 2.118580579757690430e+00
1.408289909362792969e+01 2.879263162612915039e+00 7.617978453636169434e-01 2.117465019226074219e+00
1.410330963134765625e+01 2.877987384796142578e+00 7.634112834930419922e-01 2.114576101303100586e+00
1.412371635437011719e+01 2.870668649673461914e+00 7.573928236961364746e-01 2.113275527954101562e+00
1.414412403106689453e+01 2.866873741149902344e+00 7.553691864013671875e-01 2.111504793167114258e+00
1.416453456878662109e+01 2.865422964096069336e+00 7.539427280426025391e-01 2.111479759216308594e+00
1.418494129180908203e+01 2.863326072692871094e+00 7.540393471717834473e-01 2.109287023544311523e+00
1.420535182952880859e+01 2.858049631118774414e+00 7.498382925987243652e-01 2.108211517333984375e+00
1.422575950622558594e+01 2.854527950286865234e+00 7.480894923210144043e-01 2.106438398361206055e+00
1.424617004394531250e+01 2.852427005767822266e+00 7.471857070922851562e-01 2.105241060256958008e+00
1.426657676696777344e+01 2.850021362304687500e+00 7.448584437370300293e-01 2.105163097381591797e+00
1.428698730468750000e+01 2.847187519073486328e+00 7.442969679832458496e-01 2.102890729904174805e+00
1.430739498138427734e+01 2.844149589538574219e+00 7.415622472763061523e-01 2.102587223052978516e+00
1.432780551910400391e+01 2.840873241424560547e+00 7.395033836364746094e-01 2.101369857788085938e+00
1.434821224212646484e+01 2.839319944381713867e+00 7.387853264808654785e-01 2.100534677505493164e+00
1.436861991882324219e+01 2.835339069366455078e+00 7.358200550079345703e-01 2.099518775939941406e+00
1.438903045654296875e+01 2.829423666000366211e+00 7.319479584693908691e-01 2.097475528717041016e+00
1.440943717956542969e+01 2.828686952590942383e+00 7.314928770065307617e-01 2.097193956375122070e+00
1.442984771728515625e+01 2.826329231262207031e+00 7.297945618629455566e-01 2.096534490585327148e+00
1.445025539398193359e+01 2.825869798660278320e+00 7.291780710220336914e-01 2.096691846847534180e+00
1.447066593170166016e+01 2.822975158691406250e+00 7.270742654800415039e-01 2.095901012420654297e+00
1.449107265472412109e+01 2.818927526473999023e+00 7.253069877624511719e-01 2.093620300292968750e+00
1.451148319244384766e+01 2.814692020416259766e+00 7.211524844169616699e-01 2.093539476394653320e+00
1.453189086914062500e+01 2.813767671585083008e+00 7.207987308502197266e-01 2.092968702316284180e+00
1.455230045318603516e+01 2.811089992523193359e+00 7.187184095382690430e-01 2.092371225357055664e+00
1.457270812988281250e+01 2.808478355407714844e+00 7.165620923042297363e-01 2.091916561126708984e+00
1.459311580657958984e+01 2.805764436721801758e+00 7.149857878684997559e-01 2.090778350830078125e+00
1.461352539062500000e+01 2.806180238723754883e+00 7.141510844230651855e-01 2.092028856277465820e+00
1.463393306732177734e+01 2.800884246826171875e+00 7.111102938652038574e-01 2.089774131774902344e+00
1.465434360504150391e+01 2.799645185470581055e+00 7.100382447242736816e-01 2.089606761932373047e+00
1.467475032806396484e+01 2.796077013015747070e+00 7.075825929641723633e-01 2.088494300842285156e+00
1.469516086578369141e+01 2.793420314788818359e+00 7.051336765289306641e-01 2.088286638259887695e+00
1.471556854248046875e+01 2.789142131805419922e+00 7.024477124214172363e-01 2.086694002151489258e+00
1.473597908020019531e+01 2.787514448165893555e+00 7.006624937057495117e-01 2.086851835250854492e+00
1.475638580322265625e+01 2.786345005035400391e+00 7.007480263710021973e-01 2.085597038269042969e+00
1.477679634094238281e+01 2.781727552413940430e+00 6.971880197525024414e-01 2.084539175033569336e+00
1.479720401763916016e+01 2.780837774276733398e+00 6.961455941200256348e-01 2.084691762924194336e+00
1.481761455535888672e+01 2.777529239654541016e+00 6.938135027885437012e-01 2.083715438842773438e+00
1.483802127838134766e+01 2.774878263473510742e+00 6.921332478523254395e-01 2.082744836807250977e+00
1.485842895507812500e+01 2.771140575408935547e+00 6.892492175102233887e-01 2.081891298294067383e+00
1.487883949279785156e+01 2.770933389663696289e+00 6.892691254615783691e-01 2.081664562225341797e+00
1.489924621582031250e+01 2.766170024871826172e+00 6.855132579803466797e-01 2.080656766891479492e+00
1.491965675354003906e+01 2.762408733367919922e+00 6.839336752891540527e-01 2.078474998474121094e+00
1.494006443023681641e+01 2.759965896606445312e+00 6.813169121742248535e-01 2.078649282455444336e+00
1.496047496795654297e+01 2.756985664367675781e+00 6.798273324966430664e-01 2.077158212661743164e+00
1.498088169097900391e+01 2.755361557006835938e+00 6.786616444587707520e-01 2.076699972152709961e+00
1.500129222869873047e+01 2.753534317016601562e+00 6.773393154144287109e-01 2.076195001602172852e+00
1.502169895172119141e+01 2.749517917633056641e+00 6.741083860397338867e-01 2.075409650802612305e+00
1.504210948944091797e+01 2.747531175613403320e+00 6.726366877555847168e-01 2.074894666671752930e+00
1.506251716613769531e+01 2.744799613952636719e+00 6.716458797454833984e-01 2.073153734207153320e+00
1.508292388916015625e+01 2.741198062896728516e+00 6.695467829704284668e-01 2.071651220321655273e+00
1.510333442687988281e+01 2.740461587905883789e+00 6.682456731796264648e-01 2.072216033935546875e+00
1.512374210357666016e+01 2.738031625747680664e+00 6.672648191452026367e-01 2.070766687393188477e+00
1.514415264129638672e+01 2.734816551208496094e+00 6.653380393981933594e-01 2.069478273391723633e+00
1.516455936431884766e+01 2.732697963714599609e+00 6.627061367034912109e-01 2.069991588592529297e+00
1.518496990203857422e+01 2.730230569839477539e+00 6.615001559257507324e-01 2.068730354309082031e+00
1.520537757873535156e+01 2.728911638259887695e+00 6.612420678138732910e-01 2.067669630050659180e+00
1.522578811645507812e+01 2.726359605789184570e+00 6.590192914009094238e-01 2.067340373992919922e+00
1.524619483947753906e+01 2.725018024444580078e+00 6.571950316429138184e-01 2.067822933197021484e+00
1.526660537719726562e+01 2.725194215774536133e+00 6.580412983894348145e-01 2.067153215408325195e+00
1.528701305389404297e+01 2.721981048583984375e+00 6.569279432296752930e-01 2.065052986145019531e+00
1.530741977691650391e+01 2.721030712127685547e+00 6.554266214370727539e-01 2.065603971481323242e+00
1.532783031463623047e+01 2.719688892364501953e+00 6.551785469055175781e-01 2.064510583877563477e+00
1.534823799133300781e+01 2.718735456466674805e+00 6.532935500144958496e-01 2.065441846847534180e+00
1.536864852905273438e+01 2.717715263366699219e+00 6.524259448051452637e-01 2.065289497375488281e+00
1.538905525207519531e+01 2.717935323715209961e+00 6.526497602462768555e-01 2.065285682678222656e+00
1.540946578979492188e+01 2.716063022613525391e+00 6.512415409088134766e-01 2.064821958541870117e+00
1.542987346649169922e+01 2.713797807693481445e+00 6.499923467636108398e-01 2.063805580139160156e+00
1.545028305053710938e+01 2.713983297348022461e+00 6.498309373855590820e-01 2.064152479171752930e+00
1.547069072723388672e+01 2.711987733840942383e+00 6.478905677795410156e-01 2.064097166061401367e+00
1.549109745025634766e+01 2.712661981582641602e+00 6.488915085792541504e-01 2.063770771026611328e+00
1.551150798797607422e+01 2.710462570190429688e+00 6.465715169906616211e-01 2.063891172409057617e+00
1.553191566467285156e+01 2.710560560226440430e+00 6.465696692466735840e-01 2.063990831375122070e+00
1.555232620239257812e+01 2.708864927291870117e+00 6.454132795333862305e-01 2.063451766967773438e+00
1.557273292541503906e+01 2.706816673278808594e+00 6.437220573425292969e-01 2.063094615936279297e+00
1.559314346313476562e+01 2.707065343856811523e+00 6.444913744926452637e-01 2.062573671340942383e+00
1.561355113983154297e+01 2.704888820648193359e+00 6.420391798019409180e-01 2.062849521636962891e+00
1.563395786285400391e+01 2.702733278274536133e+00 6.411245465278625488e-01 2.061608791351318359e+00
1.565436840057373047e+01 2.702832460403442383e+00 6.409003734588623047e-01 2.061932086944580078e+00
1.567477607727050781e+01 2.702604532241821289e+00 6.408295631408691406e-01 2.061775207519531250e+00
1.569518661499023438e+01 2.700860500335693359e+00 6.395386457443237305e-01 2.061321735382080078e+00
1.571559333801269531e+01 2.701537609100341797e+00 6.410692334175109863e-01 2.060468673706054688e+00
1.573600387573242188e+01 2.695164680480957031e+00 6.352174878120422363e-01 2.059947252273559570e+00
1.575641155242919922e+01 2.696127414703369141e+00 6.366736888885498047e-01 2.059453725814819336e+00
1.577682209014892578e+01 2.694283246994018555e+00 6.352431178092956543e-01 2.059040307998657227e+00
1.579722881317138672e+01 2.690762281417846680e+00 6.324524879455566406e-01 2.058309793472290039e+00
1.581763935089111328e+01 2.691257476806640625e+00 6.334525346755981445e-01 2.057804822921752930e+00
1.583804702758789062e+01 2.689508199691772461e+00 6.327874660491943359e-01 2.056720733642578125e+00
1.585845661163330078e+01 2.686416864395141602e+00 6.312182545661926270e-01 2.055198669433593750e+00
1.587886428833007812e+01 2.683671236038208008e+00 6.301809549331665039e-01 2.053490161895751953e+00
1.589927196502685547e+01 2.680939435958862305e+00 6.281675100326538086e-01 2.052772045135498047e+00
1.591968154907226562e+01 2.679335355758666992e+00 6.272117495536804199e-01 2.052123546600341797e+00
1.594008922576904297e+01 2.677483320236206055e+00 6.261084079742431641e-01 2.051374912261962891e+00
1.596049976348876953e+01 2.676730394363403320e+00 6.261326670646667480e-01 2.050597429275512695e+00
1.598090648651123047e+01 2.673266887664794922e+00 6.233857870101928711e-01 2.049880981445312500e+00
1.600131797790527344e+01 2.671137332916259766e+00 6.224409937858581543e-01 2.048696279525756836e+00
1.602172470092773438e+01 2.668992996215820312e+00 6.215734481811523438e-01 2.047419548034667969e+00
1.604213523864746094e+01 2.666790485382080078e+00 6.202603578567504883e-01 2.046530008316040039e+00
1.606254196166992188e+01 2.663696050643920898e+00 6.178328990936279297e-01 2.045863151550292969e+00
1.608295249938964844e+01 2.663246154785156250e+00 6.177930831909179688e-01 2.045453071594238281e+00
1.610335922241210938e+01 2.660145998001098633e+00 6.161925792694091797e-01 2.043953418731689453e+00
1.612376785278320312e+01 2.658689975738525391e+00 6.158580780029296875e-01 2.042831659317016602e+00
1.614417839050292969e+01 2.655133724212646484e+00 6.130034923553466797e-01 2.042130231857299805e+00
1.616458511352539062e+01 2.653647184371948242e+00 6.123036146163940430e-01 2.041343450546264648e+00
1.618499565124511719e+01 2.651489973068237305e+00 6.107180118560791016e-01 2.040771961212158203e+00
1.620540237426757812e+01 2.649884939193725586e+00 6.097273230552673340e-01 2.040157556533813477e+00
1.622581291198730469e+01 2.649571418762207031e+00 6.099931001663208008e-01 2.039578199386596680e+00
1.624621963500976562e+01 2.645607948303222656e+00 6.067219376564025879e-01 2.038886070251464844e+00
1.626663017272949219e+01 2.644048690795898438e+00 6.058134436607360840e-01 2.038235187530517578e+00
1.628703880310058594e+01 2.642455339431762695e+00 6.046869158744812012e-01 2.037768602371215820e+00
1.630744743347167969e+01 2.639814615249633789e+00 6.035631299018859863e-01 2.036251783370971680e+00
1.632785606384277344e+01 2.638849258422851562e+00 6.022956371307373047e-01 2.036553621292114258e+00
1.634826278686523438e+01 2.636775016784667969e+00 6.006651520729064941e-01 2.036109924316406250e+00
1.636867332458496094e+01 2.635756492614746094e+00 5.998430848121643066e-01 2.035913467407226562e+00
1.638908004760742188e+01 2.635024309158325195e+00 5.990230441093444824e-01 2.036001205444335938e+00
1.640949058532714844e+01 2.632876873016357422e+00 5.978403687477111816e-01 2.035036563873291016e+00
1.642989730834960938e+01 2.630906581878662109e+00 5.955678820610046387e-01 2.035338878631591797e+00
1.645030784606933594e+01 2.630699157714843750e+00 5.955566167831420898e-01 2.035142421722412109e+00
1.647071647644042969e+01 2.629507064819335938e+00 5.947460532188415527e-01 2.034761428833007812e+00
1.649112701416015625e+01 2.628773689270019531e+00 5.940099358558654785e-01 2.034763813018798828e+00
1.651153373718261719e+01 2.627995491027832031e+00 5.932757854461669922e-01 2.034719705581665039e+00
1.653194427490234375e+01 2.626874685287475586e+00 5.933397412300109863e-01 2.033535242080688477e+00
1.655235099792480469e+01 2.626865863800048828e+00 5.924636125564575195e-01 2.034402370452880859e+00
1.657275772094726562e+01 2.625726699829101562e+00 5.905784368515014648e-01 2.035148382186889648e+00
1.659316825866699219e+01 2.623780727386474609e+00 5.882650613784790039e-01 2.035516023635864258e+00
1.661357688903808594e+01 2.621684074401855469e+00 5.877586007118225098e-01 2.033925294876098633e+00
1.663398742675781250e+01 2.622071027755737305e+00 5.880448222160339355e-01 2.034026145935058594e+00
1.665439414978027344e+01 2.621073961257934570e+00 5.873961448669433594e-01 2.033678054809570312e+00
1.667480468750000000e+01 2.618278026580810547e+00 5.849543213844299316e-01 2.033324241638183594e+00
1.669521141052246094e+01 2.617975473403930664e+00 5.849562883377075195e-01 2.033019304275512695e+00
1.671562194824218750e+01 2.616218805313110352e+00 5.835259556770324707e-01 2.032693147659301758e+00
1.673602867126464844e+01 2.615725040435791016e+00 5.834581255912780762e-01 2.032266855239868164e+00
1.675643920898437500e+01 2.612412691116333008e+00 5.812473297119140625e-01 2.031165361404418945e+00
1.677684593200683594e+01 2.612306118011474609e+00 5.817531943321228027e-01 2.030552864074707031e+00
1.679725456237792969e+01 2.609789848327636719e+00 5.804050564765930176e-01 2.029384851455688477e+00
1.681766510009765625e+01 2.608048200607299805e+00 5.780637264251708984e-01 2.029984474182128906e+00
1.683807182312011719e+01 2.605579853057861328e+00 5.770076513290405273e-01 2.028572320938110352e+00
1.685848236083984375e+01 2.604258298873901367e+00 5.760960578918457031e-01 2.028162002563476562e+00
1.687888908386230469e+01 2.602512836456298828e+00 5.753995776176452637e-01 2.027113199234008789e+00
1.689929962158203125e+01 2.600376367568969727e+00 5.744212865829467773e-01 2.025954961776733398e+00
1.691970634460449219e+01 2.598207950592041016e+00 5.730918645858764648e-01 2.025116205215454102e+00
1.694011688232421875e+01 2.595991134643554688e+00 5.719773173332214355e-01 2.024013757705688477e+00
1.696052551269531250e+01 2.593745708465576172e+00 5.705834031105041504e-01 2.023162126541137695e+00
1.698093605041503906e+01 2.590973615646362305e+00 5.688403248786926270e-01 2.022133111953735352e+00
1.700134277343750000e+01 2.587988138198852539e+00 5.666790008544921875e-01 2.021308660507202148e+00
1.702175331115722656e+01 2.586045265197753906e+00 5.664917230606079102e-01 2.019553661346435547e+00
1.704216003417968750e+01 2.583435297012329102e+00 5.645491480827331543e-01 2.018886089324951172e+00
1.706256675720214844e+01 2.580895423889160156e+00 5.635933279991149902e-01 2.017302274703979492e+00
1.708297729492187500e+01 2.578712463378906250e+00 5.617287755012512207e-01 2.016983747482299805e+00
1.710338592529296875e+01 2.576952219009399414e+00 5.618283748626708984e-01 2.015123844146728516e+00
1.712379646301269531e+01 2.574115514755249023e+00 5.597608089447021484e-01 2.014354705810546875e+00
1.714420318603515625e+01 2.572091341018676758e+00 5.589548349380493164e-01 2.013136386871337891e+00
1.716461372375488281e+01 2.569907426834106445e+00 5.578717589378356934e-01 2.012035608291625977e+00
1.718502044677734375e+01 2.566432714462280273e+00 5.553287267684936523e-01 2.011104345321655273e+00
1.720543098449707031e+01 2.563604593276977539e+00 5.539046525955200195e-01 2.009699821472167969e+00
1.722583770751953125e+01 2.561937808990478516e+00 5.526925921440124512e-01 2.009245634078979492e+00
1.724624824523925781e+01 2.559614658355712891e+00 5.516220331192016602e-01 2.007992744445800781e+00
1.726665496826171875e+01 2.557610988616943359e+00 5.504848361015319824e-01 2.007126092910766602e+00
1.728706359863281250e+01 2.555835008621215820e+00 5.492118597030639648e-01 2.006623029708862305e+00
1.730747413635253906e+01 2.553804636001586914e+00 5.477342605590820312e-01 2.006070375442504883e+00
1.732788085937500000e+01 2.551589250564575195e+00 5.462602972984313965e-01 2.005328893661499023e+00
1.734829139709472656e+01 2.549620151519775391e+00 5.454795956611633301e-01 2.004140377044677734e+00
1.736869812011718750e+01 2.548471212387084961e+00 5.453900098800659180e-01 2.003081083297729492e+00
1.738910865783691406e+01 2.546084642410278320e+00 5.426849126815795898e-01 2.003399848937988281e+00
1.740951538085937500e+01 2.546060085296630859e+00 5.434924960136413574e-01 2.002567529678344727e+00
1.742992591857910156e+01 2.543310403823852539e+00 5.415513515472412109e-01 2.001759052276611328e+00
1.745033454895019531e+01 2.542465209960937500e+00 5.398204922676086426e-01 2.002644300460815430e+00
1.747074508666992188e+01 2.541105508804321289e+00 5.394638776779174805e-01 2.001641511917114258e+00
1.749115180969238281e+01 2.539687395095825195e+00 5.385607481002807617e-01 2.001126289367675781e+00
1.751155853271484375e+01 2.538535833358764648e+00 5.379331707954406738e-01 2.000602483749389648e+00
1.753196907043457031e+01 2.537662029266357422e+00 5.372385978698730469e-01 2.000423669815063477e+00
1.755237579345703125e+01 2.537681341171264648e+00 5.367504358291625977e-01 2.000931024551391602e+00
1.757278633117675781e+01 2.536422967910766602e+00 5.361270308494567871e-01 2.000296354293823242e+00
1.759319496154785156e+01 2.535351753234863281e+00 5.354370474815368652e-01 1.999914765357971191e+00
1.761360359191894531e+01 2.532986402511596680e+00 5.349525809288024902e-01 1.998033881187438965e+00
1.763401222229003906e+01 2.533812046051025391e+00 5.343334674835205078e-01 1.999478459358215332e+00
1.765442276000976562e+01 2.533886909484863281e+00 5.342581272125244141e-01 1.999628543853759766e+00
1.767482948303222656e+01 2.532630443572998047e+00 5.334380865097045898e-01 1.999192357063293457e+00
1.769524002075195312e+01 2.531868219375610352e+00 5.331609845161437988e-01 1.998707413673400879e+00
1.771564674377441406e+01 2.531581401824951172e+00 5.330873727798461914e-01 1.998494148254394531e+00
1.773605346679687500e+01 2.530326128005981445e+00 5.323390960693359375e-01 1.997987031936645508e+00
1.775646400451660156e+01 2.529979944229125977e+00 5.320641398429870605e-01 1.997915863990783691e+00
1.777687263488769531e+01 2.529034614562988281e+00 5.313187241554260254e-01 1.997716069221496582e+00
1.779728317260742188e+01 2.528103828430175781e+00 5.313146710395812988e-01 1.996789455413818359e+00
1.781768989562988281e+01 2.526577711105346680e+00 5.301686525344848633e-01 1.996409654617309570e+00
1.783810043334960938e+01 2.526004552841186523e+00 5.303002595901489258e-01 1.995704293251037598e+00
1.785850715637207031e+01 2.524810314178466797e+00 5.298282504081726074e-01 1.994982004165649414e+00
1.787891769409179688e+01 2.523510932922363281e+00 5.291564464569091797e-01 1.994354844093322754e+00
1.789932441711425781e+01 2.522018194198608398e+00 5.282856822013854980e-01 1.993732810020446777e+00
1.791973495483398438e+01 2.520964384078979492e+00 5.289530754089355469e-01 1.992011189460754395e+00
1.794014358520507812e+01 2.518814325332641602e+00 5.269502997398376465e-01 1.991864204406738281e+00
1.796055030822753906e+01 2.517724275588989258e+00 5.268846750259399414e-01 1.990839362144470215e+00
1.798096084594726562e+01 2.515908479690551758e+00 5.263532400131225586e-01 1.989555478096008301e+00
1.800136756896972656e+01 2.514054298400878906e+00 5.252910256385803223e-01 1.988763213157653809e+00
1.802177810668945312e+01 2.513135194778442383e+00 5.255595445632934570e-01 1.987575531005859375e+00
1.804218482971191406e+01 2.512252330780029297e+00 5.248324871063232422e-01 1.987420201301574707e+00
1.806259536743164062e+01 2.509039640426635742e+00 5.238417387008666992e-01 1.985197901725769043e+00
1.808300209045410156e+01 2.506348609924316406e+00 5.223239064216613770e-01 1.984024763107299805e+00
1.810341262817382812e+01 2.504387140274047852e+00 5.216689109802246094e-01 1.982717990875244141e+00
1.812382125854492188e+01 2.502090454101562500e+00 5.206852555274963379e-01 1.981405258178710938e+00
1.814423179626464844e+01 2.500031948089599609e+00 5.200335383415222168e-01 1.979997992515563965e+00
1.816463851928710938e+01 2.497450828552246094e+00 5.188562273979187012e-01 1.978595018386840820e+00
1.818504524230957031e+01 2.495674371719360352e+00 5.182739496231079102e-01 1.977400660514831543e+00
1.820545578002929688e+01 2.493074655532836914e+00 5.167725086212158203e-01 1.976302623748779297e+00
1.822586250305175781e+01 2.489838600158691406e+00 5.148804187774658203e-01 1.974957942962646484e+00
1.824627304077148438e+01 2.488530158996582031e+00 5.146324634552001953e-01 1.973897814750671387e+00
1.826668167114257812e+01 2.485136270523071289e+00 5.135332942008972168e-01 1.971602797508239746e+00
1.828709220886230469e+01 2.484098196029663086e+00 5.123710632324218750e-01 1.971727252006530762e+00
1.830749893188476562e+01 2.482096672058105469e+00 5.114730000495910645e-01 1.970623731613159180e+00
1.832790946960449219e+01 2.480171442031860352e+00 5.104462504386901855e-01 1.969725131988525391e+00
1.834831619262695312e+01 2.477977037429809570e+00 5.089000463485717773e-01 1.969077229499816895e+00
1.836872673034667969e+01 2.476713418960571289e+00 5.082693696022033691e-01 1.968444108963012695e+00
1.838913345336914062e+01 2.475014686584472656e+00 5.072497129440307617e-01 1.967765092849731445e+00
1.840954399108886719e+01 2.473888397216796875e+00 5.063622593879699707e-01 1.967526078224182129e+00
1.842995262145996094e+01 2.472978115081787109e+00 5.055417418479919434e-01 1.967436671257019043e+00
1.845035934448242188e+01 2.472473144531250000e+00 5.046582221984863281e-01 1.967815160751342773e+00
1.847076988220214844e+01 2.470899820327758789e+00 5.027397274971008301e-01 1.968160152435302734e+00
1.849117660522460938e+01 2.470716714859008789e+00 5.017318129539489746e-01 1.968985319137573242e+00
1.851158714294433594e+01 2.470214605331420898e+00 4.998853504657745361e-01 1.970329284667968750e+00
1.853199386596679688e+01 2.469620943069458008e+00 4.973972439765930176e-01 1.972223401069641113e+00
1.855240440368652344e+01 2.468324661254882812e+00 4.935596585273742676e-01 1.974764585494995117e+00
1.857281112670898438e+01 2.465263366699218750e+00 4.879904687404632568e-01 1.977272510528564453e+00
1.859322166442871094e+01 2.460709333419799805e+00 4.804377853870391846e-01 1.980271458625793457e+00
1.861363029479980469e+01 2.454496860504150391e+00 4.745737314224243164e-01 1.979923009872436523e+00
1.863404083251953125e+01 2.444849252700805664e+00 4.661530256271362305e-01 1.978695511817932129e+00
1.865444755554199219e+01 2.437793970108032227e+00 4.610873460769653320e-01 1.976706504821777344e+00
1.867485427856445312e+01 2.431510210037231445e+00 4.589170515537261963e-01 1.972593307495117188e+00
1.869526481628417969e+01 2.427289247512817383e+00 4.582879841327667236e-01 1.969001412391662598e+00
1.871567153930664062e+01 2.424794435501098633e+00 4.588755071163177490e-01 1.965918898582458496e+00
1.873608207702636719e+01 2.422554254531860352e+00 4.593338668346405029e-01 1.963220357894897461e+00
1.875649070739746094e+01 2.424246549606323242e+00 4.621525704860687256e-01 1.962094068527221680e+00
1.877690124511718750e+01 2.424862146377563477e+00 4.634350836277008057e-01 1.961426973342895508e+00
1.879730796813964844e+01 2.426057577133178711e+00 4.652243554592132568e-01 1.960833191871643066e+00
1.881771850585937500e+01 2.427985429763793945e+00 4.673912525177001953e-01 1.960594654083251953e+00
1.883812522888183594e+01 2.430944919586181641e+00 4.697442352771759033e-01 1.961200833320617676e+00
1.885853576660156250e+01 2.435352087020874023e+00 4.729805588722229004e-01 1.962371349334716797e+00
1.887894248962402344e+01 2.441068887710571289e+00 4.764001667499542236e-01 1.964668631553649902e+00
1.889935111999511719e+01 2.448638200759887695e+00 4.810157716274261475e-01 1.967622041702270508e+00
1.891975975036621094e+01 2.458099365234375000e+00 4.859376251697540283e-01 1.972161650657653809e+00
1.894016838073730469e+01 2.469448089599609375e+00 4.910385608673095703e-01 1.978409767150878906e+00
1.896057891845703125e+01 2.481261014938354492e+00 4.951183795928955078e-01 1.986142635345458984e+00
1.898098564147949219e+01 2.491087198257446289e+00 4.970454275608062744e-01 1.994041562080383301e+00
1.900139617919921875e+01 2.496036529541015625e+00 4.949367344379425049e-01 2.001099348068237305e+00
1.902180290222167969e+01 2.494899749755859375e+00 4.893716573715209961e-01 2.005527973175048828e+00
1.904221343994140625e+01 2.487415552139282227e+00 4.813041388988494873e-01 2.006111621856689453e+00
1.906262016296386719e+01 2.478312730789184570e+00 4.746981859207153320e-01 2.003614425659179688e+00
1.908303070068359375e+01 2.469565153121948242e+00 4.697998762130737305e-01 1.999765038490295410e+00
1.910343933105468750e+01 2.462820768356323242e+00 4.677942097187042236e-01 1.995026588439941406e+00
1.912384605407714844e+01 2.458598613739013672e+00 4.664813578128814697e-01 1.992116928100585938e+00
1.914425659179687500e+01 2.459080696105957031e+00 4.669843912124633789e-01 1.992096185684204102e+00
1.916466331481933594e+01 2.463452577590942383e+00 4.684232771396636963e-01 1.995029449462890625e+00
1.918507385253906250e+01 2.471183061599731445e+00 4.706701040267944336e-01 2.000513315200805664e+00
1.920548057556152344e+01 2.481341361999511719e+00 4.744080305099487305e-01 2.006933450698852539e+00
1.922589111328125000e+01 2.491011619567871094e+00 4.793207645416259766e-01 2.011690855026245117e+00
1.924629974365234375e+01 2.492912292480468750e+00 4.829793572425842285e-01 2.009933233261108398e+00
1.926671028137207031e+01 2.471521139144897461e+00 4.722169935703277588e-01 1.999304413795471191e+00
1.928711700439453125e+01 2.438617706298828125e+00 4.540923535823822021e-01 1.984525561332702637e+00
1.930752754211425781e+01 2.423974275588989258e+00 4.526203870773315430e-01 1.971353650093078613e+00
1.932793426513671875e+01 2.440645217895507812e+00 4.797627627849578857e-01 1.960882186889648438e+00
1.934834098815917969e+01 2.445390939712524414e+00 4.932379126548767090e-01 1.952153205871582031e+00
1.936875152587890625e+01 2.434473752975463867e+00 4.895046353340148926e-01 1.944969177246093750e+00
1.938915824890136719e+01 2.423495292663574219e+00 4.832481741905212402e-01 1.940247297286987305e+00
1.940956878662109375e+01 2.415523529052734375e+00 4.766348600387573242e-01 1.938889026641845703e+00
1.942997741699218750e+01 2.407461166381835938e+00 4.691730439662933350e-01 1.938288211822509766e+00
1.945038795471191406e+01 2.397727012634277344e+00 4.579114019870758057e-01 1.939815282821655273e+00
1.947079467773437500e+01 2.384463071823120117e+00 4.452595114707946777e-01 1.939204096794128418e+00
1.949120521545410156e+01 2.373495578765869141e+00 4.385908246040344238e-01 1.934904694557189941e+00
1.951161193847656250e+01 2.370296239852905273e+00 4.376413524150848389e-01 1.932654500007629395e+00
1.953202247619628906e+01 2.375051736831665039e+00 4.432509243488311768e-01 1.931800723075866699e+00
1.955242919921875000e+01 2.390782356262207031e+00 4.595007300376892090e-01 1.931281924247741699e+00
1.957283973693847656e+01 2.400896787643432617e+00 4.691731631755828857e-01 1.931724071502685547e+00
1.959324836730957031e+01 2.393774032592773438e+00 4.627587199211120605e-01 1.931015729904174805e+00
1.961365509033203125e+01 2.384038686752319336e+00 4.540386199951171875e-01 1.929999828338623047e+00
1.963406562805175781e+01 2.377670049667358398e+00 4.480799436569213867e-01 1.929589986801147461e+00
1.965447235107421875e+01 2.376754283905029297e+00 4.472492933273315430e-01 1.929504632949829102e+00
1.967488288879394531e+01 2.376362323760986328e+00 4.489146471023559570e-01 1.927447915077209473e+00
1.969528961181640625e+01 2.374865293502807617e+00 4.508804380893707275e-01 1.923985362052917480e+00
1.971570014953613281e+01 2.373050451278686523e+00 4.518707096576690674e-01 1.921180009841918945e+00
1.973610877990722656e+01 2.370022296905517578e+00 4.520706236362457275e-01 1.917952060699462891e+00
1.975651741027832031e+01 2.364437341690063477e+00 4.501495361328125000e-01 1.914287686347961426e+00
1.977692604064941406e+01 2.358258962631225586e+00 4.470220208168029785e-01 1.911236882209777832e+00
1.979733657836914062e+01 2.350139379501342773e+00 4.429939985275268555e-01 1.907145619392395020e+00
1.981774330139160156e+01 2.343279838562011719e+00 4.419942200183868408e-01 1.901285409927368164e+00
1.983815002441406250e+01 2.346737146377563477e+00 4.493832588195800781e-01 1.897353649139404297e+00
1.985856056213378906e+01 2.360274314880371094e+00 4.586254954338073730e-01 1.901648521423339844e+00
1.987896728515625000e+01 2.372458696365356445e+00 4.686316251754760742e-01 1.903826951980590820e+00
1.989937782287597656e+01 2.386258363723754883e+00 4.798803031444549561e-01 1.906378030776977539e+00
1.991978645324707031e+01 2.395742416381835938e+00 4.891831278800964355e-01 1.906559467315673828e+00
1.994019699096679688e+01 2.395357131958007812e+00 4.913236498832702637e-01 1.904033780097961426e+00
1.996060371398925781e+01 2.384554624557495117e+00 4.838652908802032471e-01 1.900689601898193359e+00
1.998101425170898438e+01 2.368177413940429688e+00 4.700721502304077148e-01 1.898105144500732422e+00
2.000142097473144531e+01 2.349767923355102539e+00 4.539135098457336426e-01 1.895854592323303223e+00
2.002183151245117188e+01 2.334525346755981445e+00 4.400595426559448242e-01 1.894465923309326172e+00
2.004223823547363281e+01 2.322218418121337891e+00 4.296379089355468750e-01 1.892580389976501465e+00
2.006264686584472656e+01 2.312308311462402344e+00 4.202517867088317871e-01 1.892056465148925781e+00
2.008305740356445312e+01 2.307923316955566406e+00 4.161890149116516113e-01 1.891734361648559570e+00
2.010346412658691406e+01 2.304731607437133789e+00 4.125514030456542969e-01 1.892180442810058594e+00
2.012387466430664062e+01 2.304670095443725586e+00 4.099917411804199219e-01 1.894677996635437012e+00
2.014428138732910156e+01 2.307464361190795898e+00 4.069619476795196533e-01 1.900502681732177734e+00
2.016469192504882812e+01 2.304413318634033203e+00 3.988927006721496582e-01 1.905520796775817871e+00
2.018509864807128906e+01 2.295379877090454102e+00 3.896538615226745605e-01 1.905725836753845215e+00
2.020550918579101562e+01 2.293883800506591797e+00 3.899711370468139648e-01 1.903912782669067383e+00
2.022591781616210938e+01 2.300713062286376953e+00 3.976852297782897949e-01 1.903027772903442383e+00
2.024632644653320312e+01 2.304805278778076172e+00 4.037874639034271240e-01 1.901017785072326660e+00
2.026673507690429688e+01 2.305266857147216797e+00 4.075741767883300781e-01 1.897692680358886719e+00
2.028714179992675781e+01 2.305586576461791992e+00 4.116482138633728027e-01 1.893938183784484863e+00
2.030755233764648438e+01 2.307209491729736328e+00 4.160087704658508301e-01 1.891200780868530273e+00
2.032795906066894531e+01 2.312402248382568359e+00 4.203605949878692627e-01 1.892041444778442383e+00
2.034836959838867188e+01 2.323407888412475586e+00 4.240565896034240723e-01 1.899351239204406738e+00
2.036877632141113281e+01 2.340789556503295898e+00 4.357959628105163574e-01 1.904993891716003418e+00
2.038918685913085938e+01 2.364117860794067383e+00 4.523842334747314453e-01 1.911733627319335938e+00
2.040959548950195312e+01 2.344488620758056641e+00 4.424898028373718262e-01 1.901999354362487793e+00
2.043000602722167969e+01 2.326932191848754883e+00 4.283381104469299316e-01 1.898594379425048828e+00
2.045041275024414062e+01 2.315606117248535156e+00 4.166729748249053955e-01 1.898933768272399902e+00
2.047082328796386719e+01 2.308059215545654297e+00 4.069021046161651611e-01 1.901157259941101074e+00
2.049123001098632812e+01 2.300709962844848633e+00 3.975597023963928223e-01 1.903150200843811035e+00
2.051163673400878906e+01 2.289084196090698242e+00 3.902198672294616699e-01 1.898864865303039551e+00
2.053204727172851562e+01 2.264977216720581055e+00 3.780559599399566650e-01 1.886921048164367676e+00
2.055245590209960938e+01 2.240805625915527344e+00 3.670810759067535400e-01 1.873724699020385742e+00
2.057286643981933594e+01 2.216135025024414062e+00 3.528115749359130859e-01 1.863323926925659180e+00
2.059327316284179688e+01 2.193835258483886719e+00 3.351411223411560059e-01 1.858694076538085938e+00
2.061368370056152344e+01 2.195910215377807617e+00 3.262735307216644287e-01 1.869636416435241699e+00
2.063409042358398438e+01 2.188095808029174805e+00 3.269949853420257568e-01 1.861100912094116211e+00
2.065450096130371094e+01 2.179438352584838867e+00 3.300330340862274170e-01 1.849405527114868164e+00
2.067490768432617188e+01 2.169673442840576172e+00 3.324283063411712646e-01 1.837245225906372070e+00
2.069531822204589844e+01 2.158839225769042969e+00 3.366695940494537354e-01 1.822170019149780273e+00
2.071572494506835938e+01 2.151146173477172852e+00 3.400358557701110840e-01 1.811110377311706543e+00
2.073613357543945312e+01 2.154750585556030273e+00 3.368150293827056885e-01 1.817935347557067871e+00
2.075654411315917969e+01 2.167792558670043945e+00 3.394248783588409424e-01 1.828367829322814941e+00
2.077695083618164062e+01 2.184319257736206055e+00 3.518808484077453613e-01 1.832438468933105469e+00
2.079736137390136719e+01 2.189697265625000000e+00 3.532045483589172363e-01 1.836493015289306641e+00
2.081776809692382812e+01 2.198395729064941406e+00 3.546407222747802734e-01 1.843755125999450684e+00
2.083817863464355469e+01 2.202342748641967773e+00 3.534891605377197266e-01 1.848853349685668945e+00
2.085858535766601562e+01 2.200903177261352539e+00 3.495281338691711426e-01 1.851374626159667969e+00
2.087899589538574219e+01 2.201155662536621094e+00 3.479825556278228760e-01 1.853173017501831055e+00
2.089940452575683594e+01 2.203066110610961914e+00 3.452373147010803223e-01 1.857828617095947266e+00
2.091981506347656250e+01 2.203855991363525391e+00 3.419252634048461914e-01 1.861930847167968750e+00
2.094022178649902344e+01 2.202789068222045898e+00 3.374193012714385986e-01 1.865369677543640137e+00
2.096063232421875000e+01 2.210480451583862305e+00 3.313802480697631836e-01 1.879100084304809570e+00
2.098103904724121094e+01 2.206197023391723633e+00 3.255241215229034424e-01 1.880673050880432129e+00
2.100144577026367188e+01 2.195863246917724609e+00 3.281144797801971436e-01 1.867748618125915527e+00
2.102185630798339844e+01 2.192338943481445312e+00 3.362797796726226807e-01 1.856059432029724121e+00
2.104226493835449219e+01 2.190510272979736328e+00 3.387409448623657227e-01 1.851769208908081055e+00
2.106267547607421875e+01 2.185126781463623047e+00 3.298884630203247070e-01 1.855238556861877441e+00
2.108308219909667969e+01 2.192382574081420898e+00 3.300233185291290283e-01 1.862359523773193359e+00
2.110349273681640625e+01 2.216269493103027344e+00 3.426359295845031738e-01 1.873633742332458496e+00
2.112389945983886719e+01 2.238462686538696289e+00 3.495012223720550537e-01 1.888961434364318848e+00
2.114430999755859375e+01 2.241415739059448242e+00 3.362569808959960938e-01 1.905158877372741699e+00
2.116471672058105469e+01 2.243817567825317383e+00 3.193058073520660400e-01 1.924511790275573730e+00
2.118512725830078125e+01 2.249642610549926758e+00 3.032347261905670166e-01 1.946407914161682129e+00
2.120553398132324219e+01 2.258218050003051758e+00 2.914844751358032227e-01 1.966734170913696289e+00
2.122594261169433594e+01 2.265682220458984375e+00 2.904147505760192871e-01 1.975267529487609863e+00
2.124635314941406250e+01 2.274879693984985352e+00 2.983609437942504883e-01 1.976518988609313965e+00
2.126675987243652344e+01 2.275276660919189453e+00 2.937971651554107666e-01 1.981479644775390625e+00
2.128717041015625000e+01 2.267424345016479492e+00 2.949211895465850830e-01 1.972503185272216797e+00
2.130757713317871094e+01 2.247575759887695312e+00 3.021661937236785889e-01 1.945409655570983887e+00
2.132798767089843750e+01 2.214509010314941406e+00 3.054126799106597900e-01 1.909096240997314453e+00
2.134839439392089844e+01 2.193614482879638672e+00 3.137551546096801758e-01 1.879859089851379395e+00
2.136880493164062500e+01 2.193745613098144531e+00 3.267308473587036133e-01 1.867015004158020020e+00
2.138921356201171875e+01 2.188915967941284180e+00 3.339178562164306641e-01 1.854997992515563965e+00
2.140962409973144531e+01 2.166175127029418945e+00 3.249338567256927490e-01 1.841241240501403809e+00
2.143003082275390625e+01 2.141346931457519531e+00 3.136211931705474854e-01 1.827725648880004883e+00
2.145043754577636719e+01 2.131266593933105469e+00 3.096957206726074219e-01 1.821570754051208496e+00
2.147084808349609375e+01 2.141687393188476562e+00 3.231153488159179688e-01 1.818571925163269043e+00
2.149125480651855469e+01 2.149155139923095703e+00 3.415777385234832764e-01 1.807577252388000488e+00
2.151166534423828125e+01 2.145186185836791992e+00 3.546634316444396973e-01 1.790522813796997070e+00
2.153207397460937500e+01 2.112804651260375977e+00 3.339815735816955566e-01 1.778823256492614746e+00
2.155248260498046875e+01 2.101429939270019531e+00 3.270008862018585205e-01 1.774429440498352051e+00
2.157289123535156250e+01 2.133497238159179688e+00 3.462220132350921631e-01 1.787275314331054688e+00
2.159330177307128906e+01 2.150904893875122070e+00 3.607504665851593018e-01 1.790154814720153809e+00
2.161370849609375000e+01 2.144524335861206055e+00 3.574747443199157715e-01 1.787049770355224609e+00
2.163411903381347656e+01 2.138705968856811523e+00 3.534305691719055176e-01 1.785275220870971680e+00
2.165452575683593750e+01 2.133558034896850586e+00 3.487307429313659668e-01 1.784827470779418945e+00
2.167493247985839844e+01 2.130612373352050781e+00 3.470218479633331299e-01 1.783590555191040039e+00
2.169534301757812500e+01 2.132126569747924805e+00 3.454816043376922607e-01 1.786644935607910156e+00
2.171575164794921875e+01 2.137308597564697266e+00 3.439994156360626221e-01 1.793309092521667480e+00
2.173616218566894531e+01 2.137771844863891602e+00 3.393811583518981934e-01 1.798390746116638184e+00
2.175656890869140625e+01 2.130202531814575195e+00 3.266842365264892578e-01 1.803518533706665039e+00
2.177697944641113281e+01 2.129655361175537109e+00 3.263230919837951660e-01 1.803331732749938965e+00
2.179738616943359375e+01 2.126565217971801758e+00 3.278297185897827148e-01 1.798735737800598145e+00
2.181779670715332031e+01 2.121650934219360352e+00 3.294431567192077637e-01 1.792207479476928711e+00
2.183820343017578125e+01 2.120550155639648438e+00 3.237091004848480225e-01 1.796841144561767578e+00
2.185861396789550781e+01 2.110260248184204102e+00 3.161239027976989746e-01 1.794136404991149902e+00
2.187902259826660156e+01 2.109821319580078125e+00 3.111788928508758545e-01 1.798642277717590332e+00
2.189942932128906250e+01 2.124160528182983398e+00 3.109435141086578369e-01 1.813216924667358398e+00
2.191983985900878906e+01 2.138949394226074219e+00 3.191725611686706543e-01 1.819776535034179688e+00
2.194024658203125000e+01 2.151119470596313477e+00 3.303868472576141357e-01 1.820732593536376953e+00
2.196065711975097656e+01 2.152594566345214844e+00 3.386915326118469238e-01 1.813903093338012695e+00
2.198106384277343750e+01 2.135760784149169922e+00 3.342930376529693604e-01 1.801467537879943848e+00
2.200147438049316406e+01 2.121692895889282227e+00 3.399672806262969971e-01 1.781725406646728516e+00
2.202188110351562500e+01 2.121876716613769531e+00 3.428590893745422363e-01 1.779017925262451172e+00
2.204229164123535156e+01 2.126116037368774414e+00 3.435733616352081299e-01 1.782542943954467773e+00
2.206270027160644531e+01 2.119069337844848633e+00 3.433098495006561279e-01 1.775759577751159668e+00
2.208311080932617188e+01 2.116332292556762695e+00 3.440223634243011475e-01 1.772309780120849609e+00
2.210351753234863281e+01 2.115365266799926758e+00 3.427299857139587402e-01 1.772635459899902344e+00
2.212392807006835938e+01 2.117300033569335938e+00 3.417645692825317383e-01 1.775535464286804199e+00
2.214433479309082031e+01 2.123506784439086914e+00 3.379902541637420654e-01 1.785516738891601562e+00
2.216474151611328125e+01 2.128696441650390625e+00 3.330888450145721436e-01 1.795607209205627441e+00
2.218515205383300781e+01 2.132141113281250000e+00 3.264159560203552246e-01 1.805725216865539551e+00
2.220556068420410156e+01 2.133195400238037109e+00 3.177609145641326904e-01 1.815434098243713379e+00
2.222597122192382812e+01 2.144050598144531250e+00 3.112758696079254150e-01 1.832774877548217773e+00
2.224637794494628906e+01 2.154564857482910156e+00 3.022740185260772705e-01 1.852290987968444824e+00
2.226678848266601562e+01 2.165611505508422852e+00 2.875367999076843262e-01 1.878074526786804199e+00
2.228719520568847656e+01 2.189919710159301758e+00 2.799694836139678955e-01 1.909950494766235352e+00
2.230760574340820312e+01 2.221252441406250000e+00 2.755281031131744385e-01 1.945724487304687500e+00
2.232801246643066406e+01 2.272680997848510742e+00 2.756515145301818848e-01 1.997029662132263184e+00
2.234842300415039062e+01 2.264179229736328125e+00 2.869149446487426758e-01 1.977264165878295898e+00
2.236883163452148438e+01 2.269939899444580078e+00 2.993885874748229980e-01 1.970551490783691406e+00
2.238923835754394531e+01 2.280166625976562500e+00 3.141382932662963867e-01 1.966028332710266113e+00
2.240964889526367188e+01 2.264286518096923828e+00 3.357513248920440674e-01 1.928535223007202148e+00
2.243005561828613281e+01 2.244849443435668945e+00 3.217313289642333984e-01 1.923118352890014648e+00
2.245046615600585938e+01 2.228914976119995117e+00 3.036314547061920166e-01 1.925283193588256836e+00
2.247087287902832031e+01 2.218100309371948242e+00 2.971767485141754150e-01 1.920923829078674316e+00
2.249128341674804688e+01 2.197614908218383789e+00 2.957362532615661621e-01 1.901878237724304199e+00
2.251169013977050781e+01 2.155229806900024414e+00 3.005725145339965820e-01 1.854657053947448730e+00
2.253210067749023438e+01 2.117654085159301758e+00 3.023188710212707520e-01 1.815335154533386230e+00
2.255250930786132812e+01 2.112959146499633789e+00 3.017799854278564453e-01 1.811179280281066895e+00
2.257291984558105469e+01 2.115715265274047852e+00 2.981134057044982910e-01 1.817601680755615234e+00
2.259332656860351562e+01 2.103370428085327148e+00 3.098172545433044434e-01 1.793552994728088379e+00
2.261373329162597656e+01 2.103574275970458984e+00 3.090083897113800049e-01 1.794565439224243164e+00
2.263414382934570312e+01 2.083275318145751953e+00 2.996867597103118896e-01 1.783588647842407227e+00
2.265455055236816406e+01 2.096157312393188477e+00 3.070250451564788818e-01 1.789132356643676758e+00
2.267496109008789062e+01 2.095895051956176758e+00 2.977220118045806885e-01 1.798172950744628906e+00
2.269536972045898438e+01 2.100741863250732422e+00 3.076859116554260254e-01 1.793056011199951172e+00
2.271578025817871094e+01 2.106963396072387695e+00 3.294349908828735352e-01 1.777528285980224609e+00
2.273618698120117188e+01 2.069853067398071289e+00 3.142406344413757324e-01 1.755612373352050781e+00
2.275659751892089844e+01 2.042613267898559570e+00 2.858713567256927490e-01 1.756741881370544434e+00
2.277700424194335938e+01 2.041647911071777344e+00 2.897141873836517334e-01 1.751933336257934570e+00
2.279741477966308594e+01 2.047108173370361328e+00 2.864620983600616455e-01 1.760646224021911621e+00
2.281782150268554688e+01 2.057520627975463867e+00 2.970645129680633545e-01 1.760456085205078125e+00
2.283823013305664062e+01 2.042618751525878906e+00 2.755205333232879639e-01 1.767098307609558105e+00
2.285863876342773438e+01 2.048999786376953125e+00 2.772119343280792236e-01 1.771788239479064941e+00
2.287904739379882812e+01 2.044147253036499023e+00 2.589677572250366211e-01 1.785179734230041504e+00
2.289945793151855469e+01 2.049192428588867188e+00 2.502691745758056641e-01 1.798923134803771973e+00
2.291986465454101562e+01 2.079890012741088867e+00 2.551120221614837646e-01 1.824778199195861816e+00
2.294027519226074219e+01 2.096365690231323242e+00 2.743470966815948486e-01 1.822018504142761230e+00
2.296068191528320312e+01 2.101094245910644531e+00 2.857805490493774414e-01 1.815313577651977539e+00
2.298109245300292969e+01 2.100336074829101562e+00 2.977665364742279053e-01 1.802569746971130371e+00
2.300149917602539062e+01 2.087597846984863281e+00 3.002083599567413330e-01 1.787389874458312988e+00
2.302190971374511719e+01 2.093234062194824219e+00 3.034776449203491211e-01 1.789756298065185547e+00
2.304231834411621094e+01 2.090823173522949219e+00 3.053905963897705078e-01 1.785432219505310059e+00
2.306272506713867188e+01 2.074328184127807617e+00 2.994633018970489502e-01 1.774864554405212402e+00
2.308313560485839844e+01 2.055333137512207031e+00 2.976947724819183350e-01 1.757638216018676758e+00
2.310354232788085938e+01 2.056903600692749023e+00 2.976908087730407715e-01 1.759212493896484375e+00
2.312395286560058594e+01 2.038464069366455078e+00 2.959269285202026367e-01 1.742537379264831543e+00
2.314435958862304688e+01 2.044409036636352539e+00 3.048199415206909180e-01 1.739589095115661621e+00
2.316477012634277344e+01 2.039678335189819336e+00 3.057914674282073975e-01 1.733886837959289551e+00
2.318517875671386719e+01 2.034583806991577148e+00 3.080519735813140869e-01 1.726531624794006348e+00
2.320558929443359375e+01 2.024471759796142578e+00 2.971554398536682129e-01 1.727316260337829590e+00
2.322599601745605469e+01 2.022068023681640625e+00 3.002441525459289551e-01 1.721823930740356445e+00
2.324640655517578125e+01 2.019985675811767578e+00 3.026580214500427246e-01 1.717327594757080078e+00
2.326681327819824219e+01 2.020559787750244141e+00 2.998203039169311523e-01 1.720739245414733887e+00
2.328722000122070312e+01 2.022892713546752930e+00 3.039265275001525879e-01 1.718966126441955566e+00
2.330763053894042969e+01 2.022760152816772461e+00 3.012467026710510254e-01 1.721513271331787109e+00
2.332803726196289062e+01 2.025076389312744141e+00 2.977506816387176514e-01 1.727325916290283203e+00
2.334844779968261719e+01 2.028113603591918945e+00 2.904158234596252441e-01 1.737697720527648926e+00
2.336885643005371094e+01 2.026148319244384766e+00 2.761278748512268066e-01 1.750020503997802734e+00
2.338926696777343750e+01 2.019686222076416016e+00 2.655495107173919678e-01 1.754136443138122559e+00
2.340967369079589844e+01 2.020119190216064453e+00 2.648066878318786621e-01 1.755312681198120117e+00
2.343008422851562500e+01 2.015573501586914062e+00 2.660575211048126221e-01 1.749516129493713379e+00
2.345049095153808594e+01 2.019265174865722656e+00 2.617937028408050537e-01 1.757471561431884766e+00
2.347090148925781250e+01 2.013610601425170898e+00 2.573842406272888184e-01 1.756226420402526855e+00
2.349130821228027344e+01 2.013062238693237305e+00 2.596573531627655029e-01 1.753404855728149414e+00
2.351171875000000000e+01 2.038244009017944336e+00 2.557155787944793701e-01 1.782528638839721680e+00
2.353212738037109375e+01 2.069577932357788086e+00 2.513737678527832031e-01 1.818204164505004883e+00
2.355253410339355469e+01 2.071023702621459961e+00 2.361638844013214111e-01 1.834859371185302734e+00
2.357294464111328125e+01 2.065469980239868164e+00 2.278859019279479980e-01 1.837584018707275391e+00
2.359335136413574219e+01 2.075500726699829102e+00 2.636075913906097412e-01 1.811892867088317871e+00
2.361376190185546875e+01 2.028556823730468750e+00 2.599328756332397461e-01 1.768624067306518555e+00
2.363416862487792969e+01 2.023836135864257812e+00 2.555555403232574463e-01 1.768280386924743652e+00
2.365457916259765625e+01 2.040018320083618164e+00 2.533615827560424805e-01 1.786656856536865234e+00
2.367498779296875000e+01 2.043197393417358398e+00 2.385825216770172119e-01 1.804614663124084473e+00
2.369539642333984375e+01 2.030212402343750000e+00 2.377203404903411865e-01 1.792492270469665527e+00
2.371580505371093750e+01 2.030484914779663086e+00 2.413515597581863403e-01 1.789133310317993164e+00
2.373621559143066406e+01 2.041325807571411133e+00 2.483047097921371460e-01 1.793021082878112793e+00
2.375662231445312500e+01 2.041750669479370117e+00 2.500563859939575195e-01 1.791694521903991699e+00
2.377702903747558594e+01 2.016397953033447266e+00 2.502948641777038574e-01 1.766103029251098633e+00
2.379743957519531250e+01 2.010465860366821289e+00 2.493257224559783936e-01 1.761140346527099609e+00
2.381784629821777344e+01 1.984917998313903809e+00 2.245375961065292358e-01 1.760380387306213379e+00
2.383825683593750000e+01 1.988101482391357422e+00 2.165123224258422852e-01 1.771589159965515137e+00
2.385866546630859375e+01 2.021874427795410156e+00 2.303241789340972900e-01 1.791550278663635254e+00
2.387907600402832031e+01 2.035395622253417969e+00 2.374958246946334839e-01 1.797899723052978516e+00
2.389948272705078125e+01 2.074830770492553711e+00 2.224684506654739380e-01 1.852362394332885742e+00
2.391989326477050781e+01 2.138618946075439453e+00 2.277330309152603149e-01 1.910886168479919434e+00
2.394029998779296875e+01 2.195777654647827148e+00 2.244390547275543213e-01 1.971338868141174316e+00
2.396071052551269531e+01 2.257034063339233398e+00 2.299427241086959839e-01 2.027091503143310547e+00
2.398111724853515625e+01 2.298959493637084961e+00 2.581971585750579834e-01 2.040762424468994141e+00
2.400152587890625000e+01 2.290678262710571289e+00 2.534893155097961426e-01 2.037188768386840820e+00
2.402193641662597656e+01 2.337115526199340820e+00 2.470953166484832764e-01 2.090020418167114258e+00
2.404234313964843750e+01 2.373486518859863281e+00 2.599791288375854492e-01 2.113507509231567383e+00
2.406275367736816406e+01 2.372550487518310547e+00 2.693590521812438965e-01 2.103191375732421875e+00
2.408316040039062500e+01 2.386379480361938477e+00 2.678385376930236816e-01 2.118541002273559570e+00
2.410357093811035156e+01 2.391315221786499023e+00 2.639369964599609375e-01 2.127378225326538086e+00
2.412397766113281250e+01 2.372746944427490234e+00 2.561719715595245361e-01 2.116575241088867188e+00
2.414438819885253906e+01 2.356548309326171875e+00 2.603180110454559326e-01 2.096230506896972656e+00
2.416479492187500000e+01 2.298935651779174805e+00 2.608906924724578857e-01 2.038044691085815430e+00
