## NTRMN  = 202
## NTRANS = 218
-3.052340745925903320e-01 0.000000000000000000e+00 0.000000000000000000e+00 0.000000000000000000e+00
-2.848252356052398682e-01 0.000000000000000000e+00 0.000000000000000000e+00 0.000000000000000000e+00
-2.644163966178894043e-01 0.000000000000000000e+00 0.000000000000000000e+00 0.000000000000000000e+00
-2.440075576305389404e-01 0.000000000000000000e+00 0.000000000000000000e+00 0.000000000000000000e+00
-2.235987037420272827e-01 0.000000000000000000e+00 0.000000000000000000e+00 0.000000000000000000e+00
-2.031898647546768188e-01 0.000000000000000000e+00 0.000000000000000000e+00 0.000000000000000000e+00
-1.623729914426803589e-01 0.000000000000000000e+00 0.000000000000000000e+00 0.000000000000000000e+00
-1.419641524553298950e-01 0.000000000000000000e+00 0.000000000000000000e+00 0.000000000000000000e+00
-1.215553134679794312e-01 0.000000000000000000e+00 0.000000000000000000e+00 0.000000000000000000e+00
-8.073762804269790649e-02 0.000000000000000000e+00 0.000000000000000000e+00 0.000000000000000000e+00
-6.032959371805191040e-02 0.000000000000000000e+00 0.000000000000000000e+00 0.000000000000000000e+00
-3.992075473070144653e-02 0.000000000000000000e+00 0.000000000000000000e+00 0.000000000000000000e+00
-1.951191015541553497e-02 0.000000000000000000e+00 0.000000000000000000e+00 0.000000000000000000e+00
2.130577340722084045e-02 0.000000000000000000e+00 0.000000000000000000e+00 0.000000000000000000e+00
4.171380400657653809e-02 0.000000000000000000e+00 0.000000000000000000e+00 0.000000000000000000e+00
6.212264671921730042e-02 0.000000000000000000e+00 0.000000000000000000e+00 0.000000000000000000e+00
8.253148943185806274e-02 0.000000000000000000e+00 0.000000000000000000e+00 0.000000000000000000e+00
1.029403284192085266e-01 0.000000000000000000e+00 0.000000000000000000e+00 0.000000000000000000e+00
1.233491748571395874e-01 0.000000000000000000e+00 0.000000000000000000e+00 0.000000000000000000e+00
1.437580138444900513e-01 0.000000000000000000e+00 0.000000000000000000e+00 0.000000000000000000e+00
2.049837261438369751e-01 0.000000000000000000e+00 0.000000000000000000e+00 0.000000000000000000e+00
2.253925800323486328e-01 0.000000000000000000e+00 0.000000000000000000e+00 0.000000000000000000e+00
2.458014190196990967e-01 0.000000000000000000e+00 0.000000000000000000e+00 0.000000000000000000e+00
2.662102580070495605e-01 0.000000000000000000e+00 0.000000000000000000e+00 0.000000000000000000e+00
2.866182923316955566e-01 0.000000000000000000e+00 0.000000000000000000e+00 0.000000000000000000e+00
3.070271313190460205e-01 0.000000000000000000e+00 0.000000000000000000e+00 0.000000000000000000e+00
3.274359703063964844e-01 0.000000000000000000e+00 0.000000000000000000e+00 0.000000000000000000e+00
3.478448092937469482e-01 0.000000000000000000e+00 0.000000000000000000e+00 0.000000000000000000e+00
3.682536482810974121e-01 0.000000000000000000e+00 0.000000000000000000e+00 0.000000000000000000e+00
3.886616826057434082e-01 0.000000000000000000e+00 0.000000000000000000e+00 0.000000000000000000e+00
4.090705215930938721e-01 0.000000000000000000e+00 0.000000000000000000e+00 0.000000000000000000e+00
4.294793605804443359e-01 0.000000000000000000e+00 0.000000000000000000e+00 0.000000000000000000e+00
4.498882293701171875e-01 0.000000000000000000e+00 0.000000000000000000e+00 0.000000000000000000e+00
4.702970683574676514e-01 0.000000000000000000e+00 0.000000000000000000e+00 0.000000000000000000e+00
4.907059073448181152e-01 0.000000000000000000e+00 0.000000000000000000e+00 0.000000000000000000e+00
5.111139416694641113e-01 0.000000000000000000e+00 0.000000000000000000e+00 0.000000000000000000e+00
5.315227508544921875e-01 0.000000000000000000e+00 0.000000000000000000e+00 0.000000000000000000e+00
5.519316196441650391e-01 0.000000000000000000e+00 0.000000000000000000e+00 0.000000000000000000e+00
5.723404884338378906e-01 0.000000000000000000e+00 0.000000000000000000e+00 0.000000000000000000e+00
5.927492976188659668e-01 0.000000000000000000e+00 0.000000000000000000e+00 0.000000000000000000e+00
6.131581664085388184e-01 0.000000000000000000e+00 0.000000000000000000e+00 0.000000000000000000e+00
6.335662007331848145e-01 0.000000000000000000e+00 0.000000000000000000e+00 0.000000000000000000e+00
6.539750099182128906e-01 0.000000000000000000e+00 0.000000000000000000e+00 0.000000000000000000e+00
6.743838787078857422e-01 0.000000000000000000e+00 0.000000000000000000e+00 0.000000000000000000e+00
6.947926878929138184e-01 0.000000000000000000e+00 0.000000000000000000e+00 0.000000000000000000e+00
7.152015566825866699e-01 0.000000000000000000e+00 0.000000000000000000e+00 0.000000000000000000e+00
7.356095910072326660e-01 0.000000000000000000e+00 0.000000000000000000e+00 0.000000000000000000e+00
7.560184001922607422e-01 0.000000000000000000e+00 0.000000000000000000e+00 0.000000000000000000e+00
7.764272689819335938e-01 0.000000000000000000e+00 0.000000000000000000e+00 0.000000000000000000e+00
7.968360781669616699e-01 0.000000000000000000e+00 0.000000000000000000e+00 0.000000000000000000e+00
8.172449469566345215e-01 0.000000000000000000e+00 0.000000000000000000e+00 0.000000000000000000e+00
8.376538157463073730e-01 0.000000000000000000e+00 0.000000000000000000e+00 0.000000000000000000e+00
8.580617904663085938e-01 0.000000000000000000e+00 0.000000000000000000e+00 0.000000000000000000e+00
8.784706592559814453e-01 0.000000000000000000e+00 0.000000000000000000e+00 0.000000000000000000e+00
8.988795280456542969e-01 0.000000000000000000e+00 0.000000000000000000e+00 0.000000000000000000e+00
9.192883372306823730e-01 0.000000000000000000e+00 0.000000000000000000e+00 0.000000000000000000e+00
9.396972060203552246e-01 0.000000000000000000e+00 0.000000000000000000e+00 0.000000000000000000e+00
9.601060152053833008e-01 0.000000000000000000e+00 0.000000000000000000e+00 0.000000000000000000e+00
9.805140495300292969e-01 0.000000000000000000e+00 0.000000000000000000e+00 0.000000000000000000e+00
1.000922918319702148e+00 0.000000000000000000e+00 0.000000000000000000e+00 0.000000000000000000e+00
1.021331787109375000e+00 0.000000000000000000e+00 0.000000000000000000e+00 0.000000000000000000e+00
1.041740536689758301e+00 0.000000000000000000e+00 0.000000000000000000e+00 0.000000000000000000e+00
1.062149405479431152e+00 0.000000000000000000e+00 0.000000000000000000e+00 0.000000000000000000e+00
1.082557439804077148e+00 0.000000000000000000e+00 0.000000000000000000e+00 0.000000000000000000e+00
1.102966308593750000e+00 0.000000000000000000e+00 0.000000000000000000e+00 0.000000000000000000e+00
1.123375177383422852e+00 0.000000000000000000e+00 0.000000000000000000e+00 0.000000000000000000e+00
1.143784046173095703e+00 0.000000000000000000e+00 0.000000000000000000e+00 0.000000000000000000e+00
1.164192795753479004e+00 0.000000000000000000e+00 0.000000000000000000e+00 0.000000000000000000e+00
1.225418567657470703e+00 0.000000000000000000e+00 0.000000000000000000e+00 0.000000000000000000e+00
1.245827436447143555e+00 0.000000000000000000e+00 0.000000000000000000e+00 0.000000000000000000e+00
1.266236186027526855e+00 0.000000000000000000e+00 0.000000000000000000e+00 0.000000000000000000e+00
1.286645054817199707e+00 0.000000000000000000e+00 0.000000000000000000e+00 0.000000000000000000e+00
1.307053923606872559e+00 0.000000000000000000e+00 0.000000000000000000e+00 0.000000000000000000e+00
1.388688445091247559e+00 0.000000000000000000e+00 0.000000000000000000e+00 0.000000000000000000e+00
1.409097313880920410e+00 0.000000000000000000e+00 0.000000000000000000e+00 0.000000000000000000e+00
1.470323085784912109e+00 0.000000000000000000e+00 0.000000000000000000e+00 0.000000000000000000e+00
1.490731835365295410e+00 0.000000000000000000e+00 0.000000000000000000e+00 0.000000000000000000e+00
1.511140704154968262e+00 0.000000000000000000e+00 0.000000000000000000e+00 0.000000000000000000e+00
1.531549572944641113e+00 0.000000000000000000e+00 0.000000000000000000e+00 0.000000000000000000e+00
1.633592963218688965e+00 0.000000000000000000e+00 0.000000000000000000e+00 0.000000000000000000e+00
1.654001832008361816e+00 0.000000000000000000e+00 0.000000000000000000e+00 0.000000000000000000e+00
1.674409866333007812e+00 0.000000000000000000e+00 0.000000000000000000e+00 0.000000000000000000e+00
1.694818615913391113e+00 0.000000000000000000e+00 0.000000000000000000e+00 0.000000000000000000e+00
1.715227484703063965e+00 0.000000000000000000e+00 0.000000000000000000e+00 0.000000000000000000e+00
1.735636353492736816e+00 0.000000000000000000e+00 0.000000000000000000e+00 0.000000000000000000e+00
1.756045222282409668e+00 0.000000000000000000e+00 0.000000000000000000e+00 0.000000000000000000e+00
1.776453256607055664e+00 0.000000000000000000e+00 0.000000000000000000e+00 0.000000000000000000e+00
1.796862125396728516e+00 0.000000000000000000e+00 0.000000000000000000e+00 0.000000000000000000e+00
1.817270874977111816e+00 0.000000000000000000e+00 0.000000000000000000e+00 0.000000000000000000e+00
1.878496646881103516e+00 0.000000000000000000e+00 0.000000000000000000e+00 0.000000000000000000e+00
1.898905515670776367e+00 0.000000000000000000e+00 0.000000000000000000e+00 0.000000000000000000e+00
1.919314265251159668e+00 0.000000000000000000e+00 0.000000000000000000e+00 0.000000000000000000e+00
1.939723134040832520e+00 0.000000000000000000e+00 0.000000000000000000e+00 0.000000000000000000e+00
1.960132002830505371e+00 0.000000000000000000e+00 0.000000000000000000e+00 0.000000000000000000e+00
1.980540871620178223e+00 0.000000000000000000e+00 0.000000000000000000e+00 0.000000000000000000e+00
2.000949621200561523e+00 0.000000000000000000e+00 0.000000000000000000e+00 0.000000000000000000e+00
2.021358489990234375e+00 0.000000000000000000e+00 0.000000000000000000e+00 0.000000000000000000e+00
2.041767358779907227e+00 0.000000000000000000e+00 0.000000000000000000e+00 0.000000000000000000e+00
2.102992296218872070e+00 0.000000000000000000e+00 0.000000000000000000e+00 0.000000000000000000e+00
2.143810033798217773e+00 0.000000000000000000e+00 0.000000000000000000e+00 0.000000000000000000e+00
2.245854139328002930e+00 0.000000000000000000e+00 0.000000000000000000e+00 0.000000000000000000e+00
2.286671876907348633e+00 0.000000000000000000e+00 0.000000000000000000e+00 0.000000000000000000e+00
2.307079076766967773e+00 0.000000000000000000e+00 0.000000000000000000e+00 0.000000000000000000e+00
2.368305683135986328e+00 0.000000000000000000e+00 0.000000000000000000e+00 0.000000000000000000e+00
2.409123182296752930e+00 0.000000000000000000e+00 0.000000000000000000e+00 0.000000000000000000e+00
2.429532051086425781e+00 0.000000000000000000e+00 0.000000000000000000e+00 0.000000000000000000e+00
2.531574726104736328e+00 0.000000000000000000e+00 0.000000000000000000e+00 0.000000000000000000e+00
2.572392463684082031e+00 0.000000000000000000e+00 0.000000000000000000e+00 0.000000000000000000e+00
2.592801332473754883e+00 0.000000000000000000e+00 0.000000000000000000e+00 0.000000000000000000e+00
2.613210201263427734e+00 0.000000000000000000e+00 0.000000000000000000e+00 0.000000000000000000e+00
2.633618831634521484e+00 0.000000000000000000e+00 0.000000000000000000e+00 0.000000000000000000e+00
2.654027700424194336e+00 0.000000000000000000e+00 0.000000000000000000e+00 0.000000000000000000e+00
2.674436569213867188e+00 0.000000000000000000e+00 0.000000000000000000e+00 0.000000000000000000e+00
2.694845438003540039e+00 0.000000000000000000e+00 0.000000000000000000e+00 0.000000000000000000e+00
2.715254306793212891e+00 0.000000000000000000e+00 0.000000000000000000e+00 0.000000000000000000e+00
2.735663175582885742e+00 0.000000000000000000e+00 0.000000000000000000e+00 0.000000000000000000e+00
2.837705612182617188e+00 0.000000000000000000e+00 0.000000000000000000e+00 0.000000000000000000e+00
2.858114480972290039e+00 0.000000000000000000e+00 0.000000000000000000e+00 0.000000000000000000e+00
2.878523349761962891e+00 0.000000000000000000e+00 0.000000000000000000e+00 0.000000000000000000e+00
3.123427867889404297e+00 1.813902282714843750e+01 1.798446273803710938e+01 1.545621901750564575e-01
3.143836736679077148e+00 1.802128410339355469e+01 1.786771202087402344e+01 1.535705327987670898e-01
3.245879411697387695e+00 1.745488548278808594e+01 1.730599594116210938e+01 1.488914191722869873e-01
3.429558992385864258e+00 1.549814987182617188e+01 1.541585254669189453e+01 8.229726552963256836e-02
3.449967861175537109e+00 1.581365489959716797e+01 1.575487136840820312e+01 5.878337100148200989e-02
3.674463510513305664e+00 1.405966663360595703e+01 1.400725173950195312e+01 5.241452902555465698e-02
3.715279340744018555e+00 1.399456882476806641e+01 1.395001983642578125e+01 4.454991221427917480e-02
3.735688209533691406e+00 1.422174549102783203e+01 1.417819881439208984e+01 4.354654997587203979e-02
3.837732553482055664e+00 1.303833389282226562e+01 1.299652290344238281e+01 4.181125760078430176e-02
3.858141422271728516e+00 1.272623252868652344e+01 1.268578624725341797e+01 4.044498875737190247e-02
3.960183858871459961e+00 1.216850376129150391e+01 1.213826847076416016e+01 3.023573569953441620e-02
4.103045940399169922e+00 1.093067073822021484e+01 1.090172290802001953e+01 2.894813753664493561e-02
4.205088615417480469e+00 1.058777427673339844e+01 1.055747604370117188e+01 3.029813803732395172e-02
4.225497245788574219e+00 1.053545665740966797e+01 1.050648403167724609e+01 2.897156961262226105e-02
4.245905876159667969e+00 1.073009300231933594e+01 1.070124340057373047e+01 2.884759753942489624e-02
4.266314983367919922e+00 1.055336570739746094e+01 1.052379989624023438e+01 2.956566587090492249e-02
4.286723613739013672e+00 1.107940006256103516e+01 1.104889774322509766e+01 3.050089441239833832e-02
4.307132720947265625e+00 1.070633506774902344e+01 1.067695713043212891e+01 2.937795035541057587e-02
4.429584026336669922e+00 9.505784034729003906e+00 9.479273796081542969e+00 2.651092782616615295e-02
4.592854976654052734e+00 9.485775947570800781e+00 9.460243225097656250e+00 2.553339675068855286e-02
4.756124019622802734e+00 9.814319610595703125e+00 9.789822578430175781e+00 2.449673786759376526e-02
4.796941757202148438e+00 9.559548377990722656e+00 9.534348487854003906e+00 2.520089782774448395e-02
4.817350387573242188e+00 9.414048194885253906e+00 9.389599800109863281e+00 2.444876544177532196e-02
4.837759494781494141e+00 9.372985839843750000e+00 9.349987983703613281e+00 2.299707010388374329e-02
4.858166694641113281e+00 9.525790214538574219e+00 9.502888679504394531e+00 2.290198020637035370e-02
4.898984432220458984e+00 9.204690933227539062e+00 9.181827545166015625e+00 2.286309376358985901e-02
4.919393062591552734e+00 9.455018997192382812e+00 9.433279037475585938e+00 2.173993550240993500e-02
4.939801692962646484e+00 9.056324005126953125e+00 9.035688400268554688e+00 2.063579484820365906e-02
4.960210800170898438e+00 9.038036346435546875e+00 9.017816543579101562e+00 2.021918259561061859e-02
4.980619430541992188e+00 9.214563369750976562e+00 9.194751739501953125e+00 1.981145702302455902e-02
5.001028537750244141e+00 8.683941841125488281e+00 8.664184570312500000e+00 1.975742354989051819e-02
5.021437168121337891e+00 8.671783447265625000e+00 8.652806282043457031e+00 1.897789165377616882e-02
5.041846275329589844e+00 8.664948463439941406e+00 8.643895149230957031e+00 2.105292119085788727e-02
5.103071212768554688e+00 8.403174400329589844e+00 8.383035659790039062e+00 2.013862878084182739e-02
5.123479843139648438e+00 8.444689750671386719e+00 8.424402236938476562e+00 2.028834819793701172e-02
5.143888473510742188e+00 8.584313392639160156e+00 8.563172340393066406e+00 2.113985270261764526e-02
5.164297580718994141e+00 8.726342201232910156e+00 8.703162193298339844e+00 2.317988872528076172e-02
5.184706211090087891e+00 8.678552627563476562e+00 8.657361030578613281e+00 2.119085937738418579e-02
5.205115318298339844e+00 8.791762351989746094e+00 8.770588874816894531e+00 2.117285691201686859e-02
5.307159423828125000e+00 9.014903068542480469e+00 8.994383811950683594e+00 2.052019163966178894e-02
5.409202098846435547e+00 8.316076278686523438e+00 8.295845031738281250e+00 2.023253217339515686e-02
5.429610729217529297e+00 8.559825897216796875e+00 8.540225028991699219e+00 1.960027962923049927e-02
5.470428466796875000e+00 8.234289169311523438e+00 8.216124534606933594e+00 1.816517300903797150e-02
5.490837574005126953e+00 8.319051742553710938e+00 8.301120758056640625e+00 1.793072745203971863e-02
5.511246204376220703e+00 8.309732437133789062e+00 8.292099952697753906e+00 1.763164810836315155e-02
5.613288879394531250e+00 7.779889583587646484e+00 7.761799335479736328e+00 1.809015125036239624e-02
5.633697509765625000e+00 7.673467159271240234e+00 7.655068874359130859e+00 1.839823462069034576e-02
5.654106616973876953e+00 7.554210662841796875e+00 7.536408424377441406e+00 1.780178025364875793e-02
5.694924354553222656e+00 7.330824375152587891e+00 7.314248561859130859e+00 1.657539792358875275e-02
5.715332984924316406e+00 7.226413726806640625e+00 7.208546638488769531e+00 1.786714978516101837e-02
5.735742092132568359e+00 7.144358634948730469e+00 7.126553058624267578e+00 1.780519075691699982e-02
5.776557922363281250e+00 7.095072269439697266e+00 7.076198101043701172e+00 1.887363195419311523e-02
5.796966552734375000e+00 7.208279609680175781e+00 7.189627647399902344e+00 1.865172013640403748e-02
5.817375659942626953e+00 7.425325870513916016e+00 7.407194614410400391e+00 1.813135482370853424e-02
5.837784290313720703e+00 7.449620246887207031e+00 7.432558536529541016e+00 1.706187054514884949e-02
5.919419765472412109e+00 7.434521675109863281e+00 7.417006015777587891e+00 1.751537248492240906e-02
5.939828872680664062e+00 7.401495933532714844e+00 7.383460044860839844e+00 1.803598366677761078e-02
5.960237503051757812e+00 7.361196517944335938e+00 7.344120979309082031e+00 1.707584969699382782e-02
5.980646133422851562e+00 7.335856437683105469e+00 7.319059371948242188e+00 1.679682172834873199e-02
6.001055240631103516e+00 7.348807334899902344e+00 7.332064628601074219e+00 1.674265041947364807e-02
6.021462440490722656e+00 7.406598091125488281e+00 7.390704154968261719e+00 1.589390449225902557e-02
6.041871070861816406e+00 7.256746292114257812e+00 7.240930080413818359e+00 1.581639610230922699e-02
6.103097915649414062e+00 7.321963310241699219e+00 7.305574417114257812e+00 1.638844795525074005e-02
6.123506546020507812e+00 7.278270244598388672e+00 7.261678695678710938e+00 1.659215986728668213e-02
6.143915653228759766e+00 7.257276058197021484e+00 7.241453170776367188e+00 1.582303643226623535e-02
6.164324283599853516e+00 7.316234111785888672e+00 7.300973415374755859e+00 1.526009570807218552e-02
6.266366958618164062e+00 7.090908050537109375e+00 7.075115680694580078e+00 1.579144783318042755e-02
6.327593326568603516e+00 7.052928447723388672e+00 7.036922931671142578e+00 1.600591279566287994e-02
6.348002433776855469e+00 7.037368774414062500e+00 7.021841049194335938e+00 1.552760228514671326e-02
6.409228801727294922e+00 6.796957969665527344e+00 6.782948017120361328e+00 1.401032973080873489e-02
6.450046539306640625e+00 6.753950595855712891e+00 6.740023612976074219e+00 1.392711885273456573e-02
6.470455169677734375e+00 6.782518863677978516e+00 6.768711090087890625e+00 1.380816660821437836e-02
6.490862369537353516e+00 6.670834541320800781e+00 6.657071113586425781e+00 1.376328617334365845e-02
6.511271476745605469e+00 6.649889945983886719e+00 6.636205196380615234e+00 1.368544530123472214e-02
6.531680107116699219e+00 6.629701614379882812e+00 6.615469932556152344e+00 1.423196960240602493e-02
6.592906951904296875e+00 6.584134101867675781e+00 6.570373535156250000e+00 1.376007683575153351e-02
6.613315582275390625e+00 6.563822746276855469e+00 6.550096988677978516e+00 1.372578646987676620e-02
6.756175994873046875e+00 7.032322406768798828e+00 7.019269943237304688e+00 1.305234245955944061e-02
6.776584625244140625e+00 6.855664730072021484e+00 6.842694759368896484e+00 1.296955998986959457e-02
6.796993732452392578e+00 6.835011005401611328e+00 6.822148323059082031e+00 1.286298595368862152e-02
6.817402362823486328e+00 6.865711212158203125e+00 6.852642059326171875e+00 1.306920126080513000e-02
6.837811470031738281e+00 6.904762744903564453e+00 6.891705513000488281e+00 1.305704750120639801e-02
6.858220100402832031e+00 6.883394718170166016e+00 6.871196746826171875e+00 1.219758391380310059e-02
6.878628730773925781e+00 6.916919231414794922e+00 6.904753684997558594e+00 1.216580625623464584e-02
6.919446468353271484e+00 6.940672397613525391e+00 6.928026676177978516e+00 1.264580152928829193e-02
6.939853668212890625e+00 6.970211505889892578e+00 6.957672119140625000e+00 1.253956649452447891e-02
6.960262775421142578e+00 6.949741840362548828e+00 6.937271118164062500e+00 1.247022952884435654e-02
6.980671405792236328e+00 7.022026538848876953e+00 7.009581089019775391e+00 1.244579721242189407e-02
7.001080513000488281e+00 7.001571178436279297e+00 6.989147663116455078e+00 1.242381893098354340e-02
7.021489143371582031e+00 6.922696590423583984e+00 6.910872936248779297e+00 1.182315405458211899e-02
7.041898250579833984e+00 6.965120315551757812e+00 6.953735351562500000e+00 1.138534769415855408e-02
7.062306880950927734e+00 6.958630084991455078e+00 6.947198867797851562e+00 1.143124233931303024e-02
7.082715511322021484e+00 6.938307285308837891e+00 6.927180290222167969e+00 1.112672686576843262e-02
7.103124618530273438e+00 6.936938285827636719e+00 6.925813198089599609e+00 1.112528704106807709e-02
7.123533248901367188e+00 6.855894565582275391e+00 6.845480918884277344e+00 1.041366439312696457e-02
7.143942356109619141e+00 6.841460704803466797e+00 6.830951690673828125e+00 1.050821878015995026e-02
7.164350986480712891e+00 6.879113674163818359e+00 6.868296623229980469e+00 1.081690564751625061e-02
7.184758186340332031e+00 6.938858032226562500e+00 6.928754806518554688e+00 1.010322943329811096e-02
7.205167293548583984e+00 6.929177761077880859e+00 6.919095993041992188e+00 1.008198224008083344e-02
7.225575923919677734e+00 6.896066665649414062e+00 6.886300563812255859e+00 9.766167029738426208e-03
7.245985031127929688e+00 6.876646041870117188e+00 6.866904735565185547e+00 9.740893729031085968e-03
7.307211399078369141e+00 6.802668094635009766e+00 6.792986392974853516e+00 9.681981056928634644e-03
7.327620029449462891e+00 6.784420490264892578e+00 6.774066925048828125e+00 1.035359688103199005e-02
7.348029136657714844e+00 6.864272117614746094e+00 6.854618072509765625e+00 9.654340334236621857e-03
7.368437767028808594e+00 6.733094692230224609e+00 6.723546504974365234e+00 9.548152796924114227e-03
7.388846874237060547e+00 6.602844238281250000e+00 6.593198776245117188e+00 9.645747020840644836e-03
7.409254074096679688e+00 6.576346874237060547e+00 6.566961288452148438e+00 9.385813958942890167e-03
7.429662704467773438e+00 6.706347465515136719e+00 6.697139263153076172e+00 9.207513183355331421e-03
7.450071811676025391e+00 6.676473617553710938e+00 6.667546272277832031e+00 8.927326649427413940e-03
7.470480442047119141e+00 6.658245086669921875e+00 6.649331092834472656e+00 8.913387544453144073e-03
7.490889549255371094e+00 6.661065101623535156e+00 6.651987552642822266e+00 9.077540598809719086e-03
7.511298179626464844e+00 6.626955986022949219e+00 6.617977619171142578e+00 8.978350088000297546e-03
7.531706809997558594e+00 6.583602905273437500e+00 6.574617862701416016e+00 8.985197171568870544e-03
7.552115917205810547e+00 6.545004367828369141e+00 6.536246299743652344e+00 8.758518844842910767e-03
7.572524547576904297e+00 6.551091670989990234e+00 6.542340755462646484e+00 8.751177228987216949e-03
7.592933654785156250e+00 6.533398151397705078e+00 6.524755477905273438e+00 8.642990142107009888e-03
7.613342285156250000e+00 6.545796871185302734e+00 6.537136077880859375e+00 8.660084567964076996e-03
7.633749485015869141e+00 6.553462982177734375e+00 6.544748306274414062e+00 8.714444003999233246e-03
7.654158592224121094e+00 6.545628547668457031e+00 6.536680221557617188e+00 8.948465809226036072e-03
7.674567222595214844e+00 6.569933891296386719e+00 6.561408042907714844e+00 8.525778539478778839e-03
7.694976329803466797e+00 6.515458106994628906e+00 6.506673336029052734e+00 8.784816600382328033e-03
7.715384960174560547e+00 6.540127754211425781e+00 6.531349658966064453e+00 8.777919225394725800e-03
7.776611328125000000e+00 6.570823669433593750e+00 6.559964179992675781e+00 1.085962075740098953e-02
7.797020435333251953e+00 6.569907665252685547e+00 6.558144569396972656e+00 1.176277082413434982e-02
7.817429065704345703e+00 6.554337024688720703e+00 6.542554378509521484e+00 1.178335770964622498e-02
7.837838172912597656e+00 6.758702278137207031e+00 6.746954917907714844e+00 1.174769271165132523e-02
7.858246803283691406e+00 6.738785743713378906e+00 6.729432106018066406e+00 9.353742003440856934e-03
7.878654003143310547e+00 6.721296310424804688e+00 6.712001800537109375e+00 9.294672869145870209e-03
7.899063110351562500e+00 6.773462295532226562e+00 6.764364719390869141e+00 9.097472764551639557e-03
7.960289478302001953e+00 6.811753749847412109e+00 6.802556514739990234e+00 9.197155945003032684e-03
7.980698108673095703e+00 6.835344791412353516e+00 6.825655460357666016e+00 9.689173661172389984e-03
8.001107215881347656e+00 6.846350193023681641e+00 6.836668014526367188e+00 9.683058597147464752e-03
8.021515846252441406e+00 6.888364315032958984e+00 6.878962039947509766e+00 9.402371942996978760e-03
8.164376258850097656e+00 6.693152427673339844e+00 6.683823585510253906e+00 9.329480119049549103e-03
8.205193519592285156e+00 6.751861572265625000e+00 6.742477416992187500e+00 9.384841658174991608e-03
8.225603103637695312e+00 6.734621524810791016e+00 6.725748538970947266e+00 8.873508311808109283e-03
8.266420364379882812e+00 6.815790176391601562e+00 6.806928157806396484e+00 8.861734531819820404e-03
8.286828994750976562e+00 6.794551372528076172e+00 6.785830974578857422e+00 8.720926009118556976e-03
8.388872146606445312e+00 6.633448123931884766e+00 6.624811649322509766e+00 8.636097423732280731e-03
8.409280776977539062e+00 6.681262969970703125e+00 6.672784805297851562e+00 8.478054776787757874e-03
8.429689407348632812e+00 6.647640705108642578e+00 6.639590740203857422e+00 8.049523457884788513e-03
8.450098037719726562e+00 6.581813335418701172e+00 6.573977470397949219e+00 7.835603319108486176e-03
8.470507621765136719e+00 6.625224113464355469e+00 6.617486953735351562e+00 7.737401407212018967e-03
8.490916252136230469e+00 6.624434471130371094e+00 6.617088317871093750e+00 7.346410304307937622e-03
8.511324882507324219e+00 6.570812702178955078e+00 6.563251495361328125e+00 7.560999598354101181e-03
8.531733512878417969e+00 6.659949302673339844e+00 6.652771949768066406e+00 7.177552673965692520e-03
8.552143096923828125e+00 6.634040832519531250e+00 6.627099037170410156e+00 6.941467523574829102e-03
8.572549819946289062e+00 6.618251800537109375e+00 6.611322879791259766e+00 6.928752642124891281e-03
8.592958450317382812e+00 6.601102828979492188e+00 6.594227790832519531e+00 6.874369457364082336e-03
8.613367080688476562e+00 6.606321811676025391e+00 6.599447727203369141e+00 6.873367819935083389e-03
8.695002555847167969e+00 6.707224369049072266e+00 6.699925899505615234e+00 7.298238109797239304e-03
8.756229400634765625e+00 6.700257301330566406e+00 6.692720413208007812e+00 7.536511868238449097e-03
8.797045707702636719e+00 6.756412029266357422e+00 6.748748779296875000e+00 7.663351949304342270e-03
8.817454338073730469e+00 6.740773200988769531e+00 6.733128070831298828e+00 7.645325735211372375e-03
8.858271598815917969e+00 6.713807106018066406e+00 6.706156730651855469e+00 7.649955805391073227e-03
8.878681182861328125e+00 6.698373794555664062e+00 6.690741539001464844e+00 7.632371038198471069e-03
9.021542549133300781e+00 6.669034004211425781e+00 6.661741733551025391e+00 7.292482070624828339e-03
9.041950225830078125e+00 6.682345390319824219e+00 6.675829887390136719e+00 6.515354849398136139e-03
9.062358856201171875e+00 6.630591392517089844e+00 6.623813629150390625e+00 6.777634378522634506e-03
9.082767486572265625e+00 6.677879333496093750e+00 6.670867919921875000e+00 7.011757232248783112e-03
9.103176116943359375e+00 6.690735816955566406e+00 6.683524608612060547e+00 7.211083080619573593e-03
9.143994331359863281e+00 6.782472610473632812e+00 6.775427818298339844e+00 7.045167963951826096e-03
9.266445159912109375e+00 6.639738559722900391e+00 6.632934570312500000e+00 6.804210599511861801e-03
9.286854743957519531e+00 6.623891830444335938e+00 6.617068290710449219e+00 6.823916453868150711e-03
9.307263374328613281e+00 6.611800670623779297e+00 6.605130672454833984e+00 6.669579539448022842e-03
9.327672004699707031e+00 6.752468109130859375e+00 6.745949745178222656e+00 6.518825422972440720e-03
9.348080635070800781e+00 6.737746238708496094e+00 6.731222152709960938e+00 6.523671094328165054e-03
9.368490219116210938e+00 6.652974128723144531e+00 6.646287918090820312e+00 6.686316337436437607e-03
9.388898849487304688e+00 6.695860862731933594e+00 6.689209461212158203e+00 6.651861127465963364e-03
9.409307479858398438e+00 6.641473770141601562e+00 6.635265827178955078e+00 6.208034232258796692e-03
9.429716110229492188e+00 6.580787181854248047e+00 6.575208663940429688e+00 5.578297190368175507e-03
9.450124740600585938e+00 6.638767242431640625e+00 6.633204936981201172e+00 5.562429782003164291e-03
9.470534324645996094e+00 6.586254596710205078e+00 6.580994606018066406e+00 5.260407924652099609e-03
9.490941047668457031e+00 6.601105213165283203e+00 6.595849990844726562e+00 5.255280993878841400e-03
9.511349678039550781e+00 6.619616031646728516e+00 6.614418029785156250e+00 5.198008380830287933e-03
9.531759262084960938e+00 6.540048122406005859e+00 6.534955501556396484e+00 5.092509556561708450e-03
9.552167892456054688e+00 6.533573150634765625e+00 6.528511524200439453e+00 5.061794538050889969e-03
9.572576522827148438e+00 6.484602928161621094e+00 6.479581356048583984e+00 5.021045915782451630e-03
9.592985153198242188e+00 6.479568958282470703e+00 6.474530696868896484e+00 5.038335919380187988e-03
9.613394737243652344e+00 6.465837001800537109e+00 6.460785865783691406e+00 5.050538107752799988e-03
9.633803367614746094e+00 6.428435802459716797e+00 6.423491954803466797e+00 4.943675827234983444e-03
9.654211997985839844e+00 6.419790744781494141e+00 6.414871692657470703e+00 4.918904975056648254e-03
9.674620628356933594e+00 6.425997257232666016e+00 6.421134948730468750e+00 4.863265901803970337e-03
9.695029258728027344e+00 6.424928665161132812e+00 6.419964313507080078e+00 4.964703693985939026e-03
9.715438842773437500e+00 6.412527561187744141e+00 6.407710075378417969e+00 4.817660432308912277e-03
9.735845565795898438e+00 6.429856777191162109e+00 6.425014972686767578e+00 4.842588212341070175e-03
9.756254196166992188e+00 6.428707599639892578e+00 6.423842906951904297e+00 4.864868707954883575e-03
9.776663780212402344e+00 6.442111015319824219e+00 6.437367916107177734e+00 4.743201658129692078e-03
9.797072410583496094e+00 6.421443462371826172e+00 6.416626930236816406e+00 4.816963803023099899e-03
9.817481040954589844e+00 6.403150558471679688e+00 6.398411750793457031e+00 4.738956224173307419e-03
9.837889671325683594e+00 6.383799076080322266e+00 6.379054546356201172e+00 4.744384437799453735e-03
9.858299255371093750e+00 6.422923564910888672e+00 6.418057441711425781e+00 4.865557886660099030e-03
9.878707885742187500e+00 6.423960685729980469e+00 6.419337749481201172e+00 4.623027518391609192e-03
9.899116516113281250e+00 6.437263011932373047e+00 6.432704448699951172e+00 4.558414220809936523e-03
9.919525146484375000e+00 6.425286769866943359e+00 6.420676231384277344e+00 4.610456060618162155e-03
9.939933776855468750e+00 6.392821788787841797e+00 6.388226509094238281e+00 4.595231264829635620e-03
9.960341453552246094e+00 6.418098926544189453e+00 6.413592815399169922e+00 4.506360273808240891e-03
9.980750083923339844e+00 6.415750026702880859e+00 6.411271095275878906e+00 4.478655755519866943e-03
1.000115871429443359e+01 6.406235694885253906e+00 6.401779174804687500e+00 4.456146620213985443e-03
1.002156829833984375e+01 6.415952682495117188e+00 6.411434650421142578e+00 4.518384113907814026e-03
1.004197692871093750e+01 6.401690959930419922e+00 6.397212982177734375e+00 4.477972164750099182e-03
1.006238555908203125e+01 6.400558471679687500e+00 6.396132946014404297e+00 4.425843246281147003e-03
1.008279418945312500e+01 6.385191917419433594e+00 6.380812168121337891e+00 4.380028694868087769e-03
1.012361240386962891e+01 6.543990135192871094e+00 6.539530277252197266e+00 4.459511488676071167e-03
1.014402103424072266e+01 6.494819164276123047e+00 6.489794731140136719e+00 5.024274811148643494e-03
1.016442966461181641e+01 6.584254741668701172e+00 6.579214572906494141e+00 5.039634183049201965e-03
1.018483734130859375e+01 6.394773960113525391e+00 6.389747142791748047e+00 5.026306025683879852e-03
1.020524597167968750e+01 6.426372051239013672e+00 6.421537876129150391e+00 4.833901766687631607e-03
1.022565460205078125e+01 6.415640830993652344e+00 6.411062717437744141e+00 4.578270018100738525e-03
1.024606323242187500e+01 6.450759410858154297e+00 6.446188926696777344e+00 4.570440854877233505e-03
1.026647281646728516e+01 6.458772659301757812e+00 6.454360961914062500e+00 4.411153960973024368e-03
1.028688144683837891e+01 6.438920497894287109e+00 6.434574127197265625e+00 4.345901310443878174e-03
1.030729007720947266e+01 6.426126956939697266e+00 6.421833515167236328e+00 4.293547011911869049e-03
1.032769870758056641e+01 6.416907787322998047e+00 6.412620067596435547e+00 4.287756048142910004e-03
1.034810733795166016e+01 6.458673000335693359e+00 6.454337120056152344e+00 4.335552453994750977e-03
1.036851692199707031e+01 6.414761543273925781e+00 6.410463809967041016e+00 4.297186154872179031e-03
1.038892555236816406e+01 6.399855613708496094e+00 6.395566463470458984e+00 4.288798198103904724e-03
1.040933418273925781e+01 6.417158126831054688e+00 6.412923812866210938e+00 4.234177991747856140e-03
1.042974185943603516e+01 6.390831947326660156e+00 6.386604309082031250e+00 4.227638710290193558e-03
1.045015048980712891e+01 6.397847652435302734e+00 6.393603324890136719e+00 4.243869800120592117e-03
1.047055912017822266e+01 6.407125949859619141e+00 6.402861595153808594e+00 4.264311864972114563e-03
1.049096775054931641e+01 6.395721435546875000e+00 6.391546249389648438e+00 4.175371956080198288e-03
1.051137733459472656e+01 6.411770820617675781e+00 6.407604694366455078e+00 4.165785387158393860e-03
1.053178596496582031e+01 6.416376590728759766e+00 6.412235260009765625e+00 4.141192417591810226e-03
1.055219459533691406e+01 6.436982154846191406e+00 6.432729244232177734e+00 4.253197461366653442e-03
1.057260322570800781e+01 6.424467563629150391e+00 6.420311927795410156e+00 4.156213719397783279e-03
1.059301185607910156e+01 6.425598144531250000e+00 6.421501159667968750e+00 4.097553435713052750e-03
1.061342144012451172e+01 6.447172164916992188e+00 6.442986965179443359e+00 4.185063764452934265e-03
1.063383007049560547e+01 6.438104629516601562e+00 6.433998107910156250e+00 4.106522072106599808e-03
1.065423679351806641e+01 6.439260482788085938e+00 6.435155868530273438e+00 4.105163272470235825e-03
1.067464637756347656e+01 6.459401607513427734e+00 6.455369949340820312e+00 4.031687043607234955e-03
1.069505500793457031e+01 6.456203937530517578e+00 6.452004909515380859e+00 4.198938142508268356e-03
1.071546363830566406e+01 6.454949378967285156e+00 6.450887203216552734e+00 4.062318708747625351e-03
1.073587226867675781e+01 6.453821182250976562e+00 6.449772834777832031e+00 4.048889502882957458e-03
1.075628089904785156e+01 6.451612949371337891e+00 6.447550296783447266e+00 4.062710795551538467e-03
1.077669048309326172e+01 6.451585769653320312e+00 6.447557449340820312e+00 4.028263036161661148e-03
1.079709911346435547e+01 6.451581001281738281e+00 6.447564601898193359e+00 4.016173537820577621e-03
1.081750774383544922e+01 6.459349155426025391e+00 6.455317974090576172e+00 4.031502641737461090e-03
1.083791637420654297e+01 6.492519378662109375e+00 6.488442420959472656e+00 4.076630342751741409e-03
1.085832595825195312e+01 6.462702274322509766e+00 6.458609580993652344e+00 4.092290066182613373e-03
1.087873268127441406e+01 6.470362663269042969e+00 6.466299057006835938e+00 4.063677974045276642e-03
1.089914131164550781e+01 6.440617561340332031e+00 6.436619281768798828e+00 3.998111933469772339e-03
1.091955089569091797e+01 6.453832626342773438e+00 6.449800968170166016e+00 4.032016266137361526e-03
1.093995952606201172e+01 6.451617240905761719e+00 6.447615623474121094e+00 4.001341760158538818e-03
1.096036815643310547e+01 6.445113182067871094e+00 6.441070079803466797e+00 4.043145105242729187e-03
1.098077678680419922e+01 6.447256088256835938e+00 6.443269729614257812e+00 3.986124880611896515e-03
1.100118541717529297e+01 6.452695846557617188e+00 6.448724269866943359e+00 3.971330355852842331e-03
1.102159500122070312e+01 6.446213722229003906e+00 6.442213058471679688e+00 4.000016022473573685e-03
1.104200363159179688e+01 6.452711582183837891e+00 6.448734283447265625e+00 3.977342508733272552e-03
1.106241226196289062e+01 6.459278106689453125e+00 6.455231189727783203e+00 4.047750495374202728e-03
1.108282089233398438e+01 6.446312904357910156e+00 6.442264080047607422e+00 4.049351904541254044e-03
1.110323047637939453e+01 6.440873622894287109e+00 6.436890602111816406e+00 3.983171191066503525e-03
1.112363719940185547e+01 6.462417125701904297e+00 6.458439350128173828e+00 3.977724350988864899e-03
1.114404582977294922e+01 6.446322917938232422e+00 6.442315101623535156e+00 4.008102230727672577e-03
1.116445541381835938e+01 6.439869880676269531e+00 6.435898780822753906e+00 3.971083089709281921e-03
1.118486404418945312e+01 6.447443008422851562e+00 6.443418502807617188e+00 4.024474415928125381e-03
1.120527267456054688e+01 6.444188594818115234e+00 6.440228462219238281e+00 3.960085101425647736e-03
1.122568130493164062e+01 6.444186687469482422e+00 6.440248489379882812e+00 3.938470035791397095e-03
1.124608993530273438e+01 6.443202495574951172e+00 6.439204216003417969e+00 3.998246043920516968e-03
1.126649951934814453e+01 6.445281028747558594e+00 6.441351413726806641e+00 3.928894642740488052e-03
1.128690814971923828e+01 6.455929756164550781e+00 6.451973915100097656e+00 3.955525811761617661e-03
1.130731678009033203e+01 6.441089153289794922e+00 6.437153339385986328e+00 3.935896791517734528e-03
1.142976856231689453e+01 6.379415988922119141e+00 6.375520706176757812e+00 3.895084839314222336e-03
1.145017719268798828e+01 6.606009006500244141e+00 6.601453304290771484e+00 4.555749241262674332e-03
1.147058582305908203e+01 6.563828468322753906e+00 6.559446334838867188e+00 4.382267594337463379e-03
1.155222129821777344e+01 6.640759468078613281e+00 6.636391639709472656e+00 4.367250483483076096e-03
1.161344623565673828e+01 6.637653350830078125e+00 6.633356094360351562e+00 4.297736100852489471e-03
1.163385486602783203e+01 6.586907386779785156e+00 6.582623004913330078e+00 4.284496419131755829e-03
1.165426349639892578e+01 6.638022422790527344e+00 6.633745670318603516e+00 4.276511259377002716e-03
1.169508171081542969e+01 6.721284866333007812e+00 6.717033386230468750e+00 4.251430276781320572e-03
1.183794212341308594e+01 6.650285243988037109e+00 6.646083831787109375e+00 4.201689269393682480e-03
1.185835075378417969e+01 6.639837265014648438e+00 6.635654926300048828e+00 4.182958975434303284e-03
1.187875938415527344e+01 6.986141204833984375e+00 6.981968402862548828e+00 4.172557499259710312e-03
1.196039485931396484e+01 6.710398197174072266e+00 6.706138610839843750e+00 4.260390065610408783e-03
1.198080348968505859e+01 6.698979377746582031e+00 6.694714546203613281e+00 4.265607800334692001e-03
1.200121307373046875e+01 6.585634231567382812e+00 6.581598758697509766e+00 4.035511985421180725e-03
1.202162170410156250e+01 6.611290931701660156e+00 6.607264995574951172e+00 4.026296082884073257e-03
1.204202842712402344e+01 6.448783397674560547e+00 6.444982051849365234e+00 3.802021266892552376e-03
1.206243801116943359e+01 6.437877178192138672e+00 6.434077739715576172e+00 3.799260361120104790e-03
1.208284664154052734e+01 6.434849262237548828e+00 6.431135654449462891e+00 3.714001271873712540e-03
1.210325527191162109e+01 6.406157016754150391e+00 6.402490139007568359e+00 3.666223958134651184e-03
1.214407253265380859e+01 6.584003925323486328e+00 6.580068111419677734e+00 3.936303313821554184e-03
1.216448211669921875e+01 6.555155754089355469e+00 6.551316738128662109e+00 3.839207813143730164e-03
1.220529937744140625e+01 6.564781665802001953e+00 6.560789108276367188e+00 3.992830403149127960e-03
1.226652622222900391e+01 6.487197399139404297e+00 6.483155727386474609e+00 4.042060114443302155e-03
1.228693294525146484e+01 6.479188442230224609e+00 6.475309848785400391e+00 3.878265619277954102e-03
1.232775115966796875e+01 6.506273269653320312e+00 6.502417564392089844e+00 3.855797694995999336e-03
1.234815979003906250e+01 6.551904678344726562e+00 6.547892570495605469e+00 4.011686425656080246e-03
1.236856842041015625e+01 6.534391880035400391e+00 6.530313491821289062e+00 4.078734666109085083e-03
1.238897705078125000e+01 6.508170127868652344e+00 6.504097461700439453e+00 4.072914831340312958e-03
1.240938663482666016e+01 6.485833644866943359e+00 6.481825828552246094e+00 4.007889889180660248e-03
1.247061252593994141e+01 6.436883926391601562e+00 6.432725906372070312e+00 4.158494994044303894e-03
1.253183746337890625e+01 6.422635555267333984e+00 6.418490409851074219e+00 4.145674873143434525e-03
1.255224609375000000e+01 6.457975864410400391e+00 6.453826904296875000e+00 4.149569198489189148e-03
1.257265567779541016e+01 6.532125949859619141e+00 6.528081417083740234e+00 4.044897388666868210e-03
1.261347293853759766e+01 6.514696121215820312e+00 6.510751724243164062e+00 3.944281022995710373e-03
1.271551704406738281e+01 6.547143936157226562e+00 6.543221950531005859e+00 3.922305535525083542e-03
1.273592472076416016e+01 6.583503246307373047e+00 6.579729080200195312e+00 3.774422220885753632e-03
1.277674198150634766e+01 6.554118633270263672e+00 6.550277709960937500e+00 3.841166850179433823e-03
1.283796882629394531e+01 6.498713493347167969e+00 6.494796752929687500e+00 3.916346468031406403e-03
1.285837745666503906e+01 6.470710754394531250e+00 6.466802120208740234e+00 3.909135702997446060e-03
1.289919567108154297e+01 6.452108860015869141e+00 6.448194026947021484e+00 3.914842382073402405e-03
1.291960430145263672e+01 6.478969573974609375e+00 6.475066661834716797e+00 3.903037868440151215e-03
1.298082923889160156e+01 6.432579040527343750e+00 6.428851127624511719e+00 3.728259820491075516e-03
1.300123786926269531e+01 6.462087631225585938e+00 6.458347320556640625e+00 3.740347223356366158e-03
1.310328197479248047e+01 6.403566360473632812e+00 6.399830341339111328e+00 3.735889913514256477e-03
1.312369060516357422e+01 6.404448509216308594e+00 6.400822162628173828e+00 3.626324003562331200e-03
1.314409923553466797e+01 6.408936500549316406e+00 6.405454158782958984e+00 3.482137806713581085e-03
1.316450881958007812e+01 6.380031585693359375e+00 6.376429557800292969e+00 3.601286560297012329e-03
1.318491744995117188e+01 6.397574901580810547e+00 6.393795013427734375e+00 3.780165221542119980e-03
1.320532417297363281e+01 6.367794513702392578e+00 6.363973140716552734e+00 3.820684505626559258e-03
1.328695964813232422e+01 6.421677589416503906e+00 6.417659759521484375e+00 4.017431754618883133e-03
1.330736923217773438e+01 6.393711090087890625e+00 6.389827251434326172e+00 3.883968805894255638e-03
1.332777786254882812e+01 6.386456489562988281e+00 6.382737636566162109e+00 3.718449734151363373e-03
1.334818649291992188e+01 6.474436283111572266e+00 6.470720767974853516e+00 3.715904662385582924e-03
1.336859512329101562e+01 6.417992115020751953e+00 6.414284229278564453e+00 3.707799129188060760e-03
1.338900375366210938e+01 6.408679962158203125e+00 6.405401229858398438e+00 3.278511110693216324e-03
1.340941333770751953e+01 6.400711536407470703e+00 6.397437572479248047e+00 3.273632144555449486e-03
1.342982006072998047e+01 6.399863243103027344e+00 6.396628856658935547e+00 3.234301460906863213e-03
1.345022869110107422e+01 6.390158653259277344e+00 6.386922836303710938e+00 3.235435578972101212e-03
1.347063827514648438e+01 6.410646915435791016e+00 6.407457351684570312e+00 3.189381677657365799e-03
1.349104690551757812e+01 6.427547931671142578e+00 6.424381256103515625e+00 3.166488138958811760e-03
1.351145553588867188e+01 6.428488254547119141e+00 6.425308227539062500e+00 3.178891027346253395e-03
1.353186416625976562e+01 6.382468700408935547e+00 6.379351139068603516e+00 3.117014188319444656e-03
1.355227375030517578e+01 6.391449451446533203e+00 6.388291358947753906e+00 3.157548839226365089e-03
1.357268238067626953e+01 6.387997627258300781e+00 6.384859085083007812e+00 3.138593630865216255e-03
1.359309101104736328e+01 6.377511024475097656e+00 6.374392032623291016e+00 3.119014669209718704e-03
1.361350059509277344e+01 6.342437744140625000e+00 6.339336872100830078e+00 3.100895090028643608e-03
1.363390827178955078e+01 6.334664821624755859e+00 6.331604480743408203e+00 3.059702925384044647e-03
1.365431785583496094e+01 6.347112178802490234e+00 6.344055175781250000e+00 3.056698245927691460e-03
1.367472553253173828e+01 6.339411258697509766e+00 6.336338520050048828e+00 3.072455059736967087e-03
1.369513320922851562e+01 6.334314823150634766e+00 6.331266403198242188e+00 3.048179438337683678e-03
1.371554279327392578e+01 6.336257457733154297e+00 6.333190441131591797e+00 3.067284822463989258e-03
1.373595046997070312e+01 6.327724456787109375e+00 6.324652194976806641e+00 3.071764484047889709e-03
1.375636100769042969e+01 6.330537319183349609e+00 6.327449798583984375e+00 3.087029559537768364e-03
1.377676773071289062e+01 6.334166049957275391e+00 6.331109523773193359e+00 3.056556452065706253e-03
1.379717826843261719e+01 6.336091518402099609e+00 6.333021640777587891e+00 3.069836413487792015e-03
1.381758594512939453e+01 6.325851440429687500e+00 6.322802066802978516e+00 3.048972226679325104e-03
1.383799648284912109e+01 6.322551727294921875e+00 6.319530963897705078e+00 3.020373405888676643e-03
1.385840320587158203e+01 6.329654216766357422e+00 6.326635837554931641e+00 3.018773859366774559e-03
1.387881374359130859e+01 6.299635410308837891e+00 6.296632766723632812e+00 3.002716694027185440e-03
1.389922142028808594e+01 6.315368175506591797e+00 6.312362194061279297e+00 3.005731385201215744e-03
1.391962814331054688e+01 6.319030761718750000e+00 6.316006183624267578e+00 3.024518024176359177e-03
1.394003868103027344e+01 6.320927619934082031e+00 6.317920684814453125e+00 3.006581915542483330e-03
1.396044635772705078e+01 6.321960449218750000e+00 6.318974971771240234e+00 2.986356848850846291e-03
1.398085689544677734e+01 6.319606304168701172e+00 6.316598415374755859e+00 3.008112311363220215e-03
1.400126361846923828e+01 6.330954074859619141e+00 6.327908992767333984e+00 3.045496996492147446e-03
1.402167415618896484e+01 6.325940132141113281e+00 6.322966098785400391e+00 2.974766306579113007e-03
1.404208183288574219e+01 6.319306850433349609e+00 6.316334724426269531e+00 2.972702262923121452e-03
1.406249237060546875e+01 6.318702697753906250e+00 6.315678119659423828e+00 3.024926641955971718e-03
1.408289909362792969e+01 6.332483768463134766e+00 6.329474925994873047e+00 3.009495791047811508e-03
1.410330963134765625e+01 6.327541351318359375e+00 6.324558258056640625e+00 2.983113517984747887e-03
1.412371635437011719e+01 6.326024055480957031e+00 6.323047637939453125e+00 2.977117663249373436e-03
1.414412403106689453e+01 6.327889919281005859e+00 6.324925899505615234e+00 2.964630722999572754e-03
1.416453456878662109e+01 6.326371669769287109e+00 6.323417663574218750e+00 2.954516327008605003e-03
1.418494129180908203e+01 6.335007667541503906e+00 6.332040309906005859e+00 2.967217471450567245e-03
1.420535182952880859e+01 6.325048923492431641e+00 6.322099685668945312e+00 2.948988229036331177e-03
1.422575950622558594e+01 6.329454898834228516e+00 6.326493263244628906e+00 2.961908932775259018e-03
1.424617004394531250e+01 6.327932834625244141e+00 6.324991226196289062e+00 2.941739745438098907e-03
1.426657676696777344e+01 6.329805850982666016e+00 6.326850414276123047e+00 2.955877222120761871e-03
1.428698730468750000e+01 6.332484722137451172e+00 6.329540729522705078e+00 2.943893428891897202e-03
1.430739498138427734e+01 6.330164432525634766e+00 6.327205657958984375e+00 2.959260251373052597e-03
1.432780551910400391e+01 6.329479694366455078e+00 6.326546192169189453e+00 2.934091025963425636e-03
1.434821224212646484e+01 6.334660053253173828e+00 6.331730365753173828e+00 2.929594134911894798e-03
1.436861991882324219e+01 6.327329158782958984e+00 6.324403285980224609e+00 2.926498884335160255e-03
1.438903045654296875e+01 6.329159736633300781e+00 6.326246261596679688e+00 2.913481090217828751e-03
1.440943717956542969e+01 6.321870803833007812e+00 6.318948745727539062e+00 2.922232728451490402e-03
1.442984771728515625e+01 6.324555873870849609e+00 6.321623325347900391e+00 2.932976000010967255e-03
1.445025539398193359e+01 6.326378345489501953e+00 6.323463439941406250e+00 2.914729528129100800e-03
1.447066593170166016e+01 6.323246479034423828e+00 6.320335388183593750e+00 2.911783289164304733e-03
1.449107265472412109e+01 6.330027580261230469e+00 6.327127933502197266e+00 2.899411600083112717e-03
1.451148319244384766e+01 6.332696437835693359e+00 6.329776763916015625e+00 2.919472288340330124e-03
1.453189086914062500e+01 6.322966098785400391e+00 6.320064067840576172e+00 2.902333624660968781e-03
1.455230045318603516e+01 6.323152065277099609e+00 6.320247650146484375e+00 2.904933178797364235e-03
1.457270812988281250e+01 6.315956592559814453e+00 6.313040256500244141e+00 2.916682977229356766e-03
1.459311580657958984e+01 6.316954135894775391e+00 6.314054489135742188e+00 2.900270512327551842e-03
1.461352539062500000e+01 6.318798065185546875e+00 6.315883636474609375e+00 2.914416603744029999e-03
1.463393306732177734e+01 6.314888477325439453e+00 6.311983108520507812e+00 2.906204201281070709e-03
1.465434360504150391e+01 6.311823844909667969e+00 6.308909416198730469e+00 2.914859447628259659e-03
1.467475032806396484e+01 6.319356918334960938e+00 6.316449165344238281e+00 2.907668473199009895e-03
1.469516086578369141e+01 6.316309452056884766e+00 6.313378334045410156e+00 2.931302879005670547e-03
1.471556854248046875e+01 6.319766521453857422e+00 6.316823482513427734e+00 2.943429630249738693e-03
1.473597908020019531e+01 6.319912433624267578e+00 6.317009449005126953e+00 2.901999047026038170e-03
1.475638580322265625e+01 6.316046714782714844e+00 6.313139915466308594e+00 2.906925044953823090e-03
1.477679634094238281e+01 6.314657211303710938e+00 6.311709880828857422e+00 2.947705332189798355e-03
1.479720401763916016e+01 6.322093486785888672e+00 6.319183826446533203e+00 2.909760456532239914e-03
1.481761455535888672e+01 6.319837570190429688e+00 6.316941738128662109e+00 2.896259538829326630e-03
1.483802127838134766e+01 6.319231510162353516e+00 6.316320419311523438e+00 2.910958603024482727e-03
1.485842895507812500e+01 6.326676845550537109e+00 6.323757171630859375e+00 2.919947961345314980e-03
1.487883949279785156e+01 6.325222492218017578e+00 6.322322368621826172e+00 2.900256542488932610e-03
1.489924621582031250e+01 6.325374126434326172e+00 6.322499752044677734e+00 2.873921999707818031e-03
1.491965675354003906e+01 6.324780464172363281e+00 6.321873188018798828e+00 2.908174181357026100e-03
1.494006443023681641e+01 6.321736812591552734e+00 6.318845748901367188e+00 2.890881150960922241e-03
1.496047496795654297e+01 6.320316314697265625e+00 6.317426204681396484e+00 2.890053903684020042e-03
1.498088169097900391e+01 6.324589729309082031e+00 6.321604728698730469e+00 2.985900733619928360e-03
1.500129222869873047e+01 6.331048965454101562e+00 6.328163146972656250e+00 2.886376343667507172e-03
1.502169895172119141e+01 6.328018665313720703e+00 6.325144290924072266e+00 2.874706173315644264e-03
1.504210948944091797e+01 6.318630218505859375e+00 6.315765857696533203e+00 2.864282811060547829e-03
1.506251716613769531e+01 6.320430278778076172e+00 6.317539691925048828e+00 2.890619449317455292e-03
1.508292388916015625e+01 6.321413040161132812e+00 6.318515300750732422e+00 2.898033009842038155e-03
1.510333442687988281e+01 6.327126979827880859e+00 6.324241638183593750e+00 2.885313937440514565e-03
1.512374210357666016e+01 6.320203781127929688e+00 6.317290782928466797e+00 2.913442673161625862e-03
1.514415264129638672e+01 6.317216396331787109e+00 6.314309120178222656e+00 2.907585352659225464e-03
1.516455936431884766e+01 6.318950653076171875e+00 6.316073417663574219e+00 2.877678256481885910e-03
1.518496990203857422e+01 6.315977096557617188e+00 6.313101768493652344e+00 2.875229576602578163e-03
1.520537757873535156e+01 6.316952228546142578e+00 6.314074993133544922e+00 2.876909449696540833e-03
1.522578811645507812e+01 6.320278644561767578e+00 6.317403316497802734e+00 2.875323407351970673e-03
1.524619483947753906e+01 6.319687843322753906e+00 6.316797256469726562e+00 2.890317235141992569e-03
1.526660537719726562e+01 6.322194576263427734e+00 6.319329261779785156e+00 2.864983864128589630e-03
1.528701305389404297e+01 6.309052944183349609e+00 6.306195259094238281e+00 2.858070190995931625e-03
1.530741977691650391e+01 6.321017265319824219e+00 6.318118095397949219e+00 2.899193204939365387e-03
1.532783031463623047e+01 6.314161300659179688e+00 6.311267375946044922e+00 2.894141012802720070e-03
1.534823799133300781e+01 6.304205894470214844e+00 6.301315784454345703e+00 2.890602685511112213e-03
1.536864852905273438e+01 6.309821605682373047e+00 6.306966304779052734e+00 2.855486702173948288e-03
1.538905525207519531e+01 6.304588317871093750e+00 6.301713466644287109e+00 2.874946687370538712e-03
1.540946578979492188e+01 6.308656215667724609e+00 6.305795669555664062e+00 2.861059270799160004e-03
1.542987346649169922e+01 6.311957359313964844e+00 6.309091567993164062e+00 2.865508198738098145e-03
1.545028305053710938e+01 6.306725025177001953e+00 6.303855895996093750e+00 2.868859563022851944e-03
1.547069072723388672e+01 6.306917667388916016e+00 6.304050922393798828e+00 2.866420662030577660e-03
1.549109745025634766e+01 6.300931930541992188e+00 6.298064231872558594e+00 2.867542672902345657e-03
1.551150798797607422e+01 6.304992198944091797e+00 6.302123546600341797e+00 2.868711948394775391e-03
1.553191566467285156e+01 6.292866230010986328e+00 6.289990425109863281e+00 2.876193961128592491e-03
1.555232620239257812e+01 6.298432826995849609e+00 6.295588493347167969e+00 2.844905713573098183e-03
1.557273292541503906e+01 6.287154197692871094e+00 6.284264087677001953e+00 2.890390576794743538e-03
1.559314346313476562e+01 6.295046329498291016e+00 6.292158126831054688e+00 2.887662267312407494e-03
1.561355113983154297e+01 6.284511089324951172e+00 6.281634807586669922e+00 2.876676386222243309e-03
1.563395786285400391e+01 6.286257743835449219e+00 6.283388137817382812e+00 2.870126860216259956e-03
1.565436840057373047e+01 6.282666206359863281e+00 6.279783725738525391e+00 2.882548840716481209e-03
1.567477607727050781e+01 6.282872200012207031e+00 6.280007362365722656e+00 2.865097019821405411e-03
1.569518661499023438e+01 6.286902904510498047e+00 6.284043312072753906e+00 2.860198961570858955e-03
1.571559333801269531e+01 6.271879196166992188e+00 6.269028186798095703e+00 2.851175842806696892e-03
1.573600387573242188e+01 6.278201103210449219e+00 6.275349617004394531e+00 2.851766766980290413e-03
1.575641155242919922e+01 6.279199123382568359e+00 6.276337623596191406e+00 2.861519111320376396e-03
1.577682209014892578e+01 6.280179977416992188e+00 6.277322292327880859e+00 2.858279738575220108e-03
1.579722881317138672e+01 6.279647827148437500e+00 6.276790142059326172e+00 2.857987070456147194e-03
1.581763935089111328e+01 6.268522262573242188e+00 6.265663623809814453e+00 2.859042026102542877e-03
1.583804702758789062e+01 6.274039268493652344e+00 6.271193504333496094e+00 2.845704788342118263e-03
1.585845661163330078e+01 6.270511627197265625e+00 6.267651081085205078e+00 2.861168701201677322e-03
1.587886428833007812e+01 6.269237995147705078e+00 6.266380310058593750e+00 2.857525367289781570e-03
1.589927196502685547e+01 6.268719673156738281e+00 6.265865802764892578e+00 2.854068996384739876e-03
1.591968154907226562e+01 6.273455142974853516e+00 6.270614147186279297e+00 2.840829780325293541e-03
1.594008922576904297e+01 6.269191741943359375e+00 6.266340732574462891e+00 2.851139754056930542e-03
1.596049976348876953e+01 6.267183303833007812e+00 6.264327049255371094e+00 2.856520470231771469e-03
1.598090648651123047e+01 6.268896579742431641e+00 6.266064167022705078e+00 2.831882564350962639e-03
1.600131797790527344e+01 6.263907432556152344e+00 6.261064052581787109e+00 2.843473572283983231e-03
1.602172470092773438e+01 6.264142513275146484e+00 6.261307239532470703e+00 2.834840212017297745e-03
1.604213523864746094e+01 6.278540134429931641e+00 6.275724887847900391e+00 2.815229119732975960e-03
1.606254196166992188e+01 6.264617919921875000e+00 6.261790275573730469e+00 2.827623393386602402e-03
1.608295249938964844e+01 6.257410526275634766e+00 6.254587173461914062e+00 2.823350019752979279e-03
1.610335922241210938e+01 6.262118339538574219e+00 6.259297370910644531e+00 2.821015426889061928e-03
1.612376785278320312e+01 6.263838768005371094e+00 6.261025428771972656e+00 2.813187194988131523e-03
1.614417839050292969e+01 6.259633541107177734e+00 6.256817340850830078e+00 2.816108753904700279e-03
1.616458511352539062e+01 6.256917953491210938e+00 6.254101276397705078e+00 2.817460102960467339e-03
1.618499565124511719e+01 6.258635997772216797e+00 6.255829334259033203e+00 2.806406700983643532e-03
1.620540237426757812e+01 6.253716468811035156e+00 6.250905513763427734e+00 2.811056794598698616e-03
1.622581291198730469e+01 6.253968238830566406e+00 6.251156806945800781e+00 2.811386948451399803e-03
1.624621963500976562e+01 6.251250743865966797e+00 6.248462200164794922e+00 2.788511337712407112e-03
1.626663017272949219e+01 6.247097492218017578e+00 6.244300842285156250e+00 2.796197310090065002e-03
1.628703880310058594e+01 6.242218494415283203e+00 6.239416599273681641e+00 2.801855560392141342e-03
1.630744743347167969e+01 6.247611999511718750e+00 6.244819164276123047e+00 2.793655963614583015e-03
1.632785606384277344e+01 6.245652675628662109e+00 6.242879390716552734e+00 2.773160813376307487e-03
1.634826278686523438e+01 6.240795612335205078e+00 6.238014221191406250e+00 2.781214891001582146e-03
1.636867332458496094e+01 6.236693859100341797e+00 6.233892440795898438e+00 2.801705151796340942e-03
1.638908004760742188e+01 6.234749794006347656e+00 6.231973171234130859e+00 2.776611829176545143e-03
1.640949058532714844e+01 6.227001667022705078e+00 6.224221706390380859e+00 2.780207665637135506e-03
1.642989730834960938e+01 6.222904205322265625e+00 6.220133781433105469e+00 2.770838327705860138e-03
1.645030784606933594e+01 6.231171131134033203e+00 6.228423595428466797e+00 2.747728256508708000e-03
1.647071647644042969e+01 6.227103710174560547e+00 6.224339485168457031e+00 2.764355391263961792e-03
1.649112701416015625e+01 6.220843315124511719e+00 6.218088150024414062e+00 2.755343448370695114e-03
1.651153373718261719e+01 6.216051578521728516e+00 6.213302135467529297e+00 2.749385545030236244e-03
1.653194427490234375e+01 6.213446617126464844e+00 6.210699558258056641e+00 2.746477024629712105e-03
1.655235099792480469e+01 6.204333782196044922e+00 6.201596260070800781e+00 2.738142386078834534e-03
1.657275772094726562e+01 6.201740741729736328e+00 6.199015617370605469e+00 2.724703401327133179e-03
1.659316825866699219e+01 6.208570003509521484e+00 6.205817699432373047e+00 2.752186730504035950e-03
1.661357688903808594e+01 6.199485778808593750e+00 6.196753501892089844e+00 2.731724642217159271e-03
1.663398742675781250e+01 6.191159248352050781e+00 6.188430309295654297e+00 2.729170257225632668e-03
1.665439414978027344e+01 6.195802211761474609e+00 6.193065643310546875e+00 2.736491849645972252e-03
1.667480468750000000e+01 6.198979854583740234e+00 6.196252346038818359e+00 2.727688988670706749e-03
1.669521141052246094e+01 6.184938907623291016e+00 6.182226181030273438e+00 2.712555695325136185e-03
1.671562194824218750e+01 6.187414169311523438e+00 6.184701919555664062e+00 2.712340559810400009e-03
1.673602867126464844e+01 6.174159049987792969e+00 6.171439170837402344e+00 2.720776246860623360e-03
1.675643920898437500e+01 6.175191879272460938e+00 6.172493934631347656e+00 2.698184689506888390e-03
1.677684593200683594e+01 6.169131278991699219e+00 6.166412353515625000e+00 2.719100099056959152e-03
1.679725456237792969e+01 6.169476032257080078e+00 6.166759490966796875e+00 2.717067953199148178e-03
1.681766510009765625e+01 6.164829254150390625e+00 6.162122249603271484e+00 2.707497915253043175e-03
1.683807182312011719e+01 6.162333965301513672e+00 6.159629821777343750e+00 2.704165410250425339e-03
1.685848236083984375e+01 6.159147739410400391e+00 6.156432151794433594e+00 2.716168761253356934e-03
1.687888908386230469e+01 6.158771514892578125e+00 6.156080722808837891e+00 2.690821886062622070e-03
1.689929962158203125e+01 6.152039527893066406e+00 6.149353981018066406e+00 2.686012303456664085e-03
1.691970634460449219e+01 6.143911361694335938e+00 6.141229629516601562e+00 2.681884914636611938e-03
1.694011688232421875e+01 6.147115230560302734e+00 6.144428730010986328e+00 2.686621621251106262e-03
1.696052551269531250e+01 6.140426158905029297e+00 6.137741565704345703e+00 2.684215782210230827e-03
1.698093605041503906e+01 6.138689517974853516e+00 6.136003017425537109e+00 2.686496824026107788e-03
1.700134277343750000e+01 6.134133815765380859e+00 6.131453990936279297e+00 2.679560333490371704e-03
1.702175331115722656e+01 6.130298137664794922e+00 6.127617835998535156e+00 2.680390141904354095e-03
1.704216003417968750e+01 6.125049114227294922e+00 6.122386932373046875e+00 2.662318991497159004e-03
1.706256675720214844e+01 6.126857280731201172e+00 6.124185085296630859e+00 2.672161674126982689e-03
1.708297729492187500e+01 6.121633052825927734e+00 6.118969440460205078e+00 2.664041938260197639e-03
1.710338592529296875e+01 6.113623619079589844e+00 6.110968589782714844e+00 2.655569231137633324e-03
1.712379646301269531e+01 6.113327026367187500e+00 6.110674858093261719e+00 2.651708433404564857e-03
1.714420318603515625e+01 6.111635684967041016e+00 6.108986377716064453e+00 2.648955211043357849e-03
1.716461372375488281e+01 6.107859134674072266e+00 6.105208873748779297e+00 2.650196198374032974e-03
1.718502044677734375e+01 6.104084491729736328e+00 6.101441860198974609e+00 2.642492996528744698e-03
1.720543098449707031e+01 6.102410316467285156e+00 6.099769115447998047e+00 2.640705090016126633e-03
1.722583770751953125e+01 6.095181941986083984e+00 6.092542648315429688e+00 2.638844307512044907e-03
1.724624824523925781e+01 6.096293926239013672e+00 6.093660831451416016e+00 2.632769756019115448e-03
1.726665496826171875e+01 6.100191593170166016e+00 6.097549915313720703e+00 2.641254104673862457e-03
1.728706359863281250e+01 6.084672451019287109e+00 6.082043170928955078e+00 2.629506634548306465e-03
1.730747413635253906e+01 6.082336425781250000e+00 6.079711437225341797e+00 2.624758984893560410e-03
1.732788085937500000e+01 6.078638553619384766e+00 6.076005458831787109e+00 2.633596071973443031e-03
1.734829139709472656e+01 6.077687263488769531e+00 6.075066566467285156e+00 2.621430903673171997e-03
1.736869812011718750e+01 6.073299407958984375e+00 6.070685863494873047e+00 2.613682532683014870e-03
1.738910865783691406e+01 6.061364650726318359e+00 6.058741569519042969e+00 2.622917992994189262e-03
1.740951538085937500e+01 6.068014621734619141e+00 6.065390586853027344e+00 2.624580403789877892e-03
1.742992591857910156e+01 6.060212135314941406e+00 6.057601451873779297e+00 2.610757248476147652e-03
1.745033454895019531e+01 6.055203437805175781e+00 6.052574634552001953e+00 2.628515241667628288e-03
1.747074508666992188e+01 6.051531314849853516e+00 6.048929214477539062e+00 2.602258464321494102e-03
1.749115180969238281e+01 6.049945831298828125e+00 6.047346591949462891e+00 2.598927356302738190e-03
1.751155853271484375e+01 6.045633316040039062e+00 6.043033123016357422e+00 2.600282663479447365e-03
1.753196907043457031e+01 6.039290904998779297e+00 6.036681175231933594e+00 2.609219867736101151e-03
1.755237579345703125e+01 6.036361694335937500e+00 6.033754348754882812e+00 2.607290400192141533e-03
1.757278633117675781e+01 6.033430576324462891e+00 6.030832767486572266e+00 2.596919657662510872e-03
1.759319496154785156e+01 6.028475761413574219e+00 6.025877952575683594e+00 2.597607206553220749e-03
1.761360359191894531e+01 6.013418197631835938e+00 6.010740756988525391e+00 2.677085343748331070e-03
1.763401222229003906e+01 6.021309852600097656e+00 6.018717765808105469e+00 2.591947792097926140e-03
1.765442276000976562e+01 6.016380310058593750e+00 6.013792991638183594e+00 2.587291644886136055e-03
1.767482948303222656e+01 6.012145996093750000e+00 6.009559154510498047e+00 2.586622955277562141e-03
1.769524002075195312e+01 6.007919311523437500e+00 6.005332946777343750e+00 2.586460905149579048e-03
1.771564674377441406e+01 6.001675605773925781e+00 5.999090671539306641e+00 2.585316542536020279e-03
1.773605346679687500e+01 5.995467185974121094e+00 5.992863178253173828e+00 2.604462439194321632e-03
1.775646400451660156e+01 5.994630813598632812e+00 5.992041587829589844e+00 2.588883740827441216e-03
1.777687263488769531e+01 5.992458343505859375e+00 5.989876270294189453e+00 2.582435496151447296e-03
1.779728317260742188e+01 5.987613677978515625e+00 5.985024452209472656e+00 2.589483978226780891e-03
1.781768989562988281e+01 5.984105110168457031e+00 5.981528759002685547e+00 2.575899474322795868e-03
1.783810043334960938e+01 5.974598884582519531e+00 5.972000598907470703e+00 2.598370425403118134e-03
1.785850715637207031e+01 5.973124504089355469e+00 5.970537662506103516e+00 2.586736110970377922e-03
1.787891769409179688e+01 5.968313694000244141e+00 5.965730190277099609e+00 2.583183813840150833e-03
1.789932441711425781e+01 5.963506698608398438e+00 5.960934638977050781e+00 2.571939025074243546e-03
1.791973495483398438e+01 5.960065841674804688e+00 5.957485198974609375e+00 2.581002190709114075e-03
1.794014358520507812e+01 5.957950115203857422e+00 5.955379009246826172e+00 2.570599783211946487e-03
1.796055030822753906e+01 5.957852363586425781e+00 5.955276489257812500e+00 2.575623802840709686e-03
1.798096084594726562e+01 5.949091434478759766e+00 5.946519851684570312e+00 2.572570228949189186e-03
1.800136756896972656e+01 5.944358825683593750e+00 5.941772937774658203e+00 2.585870213806629181e-03
1.802177810668945312e+01 5.939597129821777344e+00 5.937036514282226562e+00 2.560700289905071259e-03
1.804218482971191406e+01 5.931578159332275391e+00 5.928994178771972656e+00 2.584321890026330948e-03
1.806259536743164062e+01 5.933476924896240234e+00 5.930909156799316406e+00 2.567635616287589073e-03
1.808300209045410156e+01 5.922809600830078125e+00 5.920244693756103516e+00 2.565649803727865219e-03
1.810341262817382812e+01 5.924745082855224609e+00 5.922165393829345703e+00 2.579707885161042213e-03
1.812382125854492188e+01 5.919392585754394531e+00 5.916817665100097656e+00 2.574849175289273262e-03
1.814423179626464844e+01 5.917384624481201172e+00 5.914779186248779297e+00 2.605297602713108063e-03
1.816463851928710938e+01 5.912689685821533203e+00 5.910111427307128906e+00 2.577934181317687035e-03
1.818504524230957031e+01 5.906031131744384766e+00 5.903479099273681641e+00 2.552296966314315796e-03
1.820545578002929688e+01 5.903367996215820312e+00 5.900805473327636719e+00 2.562663517892360687e-03
1.822586250305175781e+01 5.901358127593994141e+00 5.898795604705810547e+00 2.562275622040033340e-03
1.824627304077148438e+01 5.897383213043212891e+00 5.894821166992187500e+00 2.561592264100909233e-03
1.826668167114257812e+01 5.884263038635253906e+00 5.881682872772216797e+00 2.580049913376569748e-03
1.828709220886230469e+01 5.890104770660400391e+00 5.887554645538330078e+00 2.549961674958467484e-03
1.830749893188476562e+01 5.885518074035644531e+00 5.882952690124511719e+00 2.565432572737336159e-03
1.832790946960449219e+01 5.882219314575195312e+00 5.879666805267333984e+00 2.551915356889367104e-03
1.834831619262695312e+01 5.878942012786865234e+00 5.876389503479003906e+00 2.552610822021961212e-03
1.836872673034667969e+01 5.873064517974853516e+00 5.870511531829833984e+00 2.552878577262163162e-03
1.838913345336914062e+01 5.865895748138427734e+00 5.863345623016357422e+00 2.550313714891672134e-03
1.840954399108886719e+01 5.866578102111816406e+00 5.863996982574462891e+00 2.581489272415637970e-03
1.842995262145996094e+01 5.861993789672851562e+00 5.859452247619628906e+00 2.541317138820886612e-03
1.845035934448242188e+01 5.858113288879394531e+00 5.855566501617431641e+00 2.546972827985882759e-03
1.847076988220214844e+01 5.852946758270263672e+00 5.850391864776611328e+00 2.555001759901642799e-03
1.849117660522460938e+01 5.849083900451660156e+00 5.846524238586425781e+00 2.559986663982272148e-03
1.851158714294433594e+01 5.843292236328125000e+00 5.840724945068359375e+00 2.566862385720014572e-03
1.853199386596679688e+01 5.840080738067626953e+00 5.837522506713867188e+00 2.558392705395817757e-03
1.855240440368652344e+01 5.836902618408203125e+00 5.834326267242431641e+00 2.576281782239675522e-03
1.857281112670898438e+01 5.832442760467529297e+00 5.829849243164062500e+00 2.593555720522999763e-03
1.859322166442871094e+01 5.826061248779296875e+00 5.823449611663818359e+00 2.612122334539890289e-03
1.861363029479980469e+01 5.823506355285644531e+00 5.820923328399658203e+00 2.582809189334511757e-03
1.863404083251953125e+01 5.819053173065185547e+00 5.816474437713623047e+00 2.578253392130136490e-03
1.865444755554199219e+01 5.819112300872802734e+00 5.816527843475341797e+00 2.584447618573904037e-03
1.867485427856445312e+01 5.812755584716796875e+00 5.810172080993652344e+00 2.583399880677461624e-03
1.869526481628417969e+01 5.808341979980468750e+00 5.805749416351318359e+00 2.592607401311397552e-03
1.871567153930664062e+01 5.802643775939941406e+00 5.800058841705322266e+00 2.585325390100479126e-03
1.873608207702636719e+01 5.800184249877929688e+00 5.797573566436767578e+00 2.610459458082914352e-03
1.875649070739746094e+01 5.795808315277099609e+00 5.793179988861083984e+00 2.628509188070893288e-03
1.877690124511718750e+01 5.792722225189208984e+00 5.790070056915283203e+00 2.652312163263559341e-03
1.879730796813964844e+01 5.792200565338134766e+00 5.789515018463134766e+00 2.685735700652003288e-03
1.881771850585937500e+01 5.786603450775146484e+00 5.783871650695800781e+00 2.731730230152606964e-03
1.883812522888183594e+01 5.782929897308349609e+00 5.780147552490234375e+00 2.781881019473075867e-03
1.885853576660156250e+01 5.781824111938476562e+00 5.778969287872314453e+00 2.854638965800404549e-03
1.887894248962402344e+01 5.782007217407226562e+00 5.779062747955322266e+00 2.944593550637364388e-03
1.889935111999511719e+01 5.789188385009765625e+00 5.786122798919677734e+00 3.066047094762325287e-03
1.891975975036621094e+01 5.796386718750000000e+00 5.793165683746337891e+00 3.220775630325078964e-03
1.894016838073730469e+01 5.814961433410644531e+00 5.811570644378662109e+00 3.391311736777424812e-03
1.896057891845703125e+01 5.839232921600341797e+00 5.835617065429687500e+00 3.615556051954627037e-03
1.898098564147949219e+01 5.876641273498535156e+00 5.872854709625244141e+00 3.786748042330145836e-03
1.900139617919921875e+01 5.919577121734619141e+00 5.915681362152099609e+00 3.895676927641034126e-03
1.902180290222167969e+01 5.957231521606445312e+00 5.953382492065429688e+00 3.848866792395710945e-03
1.904221343994140625e+01 5.974703311920166016e+00 5.970887184143066406e+00 3.816797398030757904e-03
1.906262016296386719e+01 5.976959228515625000e+00 5.973285675048828125e+00 3.673752071335911751e-03
1.908303070068359375e+01 5.968533992767333984e+00 5.965015411376953125e+00 3.518291283398866653e-03
1.910343933105468750e+01 5.952653408050537109e+00 5.949244499206542969e+00 3.409093478694558144e-03
1.912384605407714844e+01 5.935565471649169922e+00 5.932256221771240234e+00 3.309173509478569031e-03
1.914425659179687500e+01 5.924788951873779297e+00 5.921555042266845703e+00 3.234070958569645882e-03
1.916466331481933594e+01 5.918432712554931641e+00 5.915249347686767578e+00 3.183786757290363312e-03
1.918507385253906250e+01 5.915846824645996094e+00 5.912699222564697266e+00 3.148145973682403564e-03
1.920548057556152344e+01 5.913271903991699219e+00 5.910156250000000000e+00 3.115440718829631805e-03
1.922589111328125000e+01 5.909423828125000000e+00 5.906372070312500000e+00 3.051405074074864388e-03
1.924629974365234375e+01 5.894361495971679688e+00 5.891402244567871094e+00 2.959122648462653160e-03
1.926671028137207031e+01 5.878736019134521484e+00 5.875843048095703125e+00 2.892645075917243958e-03
1.928711700439453125e+01 5.845793724060058594e+00 5.842939853668212891e+00 2.853851765394210815e-03
1.930752754211425781e+01 5.814712047576904297e+00 5.811965465545654297e+00 2.746879821643233299e-03
1.932793426513671875e+01 5.793591976165771484e+00 5.790966510772705078e+00 2.625877270475029945e-03
1.934834098815917969e+01 5.766334056854248047e+00 5.763824939727783203e+00 2.509527374058961868e-03
1.936875152587890625e+01 5.734864711761474609e+00 5.732413291931152344e+00 2.451502485200762749e-03
1.938915824890136719e+01 5.712148666381835938e+00 5.709712028503417969e+00 2.436815062537789345e-03
1.940956878662109375e+01 5.698122978210449219e+00 5.695691108703613281e+00 2.430828986689448357e-03
1.942997741699218750e+01 5.688461303710937500e+00 5.686012744903564453e+00 2.449010033160448074e-03
1.945038795471191406e+01 5.678838253021240234e+00 5.676353454589843750e+00 2.484574913978576660e-03
1.947079467773437500e+01 5.665555000305175781e+00 5.663027763366699219e+00 2.527171978726983070e-03
1.949120521545410156e+01 5.663340091705322266e+00 5.660781383514404297e+00 2.558615989983081818e-03
1.951161193847656250e+01 5.686299800872802734e+00 5.683693408966064453e+00 2.606326481327414513e-03
1.953202247619628906e+01 5.726326942443847656e+00 5.723716259002685547e+00 2.610742114484310150e-03
1.955242919921875000e+01 5.740472793579101562e+00 5.737943649291992188e+00 2.528836950659751892e-03
1.957283973693847656e+01 5.763209342956542969e+00 5.760702133178710938e+00 2.507338067516684532e-03
1.959324836730957031e+01 5.768174648284912109e+00 5.765698909759521484e+00 2.476003952324390411e-03
1.961365509033203125e+01 5.770061969757080078e+00 5.767633438110351562e+00 2.428564475849270821e-03
1.963406562805175781e+01 5.757319450378417969e+00 5.754931926727294922e+00 2.387393265962600708e-03
1.965447235107421875e+01 5.733643531799316406e+00 5.731295108795166016e+00 2.348391804844141006e-03
1.967488288879394531e+01 5.702126026153564453e+00 5.699798107147216797e+00 2.328125992789864540e-03
1.969528961181640625e+01 5.668242454528808594e+00 5.665936470031738281e+00 2.306258771568536758e-03
1.971570014953613281e+01 5.640507698059082031e+00 5.638215065002441406e+00 2.292480552569031715e-03
1.973610877990722656e+01 5.617101192474365234e+00 5.614796638488769531e+00 2.304242923855781555e-03
1.975651741027832031e+01 5.596188068389892578e+00 5.593850612640380859e+00 2.337548881769180298e-03
1.977692604064941406e+01 5.594085216522216797e+00 5.591709613800048828e+00 2.375904237851500511e-03
1.979733657836914062e+01 5.609553337097167969e+00 5.607105731964111328e+00 2.447698265314102173e-03
1.981774330139160156e+01 5.586782932281494141e+00 5.584420204162597656e+00 2.363041508942842484e-03
1.983815002441406250e+01 5.558114051818847656e+00 5.555747985839843750e+00 2.366322791203856468e-03
1.985856056213378906e+01 5.576550483703613281e+00 5.574146747589111328e+00 2.403549384325742722e-03
1.987896728515625000e+01 5.576282501220703125e+00 5.573844432830810547e+00 2.437623450532555580e-03
1.989937782287597656e+01 5.579618453979492188e+00 5.577149868011474609e+00 2.468963619321584702e-03
1.991978645324707031e+01 5.576943874359130859e+00 5.574440956115722656e+00 2.502958057448267937e-03
1.994019699096679688e+01 5.578453540802001953e+00 5.575937747955322266e+00 2.515399595722556114e-03
1.996060371398925781e+01 5.570952415466308594e+00 5.568438529968261719e+00 2.513474086299538612e-03
1.998101425170898438e+01 5.569447517395019531e+00 5.566943645477294922e+00 2.504568314179778099e-03
2.000142097473144531e+01 5.564956665039062500e+00 5.562460422515869141e+00 2.496087923645973206e-03
2.002183151245117188e+01 5.561064243316650391e+00 5.558583259582519531e+00 2.480830298736691475e-03
2.004223823547363281e+01 5.567323684692382812e+00 5.564867973327636719e+00 2.455247333273291588e-03
2.006264686584472656e+01 5.569973945617675781e+00 5.567559719085693359e+00 2.414124552160501480e-03
2.008305740356445312e+01 5.572038650512695312e+00 5.569650173187255859e+00 2.388919470831751823e-03
2.010346412658691406e+01 5.572904586791992188e+00 5.570545673370361328e+00 2.359256613999605179e-03
2.012387466430664062e+01 5.570206165313720703e+00 5.567870140075683594e+00 2.336261561140418053e-03
2.014428138732910156e+01 5.577647209167480469e+00 5.575301647186279297e+00 2.345769200474023819e-03
2.016469192504882812e+01 5.582114219665527344e+00 5.579749107360839844e+00 2.365201245993375778e-03
2.018509864807128906e+01 5.583586215972900391e+00 5.581223964691162109e+00 2.362157218158245087e-03
2.020550918579101562e+01 5.574948787689208984e+00 5.572623729705810547e+00 2.324603265151381493e-03
2.022591781616210938e+01 5.558069229125976562e+00 5.555757045745849609e+00 2.311662072315812111e-03
2.024632644653320312e+01 5.540647029876708984e+00 5.538332939147949219e+00 2.314155688509345055e-03
2.026673507690429688e+01 5.530348300933837891e+00 5.528031349182128906e+00 2.316697733476758003e-03
2.028714179992675781e+01 5.521834850311279297e+00 5.519519805908203125e+00 2.314813900738954544e-03
2.030755233764648438e+01 5.515690803527832031e+00 5.513383388519287109e+00 2.307562856003642082e-03
2.032795906066894531e+01 5.514282703399658203e+00 5.511970520019531250e+00 2.311697928234934807e-03
2.034836959838867188e+01 5.521130561828613281e+00 5.518794059753417969e+00 2.336557721719145775e-03
2.036877632141113281e+01 5.547976493835449219e+00 5.545585155487060547e+00 2.391620073467493057e-03
2.038918685913085938e+01 5.567640304565429688e+00 5.565277576446533203e+00 2.362660830840468407e-03
2.040959548950195312e+01 5.557898521423339844e+00 5.555607318878173828e+00 2.290728967636823654e-03
2.043000602722167969e+01 5.554644584655761719e+00 5.552400588989257812e+00 2.243751892820000648e-03
2.045041275024414062e+01 5.557281494140625000e+00 5.555054187774658203e+00 2.226934069767594337e-03
2.047082328796386719e+01 5.563434123992919922e+00 5.561209678649902344e+00 2.224508672952651978e-03
2.049123001098632812e+01 5.566087245941162109e+00 5.563849449157714844e+00 2.237556735053658485e-03
2.051163673400878906e+01 5.561175823211669922e+00 5.558897495269775391e+00 2.277926541864871979e-03
2.053204727172851562e+01 5.539335250854492188e+00 5.537047863006591797e+00 2.287393668666481972e-03
2.055245590209960938e+01 5.521595954895019531e+00 5.519320011138916016e+00 2.275506965816020966e-03
2.057286643981933594e+01 5.509702682495117188e+00 5.507444381713867188e+00 2.258644439280033112e-03
2.059327316284179688e+01 5.493782997131347656e+00 5.491524696350097656e+00 2.258068183436989784e-03
2.061368370056152344e+01 5.472113609313964844e+00 5.469828128814697266e+00 2.285682596266269684e-03
2.063409042358398438e+01 5.471930027008056641e+00 5.469639778137207031e+00 2.290588803589344025e-03
2.065450096130371094e+01 5.463632106781005859e+00 5.461337089538574219e+00 2.295101759955286980e-03
2.067490768432617188e+01 5.448418140411376953e+00 5.446104049682617188e+00 2.314173150807619095e-03
2.069531822204589844e+01 5.424566268920898438e+00 5.422225475311279297e+00 2.340337727218866348e-03
2.071572494506835938e+01 5.400185108184814453e+00 5.397816181182861328e+00 2.369264373555779457e-03
2.073613357543945312e+01 5.384481430053710938e+00 5.382114410400390625e+00 2.366631990298628807e-03
2.075654411315917969e+01 5.369404315948486328e+00 5.367018699645996094e+00 2.384830499067902565e-03
2.077695083618164062e+01 5.375638008117675781e+00 5.373268604278564453e+00 2.369708148762583733e-03
2.079736137390136719e+01 5.381276130676269531e+00 5.378930568695068359e+00 2.345306798815727234e-03
2.081776809692382812e+01 5.370810985565185547e+00 5.368483066558837891e+00 2.327902009710669518e-03
2.083817863464355469e+01 5.362067222595214844e+00 5.359778404235839844e+00 2.289079828187823296e-03
2.085858535766601562e+01 5.362528800964355469e+00 5.360272884368896484e+00 2.255689818412065506e-03
2.087899589538574219e+01 5.365303039550781250e+00 5.363058567047119141e+00 2.244875766336917877e-03
2.089940452575683594e+01 5.366927146911621094e+00 5.364694595336914062e+00 2.231952035799622536e-03
2.091981506347656250e+01 5.363424301147460938e+00 5.361177444458007812e+00 2.246796153485774994e-03
2.094022178649902344e+01 5.367351055145263672e+00 5.365097999572753906e+00 2.253334969282150269e-03
2.096063232421875000e+01 5.369005203247070312e+00 5.366726875305175781e+00 2.278462750837206841e-03
2.098103904724121094e+01 5.361553668975830078e+00 5.359224796295166016e+00 2.328177215531468391e-03
2.100144577026367188e+01 5.355282783508300781e+00 5.352877140045166016e+00 2.405500505119562149e-03
2.102185630798339844e+01 5.354680538177490234e+00 5.352235317230224609e+00 2.444892888888716698e-03
2.104226493835449219e+01 5.357473373413085938e+00 5.355008602142333984e+00 2.464982913807034492e-03
2.106267547607421875e+01 5.355114459991455078e+00 5.352660655975341797e+00 2.453751629218459129e-03
2.108308219909667969e+01 5.351666927337646484e+00 5.349182128906250000e+00 2.484732074663043022e-03
2.110349273681640625e+01 5.343680381774902344e+00 5.341173171997070312e+00 2.507066819816827774e-03
2.112389945983886719e+01 5.335730552673339844e+00 5.333179950714111328e+00 2.550517907366156578e-03
2.114430999755859375e+01 5.336822986602783203e+00 5.334259033203125000e+00 2.564486581832170486e-03
2.116471672058105469e+01 5.339648246765136719e+00 5.337032794952392578e+00 2.615011762827634811e-03
2.118512725830078125e+01 5.339645862579345703e+00 5.336976528167724609e+00 2.668732078745961189e-03
2.120553398132324219e+01 5.334574222564697266e+00 5.331840515136718750e+00 2.733821049332618713e-03
2.122594261169433594e+01 5.324463367462158203e+00 5.321638584136962891e+00 2.824397291988134384e-03
2.124635314941406250e+01 5.312112331390380859e+00 5.309202671051025391e+00 2.909399569034576416e-03
2.126675987243652344e+01 5.312594413757324219e+00 5.309736251831054688e+00 2.857773797586560249e-03
2.128717041015625000e+01 5.303521156311035156e+00 5.300709247589111328e+00 2.812335034832358360e-03
2.130757713317871094e+01 5.300077438354492188e+00 5.297317504882812500e+00 2.759989118203520775e-03
2.132798767089843750e+01 5.305698394775390625e+00 5.302911281585693359e+00 2.786944620311260223e-03
2.134839439392089844e+01 5.293878555297851562e+00 5.291113853454589844e+00 2.764400094747543335e-03
2.136880493164062500e+01 5.295645713806152344e+00 5.292781829833984375e+00 2.863955451175570488e-03
2.138921356201171875e+01 5.296317100524902344e+00 5.293328285217285156e+00 2.989197848364710808e-03
2.140962409973144531e+01 5.279176235198974609e+00 5.275982379913330078e+00 3.193159587681293488e-03
2.143003082275390625e+01 5.279127597808837891e+00 5.275985240936279297e+00 3.142000176012516022e-03
2.145043754577636719e+01 5.273512840270996094e+00 5.270407676696777344e+00 3.104666946455836296e-03
2.147084808349609375e+01 5.254156589508056641e+00 5.251460552215576172e+00 2.696293406188488007e-03
2.149125480651855469e+01 5.271121025085449219e+00 5.268751621246337891e+00 2.369634807109832764e-03
2.151166534423828125e+01 5.272735595703125000e+00 5.270430088043212891e+00 2.305432455614209175e-03
2.153207397460937500e+01 5.268301963806152344e+00 5.265990734100341797e+00 2.310609910637140274e-03
2.155248260498046875e+01 5.242838382720947266e+00 5.240455150604248047e+00 2.382802311331033707e-03
2.157289123535156250e+01 5.230699539184570312e+00 5.228285312652587891e+00 2.414544112980365753e-03
2.159330177307128906e+01 5.219032287597656250e+00 5.216691017150878906e+00 2.340680686756968498e-03
2.161370849609375000e+01 5.210191249847412109e+00 5.207889556884765625e+00 2.301041968166828156e-03
2.163411903381347656e+01 5.198069572448730469e+00 5.195783615112304688e+00 2.285599708557128906e-03
2.165452575683593750e+01 5.199235916137695312e+00 5.196967124938964844e+00 2.268892945721745491e-03
2.167493247985839844e+01 5.203178882598876953e+00 5.200910091400146484e+00 2.268927404657006264e-03
2.169534301757812500e+01 5.207630634307861328e+00 5.205396175384521484e+00 2.234433544799685478e-03
2.171575164794921875e+01 5.215923786163330078e+00 5.213733196258544922e+00 2.189993392676115036e-03
2.173616218566894531e+01 5.224785804748535156e+00 5.222603797912597656e+00 2.181526971980929375e-03
2.175656890869140625e+01 5.225370883941650391e+00 5.223206520080566406e+00 2.163660479709506035e-03
2.177697944641113281e+01 5.214433193206787109e+00 5.212265491485595703e+00 2.166863530874252319e-03
2.179738616943359375e+01 5.196925163269042969e+00 5.194755554199218750e+00 2.169049112126231194e-03
2.181779670715332031e+01 5.187155723571777344e+00 5.184958457946777344e+00 2.197466790676116943e-03
2.183820343017578125e+01 5.185615539550781250e+00 5.183402061462402344e+00 2.212889026850461960e-03
2.185861396789550781e+01 5.189543724060058594e+00 5.187323093414306641e+00 2.220261143520474434e-03
2.187902259826660156e+01 5.183609008789062500e+00 5.181391239166259766e+00 2.216669963672757149e-03
2.189942932128906250e+01 5.180474281311035156e+00 5.178202152252197266e+00 2.272079931572079659e-03
2.191983985900878906e+01 5.182256698608398438e+00 5.179933547973632812e+00 2.322740852832794189e-03
2.194024658203125000e+01 5.190571784973144531e+00 5.188208580017089844e+00 2.363504376262426376e-03
2.196065711975097656e+01 5.191749095916748047e+00 5.189382076263427734e+00 2.366889500990509987e-03
2.198106384277343750e+01 5.179822921752929688e+00 5.177484989166259766e+00 2.338082063943147659e-03
2.200147438049316406e+01 5.164044857025146484e+00 5.161801815032958984e+00 2.243147464469075203e-03
2.202188110351562500e+01 5.148833751678466797e+00 5.146691322326660156e+00 2.141604898497462273e-03
2.204229164123535156e+01 5.139719009399414062e+00 5.137581348419189453e+00 2.136919880285859108e-03
2.206270027160644531e+01 5.149061679840087891e+00 5.146934509277343750e+00 2.126606646925210953e-03
2.208311080932617188e+01 5.141592025756835938e+00 5.139467716217041016e+00 2.124246209859848022e-03
2.210351753234863281e+01 5.133086204528808594e+00 5.130931854248046875e+00 2.154681598767638206e-03
2.212392807006835938e+01 5.129422187805175781e+00 5.127280235290527344e+00 2.142220037057995796e-03
2.214433479309082031e+01 5.134411334991455078e+00 5.132284641265869141e+00 2.126702340319752693e-03
2.216474151611328125e+01 5.141609191894531250e+00 5.139439582824707031e+00 2.169881248846650124e-03
2.218515205383300781e+01 5.142352581024169922e+00 5.140106678009033203e+00 2.246020594611763954e-03
2.220556068420410156e+01 5.142050743103027344e+00 5.139695167541503906e+00 2.354948315769433975e-03
2.222597122192382812e+01 5.133087158203125000e+00 5.130667209625244141e+00 2.420232631266117096e-03
2.224637794494628906e+01 5.134421825408935547e+00 5.131878852844238281e+00 2.542455447837710381e-03
2.226678848266601562e+01 5.137914657592773438e+00 5.135238647460937500e+00 2.675767522305250168e-03
2.228719520568847656e+01 5.140882968902587891e+00 5.138055324554443359e+00 2.827363787218928337e-03
2.230760574340820312e+01 5.153444766998291016e+00 5.150524139404296875e+00 2.920283237472176552e-03
2.232801246643066406e+01 5.190176486968994141e+00 5.187094211578369141e+00 3.082157112658023834e-03
2.234842300415039062e+01 5.241066455841064453e+00 5.238058567047119141e+00 3.008159110322594643e-03
2.236883163452148438e+01 5.235523223876953125e+00 5.232745170593261719e+00 2.778168534860014915e-03
2.238923835754394531e+01 5.234027385711669922e+00 5.231183528900146484e+00 2.844184637069702148e-03
2.240964889526367188e+01 5.235611915588378906e+00 5.232828140258789062e+00 2.783761126920580864e-03
2.243005561828613281e+01 5.205384731292724609e+00 5.202452182769775391e+00 2.932328032329678535e-03
2.245046615600585938e+01 5.180096626281738281e+00 5.176929950714111328e+00 3.165855770930647850e-03
2.247087287902832031e+01 5.203612327575683594e+00 5.200459957122802734e+00 3.152456367388367653e-03
2.249128341674804688e+01 5.236074924468994141e+00 5.232993602752685547e+00 3.081284696236252785e-03
2.251169013977050781e+01 5.240162372589111328e+00 5.237288475036621094e+00 2.873929217457771301e-03
2.253210067749023438e+01 5.247510433197021484e+00 5.244762420654296875e+00 2.748250495642423630e-03
2.255250930786132812e+01 5.277216911315917969e+00 5.274515151977539062e+00 2.701938152313232422e-03
2.257291984558105469e+01 5.212520599365234375e+00 5.209826469421386719e+00 2.694155555218458176e-03
2.259332656860351562e+01 5.217987060546875000e+00 5.215186119079589844e+00 2.800328889861702919e-03
2.261373329162597656e+01 5.288327693939208984e+00 5.285641670227050781e+00 2.685916377231478691e-03
2.263414382934570312e+01 5.301461696624755859e+00 5.298855304718017578e+00 2.605856396257877350e-03
2.265455055236816406e+01 5.264747619628906250e+00 5.262381076812744141e+00 2.367060631513595581e-03
2.267496109008789062e+01 5.204082489013671875e+00 5.201689243316650391e+00 2.393302274867892265e-03
2.269536972045898438e+01 5.292293071746826172e+00 5.289834976196289062e+00 2.458069240674376488e-03
2.271578025817871094e+01 5.366512775421142578e+00 5.364120960235595703e+00 2.391966525465250015e-03
2.273618698120117188e+01 5.345674991607666016e+00 5.343512058258056641e+00 2.162632765248417854e-03
2.275659751892089844e+01 5.288236618041992188e+00 5.286121368408203125e+00 2.115629613399505615e-03
2.277700424194335938e+01 5.212026119232177734e+00 5.209916114807128906e+00 2.109821420162916183e-03
2.279741477966308594e+01 5.172659873962402344e+00 5.170598506927490234e+00 2.060572383925318718e-03
2.281782150268554688e+01 5.108724594116210938e+00 5.106698036193847656e+00 2.025643829256296158e-03
2.283823013305664062e+01 5.073806285858154297e+00 5.071737289428710938e+00 2.068853005766868591e-03
2.285863876342773438e+01 5.039955615997314453e+00 5.037885189056396484e+00 2.069643000140786171e-03
2.287904739379882812e+01 5.037068367004394531e+00 5.034960746765136719e+00 2.107572508975863457e-03
2.289945793151855469e+01 5.011670112609863281e+00 5.009564876556396484e+00 2.105439780279994011e-03
2.291986465454101562e+01 5.000951766967773438e+00 4.998837471008300781e+00 2.113898517563939095e-03
2.294027519226074219e+01 5.008496284484863281e+00 5.006391048431396484e+00 2.104602986946702003e-03
2.296068191528320312e+01 5.004545688629150391e+00 5.002462863922119141e+00 2.082371152937412262e-03
2.298109245300292969e+01 4.988613128662109375e+00 4.986560821533203125e+00 2.051624702289700508e-03
2.300149917602539062e+01 4.996660709381103516e+00 4.994626522064208984e+00 2.033925382420420647e-03
2.302190971374511719e+01 4.998473167419433594e+00 4.996437549591064453e+00 2.035616198554635048e-03
2.304231834411621094e+01 5.003965854644775391e+00 5.001881599426269531e+00 2.084074309095740318e-03
2.306272506713867188e+01 5.020277500152587891e+00 5.018215656280517578e+00 2.061687409877777100e-03
2.308313560485839844e+01 4.985749721527099609e+00 4.983703613281250000e+00 2.046017674729228020e-03
2.310354232788085938e+01 4.973619461059570312e+00 4.971529960632324219e+00 2.089906483888626099e-03
2.312395286560058594e+01 4.940229892730712891e+00 4.938154697418212891e+00 2.075043506920337677e-03
2.314435958862304688e+01 4.988069534301757812e+00 4.986034870147705078e+00 2.034653909504413605e-03
2.316477012634277344e+01 4.980591297149658203e+00 4.978541374206542969e+00 2.049462404102087021e-03
2.318517875671386719e+01 4.953479290008544922e+00 4.951443672180175781e+00 2.035633893683552742e-03
2.320558929443359375e+01 4.941884517669677734e+00 4.939867496490478516e+00 2.016703365370631218e-03
2.322599601745605469e+01 4.943192005157470703e+00 4.941195964813232422e+00 1.995567232370376587e-03
2.324640655517578125e+01 4.946524143218994141e+00 4.944581031799316406e+00 1.942764036357402802e-03
2.326681327819824219e+01 4.963792800903320312e+00 4.961851119995117188e+00 1.941526657901704311e-03
2.328722000122070312e+01 4.959983825683593750e+00 4.958016872406005859e+00 1.967000542208552361e-03
2.330763053894042969e+01 4.967491626739501953e+00 4.965486526489257812e+00 2.005429007112979889e-03
2.332803726196289062e+01 4.978577136993408203e+00 4.976535797119140625e+00 2.042065141722559929e-03
2.334844779968261719e+01 4.969639778137207031e+00 4.967571735382080078e+00 2.067720051854848862e-03
2.336885643005371094e+01 4.932094097137451172e+00 4.929940223693847656e+00 2.153504407033324242e-03
2.338926696777343750e+01 4.916070461273193359e+00 4.913867950439453125e+00 2.202574163675308228e-03
2.340967369079589844e+01 4.898059844970703125e+00 4.895779609680175781e+00 2.280538436025381088e-03
2.343008422851562500e+01 4.892889976501464844e+00 4.890492916107177734e+00 2.397083910182118416e-03
2.345049095153808594e+01 4.890308856964111328e+00 4.887768745422363281e+00 2.540510846301913261e-03
2.347090148925781250e+01 4.895359039306640625e+00 4.892697334289550781e+00 2.661959500983357430e-03
2.349130821228027344e+01 4.899293422698974609e+00 4.896599769592285156e+00 2.693507354706525803e-03
2.351171875000000000e+01 4.883765697479248047e+00 4.881148815155029297e+00 2.616379875689744949e-03
2.353212738037109375e+01 4.889844894409179688e+00 4.887088298797607422e+00 2.756712259724736214e-03
2.355253410339355469e+01 4.894438743591308594e+00 4.891493320465087891e+00 2.945383312180638313e-03
2.357294464111328125e+01 4.889126300811767578e+00 4.886243343353271484e+00 2.883081557229161263e-03
2.359335136413574219e+01 4.970621109008789062e+00 4.967755317687988281e+00 2.865649526938796043e-03
2.361376190185546875e+01 4.937424182891845703e+00 4.934568405151367188e+00 2.855431754142045975e-03
2.363416862487792969e+01 4.888214111328125000e+00 4.885739803314208984e+00 2.473797649145126343e-03
2.365457916259765625e+01 4.869756221771240234e+00 4.867355823516845703e+00 2.400759141892194748e-03
2.367498779296875000e+01 4.875170230865478516e+00 4.872766494750976562e+00 2.403225284069776535e-03
2.369539642333984375e+01 4.901782035827636719e+00 4.899382591247558594e+00 2.399550285190343857e-03
2.371580505371093750e+01 4.902580261230468750e+00 4.900213718414306641e+00 2.366025466471910477e-03
2.373621559143066406e+01 4.929120063781738281e+00 4.926760673522949219e+00 2.359342528507113457e-03
2.375662231445312500e+01 4.992393970489501953e+00 4.990043640136718750e+00 2.350290305912494659e-03
2.377702903747558594e+01 5.011820316314697266e+00 5.009420871734619141e+00 2.399403601884841919e-03
2.379743957519531250e+01 5.022023200988769531e+00 5.019711017608642578e+00 2.311920048668980598e-03
2.381784629821777344e+01 4.951843261718750000e+00 4.949576377868652344e+00 2.266492927446961403e-03
2.383825683593750000e+01 4.884485244750976562e+00 4.882071971893310547e+00 2.413203008472919464e-03
2.385866546630859375e+01 4.895367622375488281e+00 4.892946720123291016e+00 2.420163247734308243e-03
2.387907600402832031e+01 4.912740707397460938e+00 4.910318851470947266e+00 2.422317164018750191e-03
2.389948272705078125e+01 4.919206142425537109e+00 4.916643142700195312e+00 2.563037211075425148e-03
2.391989326477050781e+01 4.981789112091064453e+00 4.979001522064208984e+00 2.787305042147636414e-03
2.394029998779296875e+01 5.042611122131347656e+00 5.039753913879394531e+00 2.857760060578584671e-03
2.396071052551269531e+01 5.098268508911132812e+00 5.095407009124755859e+00 2.861196640878915787e-03
2.398111724853515625e+01 5.084042072296142578e+00 5.081088542938232422e+00 2.953526796773076057e-03
2.400152587890625000e+01 5.104623317718505859e+00 5.101703643798828125e+00 2.919651102274656296e-03
2.402193641662597656e+01 5.070451259613037109e+00 5.067471981048583984e+00 2.979595679789781570e-03
2.404234313964843750e+01 5.115940093994140625e+00 5.112956523895263672e+00 2.983374753966927528e-03
2.406275367736816406e+01 5.111415863037109375e+00 5.108619689941406250e+00 2.796858549118041992e-03
2.408316040039062500e+01 5.092080116271972656e+00 5.089379787445068359e+00 2.700540702790021896e-03
2.410357093811035156e+01 5.087861061096191406e+00 5.085070133209228516e+00 2.790756523609161377e-03
2.412397766113281250e+01 5.113345623016357422e+00 5.110538959503173828e+00 2.806605538353323936e-03
2.414438819885253906e+01 5.133776664733886719e+00 5.131006240844726562e+00 2.770246472209692001e-03
2.416479492187500000e+01 5.178891658782958984e+00 5.176206111907958984e+00 2.685117535293102264e-03
