## NTRMN  = 61
## NTRANS = 111
-1.196487247943878174e-01 0.000000000000000000e+00 0.000000000000000000e+00 0.000000000000000000e+00
-9.923987835645675659e-02 0.000000000000000000e+00 0.000000000000000000e+00 0.000000000000000000e+00
-7.883103936910629272e-02 0.000000000000000000e+00 0.000000000000000000e+00 0.000000000000000000e+00
-5.842219665646553040e-02 0.000000000000000000e+00 0.000000000000000000e+00 0.000000000000000000e+00
-3.801335394382476807e-02 0.000000000000000000e+00 0.000000000000000000e+00 0.000000000000000000e+00
-1.760451123118400574e-02 0.000000000000000000e+00 0.000000000000000000e+00 0.000000000000000000e+00
2.321236208081245422e-02 0.000000000000000000e+00 0.000000000000000000e+00 0.000000000000000000e+00
4.362120479345321655e-02 0.000000000000000000e+00 0.000000000000000000e+00 0.000000000000000000e+00
6.403004378080368042e-02 0.000000000000000000e+00 0.000000000000000000e+00 0.000000000000000000e+00
1.048477292060852051e-01 0.000000000000000000e+00 0.000000000000000000e+00 0.000000000000000000e+00
1.252557635307312012e-01 0.000000000000000000e+00 0.000000000000000000e+00 0.000000000000000000e+00
1.456646025180816650e-01 0.000000000000000000e+00 0.000000000000000000e+00 0.000000000000000000e+00
1.660734415054321289e-01 0.000000000000000000e+00 0.000000000000000000e+00 0.000000000000000000e+00
2.068911343812942505e-01 0.000000000000000000e+00 0.000000000000000000e+00 0.000000000000000000e+00
2.272991687059402466e-01 0.000000000000000000e+00 0.000000000000000000e+00 0.000000000000000000e+00
2.477080076932907104e-01 0.000000000000000000e+00 0.000000000000000000e+00 0.000000000000000000e+00
2.681168317794799805e-01 0.000000000000000000e+00 0.000000000000000000e+00 0.000000000000000000e+00
2.885257005691528320e-01 0.000000000000000000e+00 0.000000000000000000e+00 0.000000000000000000e+00
3.089345395565032959e-01 0.000000000000000000e+00 0.000000000000000000e+00 0.000000000000000000e+00
3.293433785438537598e-01 0.000000000000000000e+00 0.000000000000000000e+00 0.000000000000000000e+00
3.905690908432006836e-01 0.000000000000000000e+00 0.000000000000000000e+00 0.000000000000000000e+00
4.109779298305511475e-01 0.000000000000000000e+00 0.000000000000000000e+00 0.000000000000000000e+00
4.313867688179016113e-01 0.000000000000000000e+00 0.000000000000000000e+00 0.000000000000000000e+00
4.517956078052520752e-01 0.000000000000000000e+00 0.000000000000000000e+00 0.000000000000000000e+00
4.722036421298980713e-01 0.000000000000000000e+00 0.000000000000000000e+00 0.000000000000000000e+00
4.926124811172485352e-01 0.000000000000000000e+00 0.000000000000000000e+00 0.000000000000000000e+00
5.130213499069213867e-01 0.000000000000000000e+00 0.000000000000000000e+00 0.000000000000000000e+00
5.334301590919494629e-01 0.000000000000000000e+00 0.000000000000000000e+00 0.000000000000000000e+00
5.538390278816223145e-01 0.000000000000000000e+00 0.000000000000000000e+00 0.000000000000000000e+00
5.742470622062683105e-01 0.000000000000000000e+00 0.000000000000000000e+00 0.000000000000000000e+00
5.946558713912963867e-01 0.000000000000000000e+00 0.000000000000000000e+00 0.000000000000000000e+00
6.150647401809692383e-01 0.000000000000000000e+00 0.000000000000000000e+00 0.000000000000000000e+00
6.354735493659973145e-01 0.000000000000000000e+00 0.000000000000000000e+00 0.000000000000000000e+00
6.558824181556701660e-01 0.000000000000000000e+00 0.000000000000000000e+00 0.000000000000000000e+00
6.762912869453430176e-01 0.000000000000000000e+00 0.000000000000000000e+00 0.000000000000000000e+00
6.966992616653442383e-01 0.000000000000000000e+00 0.000000000000000000e+00 0.000000000000000000e+00
7.171081304550170898e-01 0.000000000000000000e+00 0.000000000000000000e+00 0.000000000000000000e+00
7.375169992446899414e-01 0.000000000000000000e+00 0.000000000000000000e+00 0.000000000000000000e+00
7.579258084297180176e-01 0.000000000000000000e+00 0.000000000000000000e+00 0.000000000000000000e+00
7.783346772193908691e-01 0.000000000000000000e+00 0.000000000000000000e+00 0.000000000000000000e+00
7.987434864044189453e-01 0.000000000000000000e+00 0.000000000000000000e+00 0.000000000000000000e+00
8.191515207290649414e-01 0.000000000000000000e+00 0.000000000000000000e+00 0.000000000000000000e+00
8.395603895187377930e-01 0.000000000000000000e+00 0.000000000000000000e+00 0.000000000000000000e+00
8.599691987037658691e-01 0.000000000000000000e+00 0.000000000000000000e+00 0.000000000000000000e+00
8.803780674934387207e-01 0.000000000000000000e+00 0.000000000000000000e+00 0.000000000000000000e+00
9.007868766784667969e-01 0.000000000000000000e+00 0.000000000000000000e+00 0.000000000000000000e+00
9.211949110031127930e-01 0.000000000000000000e+00 0.000000000000000000e+00 0.000000000000000000e+00
9.416037797927856445e-01 0.000000000000000000e+00 0.000000000000000000e+00 0.000000000000000000e+00
9.620125889778137207e-01 0.000000000000000000e+00 0.000000000000000000e+00 0.000000000000000000e+00
9.824214577674865723e-01 0.000000000000000000e+00 0.000000000000000000e+00 0.000000000000000000e+00
1.002830266952514648e+00 0.000000000000000000e+00 0.000000000000000000e+00 0.000000000000000000e+00
1.023239135742187500e+00 0.000000000000000000e+00 0.000000000000000000e+00 0.000000000000000000e+00
1.043647170066833496e+00 0.000000000000000000e+00 0.000000000000000000e+00 0.000000000000000000e+00
1.064056038856506348e+00 0.000000000000000000e+00 0.000000000000000000e+00 0.000000000000000000e+00
1.084464907646179199e+00 0.000000000000000000e+00 0.000000000000000000e+00 0.000000000000000000e+00
1.104873657226562500e+00 0.000000000000000000e+00 0.000000000000000000e+00 0.000000000000000000e+00
1.125282526016235352e+00 0.000000000000000000e+00 0.000000000000000000e+00 0.000000000000000000e+00
1.145691394805908203e+00 0.000000000000000000e+00 0.000000000000000000e+00 0.000000000000000000e+00
1.166099429130554199e+00 0.000000000000000000e+00 0.000000000000000000e+00 0.000000000000000000e+00
1.186508297920227051e+00 0.000000000000000000e+00 0.000000000000000000e+00 0.000000000000000000e+00
1.206917047500610352e+00 0.000000000000000000e+00 0.000000000000000000e+00 0.000000000000000000e+00
1.227325916290283203e+00 0.000000000000000000e+00 0.000000000000000000e+00 0.000000000000000000e+00
1.247734785079956055e+00 0.000000000000000000e+00 0.000000000000000000e+00 0.000000000000000000e+00
1.268142819404602051e+00 0.000000000000000000e+00 0.000000000000000000e+00 0.000000000000000000e+00
1.288551688194274902e+00 0.000000000000000000e+00 0.000000000000000000e+00 0.000000000000000000e+00
1.308960556983947754e+00 0.000000000000000000e+00 0.000000000000000000e+00 0.000000000000000000e+00
1.329369306564331055e+00 0.000000000000000000e+00 0.000000000000000000e+00 0.000000000000000000e+00
1.349778175354003906e+00 0.000000000000000000e+00 0.000000000000000000e+00 0.000000000000000000e+00
1.411003947257995605e+00 0.000000000000000000e+00 0.000000000000000000e+00 0.000000000000000000e+00
1.431412696838378906e+00 0.000000000000000000e+00 0.000000000000000000e+00 0.000000000000000000e+00
1.451821565628051758e+00 0.000000000000000000e+00 0.000000000000000000e+00 0.000000000000000000e+00
1.472230434417724609e+00 0.000000000000000000e+00 0.000000000000000000e+00 0.000000000000000000e+00
1.492639303207397461e+00 0.000000000000000000e+00 0.000000000000000000e+00 0.000000000000000000e+00
1.574273824691772461e+00 1.032366577148437500e+03 1.032366577148437500e+03 0.000000000000000000e+00
1.594682693481445312e+00 1.338606323242187500e+03 1.338606323242187500e+03 0.000000000000000000e+00
1.655908346176147461e+00 1.918417114257812500e+03 1.918417114257812500e+03 0.000000000000000000e+00
1.676317214965820312e+00 1.927906372070312500e+03 1.927906372070312500e+03 0.000000000000000000e+00
1.696726083755493164e+00 1.969618408203125000e+03 1.969618408203125000e+03 0.000000000000000000e+00
1.717134952545166016e+00 2.039615478515625000e+03 2.039615478515625000e+03 0.000000000000000000e+00
1.819178342819213867e+00 2.294983886718750000e+03 2.294983886718750000e+03 2.329272774659330025e-07
1.839587211608886719e+00 2.260413330078125000e+03 2.260413330078125000e+03 2.668464560429129051e-07
1.859995245933532715e+00 2.225315673828125000e+03 2.225315673828125000e+03 3.191514679201645777e-07
1.880403995513916016e+00 2.156605224609375000e+03 2.156605224609375000e+03 3.784485329560993705e-07
1.900812864303588867e+00 2.100705078125000000e+03 2.100705078125000000e+03 4.212609212572715478e-07
1.921221733093261719e+00 2.057207031250000000e+03 2.057207031250000000e+03 4.309142980218894081e-07
1.941630601882934570e+00 2.029418579101562500e+03 2.029418579101562500e+03 4.187871240901586134e-07
1.962038636207580566e+00 2.016850463867187500e+03 2.016850463867187500e+03 4.036041900690179318e-07
1.982447385787963867e+00 2.021446044921875000e+03 2.021446044921875000e+03 3.934961512186418986e-07
2.002856254577636719e+00 2.031924316406250000e+03 2.031924316406250000e+03 3.912541615136433393e-07
2.064081907272338867e+00 2.115467285156250000e+03 2.115467285156250000e+03 3.770757075471919961e-07
2.084490776062011719e+00 2.144137939453125000e+03 2.144137939453125000e+03 3.699868500461889198e-07
2.104899644851684570e+00 2.160879882812500000e+03 2.160879882812500000e+03 3.633158200955222128e-07
2.125308513641357422e+00 2.179552734375000000e+03 2.179552734375000000e+03 3.564952635315421503e-07
2.145717382431030273e+00 2.195639404296875000e+03 2.195639404296875000e+03 3.520044060678628739e-07
2.166126251220703125e+00 2.210317382812500000e+03 2.210317382812500000e+03 3.495051714708097279e-07
2.186535120010375977e+00 2.223626708984375000e+03 2.223626708984375000e+03 3.486717616851819912e-07
2.206943988800048828e+00 2.235605224609375000e+03 2.235605224609375000e+03 3.499927743177977391e-07
2.227352619171142578e+00 2.249513671875000000e+03 2.249513671875000000e+03 3.584425201097474201e-07
2.288577556610107422e+00 2.329501464843750000e+03 2.329501464843750000e+03 3.663862173652887577e-07
2.329395294189453125e+00 2.339040771484375000e+03 2.339039062500000000e+03 1.688610878773033619e-03
2.431439638137817383e+00 2.425912109375000000e+03 2.139462402343750000e+03 2.864496459960937500e+02
2.472257137298583984e+00 2.475609375000000000e+03 2.110917480468750000e+03 3.646918029785156250e+02
2.492664337158203125e+00 2.509869873046875000e+03 2.147416992187500000e+03 3.624526977539062500e+02
2.553890943527221680e+00 2.571816406250000000e+03 2.120306640625000000e+03 4.515097656250000000e+02
2.594708681106567383e+00 2.584691406250000000e+03 2.134004882812500000e+03 4.506865234375000000e+02
2.615117549896240234e+00 2.599876953125000000e+03 2.142066894531250000e+03 4.578104858398437500e+02
2.717159986495971680e+00 2.618175292968750000e+03 2.151487548828125000e+03 4.666875610351562500e+02
2.757977724075317383e+00 2.638442626953125000e+03 2.157837646484375000e+03 4.806048278808593750e+02
2.778386592864990234e+00 2.644181396484375000e+03 2.155772949218750000e+03 4.884081115722656250e+02
2.798795461654663086e+00 2.646071289062500000e+03 2.152883056640625000e+03 4.931883239746093750e+02
2.819204330444335938e+00 2.640877685546875000e+03 2.145789550781250000e+03 4.950885314941406250e+02
2.839613199234008789e+00 2.641687744140625000e+03 2.137111328125000000e+03 5.045765075683593750e+02
2.860022068023681641e+00 2.639579833984375000e+03 2.121024414062500000e+03 5.185557861328125000e+02
2.880430698394775391e+00 2.699396240234375000e+03 2.143395507812500000e+03 5.560005493164062500e+02
2.900839567184448242e+00 2.695657470703125000e+03 2.153073242187500000e+03 5.425844726562500000e+02
2.921248435974121094e+00 2.690617675781250000e+03 2.160976562500000000e+03 5.296410522460937500e+02
3.023291110992431641e+00 2.656727783203125000e+03 2.096748779296875000e+03 5.599791870117187500e+02
3.043699979782104492e+00 2.668542480468750000e+03 2.104712158203125000e+03 5.638304443359375000e+02
3.064108848571777344e+00 2.649966552734375000e+03 2.117256591796875000e+03 5.327100219726562500e+02
3.309013366699218750e+00 2.704603759765625000e+03 2.099458496093750000e+03 6.051445922851562500e+02
3.329421997070312500e+00 2.776052246093750000e+03 2.140515625000000000e+03 6.355378417968750000e+02
3.431464672088623047e+00 2.771556884765625000e+03 2.122208496093750000e+03 6.493482666015625000e+02
3.615144252777099609e+00 2.772098632812500000e+03 2.082588378906250000e+03 6.895098876953125000e+02
3.635553121566772461e+00 2.759349609375000000e+03 2.084725097656250000e+03 6.746248168945312500e+02
3.860048770904541016e+00 2.818277343750000000e+03 2.120384765625000000e+03 6.978924560546875000e+02
3.900864839553833008e+00 2.806808837890625000e+03 2.114154785156250000e+03 6.926534423828125000e+02
3.921273708343505859e+00 2.803788818359375000e+03 2.112918945312500000e+03 6.908699340820312500e+02
4.023317813873291016e+00 2.852009521484375000e+03 2.145605224609375000e+03 7.064044799804687500e+02
4.043726921081542969e+00 2.871594238281250000e+03 2.160232421875000000e+03 7.113614501953125000e+02
4.145769119262695312e+00 2.866901611328125000e+03 2.168269042968750000e+03 6.986330566406250000e+02
4.288630962371826172e+00 2.854054443359375000e+03 2.164140869140625000e+03 6.899141235351562500e+02
4.390673637390136719e+00 2.875547851562500000e+03 2.178726562500000000e+03 6.968212280273437500e+02
4.411082744598388672e+00 2.873308105468750000e+03 2.171902343750000000e+03 7.014055786132812500e+02
4.431491374969482422e+00 2.887785400390625000e+03 2.186749267578125000e+03 7.010365600585937500e+02
4.451900482177734375e+00 2.895052246093750000e+03 2.193931640625000000e+03 7.011203002929687500e+02
4.472309112548828125e+00 2.899353515625000000e+03 2.200513671875000000e+03 6.988398437500000000e+02
4.492718219757080078e+00 2.901076171875000000e+03 2.203305419921875000e+03 6.977706909179687500e+02
4.615169525146484375e+00 2.884296875000000000e+03 2.199829589843750000e+03 6.844677124023437500e+02
4.778439998626708984e+00 2.898822021484375000e+03 2.212838134765625000e+03 6.859839477539062500e+02
4.941709518432617188e+00 2.934035156250000000e+03 2.242427246093750000e+03 6.916082763671875000e+02
4.982526779174804688e+00 2.938912109375000000e+03 2.247599365234375000e+03 6.913123168945312500e+02
5.002935886383056641e+00 2.940000244140625000e+03 2.248958007812500000e+03 6.910421142578125000e+02
5.023344516754150391e+00 2.936453125000000000e+03 2.248875244140625000e+03 6.875780639648437500e+02
5.043751716613769531e+00 2.946421386718750000e+03 2.255913818359375000e+03 6.905080566406250000e+02
5.084569454193115234e+00 2.953202148437500000e+03 2.261815673828125000e+03 6.913869628906250000e+02
5.104978561401367188e+00 2.953512207031250000e+03 2.264965576171875000e+03 6.885467529296875000e+02
5.125387191772460938e+00 2.958464111328125000e+03 2.269491699218750000e+03 6.889714355468750000e+02
5.145796298980712891e+00 2.958926757812500000e+03 2.270725830078125000e+03 6.882008666992187500e+02
5.166204929351806641e+00 2.966153076171875000e+03 2.279826904296875000e+03 6.863270874023437500e+02
5.186613559722900391e+00 2.951316162109375000e+03 2.270394531250000000e+03 6.809215698242187500e+02
5.207022666931152344e+00 2.953932617187500000e+03 2.273449218750000000e+03 6.804841918945312500e+02
5.227431297302246094e+00 2.957490722656250000e+03 2.276479980468750000e+03 6.810104370117187500e+02
5.288656234741210938e+00 2.979271972656250000e+03 2.294938476562500000e+03 6.843332519531250000e+02
5.309065341949462891e+00 2.983232666015625000e+03 2.299192626953125000e+03 6.840404052734375000e+02
5.329473972320556641e+00 2.984425292968750000e+03 2.300719238281250000e+03 6.837059936523437500e+02
5.349883079528808594e+00 2.983423828125000000e+03 2.300891845703125000e+03 6.825322265625000000e+02
5.370291709899902344e+00 2.985858398437500000e+03 2.305520751953125000e+03 6.803377075195312500e+02
5.390700340270996094e+00 2.986313476562500000e+03 2.307006103515625000e+03 6.793074951171875000e+02
5.492744922637939453e+00 2.995288818359375000e+03 2.318625732421875000e+03 6.766633300781250000e+02
5.594787597656250000e+00 3.010901855468750000e+03 2.336239990234375000e+03 6.746621093750000000e+02
5.615196228027343750e+00 3.011189697265625000e+03 2.336701660156250000e+03 6.744877929687500000e+02
5.656013965606689453e+00 3.015093017578125000e+03 2.340577636718750000e+03 6.745147094726562500e+02
5.676422595977783203e+00 3.016062255859375000e+03 2.343971191406250000e+03 6.720908813476562500e+02
5.696831703186035156e+00 3.018254150390625000e+03 2.346499267578125000e+03 6.717550048828125000e+02
5.798874378204345703e+00 3.022929199218750000e+03 2.353921142578125000e+03 6.690073852539062500e+02
5.819283008575439453e+00 3.019675537109375000e+03 2.352248046875000000e+03 6.674282226562500000e+02
5.839691638946533203e+00 3.021929443359375000e+03 2.355505126953125000e+03 6.664251098632812500e+02
5.880509376525878906e+00 3.022907958984375000e+03 2.360323974609375000e+03 6.625835571289062500e+02
5.900918483734130859e+00 3.023930419921875000e+03 2.361897216796875000e+03 6.620332031250000000e+02
5.921327114105224609e+00 3.025161865234375000e+03 2.363863769531250000e+03 6.612986450195312500e+02
5.962143421173095703e+00 3.021323242187500000e+03 2.363340332031250000e+03 6.579836425781250000e+02
5.982552051544189453e+00 3.024137695312500000e+03 2.365681884765625000e+03 6.584557495117187500e+02
6.002961158752441406e+00 3.028590332031250000e+03 2.368805175781250000e+03 6.597854003906250000e+02
6.023369789123535156e+00 3.028184082031250000e+03 2.370714843750000000e+03 6.574686279296875000e+02
6.105005264282226562e+00 3.039884277343750000e+03 2.382147460937500000e+03 6.577379150390625000e+02
6.125413894653320312e+00 3.042784912109375000e+03 2.384371826171875000e+03 6.584128417968750000e+02
6.145823001861572266e+00 3.046709472656250000e+03 2.388139404296875000e+03 6.585706176757812500e+02
6.166231632232666016e+00 3.084998291015625000e+03 2.428763916015625000e+03 6.562344970703125000e+02
6.186640739440917969e+00 3.046312255859375000e+03 2.390182617187500000e+03 6.561293945312500000e+02
6.207047939300537109e+00 3.054473632812500000e+03 2.395437255859375000e+03 6.590366210937500000e+02
6.227456569671630859e+00 3.053251464843750000e+03 2.397197509765625000e+03 6.560538940429687500e+02
6.288682937622070312e+00 3.058850585937500000e+03 2.404312011718750000e+03 6.545388183593750000e+02
6.309092044830322266e+00 3.061270996093750000e+03 2.407158691406250000e+03 6.541125488281250000e+02
6.329500675201416016e+00 3.062093994140625000e+03 2.408474121093750000e+03 6.536196289062500000e+02
6.349909782409667969e+00 3.060557617187500000e+03 2.409027343750000000e+03 6.515315551757812500e+02
6.451952457427978516e+00 3.067348388671875000e+03 2.418790527343750000e+03 6.485573120117187500e+02
6.513178825378417969e+00 3.067460693359375000e+03 2.420311035156250000e+03 6.471486816406250000e+02
6.533587455749511719e+00 3.068436767578125000e+03 2.421544189453125000e+03 6.468928222656250000e+02
6.594814300537109375e+00 3.072258544921875000e+03 2.427376708984375000e+03 6.448813476562500000e+02
6.635632038116455078e+00 3.070801757812500000e+03 2.427597412109375000e+03 6.432048339843750000e+02
6.656040668487548828e+00 3.071280761718750000e+03 2.428785644531250000e+03 6.424951171875000000e+02
6.676447868347167969e+00 3.063327392578125000e+03 2.422796142578125000e+03 6.405312500000000000e+02
6.696856975555419922e+00 3.081141601562500000e+03 2.432928466796875000e+03 6.482132568359375000e+02
6.717265605926513672e+00 3.074545410156250000e+03 2.435515136718750000e+03 6.390305175781250000e+02
6.778491973876953125e+00 3.080196533203125000e+03 2.441769531250000000e+03 6.384265136718750000e+02
6.798901081085205078e+00 3.129786132812500000e+03 2.467889648437500000e+03 6.618969116210937500e+02
6.941761016845703125e+00 3.098928955078125000e+03 2.460208007812500000e+03 6.387213134765625000e+02
6.962170124053955078e+00 3.090467529296875000e+03 2.458841552734375000e+03 6.316260375976562500e+02
6.982578754425048828e+00 3.083019775390625000e+03 2.453368896484375000e+03 6.296509399414062500e+02
7.002987861633300781e+00 3.092300537109375000e+03 2.462285644531250000e+03 6.300142211914062500e+02
7.023396492004394531e+00 3.093387207031250000e+03 2.464674316406250000e+03 6.287131958007812500e+02
7.043805599212646484e+00 3.095251220703125000e+03 2.467389160156250000e+03 6.278623046875000000e+02
7.064214229583740234e+00 3.095821044921875000e+03 2.469071777343750000e+03 6.267491455078125000e+02
7.105031967163085938e+00 3.095994384765625000e+03 2.470385986328125000e+03 6.256088256835937500e+02
7.125439167022705078e+00 3.096510498046875000e+03 2.471038330078125000e+03 6.254727783203125000e+02
7.145847797393798828e+00 3.089351562500000000e+03 2.465655761718750000e+03 6.236956176757812500e+02
7.166256904602050781e+00 3.081862304687500000e+03 2.459969970703125000e+03 6.218927612304687500e+02
7.186665534973144531e+00 3.099283447265625000e+03 2.474968994140625000e+03 6.243145751953125000e+02
7.207074642181396484e+00 3.100282470703125000e+03 2.476264648437500000e+03 6.240183105468750000e+02
7.227483272552490234e+00 3.099014160156250000e+03 2.476558837890625000e+03 6.224558715820312500e+02
7.247892379760742188e+00 3.098939941406250000e+03 2.477512451171875000e+03 6.214280395507812500e+02
7.268301010131835938e+00 3.151136718750000000e+03 2.531488037109375000e+03 6.196488037109375000e+02
7.288710117340087891e+00 3.100099609375000000e+03 2.479731689453125000e+03 6.203679199218750000e+02
7.309118747711181641e+00 3.101245117187500000e+03 2.482305664062500000e+03 6.189393920898437500e+02
7.329527378082275391e+00 3.103174072265625000e+03 2.484865722656250000e+03 6.183090209960937500e+02
7.349936485290527344e+00 3.102266357421875000e+03 2.484479980468750000e+03 6.177869262695312500e+02
7.370343685150146484e+00 3.102628417968750000e+03 2.485720947265625000e+03 6.169077148437500000e+02
7.390752315521240234e+00 3.103170654296875000e+03 2.486954589843750000e+03 6.162160034179687500e+02
7.411161422729492188e+00 3.120480957031250000e+03 2.505947021484375000e+03 6.145338134765625000e+02
7.431570053100585938e+00 3.105127929687500000e+03 2.491333984375000000e+03 6.137937622070312500e+02
7.492796897888183594e+00 3.106903564453125000e+03 2.493979980468750000e+03 6.129232177734375000e+02
7.513205528259277344e+00 3.112962890625000000e+03 2.501862304687500000e+03 6.111007080078125000e+02
7.533614635467529297e+00 3.107296142578125000e+03 2.495720214843750000e+03 6.115766601562500000e+02
7.554023265838623047e+00 3.107041748046875000e+03 2.495949707031250000e+03 6.110917968750000000e+02
7.574431896209716797e+00 3.107029785156250000e+03 2.496493408203125000e+03 6.105360107421875000e+02
7.594839096069335938e+00 3.107384277343750000e+03 2.498295898437500000e+03 6.090880126953125000e+02
7.615248203277587891e+00 3.106834716796875000e+03 2.498202148437500000e+03 6.086328125000000000e+02
7.635656833648681641e+00 3.100248046875000000e+03 2.493405761718750000e+03 6.068425903320312500e+02
7.656065940856933594e+00 3.108261230468750000e+03 2.502393310546875000e+03 6.058679809570312500e+02
7.676474571228027344e+00 3.108213623046875000e+03 2.503224609375000000e+03 6.049890136718750000e+02
7.696883678436279297e+00 3.107126953125000000e+03 2.504051757812500000e+03 6.030753173828125000e+02
7.717292308807373047e+00 3.110785156250000000e+03 2.507666259765625000e+03 6.031191406250000000e+02
7.737701416015625000e+00 3.111594726562500000e+03 2.509405761718750000e+03 6.021889038085937500e+02
7.758110046386718750e+00 3.112223876953125000e+03 2.510826904296875000e+03 6.013968505859375000e+02
7.778518676757812500e+00 3.114347900390625000e+03 2.513164306640625000e+03 6.011837768554687500e+02
7.798927783966064453e+00 3.114678710937500000e+03 2.514875244140625000e+03 5.998027343750000000e+02
7.819334983825683594e+00 3.114791503906250000e+03 2.515659423828125000e+03 5.991317749023437500e+02
7.839743614196777344e+00 3.115546142578125000e+03 2.517355468750000000e+03 5.981904296875000000e+02
7.860152721405029297e+00 3.116223876953125000e+03 2.518737304687500000e+03 5.974854125976562500e+02
7.880561351776123047e+00 3.117527099609375000e+03 2.520720458984375000e+03 5.968060302734375000e+02
7.900970458984375000e+00 3.118093017578125000e+03 2.521783935546875000e+03 5.963091430664062500e+02
7.962196826934814453e+00 3.118568847656250000e+03 2.522235839843750000e+03 5.963322753906250000e+02
7.982605457305908203e+00 3.120381835937500000e+03 2.522984619140625000e+03 5.973970336914062500e+02
8.003014564514160156e+00 3.182166992187500000e+03 2.579965576171875000e+03 6.022005004882812500e+02
8.023423194885253906e+00 3.169447998046875000e+03 2.549832031250000000e+03 6.196154785156250000e+02
8.043831825256347656e+00 3.133927734375000000e+03 2.532351074218750000e+03 6.015777587890625000e+02
8.064239501953125000e+00 3.121470703125000000e+03 2.527427246093750000e+03 5.940430908203125000e+02
8.084648132324218750e+00 3.121410156250000000e+03 2.527857177734375000e+03 5.935534057617187500e+02
8.145874977111816406e+00 3.123542480468750000e+03 2.531780029296875000e+03 5.917628784179687500e+02
8.166283607482910156e+00 3.123327392578125000e+03 2.532781250000000000e+03 5.905457763671875000e+02
8.186692237854003906e+00 3.122710449218750000e+03 2.532900390625000000e+03 5.898104858398437500e+02
8.207100868225097656e+00 3.123276123046875000e+03 2.533018554687500000e+03 5.902578735351562500e+02
8.349961280822753906e+00 3.124798583984375000e+03 2.539279785156250000e+03 5.855187988281250000e+02
8.390779495239257812e+00 3.124509033203125000e+03 2.542333740234375000e+03 5.821759643554687500e+02
8.411188125610351562e+00 3.252304931640625000e+03 2.672208984375000000e+03 5.800957641601562500e+02
8.452005386352539062e+00 3.123201904296875000e+03 2.545443115234375000e+03 5.777586669921875000e+02
8.472414970397949219e+00 3.123099121093750000e+03 2.545809814453125000e+03 5.772893066406250000e+02
8.574457168579101562e+00 3.123188720703125000e+03 2.547619873046875000e+03 5.755687866210937500e+02
8.594865798950195312e+00 3.123068359375000000e+03 2.548533691406250000e+03 5.745352783203125000e+02
8.615275382995605469e+00 3.123403320312500000e+03 2.548609375000000000e+03 5.747943725585937500e+02
8.635684013366699219e+00 3.122098632812500000e+03 2.548685058593750000e+03 5.734133300781250000e+02
8.656092643737792969e+00 3.122268066406250000e+03 2.549313232421875000e+03 5.729551391601562500e+02
8.676501274108886719e+00 3.121665039062500000e+03 2.549110839843750000e+03 5.725542602539062500e+02
8.696909904479980469e+00 3.121549804687500000e+03 2.549735107421875000e+03 5.718150024414062500e+02
8.717319488525390625e+00 3.121688964843750000e+03 2.550356689453125000e+03 5.713325805664062500e+02
8.737728118896484375e+00 3.201390380859375000e+03 2.631523681640625000e+03 5.698668212890625000e+02
8.758134841918945312e+00 3.120588867187500000e+03 2.551044433593750000e+03 5.695447387695312500e+02
8.778544425964355469e+00 3.120822021484375000e+03 2.551931396484375000e+03 5.688905639648437500e+02
8.798953056335449219e+00 3.120853515625000000e+03 2.552813720703125000e+03 5.680393676757812500e+02
8.880588531494140625e+00 3.120676025390625000e+03 2.555764160156250000e+03 5.649117431640625000e+02
8.941814422607421875e+00 3.119308349609375000e+03 2.557808349609375000e+03 5.614995727539062500e+02
8.982630729675292969e+00 3.121000488281250000e+03 2.560577148437500000e+03 5.604232788085937500e+02
9.003039360046386719e+00 3.115771972656250000e+03 2.557165527343750000e+03 5.586069946289062500e+02
9.043857574462890625e+00 3.127980712890625000e+03 2.571829833984375000e+03 5.561506347656250000e+02
9.064266204833984375e+00 3.119680664062500000e+03 2.564190185546875000e+03 5.554904174804687500e+02
9.207128524780273438e+00 3.121049560546875000e+03 2.568344238281250000e+03 5.527058715820312500e+02
9.227535247802734375e+00 3.120459228515625000e+03 2.569669189453125000e+03 5.507904052734375000e+02
9.247943878173828125e+00 3.119168212890625000e+03 2.569434082031250000e+03 5.497340087890625000e+02
9.268353462219238281e+00 3.117476562500000000e+03 2.568425537109375000e+03 5.490507202148437500e+02
9.288762092590332031e+00 3.117231933593750000e+03 2.568709716796875000e+03 5.485219726562500000e+02
9.329579353332519531e+00 3.113615234375000000e+03 2.565939208984375000e+03 5.476762695312500000e+02
9.452031135559082031e+00 3.117407470703125000e+03 2.573220458984375000e+03 5.441873779296875000e+02
9.472439765930175781e+00 3.101547363281250000e+03 2.560094482421875000e+03 5.414530029296875000e+02
9.492848396301269531e+00 3.101812744140625000e+03 2.559634277343750000e+03 5.421790161132812500e+02
9.513257980346679688e+00 3.101913330078125000e+03 2.561691894531250000e+03 5.402216796875000000e+02
9.533666610717773438e+00 3.105783447265625000e+03 2.566252197265625000e+03 5.395307617187500000e+02
9.554075241088867188e+00 3.108305419921875000e+03 2.568287353515625000e+03 5.400175781250000000e+02
9.574483871459960938e+00 3.109417724609375000e+03 2.570313964843750000e+03 5.391034545898437500e+02
9.594892501831054688e+00 3.111014892578125000e+03 2.572331298828125000e+03 5.386842041015625000e+02
9.615302085876464844e+00 3.109444580078125000e+03 2.571851318359375000e+03 5.375929565429687500e+02
9.635710716247558594e+00 3.108207275390625000e+03 2.571372314453125000e+03 5.368350830078125000e+02
9.656119346618652344e+00 3.108851318359375000e+03 2.573375244140625000e+03 5.354762573242187500e+02
9.676527023315429688e+00 3.107804199218750000e+03 2.572896240234375000e+03 5.349088134765625000e+02
9.696935653686523438e+00 3.108988525390625000e+03 2.574887207031250000e+03 5.341019287109375000e+02
9.717344284057617188e+00 3.108376953125000000e+03 2.574406494140625000e+03 5.339707641601562500e+02
9.737752914428710938e+00 3.109608642578125000e+03 2.576385986328125000e+03 5.332232666015625000e+02
9.758161544799804688e+00 3.107656982421875000e+03 2.575904052734375000e+03 5.317532958984375000e+02
9.778571128845214844e+00 3.106385009765625000e+03 2.575423828125000000e+03 5.309611816406250000e+02
9.798979759216308594e+00 3.108274169921875000e+03 2.577389160156250000e+03 5.308848876953125000e+02
9.819388389587402344e+00 3.106649414062500000e+03 2.576908203125000000e+03 5.297410278320312500e+02
9.839797019958496094e+00 3.107808593750000000e+03 2.578862060546875000e+03 5.289469604492187500e+02
9.860206604003906250e+00 3.106874755859375000e+03 2.578379882812500000e+03 5.284953002929687500e+02
9.880615234375000000e+00 3.105631835937500000e+03 2.577899902343750000e+03 5.277315063476562500e+02
9.901023864746093750e+00 3.106764648437500000e+03 2.579839355468750000e+03 5.269252319335937500e+02
9.921431541442871094e+00 3.105620117187500000e+03 2.579359130859375000e+03 5.262603759765625000e+02
9.941840171813964844e+00 3.104362304687500000e+03 2.578879882812500000e+03 5.254830322265625000e+02
9.962248802185058594e+00 3.103418701171875000e+03 2.578402587890625000e+03 5.250164794921875000e+02
9.982657432556152344e+00 3.102132812500000000e+03 2.577927490234375000e+03 5.242055053710937500e+02
1.000306606292724609e+01 3.103113037109375000e+03 2.579847412109375000e+03 5.232663574218750000e+02
1.002347564697265625e+01 3.101949218750000000e+03 2.579371093750000000e+03 5.225777587890625000e+02
1.004388427734375000e+01 3.100975830078125000e+03 2.578896728515625000e+03 5.220792846679687500e+02
1.006429290771484375e+01 3.099780761718750000e+03 2.578424560546875000e+03 5.213565063476562500e+02
1.008470153808593750e+01 3.100813720703125000e+03 2.580327636718750000e+03 5.204857788085937500e+02
1.010511112213134766e+01 3.099663085937500000e+03 2.579854492187500000e+03 5.198082275390625000e+02
1.012551975250244141e+01 3.098764404296875000e+03 2.579382812500000000e+03 5.193820800781250000e+02
1.014592647552490234e+01 3.097647460937500000e+03 2.578914062500000000e+03 5.187332763671875000e+02
1.016633605957031250e+01 3.096568359375000000e+03 2.578446289062500000e+03 5.181222534179687500e+02
1.018674468994140625e+01 3.095208251953125000e+03 2.577980224609375000e+03 5.172280273437500000e+02
1.020715332031250000e+01 3.094343017578125000e+03 2.577516601562500000e+03 5.168264770507812500e+02
1.022756195068359375e+01 3.095599365234375000e+03 2.579395019531250000e+03 5.162045898437500000e+02
1.024797058105468750e+01 3.094489257812500000e+03 2.578930419921875000e+03 5.155589599609375000e+02
1.026838016510009766e+01 3.093428955078125000e+03 2.578467041015625000e+03 5.149623413085937500e+02
1.030919742584228516e+01 3.091538085937500000e+03 2.577546630859375000e+03 5.139915771484375000e+02
1.032960605621337891e+01 3.090340576171875000e+03 2.577088867187500000e+03 5.132520141601562500e+02
1.035001564025878906e+01 3.091150146484375000e+03 2.576633300781250000e+03 5.145169677734375000e+02
1.037042236328125000e+01 3.090421142578125000e+03 2.578488037109375000e+03 5.119328918457031250e+02
1.039083099365234375e+01 3.089607910156250000e+03 2.578031494140625000e+03 5.115762023925781250e+02
1.041123962402343750e+01 3.085768798828125000e+03 2.575277099609375000e+03 5.104917297363281250e+02
1.043164920806884766e+01 3.088443115234375000e+03 2.577123535156250000e+03 5.113197631835937500e+02
1.045205783843994141e+01 3.087518310546875000e+03 2.576671875000000000e+03 5.108461303710937500e+02
1.047246646881103516e+01 3.086091796875000000e+03 2.576222167968750000e+03 5.098694763183593750e+02
1.049287509918212891e+01 3.087444824218750000e+03 2.578055664062500000e+03 5.093887023925781250e+02
1.051328468322753906e+01 3.084467529296875000e+03 2.575328369140625000e+03 5.091387329101562500e+02
1.053369331359863281e+01 3.094235839843750000e+03 2.586247070312500000e+03 5.079889526367187500e+02
1.055410194396972656e+01 3.085455566406250000e+03 2.578977783203125000e+03 5.064781188964843750e+02
1.057451057434082031e+01 3.084240966796875000e+03 2.578527832031250000e+03 5.057127990722656250e+02
1.059491920471191406e+01 3.083008789062500000e+03 2.578079833984375000e+03 5.049289855957031250e+02
1.061532688140869141e+01 3.082679199218750000e+03 2.577634277343750000e+03 5.050439453125000000e+02
1.063573551177978516e+01 3.081599853515625000e+03 2.577189453125000000e+03 5.044105224609375000e+02
1.065614414215087891e+01 3.082827880859375000e+03 2.578993164062500000e+03 5.038340759277343750e+02
1.067655372619628906e+01 3.081728515625000000e+03 2.571820800781250000e+03 5.099077453613281250e+02
1.069696235656738281e+01 3.080979248046875000e+03 2.578104003906250000e+03 5.028748168945312500e+02
1.071737098693847656e+01 3.079919921875000000e+03 2.577661621093750000e+03 5.022576599121093750e+02
1.073777961730957031e+01 3.078676757812500000e+03 2.577221435546875000e+03 5.014553527832031250e+02
1.075818920135498047e+01 3.077866455078125000e+03 2.576782714843750000e+03 5.010839538574218750e+02
1.077859783172607422e+01 3.076835205078125000e+03 2.576345947265625000e+03 5.004889526367187500e+02
1.079900646209716797e+01 3.078016357421875000e+03 2.578126953125000000e+03 4.998891296386718750e+02
1.081941509246826172e+01 3.076760742187500000e+03 2.577689208984375000e+03 4.990713806152343750e+02
1.083982276916503906e+01 3.075954345703125000e+03 2.577253173828125000e+03 4.987010192871093750e+02
1.086023139953613281e+01 3.074915283203125000e+03 2.576818359375000000e+03 4.980970458984375000e+02
1.088064002990722656e+01 3.073947021484375000e+03 2.576385498046875000e+03 4.975608215332031250e+02
1.090104866027832031e+01 3.075152099609375000e+03 2.578150146484375000e+03 4.970015563964843750e+02
1.092145824432373047e+01 3.074144775390625000e+03 2.577716308593750000e+03 4.964277954101562500e+02
1.094186687469482422e+01 3.073136474609375000e+03 2.577283935546875000e+03 4.958523864746093750e+02
1.096227550506591797e+01 3.072114501953125000e+03 2.576853027343750000e+03 4.952615966796875000e+02
1.098268413543701172e+01 3.071120117187500000e+03 2.576424316406250000e+03 4.946963806152343750e+02
1.100309371948242188e+01 3.069884277343750000e+03 2.575996826171875000e+03 4.938871459960937500e+02
1.102350234985351562e+01 3.071344726562500000e+03 2.577742431640625000e+03 4.936019287109375000e+02
1.104391098022460938e+01 3.070347900390625000e+03 2.577313964843750000e+03 4.930338134765625000e+02
1.106431770324707031e+01 3.069330566406250000e+03 2.576887695312500000e+03 4.924426269531250000e+02
1.108472728729248047e+01 3.068368652343750000e+03 2.576462646484375000e+03 4.919063415527343750e+02
1.110513591766357422e+01 3.067344726562500000e+03 2.576038818359375000e+03 4.913061218261718750e+02
1.112554454803466797e+01 3.066317626953125000e+03 2.575616943359375000e+03 4.907004394531250000e+02
1.114595317840576172e+01 3.065400878906250000e+03 2.575196533203125000e+03 4.902045288085937500e+02
1.116636276245117188e+01 3.064666259765625000e+03 2.574777343750000000e+03 4.898883972167968750e+02
1.118677139282226562e+01 3.065635986328125000e+03 2.576499755859375000e+03 4.891358032226562500e+02
1.120718002319335938e+01 3.066769287109375000e+03 2.578216064453125000e+03 4.885529479980468750e+02
1.122758865356445312e+01 3.065978515625000000e+03 2.577793945312500000e+03 4.881844482421875000e+02
1.124799728393554688e+01 3.065031250000000000e+03 2.577373291015625000e+03 4.876573791503906250e+02
1.126840686798095703e+01 3.064047851562500000e+03 2.576954101562500000e+03 4.870932006835937500e+02
1.128881549835205078e+01 3.063239746093750000e+03 2.576536621093750000e+03 4.867033386230468750e+02
1.130922222137451172e+01 3.062303466796875000e+03 2.576120849609375000e+03 4.861830139160156250e+02
1.132963180541992188e+01 3.061063720703125000e+03 2.575706054687500000e+03 4.853576049804687500e+02
1.135004043579101562e+01 3.060588378906250000e+03 2.575293212890625000e+03 4.852947082519531250e+02
1.137044906616210938e+01 3.059406738281250000e+03 2.574881591796875000e+03 4.845249938964843750e+02
1.139085769653320312e+01 3.058482421875000000e+03 2.574471191406250000e+03 4.840113220214843750e+02
1.141126728057861328e+01 3.057708251953125000e+03 2.574062255859375000e+03 4.836467895507812500e+02
1.143167591094970703e+01 3.056744384765625000e+03 2.573655517578125000e+03 4.830883789062500000e+02
1.145208454132080078e+01 3.055769775390625000e+03 2.573249755859375000e+03 4.825198974609375000e+02
1.147249317169189453e+01 3.055037353515625000e+03 2.572845214843750000e+03 4.821923522949218750e+02
1.149290180206298828e+01 3.054131835937500000e+03 2.572442382812500000e+03 4.816896362304687500e+02
1.161535358428955078e+01 3.045775390625000000e+03 2.567994140625000000e+03 4.777801513671875000e+02
1.163576221466064453e+01 3.047192382812500000e+03 2.567604492187500000e+03 4.795877075195312500e+02
1.165617179870605469e+01 3.044042968750000000e+03 2.565162841796875000e+03 4.788801269531250000e+02
1.173780632019042969e+01 3.042354248046875000e+03 2.563638183593750000e+03 4.787161865234375000e+02
1.179903125762939453e+01 3.039480712890625000e+03 2.562509033203125000e+03 4.769718017578125000e+02
1.181944084167480469e+01 3.044328369140625000e+03 2.558084228515625000e+03 4.862448120117187500e+02
1.183984947204589844e+01 3.036487548828125000e+03 2.561762451171875000e+03 4.747256164550781250e+02
1.188066673278808594e+01 3.036906738281250000e+03 2.563035888671875000e+03 4.738711547851562500e+02
1.202352714538574219e+01 3.017257324218750000e+03 2.548510986328125000e+03 4.687463684082031250e+02
1.204393577575683594e+01 3.046897705078125000e+03 2.564068603515625000e+03 4.828290405273437500e+02
1.206434535980224609e+01 3.031049560546875000e+03 2.557746826171875000e+03 4.733026733398437500e+02
1.214597988128662109e+01 3.017372802734375000e+03 2.548439697265625000e+03 4.689327697753906250e+02
1.216638946533203125e+01 3.022176757812500000e+03 2.554002929687500000e+03 4.681737060546875000e+02
1.218679809570312500e+01 3.033600097656250000e+03 2.561511718750000000e+03 4.720881958007812500e+02
1.220720672607421875e+01 3.024268310546875000e+03 2.557229248046875000e+03 4.670390319824218750e+02
1.222761440277099609e+01 3.020778564453125000e+03 2.554919189453125000e+03 4.658587951660156250e+02
1.224802303314208984e+01 3.021928955078125000e+03 2.556525634765625000e+03 4.654029541015625000e+02
1.226843166351318359e+01 3.019947265625000000e+03 2.554224121093750000e+03 4.657229309082031250e+02
1.228884029388427734e+01 3.019172119140625000e+03 2.553878173828125000e+03 4.652939147949218750e+02
1.232965850830078125e+01 3.018914062500000000e+03 2.555131835937500000e+03 4.637822570800781250e+02
1.235006713867187500e+01 3.017977050781250000e+03 2.554785888671875000e+03 4.631912841796875000e+02
1.239088439941406250e+01 3.015900146484375000e+03 2.554097656250000000e+03 4.618019714355468750e+02
1.245211124420166016e+01 3.013182617187500000e+03 2.553074462890625000e+03 4.601082153320312500e+02
1.247251892089843750e+01 3.013179443359375000e+03 2.552736083984375000e+03 4.604431457519531250e+02
1.251333618164062500e+01 3.010596679687500000e+03 2.552061035156250000e+03 4.585352172851562500e+02
1.253374481201171875e+01 3.007868408203125000e+03 2.549815917968750000e+03 4.580525207519531250e+02
1.255415344238281250e+01 3.007572509765625000e+03 2.549484375000000000e+03 4.580873413085937500e+02
1.257456302642822266e+01 3.007100585937500000e+03 2.549154052734375000e+03 4.579461059570312500e+02
1.259497165679931641e+01 3.007922119140625000e+03 2.550725341796875000e+03 4.571964416503906250e+02
1.265619850158691406e+01 3.004328857421875000e+03 2.549735107421875000e+03 4.545935974121093750e+02
1.271742343902587891e+01 3.003062988281250000e+03 2.550636474609375000e+03 4.524268493652343750e+02
1.273783206939697266e+01 3.000539306640625000e+03 2.548429199218750000e+03 4.521098937988281250e+02
1.275824069976806641e+01 2.999592773437500000e+03 2.548105224609375000e+03 4.514877319335937500e+02
1.279905796051025391e+01 3.002851562500000000e+03 2.545590332031250000e+03 4.572614746093750000e+02
1.290110301971435547e+01 2.993534912109375000e+03 2.544011230468750000e+03 4.495242309570312500e+02
1.292150974273681641e+01 2.992671142578125000e+03 2.543698730468750000e+03 4.489727783203125000e+02
1.296232795715332031e+01 2.991609130859375000e+03 2.543075927734375000e+03 4.485335388183593750e+02
1.302355384826660156e+01 2.989456787109375000e+03 2.542149414062500000e+03 4.473073730468750000e+02
1.304396247863769531e+01 2.983101562500000000e+03 2.536336669921875000e+03 4.467646789550781250e+02
1.308478069305419922e+01 2.987512451171875000e+03 2.541231201171875000e+03 4.462807617187500000e+02
1.310518932342529297e+01 2.986841796875000000e+03 2.540927246093750000e+03 4.459146728515625000e+02
1.316641426086425781e+01 2.984726074218750000e+03 2.540020996093750000e+03 4.447055053710937500e+02
1.318682289123535156e+01 2.983560791015625000e+03 2.539720214843750000e+03 4.438406066894531250e+02
1.328886699676513672e+01 2.979911621093750000e+03 2.538232421875000000e+03 4.416791076660156250e+02
1.330927658081054688e+01 2.977152832031250000e+03 2.536139160156250000e+03 4.410137329101562500e+02
1.332968521118164062e+01 2.977129638671875000e+03 2.535847900390625000e+03 4.412818908691406250e+02
1.335009384155273438e+01 2.976545898437500000e+03 2.537350830078125000e+03 4.391948852539062500e+02
1.337050247192382812e+01 2.973647949218750000e+03 2.535268310546875000e+03 4.383801269531250000e+02
1.339091014862060547e+01 2.973578857421875000e+03 2.534979980468750000e+03 4.385983581542968750e+02
1.347254562377929688e+01 2.970374511718750000e+03 2.533834716796875000e+03 4.365399169921875000e+02
1.349295425415039062e+01 2.968157226562500000e+03 2.531776367187500000e+03 4.363812255859375000e+02
1.351336288452148438e+01 2.965085449218750000e+03 2.529724121093750000e+03 4.353619384765625000e+02
1.353377151489257812e+01 2.968266601562500000e+03 2.532984619140625000e+03 4.352818298339843750e+02
1.355418109893798828e+01 2.965526367187500000e+03 2.530937011718750000e+03 4.345890502929687500e+02
1.357458972930908203e+01 2.965892333984375000e+03 2.530658691406250000e+03 4.352337341308593750e+02
1.359499835968017578e+01 2.971071044921875000e+03 2.530381347656250000e+03 4.406890258789062500e+02
1.361540508270263672e+01 2.899875488281250000e+03 2.465050781250000000e+03 4.348249206542968750e+02
1.363581562042236328e+01 2.965605957031250000e+03 2.531585449218750000e+03 4.340203857421875000e+02
1.365622234344482422e+01 2.965148681640625000e+03 2.531308105468750000e+03 4.338406372070312500e+02
1.367663288116455078e+01 2.962355468750000000e+03 2.529281005859375000e+03 4.330750122070312500e+02
1.369704055786132812e+01 2.961586425781250000e+03 2.529007812500000000e+03 4.325783996582031250e+02
1.371745109558105469e+01 2.962239501953125000e+03 2.530480224609375000e+03 4.317597045898437500e+02
1.373785781860351562e+01 2.959453613281250000e+03 2.528464111328125000e+03 4.309901123046875000e+02
1.375826835632324219e+01 2.958602539062500000e+03 2.528193115234375000e+03 4.304091491699218750e+02
1.377867507934570312e+01 2.958061767578125000e+03 2.527923583984375000e+03 4.301387939453125000e+02
1.379908561706542969e+01 2.957288818359375000e+03 2.527654052734375000e+03 4.296346130371093750e+02
1.381949329376220703e+01 2.954674072265625000e+03 2.525653808593750000e+03 4.290202026367187500e+02
1.383990383148193359e+01 2.955734375000000000e+03 2.527118408203125000e+03 4.286152038574218750e+02
1.386031055450439453e+01 2.953559082031250000e+03 2.525124511718750000e+03 4.284343566894531250e+02
1.388071823120117188e+01 2.954460449218750000e+03 2.526585937500000000e+03 4.278741149902343750e+02
1.390112876892089844e+01 2.953624755859375000e+03 2.526320556640625000e+03 4.273038635253906250e+02
1.392153549194335938e+01 2.951459716796875000e+03 2.524336914062500000e+03 4.271224975585937500e+02
1.394194602966308594e+01 2.950830078125000000e+03 2.524075439453125000e+03 4.267543334960937500e+02
1.396235370635986328e+01 2.951927734375000000e+03 2.525530029296875000e+03 4.263984069824218750e+02
1.398276424407958984e+01 2.949414306640625000e+03 2.523555419921875000e+03 4.258588867187500000e+02
1.400317096710205078e+01 2.948800537109375000e+03 2.523296875000000000e+03 4.255036926269531250e+02
1.402358150482177734e+01 2.946289550781250000e+03 2.521331298828125000e+03 4.249581604003906250e+02
1.404398918151855469e+01 2.947393066406250000e+03 2.522781738281250000e+03 4.246104736328125000e+02
1.406439971923828125e+01 2.946814208984375000e+03 2.522524414062500000e+03 4.242901306152343750e+02
1.408480644226074219e+01 2.944517822265625000e+03 2.520569580078125000e+03 4.239487609863281250e+02
1.410521411895751953e+01 2.943938232421875000e+03 2.520317138671875000e+03 4.236205749511718750e+02
1.412562465667724609e+01 2.943181396484375000e+03 2.520064941406250000e+03 4.231173400878906250e+02
1.414603137969970703e+01 2.942766601562500000e+03 2.519813720703125000e+03 4.229529113769531250e+02
1.416644191741943359e+01 2.940340087890625000e+03 2.517873291015625000e+03 4.224668579101562500e+02
1.418684959411621094e+01 2.939784179687500000e+03 2.517626464843750000e+03 4.221577453613281250e+02
1.420725917816162109e+01 2.939207275390625000e+03 2.517379150390625000e+03 4.218283081054687500e+02
1.422766685485839844e+01 2.938491699218750000e+03 2.517134033203125000e+03 4.213579711914062500e+02
1.424807739257812500e+01 2.937934814453125000e+03 2.516888427734375000e+03 4.210468139648437500e+02
1.426848411560058594e+01 2.935577636718750000e+03 2.514966308593750000e+03 4.206113281250000000e+02
1.428889465332031250e+01 2.936858398437500000e+03 2.516399902343750000e+03 4.204584350585937500e+02
1.430930233001708984e+01 2.934501953125000000e+03 2.514484130859375000e+03 4.200175170898437500e+02
1.432970905303955078e+01 2.933971923828125000e+03 2.514244628906250000e+03 4.197279663085937500e+02
1.435011959075927734e+01 2.933439697265625000e+03 2.514004882812500000e+03 4.194347534179687500e+02
1.437052726745605469e+01 2.932903808593750000e+03 2.513766601562500000e+03 4.191372680664062500e+02
1.439093780517578125e+01 2.930537841796875000e+03 2.511864990234375000e+03 4.186730346679687500e+02
1.441134452819824219e+01 2.929877441406250000e+03 2.511630126953125000e+03 4.182477722167968750e+02
1.443175506591796875e+01 2.929483154296875000e+03 2.511395507812500000e+03 4.180878601074218750e+02
1.445216274261474609e+01 2.928814208984375000e+03 2.511162109375000000e+03 4.176525878906250000e+02
1.447257328033447266e+01 2.926817626953125000e+03 2.509274658203125000e+03 4.175430297851562500e+02
1.449298000335693359e+01 2.926105712890625000e+03 2.509045166015625000e+03 4.170611877441406250e+02
1.451339054107666016e+01 2.927222167968750000e+03 2.510465087890625000e+03 4.167570495605468750e+02
1.453379821777343750e+01 2.924866943359375000e+03 2.508587402343750000e+03 4.162794189453125000e+02
1.455420494079589844e+01 2.924522949218750000e+03 2.508359375000000000e+03 4.161638488769531250e+02
1.457461547851562500e+01 2.923833984375000000e+03 2.508131591796875000e+03 4.157033996582031250e+02
1.459502315521240234e+01 2.923315185546875000e+03 2.507905029296875000e+03 4.154104003906250000e+02
1.461543273925781250e+01 2.921142333984375000e+03 2.506040527343750000e+03 4.151022949218750000e+02
1.463584041595458984e+01 2.920423828125000000e+03 2.505817871093750000e+03 4.146062927246093750e+02
1.465625095367431641e+01 2.919903076171875000e+03 2.505594970703125000e+03 4.143088684082031250e+02
1.467665767669677734e+01 2.919351562500000000e+03 2.505373535156250000e+03 4.139786376953125000e+02
1.469706821441650391e+01 2.917212646484375000e+03 2.503522949218750000e+03 4.136898803710937500e+02
1.471747589111328125e+01 2.916517333984375000e+03 2.503304443359375000e+03 4.132132873535156250e+02
1.473788642883300781e+01 2.915978759765625000e+03 2.503086425781250000e+03 4.128930358886718750e+02
1.475829315185546875e+01 2.915452148437500000e+03 2.502869384765625000e+03 4.125822448730468750e+02
1.477870082855224609e+01 2.913266601562500000e+03 2.501032958984375000e+03 4.122346801757812500e+02
1.479911136627197266e+01 2.914229492187500000e+03 2.502436523437500000e+03 4.117934265136718750e+02
1.481951808929443359e+01 2.911903076171875000e+03 2.500606201171875000e+03 4.112973327636718750e+02
1.483992862701416016e+01 2.911399414062500000e+03 2.500393066406250000e+03 4.110065307617187500e+02
1.486033630371093750e+01 2.910867919921875000e+03 2.500181152343750000e+03 4.106869201660156250e+02
1.488074684143066406e+01 2.908708496093750000e+03 2.498360839843750000e+03 4.103471374511718750e+02
1.490115356445312500e+01 2.908041748046875000e+03 2.498152099609375000e+03 4.098894958496093750e+02
1.492156410217285156e+01 2.905924072265625000e+03 2.496339355468750000e+03 4.095849304199218750e+02
1.494197177886962891e+01 2.906867919921875000e+03 2.497736328125000000e+03 4.091317443847656250e+02
1.496238231658935547e+01 2.904748046875000000e+03 2.495929199218750000e+03 4.088183593750000000e+02
1.498278903961181641e+01 2.904491455078125000e+03 2.495725097656250000e+03 4.087663269042968750e+02
1.500319957733154297e+01 2.902034179687500000e+03 2.493925781250000000e+03 4.081091308593750000e+02
1.502360725402832031e+01 2.903124511718750000e+03 2.495318359375000000e+03 4.078061828613281250e+02
1.504401397705078125e+01 2.901029052734375000e+03 2.493524414062500000e+03 4.075047607421875000e+02
1.506442451477050781e+01 2.898987792968750000e+03 2.491735351562500000e+03 4.072531127929687500e+02
1.508483123779296875e+01 2.899944580078125000e+03 2.493125488281250000e+03 4.068191528320312500e+02
1.510524177551269531e+01 2.897882324218750000e+03 2.491341552734375000e+03 4.065413818359375000e+02
1.512564945220947266e+01 2.897230224609375000e+03 2.491145507812500000e+03 4.060852355957031250e+02
1.514605998992919922e+01 2.896937500000000000e+03 2.490949951171875000e+03 4.059865722656250000e+02
1.516646671295166016e+01 2.896335449218750000e+03 2.490754882812500000e+03 4.055805664062500000e+02
1.518687725067138672e+01 2.894296875000000000e+03 2.488983398437500000e+03 4.053134460449218750e+02
1.520728492736816406e+01 2.893695800781250000e+03 2.488791992187500000e+03 4.049030761718750000e+02
1.522769546508789062e+01 2.893256347656250000e+03 2.488600097656250000e+03 4.046564331054687500e+02
1.524810218811035156e+01 2.891245605468750000e+03 2.486839599609375000e+03 4.044061889648437500e+02
1.526850986480712891e+01 2.890631347656250000e+03 2.486651855468750000e+03 4.039789428710937500e+02
1.528892040252685547e+01 2.890044921875000000e+03 2.486463623046875000e+03 4.035807800292968750e+02
1.530932712554931641e+01 2.889475585937500000e+03 2.486276611328125000e+03 4.031990966796875000e+02
1.532973766326904297e+01 2.887642089843750000e+03 2.484527832031250000e+03 4.031145935058593750e+02
1.535014533996582031e+01 2.888609375000000000e+03 2.485903076171875000e+03 4.027061462402343750e+02
1.537055587768554688e+01 2.886620605468750000e+03 2.484159667968750000e+03 4.024609375000000000e+02
1.539096260070800781e+01 2.886045898437500000e+03 2.483976806640625000e+03 4.020696411132812500e+02
1.541137313842773438e+01 2.885625000000000000e+03 2.483793701171875000e+03 4.018313293457031250e+02
1.543178081512451172e+01 2.883662841796875000e+03 2.482060546875000000e+03 4.016023254394531250e+02
1.545219039916992188e+01 2.883276855468750000e+03 2.481880615234375000e+03 4.013962402343750000e+02
1.547259807586669922e+01 2.881138916015625000e+03 2.480154296875000000e+03 4.009848937988281250e+02
1.549300575256347656e+01 2.882286376953125000e+03 2.481522949218750000e+03 4.007634887695312500e+02
1.551341533660888672e+01 2.880161621093750000e+03 2.479800781250000000e+03 4.003609924316406250e+02
1.553382301330566406e+01 2.879755859375000000e+03 2.479625244140625000e+03 4.001303100585937500e+02
1.555423355102539062e+01 2.879194580078125000e+03 2.479449951171875000e+03 3.997436218261718750e+02
1.557464027404785156e+01 2.878764648437500000e+03 2.479275390625000000e+03 3.994889221191406250e+02
1.559505081176757812e+01 2.876827636718750000e+03 2.477565429687500000e+03 3.992621765136718750e+02
1.561545848846435547e+01 2.877770996093750000e+03 2.478926757812500000e+03 3.988442382812500000e+02
1.563586902618408203e+01 2.875814941406250000e+03 2.477221923828125000e+03 3.985943298339843750e+02
1.565627574920654297e+01 2.875223388671875000e+03 2.477051025390625000e+03 3.981723327636718750e+02
1.567668342590332031e+01 2.873294921875000000e+03 2.475353759765625000e+03 3.979407653808593750e+02
1.569709396362304688e+01 2.872760253906250000e+03 2.475185058593750000e+03 3.975758056640625000e+02
1.571750068664550781e+01 2.872484619140625000e+03 2.475017578125000000e+03 3.974667358398437500e+02
1.573791122436523438e+01 2.870361083984375000e+03 2.473329101562500000e+03 3.970324096679687500e+02
1.575831890106201172e+01 2.871481933593750000e+03 2.474683105468750000e+03 3.967993469238281250e+02
1.577872943878173828e+01 2.869397460937500000e+03 2.472999267578125000e+03 3.963982543945312500e+02
1.579913616180419922e+01 2.867458496093750000e+03 2.471320068359375000e+03 3.961380615234375000e+02
1.581954383850097656e+01 2.868424804687500000e+03 2.472671875000000000e+03 3.957529296875000000e+02
1.583995437622070312e+01 2.866345214843750000e+03 2.470997070312500000e+03 3.953480224609375000e+02
1.586036109924316406e+01 2.865919189453125000e+03 2.470836669921875000e+03 3.950833129882812500e+02
1.588077163696289062e+01 2.865362060546875000e+03 2.470675781250000000e+03 3.946858825683593750e+02
1.590117931365966797e+01 2.863455566406250000e+03 2.469010498046875000e+03 3.944447631835937500e+02
1.592158889770507812e+01 2.862875976562500000e+03 2.468852294921875000e+03 3.940228881835937500e+02
1.594199657440185547e+01 2.862664550781250000e+03 2.468695068359375000e+03 3.939697265625000000e+02
1.596240711212158203e+01 2.860609619140625000e+03 2.467038330078125000e+03 3.935713806152343750e+02
1.598281383514404297e+01 2.860220458984375000e+03 2.466884033203125000e+03 3.933364868164062500e+02
1.600322532653808594e+01 2.858194580078125000e+03 2.465233886718750000e+03 3.929608764648437500e+02
1.602363204956054688e+01 2.859299560546875000e+03 2.466576171875000000e+03 3.927234497070312500e+02
1.604404258728027344e+01 2.857305908203125000e+03 2.464930419921875000e+03 3.923757324218750000e+02
1.606444931030273438e+01 2.855433837890625000e+03 2.463289306640625000e+03 3.921448059082031250e+02
1.608485603332519531e+01 2.856418701171875000e+03 2.464628906250000000e+03 3.917897033691406250e+02
1.610526657104492188e+01 2.854578369140625000e+03 2.462991699218750000e+03 3.915865783691406250e+02
1.612567520141601562e+01 2.852578613281250000e+03 2.461359375000000000e+03 3.912187194824218750e+02
1.614608573913574219e+01 2.853695800781250000e+03 2.462696044921875000e+03 3.909996948242187500e+02
1.616649246215820312e+01 2.851728515625000000e+03 2.461068115234375000e+03 3.906605529785156250e+02
1.618690299987792969e+01 2.849905029296875000e+03 2.459443847656250000e+03 3.904612426757812500e+02
1.620730972290039062e+01 2.850904785156250000e+03 2.460778320312500000e+03 3.901267089843750000e+02
1.622772026062011719e+01 2.849239990234375000e+03 2.459158203125000000e+03 3.900820922851562500e+02
1.624812698364257812e+01 2.847296386718750000e+03 2.457542968750000000e+03 3.897530822753906250e+02
1.626853752136230469e+01 2.848437500000000000e+03 2.458874267578125000e+03 3.895629577636718750e+02
1.628894615173339844e+01 2.846482666015625000e+03 2.457263183593750000e+03 3.892199096679687500e+02
1.630935287475585938e+01 2.844543457031250000e+03 2.455656738281250000e+03 3.888868408203125000e+02
1.632976341247558594e+01 2.845699951171875000e+03 2.456985351562500000e+03 3.887142944335937500e+02
1.635017013549804688e+01 2.843776123046875000e+03 2.455382568359375000e+03 3.883930664062500000e+02
1.637058067321777344e+01 2.843438964843750000e+03 2.455245849609375000e+03 3.881929931640625000e+02
1.639098739624023438e+01 2.842964843750000000e+03 2.455110107421875000e+03 3.878543395996093750e+02
1.641139793395996094e+01 2.841196044921875000e+03 2.453515380859375000e+03 3.876801452636718750e+02
1.643180465698242188e+01 2.840755859375000000e+03 2.453382080078125000e+03 3.873735351562500000e+02
1.645221519470214844e+01 2.840563232421875000e+03 2.453248779296875000e+03 3.873144226074218750e+02
1.647262382507324219e+01 2.838496582031250000e+03 2.451662597656250000e+03 3.868339233398437500e+02
1.649303436279296875e+01 2.838302001953125000e+03 2.451531494140625000e+03 3.867708740234375000e+02
1.651344108581542969e+01 2.837855957031250000e+03 2.451401367187500000e+03 3.864551391601562500e+02
1.653384780883789062e+01 2.837538574218750000e+03 2.451271484375000000e+03 3.862671508789062500e+02
1.655425834655761719e+01 2.835602294921875000e+03 2.449695068359375000e+03 3.859070129394531250e+02
1.657466506958007812e+01 2.835306396484375000e+03 2.449567871093750000e+03 3.857378845214843750e+02
1.659507560729980469e+01 2.834819824218750000e+03 2.449440185546875000e+03 3.853793945312500000e+02
1.661548423767089844e+01 2.833027099609375000e+03 2.447872558593750000e+03 3.851542358398437500e+02
1.663589477539062500e+01 2.833995849609375000e+03 2.449186279296875000e+03 3.848094482421875000e+02
1.665630149841308594e+01 2.832215332031250000e+03 2.447622802734375000e+03 3.845928955078125000e+02
1.667671203613281250e+01 2.830431884765625000e+03 2.446062500000000000e+03 3.843694763183593750e+02
1.669711875915527344e+01 2.831529052734375000e+03 2.447374023437500000e+03 3.841556701660156250e+02
1.671752929687500000e+01 2.829596923828125000e+03 2.445818115234375000e+03 3.837792358398437500e+02
1.673793601989746094e+01 2.827822265625000000e+03 2.444266357421875000e+03 3.835555725097656250e+02
1.675834465026855469e+01 2.828729003906250000e+03 2.445575439453125000e+03 3.831528625488281250e+02
1.677875518798828125e+01 2.827118896484375000e+03 2.444027343750000000e+03 3.830915527343750000e+02
1.679916191101074219e+01 2.826467529296875000e+03 2.443908447265625000e+03 3.825596923828125000e+02
1.681957244873046875e+01 2.826245361328125000e+03 2.443789306640625000e+03 3.824564514160156250e+02
1.683997917175292969e+01 2.824331542968750000e+03 2.442249511718750000e+03 3.820828552246093750e+02
1.686038970947265625e+01 2.823969238281250000e+03 2.442132324218750000e+03 3.818365783691406250e+02
1.688079643249511719e+01 2.823439453125000000e+03 2.442016357421875000e+03 3.814226074218750000e+02
1.690120697021484375e+01 2.821677978515625000e+03 2.440483886718750000e+03 3.811940612792968750e+02
1.692161369323730469e+01 2.821312744140625000e+03 2.440370117187500000e+03 3.809429931640625000e+02
1.694202423095703125e+01 2.820809814453125000e+03 2.440256347656250000e+03 3.805540466308593750e+02
1.696243286132812500e+01 2.819021972656250000e+03 2.438731689453125000e+03 3.802908935546875000e+02
1.698283958435058594e+01 2.818509033203125000e+03 2.438620361328125000e+03 3.798892517089843750e+02
1.700325012207031250e+01 2.818281494140625000e+03 2.438508789062500000e+03 3.797728576660156250e+02
1.702365684509277344e+01 2.816384521484375000e+03 2.436992187500000000e+03 3.793923034667968750e+02
1.704406738281250000e+01 2.814644531250000000e+03 2.435478027343750000e+03 3.791665649414062500e+02
1.706447410583496094e+01 2.815524658203125000e+03 2.436774169921875000e+03 3.787503662109375000e+02
1.708488464355468750e+01 2.813805419921875000e+03 2.435264404296875000e+03 3.785410156250000000e+02
1.710529327392578125e+01 2.811909667968750000e+03 2.433758300781250000e+03 3.781517028808593750e+02
1.712570381164550781e+01 2.813113037109375000e+03 2.435051513671875000e+03 3.780621032714843750e+02
1.714611053466796875e+01 2.811249511718750000e+03 2.433549316406250000e+03 3.777007446289062500e+02
1.716652107238769531e+01 2.809517089843750000e+03 2.432050537109375000e+03 3.774671020507812500e+02
1.718692779541015625e+01 2.809039306640625000e+03 2.431948730468750000e+03 3.770915222167968750e+02
1.720733833312988281e+01 2.808705810546875000e+03 2.431846435546875000e+03 3.768594970703125000e+02
1.722774505615234375e+01 2.806855468750000000e+03 2.430355224609375000e+03 3.765005493164062500e+02
1.724815368652343750e+01 2.806677490234375000e+03 2.430255859375000000e+03 3.764219970703125000e+02
1.726856231689453125e+01 2.806242919921875000e+03 2.430156005859375000e+03 3.760873107910156250e+02
1.728897094726562500e+01 2.804497802734375000e+03 2.428671630859375000e+03 3.758264770507812500e+02
1.730938148498535156e+01 2.804111572265625000e+03 2.428574218750000000e+03 3.755373229980468750e+02
1.732978820800781250e+01 2.802451171875000000e+03 2.427095703125000000e+03 3.753553466796875000e+02
1.735019874572753906e+01 2.803522949218750000e+03 2.428379882812500000e+03 3.751430969238281250e+02
1.737060546875000000e+01 2.801849853515625000e+03 2.426905273437500000e+03 3.749441528320312500e+02
1.739101600646972656e+01 2.800058349609375000e+03 2.425433349609375000e+03 3.746249694824218750e+02
1.741142272949218750e+01 2.801121337890625000e+03 2.426715332031250000e+03 3.744062805175781250e+02
1.743183326721191406e+01 2.799341308593750000e+03 2.425247314453125000e+03 3.740941162109375000e+02
1.745224189758300781e+01 2.797680175781250000e+03 2.423782958984375000e+03 3.738966674804687500e+02
1.747264862060546875e+01 2.797390869140625000e+03 2.423692138671875000e+03 3.736988525390625000e+02
1.749305915832519531e+01 2.797114013671875000e+03 2.423601562500000000e+03 3.735128173828125000e+02
1.751346588134765625e+01 2.795325927734375000e+03 2.422144287109375000e+03 3.731819152832031250e+02
1.753387641906738281e+01 2.795044189453125000e+03 2.422055419921875000e+03 3.729895629882812500e+02
1.755428314208984375e+01 2.794749511718750000e+03 2.421967285156250000e+03 3.727824707031250000e+02
1.757469367980957031e+01 2.793110107421875000e+03 2.420516601562500000e+03 3.725936584472656250e+02
1.759510231018066406e+01 2.792680175781250000e+03 2.420430175781250000e+03 3.722498474121093750e+02
1.761551284790039062e+01 2.792396972656250000e+03 2.420343750000000000e+03 3.720530395507812500e+02
1.763591957092285156e+01 2.790609130859375000e+03 2.418900634765625000e+03 3.717087707519531250e+02
1.765633010864257812e+01 2.790455322265625000e+03 2.418815917968750000e+03 3.716399230957031250e+02
1.767673683166503906e+01 2.790024414062500000e+03 2.418732177734375000e+03 3.712923278808593750e+02
1.769714355468750000e+01 2.788358642578125000e+03 2.417295654296875000e+03 3.710629577636718750e+02
1.771755409240722656e+01 2.788067626953125000e+03 2.417213134765625000e+03 3.708547668457031250e+02
1.773796081542968750e+01 2.787752441406250000e+03 2.417131347656250000e+03 3.706211853027343750e+02
1.775837135314941406e+01 2.785982177734375000e+03 2.415701416015625000e+03 3.702809448242187500e+02
1.777877998352050781e+01 2.785781738281250000e+03 2.415621582031250000e+03 3.701604309082031250e+02
1.779919052124023438e+01 2.783992919921875000e+03 2.414196533203125000e+03 3.697959594726562500e+02
1.781959724426269531e+01 2.783668212890625000e+03 2.414118652343750000e+03 3.695498657226562500e+02
1.784000778198242188e+01 2.783354980468750000e+03 2.414040283203125000e+03 3.693147888183593750e+02
1.786041450500488281e+01 2.781692626953125000e+03 2.412622558593750000e+03 3.690703430175781250e+02
1.788082504272460938e+01 2.782572509765625000e+03 2.413885009765625000e+03 3.686876831054687500e+02
1.790123176574707031e+01 2.780883789062500000e+03 2.412470214843750000e+03 3.684141540527343750e+02
1.792164039611816406e+01 2.779239746093750000e+03 2.411059082031250000e+03 3.681809387207031250e+02
1.794205093383789062e+01 2.780212158203125000e+03 2.412319091796875000e+03 3.678933105468750000e+02
1.796245765686035156e+01 2.778416015625000000e+03 2.410911376953125000e+03 3.675045776367187500e+02
1.798286819458007812e+01 2.776907714843750000e+03 2.409506103515625000e+03 3.674015197753906250e+02
1.800327491760253906e+01 2.776419189453125000e+03 2.409434326171875000e+03 3.669858398437500000e+02
1.802368545532226562e+01 2.776096191406250000e+03 2.409362060546875000e+03 3.667348022460937500e+02
1.804409217834472656e+01 2.774429687500000000e+03 2.407963867187500000e+03 3.664660034179687500e+02
1.806450271606445312e+01 2.774115234375000000e+03 2.407893554687500000e+03 3.662209167480468750e+02
1.808491134643554688e+01 2.772297119140625000e+03 2.406500244140625000e+03 3.657966613769531250e+02
1.810531997680664062e+01 2.771990722656250000e+03 2.406431884765625000e+03 3.655584716796875000e+02
1.812572860717773438e+01 2.771663085937500000e+03 2.406364013671875000e+03 3.652985229492187500e+02
1.814613533020019531e+01 2.770021728515625000e+03 2.404977050781250000e+03 3.650449523925781250e+02
1.816654586791992188e+01 2.768232421875000000e+03 2.403592773437500000e+03 3.646397094726562500e+02
1.818695259094238281e+01 2.769347167968750000e+03 2.404844482421875000e+03 3.645030517578125000e+02
1.820736312866210938e+01 2.767601806640625000e+03 2.403463378906250000e+03 3.641383361816406250e+02
1.822776985168457031e+01 2.765976318359375000e+03 2.402085937500000000e+03 3.638911437988281250e+02
1.824818038940429688e+01 2.765538574218750000e+03 2.402023193359375000e+03 3.635158386230468750e+02
1.826858901977539062e+01 2.764052734375000000e+03 2.400650146484375000e+03 3.634028625488281250e+02
1.828899955749511719e+01 2.763624755859375000e+03 2.400588867187500000e+03 3.630366821289062500e+02
1.830940628051757812e+01 2.763337402343750000e+03 2.400528320312500000e+03 3.628093566894531250e+02
1.832981681823730469e+01 2.761627685546875000e+03 2.399161132812500000e+03 3.624664306640625000e+02
1.835022354125976562e+01 2.760155029296875000e+03 2.397797607421875000e+03 3.623578491210937500e+02
1.837063026428222656e+01 2.759733642578125000e+03 2.397740234375000000e+03 3.619938354492187500e+02
1.839104080200195312e+01 2.758155761718750000e+03 2.396381103515625000e+03 3.617751159667968750e+02
1.841144943237304688e+01 2.757760742187500000e+03 2.396325439453125000e+03 3.614350891113281250e+02
1.843185997009277344e+01 2.757481689453125000e+03 2.396269531250000000e+03 3.612122192382812500e+02
1.845226669311523438e+01 2.755925292968750000e+03 2.394916748046875000e+03 3.610092468261718750e+02
1.847267723083496094e+01 2.755524414062500000e+03 2.394862304687500000e+03 3.606617126464843750e+02
1.849308395385742188e+01 2.753973388671875000e+03 2.393513671875000000e+03 3.604600524902343750e+02
1.851349449157714844e+01 2.753650878906250000e+03 2.393461181640625000e+03 3.601901550292968750e+02
1.853390121459960938e+01 2.753430175781250000e+03 2.393409179687500000e+03 3.600209045410156250e+02
1.855431175231933594e+01 2.751762695312500000e+03 2.392066650390625000e+03 3.596960144042968750e+02
1.857471847534179688e+01 2.750227050781250000e+03 2.390727539062500000e+03 3.594996032714843750e+02
1.859512901306152344e+01 2.749973388671875000e+03 2.390677978515625000e+03 3.592958374023437500e+02
1.861553764343261719e+01 2.749589111328125000e+03 2.390629150390625000e+03 3.589603881835937500e+02
1.863594436645507812e+01 2.748180419921875000e+03 2.389295898437500000e+03 3.588841247558593750e+02
1.865635490417480469e+01 2.747788085937500000e+03 2.389248291015625000e+03 3.585401000976562500e+02
1.867676162719726562e+01 2.746123291015625000e+03 2.387919433593750000e+03 3.582046203613281250e+02
1.869717216491699219e+01 2.745883300781250000e+03 2.387873291015625000e+03 3.580099487304687500e+02
1.871757888793945312e+01 2.745475830078125000e+03 2.387828125000000000e+03 3.576477661132812500e+02
1.873798942565917969e+01 2.744055175781250000e+03 2.386504638671875000e+03 3.575508728027343750e+02
1.875839805603027344e+01 2.742406494140625000e+03 2.385184326171875000e+03 3.572220153808593750e+02
1.877880859375000000e+01 2.743423095703125000e+03 2.386416503906250000e+03 3.570061645507812500e+02
1.879921531677246094e+01 2.741983398437500000e+03 2.385099365234375000e+03 3.568838806152343750e+02
1.881962585449218750e+01 2.741610595703125000e+03 2.385056640625000000e+03 3.565544128417968750e+02
1.884003257751464844e+01 2.740092285156250000e+03 2.383743896484375000e+03 3.563486938476562500e+02
1.886043930053710938e+01 2.739697265625000000e+03 2.383703369140625000e+03 3.559935607910156250e+02
1.888084983825683594e+01 2.739459716796875000e+03 2.383662109375000000e+03 3.557975158691406250e+02
1.890125846862792969e+01 2.737928955078125000e+03 2.382355224609375000e+03 3.555734252929687500e+02
1.892166900634765625e+01 2.737662841796875000e+03 2.382315673828125000e+03 3.553469848632812500e+02
1.894207572937011719e+01 2.737297363281250000e+03 2.382276611328125000e+03 3.550208740234375000e+02
1.896248626708984375e+01 2.735781250000000000e+03 2.380974853515625000e+03 3.548059082031250000e+02
1.898289299011230469e+01 2.734227783203125000e+03 2.379676269531250000e+03 3.545514526367187500e+02
1.900330352783203125e+01 2.735215820312500000e+03 2.380899658203125000e+03 3.543167724609375000e+02
1.902371025085449219e+01 2.733568847656250000e+03 2.379604003906250000e+03 3.539642944335937500e+02
1.904412078857421875e+01 2.732190185546875000e+03 2.378310791015625000e+03 3.538797912597656250e+02
1.906452751159667969e+01 2.731828125000000000e+03 2.378276367187500000e+03 3.535523376464843750e+02
1.908493614196777344e+01 2.730340820312500000e+03 2.376987548828125000e+03 3.533538818359375000e+02
1.910534667968750000e+01 2.728863037109375000e+03 2.375701416015625000e+03 3.531614685058593750e+02
1.912575340270996094e+01 2.728654296875000000e+03 2.375669677734375000e+03 3.529836730957031250e+02
1.914616394042968750e+01 2.727078857421875000e+03 2.374387451171875000e+03 3.526914978027343750e+02
1.916657066345214844e+01 2.726923583984375000e+03 2.374357421875000000e+03 3.525662841796875000e+02
1.918698120117187500e+01 2.725379150390625000e+03 2.373079345703125000e+03 3.522997741699218750e+02
1.920738792419433594e+01 2.723905517578125000e+03 2.371804443359375000e+03 3.521012268066406250e+02
1.922779846191406250e+01 2.723501464843750000e+03 2.371776855468750000e+03 3.517253417968750000e+02
1.924820709228515625e+01 2.721950683593750000e+03 2.370506103515625000e+03 3.514446716308593750e+02
1.926861763000488281e+01 2.720364990234375000e+03 2.369237060546875000e+03 3.511279296875000000e+02
1.928902435302734375e+01 2.720042968750000000e+03 2.369212890625000000e+03 3.508305969238281250e+02
1.930943107604980469e+01 2.718404052734375000e+03 2.367948730468750000e+03 3.504553222656250000e+02
1.932984161376953125e+01 2.716912841796875000e+03 2.366687011718750000e+03 3.502257385253906250e+02
1.935024833679199219e+01 2.717806884765625000e+03 2.367902099609375000e+03 3.499048767089843750e+02
1.937065887451171875e+01 2.716300292968750000e+03 2.366643310546875000e+03 3.496569213867187500e+02
1.939106750488281250e+01 2.714690673828125000e+03 2.365386962890625000e+03 3.493041992187500000e+02
1.941147613525390625e+01 2.714363525390625000e+03 2.365366455078125000e+03 3.489961547851562500e+02
1.943188476562500000e+01 2.712679443359375000e+03 2.364114013671875000e+03 3.485658264160156250e+02
1.945229530334472656e+01 2.711070068359375000e+03 2.362864257812500000e+03 3.482055053710937500e+02
1.947270202636718750e+01 2.710645751953125000e+03 2.362846679687500000e+03 3.477987060546875000e+02
1.949311256408691406e+01 2.709028076171875000e+03 2.361601074218750000e+03 3.474270629882812500e+02
1.951351928710937500e+01 2.707306884765625000e+03 2.360357910156250000e+03 3.469486694335937500e+02
1.953392601013183594e+01 2.707104736328125000e+03 2.360343017578125000e+03 3.467614440917968750e+02
1.955433654785156250e+01 2.705543945312500000e+03 2.359103515625000000e+03 3.464399414062500000e+02
1.957474517822265625e+01 2.704133544921875000e+03 2.357867187500000000e+03 3.462666320800781250e+02
1.959515571594238281e+01 2.705075927734375000e+03 2.359076171875000000e+03 3.459996643066406250e+02
1.961556243896484375e+01 2.703806152343750000e+03 2.357842285156250000e+03 3.459632263183593750e+02
1.963597297668457031e+01 2.702264160156250000e+03 2.356610839843750000e+03 3.456532287597656250e+02
1.965637969970703125e+01 2.703177978515625000e+03 2.357817871093750000e+03 3.453601379394531250e+02
1.967679023742675781e+01 2.701522949218750000e+03 2.356588378906250000e+03 3.449347839355468750e+02
1.969719696044921875e+01 2.700167236328125000e+03 2.355362304687500000e+03 3.448045654296875000e+02
1.971760749816894531e+01 2.699825439453125000e+03 2.355352294921875000e+03 3.444733276367187500e+02
1.973801612854003906e+01 2.698411132812500000e+03 2.354130126953125000e+03 3.442808837890625000e+02
1.975842666625976562e+01 2.696863525390625000e+03 2.352909912109375000e+03 3.439537963867187500e+02
1.977883338928222656e+01 2.696852539062500000e+03 2.352902832031250000e+03 3.439495544433593750e+02
1.979924011230468750e+01 2.695375244140625000e+03 2.351686767578125000e+03 3.436878356933593750e+02
1.981965065002441406e+01 2.693964111328125000e+03 2.350472900390625000e+03 3.434923706054687500e+02
1.984005737304687500e+01 2.693600830078125000e+03 2.350468505859375000e+03 3.431322631835937500e+02
1.986046791076660156e+01 2.692318603515625000e+03 2.349258300781250000e+03 3.430607299804687500e+02
1.988087463378906250e+01 2.691995361328125000e+03 2.349255126953125000e+03 3.427409057617187500e+02
1.990128517150878906e+01 2.691762939453125000e+03 2.349251464843750000e+03 3.425118103027343750e+02
1.992169380187988281e+01 2.690423339843750000e+03 2.348046630859375000e+03 3.423768310546875000e+02
1.994210433959960938e+01 2.690263427734375000e+03 2.348044433593750000e+03 3.422196044921875000e+02
1.996251106262207031e+01 2.689979248046875000e+03 2.348042236328125000e+03 3.419375305175781250e+02
1.998292160034179688e+01 2.689778564453125000e+03 2.348040039062500000e+03 3.417386779785156250e+02
2.000332832336425781e+01 2.689501953125000000e+03 2.348037841796875000e+03 3.414641113281250000e+02
2.002373504638671875e+01 2.688181396484375000e+03 2.346840820312500000e+03 3.413407592773437500e+02
2.004414558410644531e+01 2.686624267578125000e+03 2.345645263671875000e+03 3.409789733886718750e+02
2.006455421447753906e+01 2.686394531250000000e+03 2.345645996093750000e+03 3.407483215332031250e+02
2.008496475219726562e+01 2.684843750000000000e+03 2.344453857421875000e+03 3.403905639648437500e+02
2.010537147521972656e+01 2.684722412109375000e+03 2.344455566406250000e+03 3.402665405273437500e+02
2.012578201293945312e+01 2.684393554687500000e+03 2.344457031250000000e+03 3.399364318847656250e+02
2.014618873596191406e+01 2.682965576171875000e+03 2.343270263671875000e+03 3.396953735351562500e+02
2.016659927368164062e+01 2.681319091796875000e+03 2.342085693359375000e+03 3.392336120605468750e+02
2.018700599670410156e+01 2.682270507812500000e+03 2.343275878906250000e+03 3.389948730468750000e+02
2.020741653442382812e+01 2.680753906250000000e+03 2.342093505859375000e+03 3.386606750488281250e+02
2.022782516479492188e+01 2.679342773437500000e+03 2.340914550781250000e+03 3.384278869628906250e+02
2.024823188781738281e+01 2.679025146484375000e+03 2.340919433593750000e+03 3.381056518554687500e+02
2.026864242553710938e+01 2.677785644531250000e+03 2.339743652343750000e+03 3.380413818359375000e+02
2.028904914855957031e+01 2.676309570312500000e+03 2.338569824218750000e+03 3.377399902343750000e+02
2.030945968627929688e+01 2.676097900390625000e+03 2.338576904296875000e+03 3.375208740234375000e+02
2.032986640930175781e+01 2.674614746093750000e+03 2.337406982421875000e+03 3.372077026367187500e+02
2.035027694702148438e+01 2.673229736328125000e+03 2.336239257812500000e+03 3.369904479980468750e+02
2.037068367004394531e+01 2.673056640625000000e+03 2.336249267578125000e+03 3.368074645996093750e+02
2.039109420776367188e+01 2.671783935546875000e+03 2.335084716796875000e+03 3.366994323730468750e+02
2.041150283813476562e+01 2.672721923828125000e+03 2.336268554687500000e+03 3.364529418945312500e+02
2.043191337585449219e+01 2.671394042968750000e+03 2.335106445312500000e+03 3.362869873046875000e+02
2.045232009887695312e+01 2.671068359375000000e+03 2.335117431640625000e+03 3.359512023925781250e+02
2.047272682189941406e+01 2.670867675781250000e+03 2.335128417968750000e+03 3.357393798828125000e+02
2.049313735961914062e+01 2.670585693359375000e+03 2.335138916015625000e+03 3.354472656250000000e+02
2.051354408264160156e+01 2.669289550781250000e+03 2.333983154296875000e+03 3.353056945800781250e+02
2.053395462036132812e+01 2.667882324218750000e+03 2.332829101562500000e+03 3.350529479980468750e+02
2.055436325073242188e+01 2.666464843750000000e+03 2.331677490234375000e+03 3.347879943847656250e+02
2.057477378845214844e+01 2.665056152343750000e+03 2.330527832031250000e+03 3.345280151367187500e+02
2.059518051147460938e+01 2.663855957031250000e+03 2.329380859375000000e+03 3.344748229980468750e+02
2.061559104919433594e+01 2.664755859375000000e+03 2.330558349609375000e+03 3.341977844238281250e+02
2.063599777221679688e+01 2.663426025390625000e+03 2.329413818359375000e+03 3.340122680664062500e+02
2.065640830993652344e+01 2.663143798828125000e+03 2.329429931640625000e+03 3.337132568359375000e+02
2.067681503295898438e+01 2.661811767578125000e+03 2.328288818359375000e+03 3.335231323242187500e+02
2.069722366333007812e+01 2.660208007812500000e+03 2.327149658203125000e+03 3.330578613281250000e+02
2.071763229370117188e+01 2.659918701171875000e+03 2.327167968750000000e+03 3.327503662109375000e+02
2.073804092407226562e+01 2.658208984375000000e+03 2.326032226562500000e+03 3.321766662597656250e+02
2.075845146179199219e+01 2.656649902343750000e+03 2.324898437500000000e+03 3.317507629394531250e+02
2.077885818481445312e+01 2.654955078125000000e+03 2.323767089843750000e+03 3.311879272460937500e+02
2.079926872253417969e+01 2.654735107421875000e+03 2.323788574218750000e+03 3.309462585449218750e+02
2.081967544555664062e+01 2.652388183593750000e+03 2.321510986328125000e+03 3.308760375976562500e+02
2.084008598327636719e+01 2.652259521484375000e+03 2.321534912109375000e+03 3.307245178222656250e+02
2.086049270629882812e+01 2.650945068359375000e+03 2.320411132812500000e+03 3.305344238281250000e+02
2.088090324401855469e+01 2.650761474609375000e+03 2.320436035156250000e+03 3.303255920410156250e+02
2.090131187438964844e+01 2.649412597656250000e+03 2.319315673828125000e+03 3.300971679687500000e+02
2.092171859741210938e+01 2.649206298828125000e+03 2.319342041015625000e+03 3.298644104003906250e+02
2.094212913513183594e+01 2.647856201171875000e+03 2.318224609375000000e+03 3.296317443847656250e+02
2.096253585815429688e+01 2.646796875000000000e+03 2.317109863281250000e+03 3.296872558593750000e+02
2.098294639587402344e+01 2.646612548828125000e+03 2.317137939453125000e+03 3.294746093750000000e+02
2.100335311889648438e+01 2.645512451171875000e+03 2.316026123046875000e+03 3.294863891601562500e+02
2.102376365661621094e+01 2.644291992187500000e+03 2.314916503906250000e+03 3.293764648437500000e+02
2.104417228698730469e+01 2.645294433593750000e+03 2.316083984375000000e+03 3.292102355957031250e+02
2.106458282470703125e+01 2.644157226562500000e+03 2.314976318359375000e+03 3.291808471679687500e+02
2.108498954772949219e+01 2.642848876953125000e+03 2.313871337890625000e+03 3.289780883789062500e+02
2.110540008544921875e+01 2.642750976562500000e+03 2.313902099609375000e+03 3.288494262695312500e+02
2.112580680847167969e+01 2.641294189453125000e+03 2.312800292968750000e+03 3.284939575195312500e+02
2.114621734619140625e+01 2.639885253906250000e+03 2.311699951171875000e+03 3.281852722167968750e+02
2.116662406921386719e+01 2.639426757812500000e+03 2.311732910156250000e+03 3.276933593750000000e+02
2.118703079223632812e+01 2.637954833984375000e+03 2.310636474609375000e+03 3.273188781738281250e+02
2.120744132995605469e+01 2.636727050781250000e+03 2.309541259765625000e+03 3.271858215332031250e+02
2.122784996032714844e+01 2.636861328125000000e+03 2.309576660156250000e+03 3.272847290039062500e+02
2.124826049804687500e+01 2.635609863281250000e+03 2.308484375000000000e+03 3.271256713867187500e+02
2.126866722106933594e+01 2.635649169921875000e+03 2.308520751953125000e+03 3.271286926269531250e+02
2.128907775878906250e+01 2.635632568359375000e+03 2.308556640625000000e+03 3.270763549804687500e+02
2.130948448181152344e+01 2.634427734375000000e+03 2.307468994140625000e+03 3.269589538574218750e+02
2.132989501953125000e+01 2.634356445312500000e+03 2.307505859375000000e+03 3.268511657714843750e+02
2.135030174255371094e+01 2.633220214843750000e+03 2.306421386718750000e+03 3.267987976074218750e+02
2.137071228027343750e+01 2.631878906250000000e+03 2.305338623046875000e+03 3.265404663085937500e+02
2.139112091064453125e+01 2.630342773437500000e+03 2.304258544921875000e+03 3.260841674804687500e+02
2.141152763366699219e+01 2.629666748046875000e+03 2.304298583984375000e+03 3.253684082031250000e+02
2.143193817138671875e+01 2.627770996093750000e+03 2.303221191406250000e+03 3.245494384765625000e+02
2.145234489440917969e+01 2.625849121093750000e+03 2.302145996093750000e+03 3.237029724121093750e+02
2.147275543212890625e+01 2.623824707031250000e+03 2.301072509765625000e+03 3.227527465820312500e+02
2.149316215515136719e+01 2.622944824218750000e+03 2.301115478515625000e+03 3.218295593261718750e+02
2.151357269287109375e+01 2.622515136718750000e+03 2.301157714843750000e+03 3.213572692871093750e+02
2.153398132324218750e+01 2.622185546875000000e+03 2.301200195312500000e+03 3.209855041503906250e+02
2.155438995361328125e+01 2.621038330078125000e+03 2.300132080078125000e+03 3.209065856933593750e+02
2.157479858398437500e+01 2.620991943359375000e+03 2.300175537109375000e+03 3.208166503906250000e+02
2.159520912170410156e+01 2.620099853515625000e+03 2.299109863281250000e+03 3.209908142089843750e+02
2.161561584472656250e+01 2.618967773437500000e+03 2.298047119140625000e+03 3.209208374023437500e+02
2.163602256774902344e+01 2.618514404296875000e+03 2.298092041015625000e+03 3.204223632812500000e+02
2.165643310546875000e+01 2.616717773437500000e+03 2.297031982421875000e+03 3.196854858398437500e+02
2.167683982849121094e+01 2.615500000000000000e+03 2.295973388671875000e+03 3.195267028808593750e+02
2.169725036621093750e+01 2.617294921875000000e+03 2.297123779296875000e+03 3.201715087890625000e+02
2.171765899658203125e+01 2.616626464843750000e+03 2.296067626953125000e+03 3.205586853027343750e+02
2.173806953430175781e+01 2.615174804687500000e+03 2.295013183593750000e+03 3.201617431640625000e+02
2.175847625732421875e+01 2.614968994140625000e+03 2.295061035156250000e+03 3.199074401855468750e+02
2.177888679504394531e+01 2.613520996093750000e+03 2.294009277343750000e+03 3.195117797851562500e+02
2.179929351806640625e+01 2.611176757812500000e+03 2.291861816406250000e+03 3.193146057128906250e+02
2.181970405578613281e+01 2.610940429687500000e+03 2.291912109375000000e+03 3.190283508300781250e+02
2.184011077880859375e+01 2.609726806640625000e+03 2.290866943359375000e+03 3.188604125976562500e+02
2.186051940917968750e+01 2.608317626953125000e+03 2.289823486328125000e+03 3.184945678710937500e+02
2.188092994689941406e+01 2.607117675781250000e+03 2.288781494140625000e+03 3.183359069824218750e+02
2.190133666992187500e+01 2.607091552734375000e+03 2.288834716796875000e+03 3.182566223144531250e+02
2.192174720764160156e+01 2.606109863281250000e+03 2.287795898437500000e+03 3.183142700195312500e+02
2.194215393066406250e+01 2.603826416015625000e+03 2.285667968750000000e+03 3.181582336425781250e+02
2.196256446838378906e+01 2.603570800781250000e+03 2.285723876953125000e+03 3.178470458984375000e+02
2.198297119140625000e+01 2.603175781250000000e+03 2.285780273437500000e+03 3.173957519531250000e+02
2.200338172912597656e+01 2.603015625000000000e+03 2.285835693359375000e+03 3.171806640625000000e+02
2.202378845214843750e+01 2.601764404296875000e+03 2.284804687500000000e+03 3.169599914550781250e+02
2.204419898986816406e+01 2.600515136718750000e+03 2.283775146484375000e+03 3.167397766113281250e+02
2.206460762023925781e+01 2.599416748046875000e+03 2.282747802734375000e+03 3.166695861816406250e+02
2.208501434326171875e+01 2.599292480468750000e+03 2.282806396484375000e+03 3.164868164062500000e+02
2.210542488098144531e+01 2.597818115234375000e+03 2.281781494140625000e+03 3.160362854003906250e+02
2.212583160400390625e+01 2.595329345703125000e+03 2.279677001953125000e+03 3.156526184082031250e+02
2.214624214172363281e+01 2.594978027343750000e+03 2.279737792968750000e+03 3.152406311035156250e+02
2.216664886474609375e+01 2.594804443359375000e+03 2.279799316406250000e+03 3.150048522949218750e+02
2.218705940246582031e+01 2.594573242187500000e+03 2.279859863281250000e+03 3.147135009765625000e+02
2.220746803283691406e+01 2.593723144531250000e+03 2.278842773437500000e+03 3.148796997070312500e+02
2.222787857055664062e+01 2.593832031250000000e+03 2.278904296875000000e+03 3.149271545410156250e+02
2.224828529357910156e+01 2.592574462890625000e+03 2.277889892578125000e+03 3.146845703125000000e+02
2.226869583129882812e+01 2.591559814453125000e+03 2.276876953125000000e+03 3.146834716796875000e+02
2.228910255432128906e+01 2.591590332031250000e+03 2.276940429687500000e+03 3.146506042480468750e+02
2.230951309204101562e+01 2.590638183593750000e+03 2.275930419921875000e+03 3.147079772949218750e+02
2.232991981506347656e+01 2.589474853515625000e+03 2.274922607421875000e+03 3.145527648925781250e+02
2.235032844543457031e+01 2.589660888671875000e+03 2.274987548828125000e+03 3.146731567382812500e+02
2.237073898315429688e+01 2.587585205078125000e+03 2.272911865234375000e+03 3.146729125976562500e+02
2.239114570617675781e+01 2.587786376953125000e+03 2.272978759765625000e+03 3.148073425292968750e+02
2.241155624389648438e+01 2.586759521484375000e+03 2.271976562500000000e+03 3.147832946777343750e+02
2.243196296691894531e+01 2.586646484375000000e+03 2.272044189453125000e+03 3.146022644042968750e+02
2.245237350463867188e+01 2.585624267578125000e+03 2.271045166015625000e+03 3.145787963867187500e+02
2.247278022766113281e+01 2.584434570312500000e+03 2.270048095703125000e+03 3.143871765136718750e+02
2.249319076538085938e+01 2.584144287109375000e+03 2.270116699218750000e+03 3.140278320312500000e+02
2.251359748840332031e+01 2.582935302734375000e+03 2.269122070312500000e+03 3.138134765625000000e+02
2.253400802612304688e+01 2.580803466796875000e+03 2.268129394531250000e+03 3.126734924316406250e+02
2.255441665649414062e+01 2.579001953125000000e+03 2.267138427734375000e+03 3.118630981445312500e+02
2.257482337951660156e+01 2.577272949218750000e+03 2.266149414062500000e+03 3.111228332519531250e+02
2.259523391723632812e+01 2.576710205078125000e+03 2.266221679687500000e+03 3.104887084960937500e+02
2.261564064025878906e+01 2.576567382812500000e+03 2.266293701171875000e+03 3.102733154296875000e+02
2.263605117797851562e+01 2.576509033203125000e+03 2.266365234375000000e+03 3.101435546875000000e+02
2.265645790100097656e+01 2.575013916015625000e+03 2.265380371093750000e+03 3.096342163085937500e+02
2.267686843872070312e+01 2.574710449218750000e+03 2.265452880859375000e+03 3.092574768066406250e+02
2.269727706909179688e+01 2.572100585937500000e+03 2.263416015625000000e+03 3.086845092773437500e+02
2.271768760681152344e+01 2.570903564453125000e+03 2.262436035156250000e+03 3.084674682617187500e+02
2.273809432983398438e+01 2.569628173828125000e+03 2.261458496093750000e+03 3.081695251464843750e+02
2.275850486755371094e+01 2.568554687500000000e+03 2.260481933593750000e+03 3.080723266601562500e+02
2.277891159057617188e+01 2.568618164062500000e+03 2.260559082031250000e+03 3.080597839355468750e+02
2.279931831359863281e+01 2.569620361328125000e+03 2.261685546875000000e+03 3.079347839355468750e+02
2.281972885131835938e+01 2.569330566406250000e+03 2.261760986328125000e+03 3.075697021484375000e+02
2.284013748168945312e+01 2.567029785156250000e+03 2.259739990234375000e+03 3.072904357910156250e+02
2.286054801940917969e+01 2.566991943359375000e+03 2.259816650390625000e+03 3.071756286621093750e+02
2.288095474243164062e+01 2.566057128906250000e+03 2.258847656250000000e+03 3.072100219726562500e+02
2.290136528015136719e+01 2.564822509765625000e+03 2.257879394531250000e+03 3.069435119628906250e+02
2.292177200317382812e+01 2.564012939453125000e+03 2.256914062500000000e+03 3.070984497070312500e+02
2.294218254089355469e+01 2.564267333984375000e+03 2.256992919921875000e+03 3.072740478515625000e+02
2.296258926391601562e+01 2.564438720703125000e+03 2.257072265625000000e+03 3.073658752441406250e+02
2.298299980163574219e+01 2.562268066406250000e+03 2.255067626953125000e+03 3.072000427246093750e+02
2.300340652465820312e+01 2.563167236328125000e+03 2.256189208984375000e+03 3.069783020019531250e+02
2.302381515502929688e+01 2.562793212890625000e+03 2.256269042968750000e+03 3.065243835449218750e+02
2.304422569274902344e+01 2.560667724609375000e+03 2.254270263671875000e+03 3.063969726562500000e+02
2.306463241577148438e+01 2.560391113281250000e+03 2.254351806640625000e+03 3.060396423339843750e+02
2.308504295349121094e+01 2.559166992187500000e+03 2.253395751953125000e+03 3.057713012695312500e+02
2.310544967651367188e+01 2.557772705078125000e+03 2.252441406250000000e+03 3.053315429687500000e+02
2.312586021423339844e+01 2.558532958984375000e+03 2.253559082031250000e+03 3.049743347167968750e+02
2.314626693725585938e+01 2.557162109375000000e+03 2.252606201171875000e+03 3.045558471679687500e+02
2.316667747497558594e+01 2.556098632812500000e+03 2.251654785156250000e+03 3.044443969726562500e+02
2.318708610534667969e+01 2.555941894531250000e+03 2.251738037109375000e+03 3.042042236328125000e+02
2.320749664306640625e+01 2.554647460937500000e+03 2.250789550781250000e+03 3.038581848144531250e+02
2.322790336608886719e+01 2.553256103515625000e+03 2.249842773437500000e+03 3.034132690429687500e+02
2.324831008911132812e+01 2.552155761718750000e+03 2.248897460937500000e+03 3.032585754394531250e+02
2.326872062683105469e+01 2.552321777343750000e+03 2.248982421875000000e+03 3.033393859863281250e+02
2.328912734985351562e+01 2.551300537109375000e+03 2.248039550781250000e+03 3.032608032226562500e+02
2.330953788757324219e+01 2.549261230468750000e+03 2.246071044921875000e+03 3.031900939941406250e+02
2.332994651794433594e+01 2.549008544921875000e+03 2.246158447265625000e+03 3.028498535156250000e+02
2.335035514831542969e+01 2.546970214843750000e+03 2.244195312500000000e+03 3.027744445800781250e+02
2.337076377868652344e+01 2.546832519531250000e+03 2.244284423828125000e+03 3.025478820800781250e+02
2.339117431640625000e+01 2.545819580078125000e+03 2.243349609375000000e+03 3.024704895019531250e+02
2.341158103942871094e+01 2.545863037109375000e+03 2.243438964843750000e+03 3.024244689941406250e+02
2.343199157714843750e+01 2.544754394531250000e+03 2.242506591796875000e+03 3.022475585937500000e+02
2.345239830017089844e+01 2.543782714843750000e+03 2.241575927734375000e+03 3.022069702148437500e+02
2.347280502319335938e+01 2.543731933593750000e+03 2.241666748046875000e+03 3.020646972656250000e+02
2.349321556091308594e+01 2.542794189453125000e+03 2.240738525390625000e+03 3.020553588867187500e+02
2.351362419128417969e+01 2.541787597656250000e+03 2.239811767578125000e+03 3.019762573242187500e+02
2.353403472900390625e+01 2.540997558593750000e+03 2.238886718750000000e+03 3.021106872558593750e+02
2.355444145202636719e+01 2.541150146484375000e+03 2.238979248046875000e+03 3.021706542968750000e+02
2.357485198974609375e+01 2.539860595703125000e+03 2.238056396484375000e+03 3.018043212890625000e+02
2.359525871276855469e+01 2.538422851562500000e+03 2.237135253906250000e+03 3.012872924804687500e+02
2.361566925048828125e+01 2.538259765625000000e+03 2.237229003906250000e+03 3.010309448242187500e+02
2.363607597351074219e+01 2.537125488281250000e+03 2.236310546875000000e+03 3.008150939941406250e+02
2.365648651123046875e+01 2.536081787109375000e+03 2.235392578125000000e+03 3.006897277832031250e+02
2.367689514160156250e+01 2.534992187500000000e+03 2.234477294921875000e+03 3.005151367187500000e+02
2.369730567932128906e+01 2.535146728515625000e+03 2.234572998046875000e+03 3.005734863281250000e+02
2.371771240234375000e+01 2.533039306640625000e+03 2.232650390625000000e+03 3.003896484375000000e+02
2.373811912536621094e+01 2.530869140625000000e+03 2.230730957031250000e+03 3.001380004882812500e+02
2.375852966308593750e+01 2.530460693359375000e+03 2.230829833984375000e+03 2.996309509277343750e+02
2.377893638610839844e+01 2.527290527343750000e+03 2.228915527343750000e+03 2.983754882812500000e+02
2.379934692382812500e+01 2.526289794921875000e+03 2.228009521484375000e+03 2.982797546386718750e+02
2.381975364685058594e+01 2.525497314453125000e+03 2.227106201171875000e+03 2.983907775878906250e+02
2.384016418457031250e+01 2.524666015625000000e+03 2.226203369140625000e+03 2.984623413085937500e+02
2.386057281494140625e+01 2.523666748046875000e+03 2.225302734375000000e+03 2.983640747070312500e+02
2.388098335266113281e+01 2.523172119140625000e+03 2.225405761718750000e+03 2.977659912109375000e+02
2.390139007568359375e+01 2.523033203125000000e+03 2.225508544921875000e+03 2.975245056152343750e+02
2.392180061340332031e+01 2.521906250000000000e+03 2.224610595703125000e+03 2.972964172363281250e+02
2.394220733642578125e+01 2.519682617187500000e+03 2.222714355468750000e+03 2.969682312011718750e+02
2.396261405944824219e+01 2.520692382812500000e+03 2.223818847656250000e+03 2.968735046386718750e+02
2.398302459716796875e+01 2.520407714843750000e+03 2.223922363281250000e+03 2.964850463867187500e+02
2.400343322753906250e+01 2.519233154296875000e+03 2.223029052734375000e+03 2.962043762207031250e+02
2.402384376525878906e+01 2.518272949218750000e+03 2.222136718750000000e+03 2.961364440917968750e+02
2.404425048828125000e+01 2.518325439453125000e+03 2.222241943359375000e+03 2.960839233398437500e+02
2.406466102600097656e+01 2.517179687500000000e+03 2.221351806640625000e+03 2.958283386230468750e+02
2.408506774902343750e+01 2.517103027343750000e+03 2.221457763671875000e+03 2.956457824707031250e+02
2.410547828674316406e+01 2.517055419921875000e+03 2.221562988281250000e+03 2.954927978515625000e+02
2.412588500976562500e+01 2.516134277343750000e+03 2.220676269531250000e+03 2.954580993652343750e+02
2.414629554748535156e+01 2.515977539062500000e+03 2.220781982421875000e+03 2.951956481933593750e+02
2.416670417785644531e+01 2.516728515625000000e+03 2.221878417968750000e+03 2.948501281738281250e+02
2.418711090087890625e+01 2.515405273437500000e+03 2.220993408203125000e+03 2.944119873046875000e+02
2.420752143859863281e+01 2.515712158203125000e+03 2.221098632812500000e+03 2.946139221191406250e+02
2.422792816162109375e+01 2.514396484375000000e+03 2.220215820312500000e+03 2.941803588867187500e+02
2.424833869934082031e+01 2.514320068359375000e+03 2.220321533203125000e+03 2.939988403320312500e+02
2.426874542236328125e+01 2.513599609375000000e+03 2.219440917968750000e+03 2.941590270996093750e+02
2.428915596008300781e+01 2.513287841796875000e+03 2.218561523437500000e+03 2.947268676757812500e+02
2.430956268310546875e+01 2.512284912109375000e+03 2.217683837890625000e+03 2.946011657714843750e+02
2.432997322082519531e+01 2.512360595703125000e+03 2.217791015625000000e+03 2.945694580078125000e+02
2.435038185119628906e+01 2.511166015625000000e+03 2.216915771484375000e+03 2.942500000000000000e+02
