## NTRMN  = 60
## NTRANS = 111
-1.196487247943878174e-01 0.000000000000000000e+00 0.000000000000000000e+00 0.000000000000000000e+00
-9.923987835645675659e-02 0.000000000000000000e+00 0.000000000000000000e+00 0.000000000000000000e+00
-7.883103936910629272e-02 0.000000000000000000e+00 0.000000000000000000e+00 0.000000000000000000e+00
-5.842219665646553040e-02 0.000000000000000000e+00 0.000000000000000000e+00 0.000000000000000000e+00
-3.801335394382476807e-02 0.000000000000000000e+00 0.000000000000000000e+00 0.000000000000000000e+00
-1.760451123118400574e-02 0.000000000000000000e+00 0.000000000000000000e+00 0.000000000000000000e+00
2.321236208081245422e-02 0.000000000000000000e+00 0.000000000000000000e+00 0.000000000000000000e+00
4.362120479345321655e-02 0.000000000000000000e+00 0.000000000000000000e+00 0.000000000000000000e+00
6.403004378080368042e-02 0.000000000000000000e+00 0.000000000000000000e+00 0.000000000000000000e+00
1.048477292060852051e-01 0.000000000000000000e+00 0.000000000000000000e+00 0.000000000000000000e+00
1.252557635307312012e-01 0.000000000000000000e+00 0.000000000000000000e+00 0.000000000000000000e+00
1.456646025180816650e-01 0.000000000000000000e+00 0.000000000000000000e+00 0.000000000000000000e+00
1.660734415054321289e-01 0.000000000000000000e+00 0.000000000000000000e+00 0.000000000000000000e+00
2.068911343812942505e-01 0.000000000000000000e+00 0.000000000000000000e+00 0.000000000000000000e+00
2.272991687059402466e-01 0.000000000000000000e+00 0.000000000000000000e+00 0.000000000000000000e+00
2.477080076932907104e-01 0.000000000000000000e+00 0.000000000000000000e+00 0.000000000000000000e+00
2.681168317794799805e-01 0.000000000000000000e+00 0.000000000000000000e+00 0.000000000000000000e+00
2.885257005691528320e-01 0.000000000000000000e+00 0.000000000000000000e+00 0.000000000000000000e+00
3.089345395565032959e-01 0.000000000000000000e+00 0.000000000000000000e+00 0.000000000000000000e+00
3.293433785438537598e-01 0.000000000000000000e+00 0.000000000000000000e+00 0.000000000000000000e+00
3.905690908432006836e-01 0.000000000000000000e+00 0.000000000000000000e+00 0.000000000000000000e+00
4.109779298305511475e-01 0.000000000000000000e+00 0.000000000000000000e+00 0.000000000000000000e+00
4.313867688179016113e-01 0.000000000000000000e+00 0.000000000000000000e+00 0.000000000000000000e+00
4.517956078052520752e-01 0.000000000000000000e+00 0.000000000000000000e+00 0.000000000000000000e+00
4.722036421298980713e-01 0.000000000000000000e+00 0.000000000000000000e+00 0.000000000000000000e+00
4.926124811172485352e-01 0.000000000000000000e+00 0.000000000000000000e+00 0.000000000000000000e+00
5.130213499069213867e-01 0.000000000000000000e+00 0.000000000000000000e+00 0.000000000000000000e+00
5.334301590919494629e-01 0.000000000000000000e+00 0.000000000000000000e+00 0.000000000000000000e+00
5.538390278816223145e-01 0.000000000000000000e+00 0.000000000000000000e+00 0.000000000000000000e+00
5.742470622062683105e-01 0.000000000000000000e+00 0.000000000000000000e+00 0.000000000000000000e+00
5.946558713912963867e-01 0.000000000000000000e+00 0.000000000000000000e+00 0.000000000000000000e+00
6.150647401809692383e-01 0.000000000000000000e+00 0.000000000000000000e+00 0.000000000000000000e+00
6.354735493659973145e-01 0.000000000000000000e+00 0.000000000000000000e+00 0.000000000000000000e+00
6.558824181556701660e-01 0.000000000000000000e+00 0.000000000000000000e+00 0.000000000000000000e+00
6.762912869453430176e-01 0.000000000000000000e+00 0.000000000000000000e+00 0.000000000000000000e+00
6.966992616653442383e-01 0.000000000000000000e+00 0.000000000000000000e+00 0.000000000000000000e+00
7.171081304550170898e-01 0.000000000000000000e+00 0.000000000000000000e+00 0.000000000000000000e+00
7.375169992446899414e-01 0.000000000000000000e+00 0.000000000000000000e+00 0.000000000000000000e+00
7.579258084297180176e-01 0.000000000000000000e+00 0.000000000000000000e+00 0.000000000000000000e+00
7.783346772193908691e-01 0.000000000000000000e+00 0.000000000000000000e+00 0.000000000000000000e+00
7.987434864044189453e-01 0.000000000000000000e+00 0.000000000000000000e+00 0.000000000000000000e+00
8.191515207290649414e-01 0.000000000000000000e+00 0.000000000000000000e+00 0.000000000000000000e+00
8.395603895187377930e-01 0.000000000000000000e+00 0.000000000000000000e+00 0.000000000000000000e+00
8.599691987037658691e-01 0.000000000000000000e+00 0.000000000000000000e+00 0.000000000000000000e+00
8.803780674934387207e-01 0.000000000000000000e+00 0.000000000000000000e+00 0.000000000000000000e+00
9.007868766784667969e-01 0.000000000000000000e+00 0.000000000000000000e+00 0.000000000000000000e+00
9.211949110031127930e-01 0.000000000000000000e+00 0.000000000000000000e+00 0.000000000000000000e+00
9.416037797927856445e-01 0.000000000000000000e+00 0.000000000000000000e+00 0.000000000000000000e+00
9.620125889778137207e-01 0.000000000000000000e+00 0.000000000000000000e+00 0.000000000000000000e+00
9.824214577674865723e-01 0.000000000000000000e+00 0.000000000000000000e+00 0.000000000000000000e+00
1.002830266952514648e+00 0.000000000000000000e+00 0.000000000000000000e+00 0.000000000000000000e+00
1.023239135742187500e+00 0.000000000000000000e+00 0.000000000000000000e+00 0.000000000000000000e+00
1.043647170066833496e+00 0.000000000000000000e+00 0.000000000000000000e+00 0.000000000000000000e+00
1.064056038856506348e+00 0.000000000000000000e+00 0.000000000000000000e+00 0.000000000000000000e+00
1.084464907646179199e+00 0.000000000000000000e+00 0.000000000000000000e+00 0.000000000000000000e+00
1.104873657226562500e+00 0.000000000000000000e+00 0.000000000000000000e+00 0.000000000000000000e+00
1.125282526016235352e+00 0.000000000000000000e+00 0.000000000000000000e+00 0.000000000000000000e+00
1.145691394805908203e+00 0.000000000000000000e+00 0.000000000000000000e+00 0.000000000000000000e+00
1.166099429130554199e+00 0.000000000000000000e+00 0.000000000000000000e+00 0.000000000000000000e+00
1.186508297920227051e+00 0.000000000000000000e+00 0.000000000000000000e+00 0.000000000000000000e+00
1.206917047500610352e+00 0.000000000000000000e+00 0.000000000000000000e+00 0.000000000000000000e+00
1.227325916290283203e+00 0.000000000000000000e+00 0.000000000000000000e+00 0.000000000000000000e+00
1.247734785079956055e+00 0.000000000000000000e+00 0.000000000000000000e+00 0.000000000000000000e+00
1.268142819404602051e+00 0.000000000000000000e+00 0.000000000000000000e+00 0.000000000000000000e+00
1.288551688194274902e+00 0.000000000000000000e+00 0.000000000000000000e+00 0.000000000000000000e+00
1.308960556983947754e+00 0.000000000000000000e+00 0.000000000000000000e+00 0.000000000000000000e+00
1.329369306564331055e+00 0.000000000000000000e+00 0.000000000000000000e+00 0.000000000000000000e+00
1.349778175354003906e+00 0.000000000000000000e+00 0.000000000000000000e+00 0.000000000000000000e+00
1.411003947257995605e+00 5.773539428710937500e+02 5.773539428710937500e+02 0.000000000000000000e+00
1.431412696838378906e+00 5.473807983398437500e+02 5.473807983398437500e+02 0.000000000000000000e+00
1.451821565628051758e+00 5.550208129882812500e+02 5.550208129882812500e+02 0.000000000000000000e+00
1.472230434417724609e+00 5.473268432617187500e+02 5.473268432617187500e+02 0.000000000000000000e+00
1.492639303207397461e+00 6.055995483398437500e+02 6.055995483398437500e+02 0.000000000000000000e+00
1.574273824691772461e+00 1.132881225585937500e+03 1.132881225585937500e+03 0.000000000000000000e+00
1.594682693481445312e+00 1.309783691406250000e+03 1.309783691406250000e+03 0.000000000000000000e+00
1.655908346176147461e+00 1.284775634765625000e+03 1.284775634765625000e+03 0.000000000000000000e+00
1.676317214965820312e+00 1.247855346679687500e+03 1.247855346679687500e+03 0.000000000000000000e+00
1.696726083755493164e+00 1.185580444335937500e+03 1.185580444335937500e+03 0.000000000000000000e+00
1.717134952545166016e+00 1.217913940429687500e+03 1.217913940429687500e+03 0.000000000000000000e+00
1.819178342819213867e+00 1.138280273437500000e+03 1.138280273437500000e+03 1.322135858572437428e-07
1.839587211608886719e+00 1.142829589843750000e+03 1.142829589843750000e+03 1.442506345483707264e-07
1.859995245933532715e+00 1.114330932617187500e+03 1.114330932617187500e+03 1.606672270781928091e-07
1.880403995513916016e+00 1.070664062500000000e+03 1.070664062500000000e+03 1.806443492569087539e-07
1.900812864303588867e+00 1.040025390625000000e+03 1.040025390625000000e+03 2.003512520332151325e-07
1.921221733093261719e+00 1.019382812500000000e+03 1.019382812500000000e+03 2.182349732038346701e-07
1.941630601882934570e+00 1.018284851074218750e+03 1.018284851074218750e+03 2.297332173384347698e-07
1.962038636207580566e+00 1.030387207031250000e+03 1.030387207031250000e+03 2.368178257938780007e-07
1.982447385787963867e+00 1.037772216796875000e+03 1.037772216796875000e+03 2.432235532978666015e-07
2.002856254577636719e+00 1.033771484375000000e+03 1.033771484375000000e+03 2.547507449435215676e-07
2.064081907272338867e+00 1.032913940429687500e+03 1.032913940429687500e+03 2.880117904169310350e-07
2.084490776062011719e+00 1.030725097656250000e+03 1.030725097656250000e+03 3.018399183929432184e-07
2.104899644851684570e+00 1.029374877929687500e+03 1.029374877929687500e+03 3.147014524529367918e-07
2.125308513641357422e+00 1.030415893554687500e+03 1.030415893554687500e+03 3.249595579291053582e-07
2.145717382431030273e+00 1.034003295898437500e+03 1.034003295898437500e+03 3.318669428153953049e-07
2.166126251220703125e+00 1.040396362304687500e+03 1.040396362304687500e+03 3.370371075561706675e-07
2.186535120010375977e+00 1.048969360351562500e+03 1.048969360351562500e+03 3.428667412208596943e-07
2.206943988800048828e+00 1.059661743164062500e+03 1.059661743164062500e+03 3.526539842368947575e-07
2.227352619171142578e+00 1.070372924804687500e+03 1.070372924804687500e+03 3.670859598514653044e-07
2.288577556610107422e+00 1.135656250000000000e+03 1.083683593750000000e+03 5.197266387939453125e+01
2.329395294189453125e+00 1.183673950195312500e+03 1.065722045898437500e+03 1.179519958496093750e+02
2.431439638137817383e+00 1.188203369140625000e+03 1.023948852539062500e+03 1.642544860839843750e+02
2.472257137298583984e+00 1.170646972656250000e+03 9.934868164062500000e+02 1.771602630615234375e+02
2.492664337158203125e+00 1.176020629882812500e+03 9.959174194335937500e+02 1.801032257080078125e+02
2.553890943527221680e+00 1.222271484375000000e+03 9.917260131835937500e+02 2.305454101562500000e+02
2.594708681106567383e+00 1.228992797851562500e+03 9.954999389648437500e+02 2.334928283691406250e+02
2.615117549896240234e+00 1.241599975585937500e+03 9.996312866210937500e+02 2.419687194824218750e+02
2.717159986495971680e+00 1.259197387695312500e+03 1.002617858886718750e+03 2.565794372558593750e+02
2.757977724075317383e+00 1.253694702148437500e+03 9.955911865234375000e+02 2.581034545898437500e+02
2.778386592864990234e+00 1.254982543945312500e+03 9.943094482421875000e+02 2.606730957031250000e+02
2.798795461654663086e+00 1.256855834960937500e+03 9.913355102539062500e+02 2.655203857421875000e+02
2.819204330444335938e+00 1.258827392578125000e+03 9.858573608398437500e+02 2.729700317382812500e+02
2.839613199234008789e+00 1.260436035156250000e+03 9.770856323242187500e+02 2.833503112792968750e+02
2.860022068023681641e+00 1.254985107421875000e+03 9.684392700195312500e+02 2.865459594726562500e+02
2.880430698394775391e+00 1.207284790039062500e+03 9.333202514648437500e+02 2.739646911621093750e+02
2.900839567184448242e+00 1.233537353515625000e+03 9.746184692382812500e+02 2.589189147949218750e+02
2.921248435974121094e+00 1.271757202148437500e+03 1.000588500976562500e+03 2.711689758300781250e+02
3.023291110992431641e+00 1.264255004882812500e+03 9.739429931640625000e+02 2.903117065429687500e+02
3.043699979782104492e+00 1.270348266601562500e+03 9.752776489257812500e+02 2.950703735351562500e+02
3.064108848571777344e+00 1.252912475585937500e+03 9.765944213867187500e+02 2.763179626464843750e+02
3.309013366699218750e+00 1.253907104492187500e+03 9.520632324218750000e+02 3.018443908691406250e+02
3.329421997070312500e+00 1.276214233398437500e+03 9.613265380859375000e+02 3.148876037597656250e+02
3.431464672088623047e+00 1.270957153320312500e+03 9.529707031250000000e+02 3.179860839843750000e+02
3.615144252777099609e+00 1.269075561523437500e+03 9.369992065429687500e+02 3.320764465332031250e+02
3.635553121566772461e+00 1.264570190429687500e+03 9.389823608398437500e+02 3.255881042480468750e+02
3.860048770904541016e+00 1.279065307617187500e+03 9.420486450195312500e+02 3.370164794921875000e+02
3.900864839553833008e+00 1.274192993164062500e+03 9.389423828125000000e+02 3.352504882812500000e+02
3.921273708343505859e+00 1.274847412109375000e+03 9.413814086914062500e+02 3.334661865234375000e+02
4.023317813873291016e+00 1.290425659179687500e+03 9.526105957031250000e+02 3.378152770996093750e+02
4.043726921081542969e+00 1.294251220703125000e+03 9.566827392578125000e+02 3.375685424804687500e+02
4.145769119262695312e+00 1.281066406250000000e+03 9.521906738281250000e+02 3.288758850097656250e+02
4.288630962371826172e+00 1.275830444335937500e+03 9.534053955078125000e+02 3.224252624511718750e+02
4.390673637390136719e+00 1.281673095703125000e+03 9.585087890625000000e+02 3.231643676757812500e+02
4.411082744598388672e+00 1.288036865234375000e+03 9.600438232421875000e+02 3.279929504394531250e+02
4.431491374969482422e+00 1.284256103515625000e+03 9.615646362304687500e+02 3.226912841796875000e+02
4.451900482177734375e+00 1.285718383789062500e+03 9.630714721679687500e+02 3.226469726562500000e+02
4.472309112548828125e+00 1.284955200195312500e+03 9.634942016601562500e+02 3.214609069824218750e+02
4.492718219757080078e+00 1.284778808593750000e+03 9.639129638671875000e+02 3.208657836914062500e+02
4.615169525146484375e+00 1.279828491210937500e+03 9.642733154296875000e+02 3.155552062988281250e+02
4.778439998626708984e+00 1.284222900390625000e+03 9.719053955078125000e+02 3.123172607421875000e+02
4.941709518432617188e+00 1.302137207031250000e+03 9.892064208984375000e+02 3.129310302734375000e+02
4.982526779174804688e+00 1.302317871093750000e+03 9.911923828125000000e+02 3.111253967285156250e+02
5.002935886383056641e+00 1.302494628906250000e+03 9.914554443359375000e+02 3.110390319824218750e+02
5.023344516754150391e+00 1.296793090820312500e+03 9.874273071289062500e+02 3.093659667968750000e+02
5.043751716613769531e+00 1.302930664062500000e+03 9.933994140625000000e+02 3.095312194824218750e+02
5.084569454193115234e+00 1.303631958007812500e+03 9.953118286132812500e+02 3.083201599121093750e+02
5.104978561401367188e+00 1.303618164062500000e+03 9.964911499023437500e+02 3.071269226074218750e+02
5.125387191772460938e+00 1.303265380859375000e+03 9.967267456054687500e+02 3.065387573242187500e+02
5.145796298980712891e+00 1.302483398437500000e+03 9.969606933593750000e+02 3.055229797363281250e+02
5.166204929351806641e+00 1.305014282226562500e+03 1.000436218261718750e+03 3.045782470703125000e+02
5.186613559722900391e+00 1.302028686523437500e+03 9.997305297851562500e+02 3.022982788085937500e+02
5.207022666931152344e+00 1.302876098632812500e+03 1.001329040527343750e+03 3.015472717285156250e+02
5.227431297302246094e+00 1.303989868164062500e+03 1.002457153320312500e+03 3.015327148437500000e+02
5.288656234741210938e+00 1.307167236328125000e+03 1.006694885253906250e+03 3.004726867675781250e+02
5.309065341949462891e+00 1.307839233398437500e+03 1.007784912109375000e+03 3.000546264648437500e+02
5.329473972320556641e+00 1.308292968750000000e+03 1.008866760253906250e+03 2.994264831542968750e+02
5.349883079528808594e+00 1.307944824218750000e+03 1.009045227050781250e+03 2.988996582031250000e+02
5.370291709899902344e+00 1.307429199218750000e+03 1.009668334960937500e+03 2.977608337402343750e+02
5.390700340270996094e+00 1.307101562500000000e+03 1.010286560058593750e+03 2.968150634765625000e+02
5.492744922637939453e+00 1.312259887695312500e+03 1.016795776367187500e+03 2.954642639160156250e+02
5.594787597656250000e+00 1.312392333984375000e+03 1.018360961914062500e+03 2.940317077636718750e+02
5.615196228027343750e+00 1.311228515625000000e+03 1.018070312500000000e+03 2.931583557128906250e+02
5.656013965606689453e+00 1.310469848632812500e+03 1.018765014648437500e+03 2.917048034667968750e+02
5.676422595977783203e+00 1.309431152343750000e+03 1.019319519042968750e+03 2.901114807128906250e+02
5.696831703186035156e+00 1.309168823242187500e+03 1.019449707031250000e+03 2.897192993164062500e+02
5.798874378204345703e+00 1.306633056640625000e+03 1.020500366210937500e+03 2.861333312988281250e+02
5.819283008575439453e+00 1.305365600585937500e+03 1.020623779296875000e+03 2.847415771484375000e+02
5.839691638946533203e+00 1.305413574218750000e+03 1.021566162109375000e+03 2.838476257324218750e+02
5.880509376525878906e+00 1.304570068359375000e+03 1.022617187500000000e+03 2.819530029296875000e+02
5.900918483734130859e+00 1.303989135742187500e+03 1.022731506347656250e+03 2.812578430175781250e+02
5.921327114105224609e+00 1.304339965820312500e+03 1.023249328613281250e+03 2.810906066894531250e+02
5.962143421173095703e+00 1.303722045898437500e+03 1.024274780273437500e+03 2.794474792480468750e+02
5.982552051544189453e+00 1.304418334960937500e+03 1.024781982421875000e+03 2.796363830566406250e+02
6.002961158752441406e+00 1.304781372070312500e+03 1.024887084960937500e+03 2.798945007324218750e+02
6.023369789123535156e+00 1.304477905273437500e+03 1.025388671875000000e+03 2.790893859863281250e+02
6.105005264282226562e+00 1.305754760742187500e+03 1.027754394531250000e+03 2.780006408691406250e+02
6.125413894653320312e+00 1.306384277343750000e+03 1.028238403320312500e+03 2.781462402343750000e+02
6.145823001861572266e+00 1.306920288085937500e+03 1.028718994140625000e+03 2.782015686035156250e+02
6.166231632232666016e+00 1.315292724609375000e+03 1.037737548828125000e+03 2.775552368164062500e+02
6.186640739440917969e+00 1.308414306640625000e+03 1.030057739257812500e+03 2.783567199707031250e+02
6.207047939300537109e+00 1.310339965820312500e+03 1.030527954101562500e+03 2.798122558593750000e+02
6.227456569671630859e+00 1.308597045898437500e+03 1.030610351562500000e+03 2.779869384765625000e+02
6.288682937622070312e+00 1.307875976562500000e+03 1.031235107421875000e+03 2.766412353515625000e+02
6.309092044830322266e+00 1.308199829101562500e+03 1.031693725585937500e+03 2.765060119628906250e+02
6.329500675201416016e+00 1.308600830078125000e+03 1.031770996093750000e+03 2.768302307128906250e+02
6.349909782409667969e+00 1.309253662109375000e+03 1.032978881835937500e+03 2.762748718261718750e+02
6.451952457427978516e+00 1.307888916015625000e+03 1.034080322265625000e+03 2.738087768554687500e+02
6.513178825378417969e+00 1.307668090820312500e+03 1.035385864257812500e+03 2.722824401855468750e+02
6.533587455749511719e+00 1.307414794921875000e+03 1.035449340820312500e+03 2.719656372070312500e+02
6.594814300537109375e+00 1.307680908203125000e+03 1.036000122070312500e+03 2.716810607910156250e+02
6.635632038116455078e+00 1.307484619140625000e+03 1.037564331054687500e+03 2.699203186035156250e+02
6.656040668487548828e+00 1.307560546875000000e+03 1.038339111328125000e+03 2.692215881347656250e+02
6.676447868347167969e+00 1.303985351562500000e+03 1.035523925781250000e+03 2.684612731933593750e+02
6.696856975555419922e+00 1.311886962890625000e+03 1.038087524414062500e+03 2.737995300292968750e+02
6.717265605926513672e+00 1.307914916992187500e+03 1.040279418945312500e+03 2.676358642578125000e+02
6.778491973876953125e+00 1.307924560546875000e+03 1.041477905273437500e+03 2.664471435546875000e+02
6.798901081085205078e+00 1.323822753906250000e+03 1.057365234375000000e+03 2.664575195312500000e+02
6.941761016845703125e+00 1.309850830078125000e+03 1.045260864257812500e+03 2.645899353027343750e+02
6.962170124053955078e+00 1.308564819335937500e+03 1.045635131835937500e+03 2.629292907714843750e+02
6.982578754425048828e+00 1.361698486328125000e+03 1.099147827148437500e+03 2.625508422851562500e+02
7.002987861633300781e+00 1.309252441406250000e+03 1.046719238281250000e+03 2.625333557128906250e+02
7.023396492004394531e+00 1.309109375000000000e+03 1.046745239257812500e+03 2.623644409179687500e+02
7.043805599212646484e+00 1.310852905273437500e+03 1.047790771484375000e+03 2.630620117187500000e+02
7.064214229583740234e+00 1.308992309570312500e+03 1.047135864257812500e+03 2.618566589355468750e+02
7.105031967163085938e+00 1.308512329101562500e+03 1.047858886718750000e+03 2.606536560058593750e+02
7.125439167022705078e+00 1.308446655273437500e+03 1.047881469726562500e+03 2.605648803710937500e+02
7.145847797393798828e+00 1.305380126953125000e+03 1.045558593750000000e+03 2.598214416503906250e+02
7.166256904602050781e+00 1.302399169921875000e+03 1.043249145507812500e+03 2.591500244140625000e+02
7.186665534973144531e+00 1.308069458007812500e+03 1.048614013671875000e+03 2.594557189941406250e+02
7.207074642181396484e+00 1.308218261718750000e+03 1.048966308593750000e+03 2.592523193359375000e+02
7.227483272552490234e+00 1.308263427734375000e+03 1.048653930664062500e+03 2.596094360351562500e+02
7.247892379760742188e+00 1.308145874023437500e+03 1.048673828125000000e+03 2.594720458984375000e+02
7.268301010131835938e+00 1.344967773437500000e+03 1.084923461914062500e+03 2.600441894531250000e+02
7.288710117340087891e+00 1.307887939453125000e+03 1.048713012695312500e+03 2.591749877929687500e+02
7.309118747711181641e+00 1.308215209960937500e+03 1.049387573242187500e+03 2.588276672363281250e+02
7.329527378082275391e+00 1.308264160156250000e+03 1.049731689453125000e+03 2.585322570800781250e+02
7.349936485290527344e+00 1.308396728515625000e+03 1.050073974609375000e+03 2.583227539062500000e+02
7.370343685150146484e+00 1.308319580078125000e+03 1.050414428710937500e+03 2.579053039550781250e+02
7.390752315521240234e+00 1.307621826171875000e+03 1.050105102539062500e+03 2.575166931152343750e+02
7.411161422729492188e+00 1.345902099609375000e+03 1.087267089843750000e+03 2.586346740722656250e+02
7.431570053100585938e+00 1.307751586914062500e+03 1.051102172851562500e+03 2.566492309570312500e+02
7.492796897888183594e+00 1.306394287109375000e+03 1.051458984375000000e+03 2.549351043701171875e+02
7.513205528259277344e+00 1.306713500976562500e+03 1.052107666015625000e+03 2.546056518554687500e+02
7.533614635467529297e+00 1.306655029296875000e+03 1.051799560546875000e+03 2.548552246093750000e+02
7.554023265838623047e+00 1.305985717773437500e+03 1.051493164062500000e+03 2.544924011230468750e+02
7.574431896209716797e+00 1.305891479492187500e+03 1.051820556640625000e+03 2.540711669921875000e+02
7.594839096069335938e+00 1.305852050781250000e+03 1.052146362304687500e+03 2.537057495117187500e+02
7.615248203277587891e+00 1.305919555664062500e+03 1.052784545898437500e+03 2.531351928710937500e+02
7.635656833648681641e+00 1.302785644531250000e+03 1.050597534179687500e+03 2.521882781982421875e+02
7.656065940856933594e+00 1.305783081054687500e+03 1.053425292968750000e+03 2.523576812744140625e+02
7.676474571228027344e+00 1.305768432617187500e+03 1.053743164062500000e+03 2.520251312255859375e+02
7.696883678436279297e+00 1.306492431640625000e+03 1.054059326171875000e+03 2.524332580566406250e+02
7.717292308807373047e+00 1.305540283203125000e+03 1.054373779296875000e+03 2.511661682128906250e+02
7.737701416015625000e+00 1.305492919921875000e+03 1.054686645507812500e+03 2.508059387207031250e+02
7.758110046386718750e+00 1.305416015625000000e+03 1.054997680664062500e+03 2.504183959960937500e+02
7.778518676757812500e+00 1.305387084960937500e+03 1.054999633789062500e+03 2.503875885009765625e+02
7.798927783966064453e+00 1.304953735351562500e+03 1.055308349609375000e+03 2.496456604003906250e+02
7.819334983825683594e+00 1.304636352539062500e+03 1.055309570312500000e+03 2.493268432617187500e+02
7.839743614196777344e+00 1.304601318359375000e+03 1.055615966796875000e+03 2.489856414794921875e+02
7.860152721405029297e+00 1.304454467773437500e+03 1.055920532226562500e+03 2.485340270996093750e+02
7.880561351776123047e+00 1.304118896484375000e+03 1.055919921875000000e+03 2.481988830566406250e+02
7.900970458984375000e+00 1.304026123046875000e+03 1.056222412109375000e+03 2.478036346435546875e+02
7.962196826934814453e+00 1.302582397460937500e+03 1.055616943359375000e+03 2.469653320312500000e+02
7.982605457305908203e+00 1.302074707031250000e+03 1.055617065429687500e+03 2.464577178955078125e+02
8.003014564514160156e+00 1.277459472656250000e+03 1.029294067382812500e+03 2.481655426025390625e+02
8.023423194885253906e+00 1.307765747070312500e+03 1.057109130859375000e+03 2.506565093994140625e+02
8.043831825256347656e+00 1.303894165039062500e+03 1.055022338867187500e+03 2.488713378906250000e+02
8.064239501953125000e+00 1.301212036132812500e+03 1.055914794921875000e+03 2.452973175048828125e+02
8.084648132324218750e+00 1.300880493164062500e+03 1.055914184570312500e+03 2.449664611816406250e+02
8.145874977111816406e+00 1.299441406250000000e+03 1.055030761718750000e+03 2.444106750488281250e+02
8.166283607482910156e+00 1.298353393554687500e+03 1.054446044921875000e+03 2.439078063964843750e+02
8.186692237854003906e+00 1.298109985351562500e+03 1.054449218750000000e+03 2.436607666015625000e+02
8.207100868225097656e+00 1.297885498046875000e+03 1.054452270507812500e+03 2.434331665039062500e+02
8.349961280822753906e+00 1.294588867187500000e+03 1.053326660156250000e+03 2.412619628906250000e+02
8.390779495239257812e+00 1.293642456054687500e+03 1.053052856445312500e+03 2.405899047851562500e+02
8.411188125610351562e+00 1.259348999023437500e+03 1.019475097656250000e+03 2.398738098144531250e+02
8.452005386352539062e+00 1.291766601562500000e+03 1.052222167968750000e+03 2.395444335937500000e+02
8.472414970397949219e+00 1.291616210937500000e+03 1.052230468750000000e+03 2.393858337402343750e+02
8.574457168579101562e+00 1.289848266601562500e+03 1.051992553710937500e+03 2.378556976318359375e+02
8.594865798950195312e+00 1.289168212890625000e+03 1.051722656250000000e+03 2.374456787109375000e+02
8.615275382995605469e+00 1.289024902343750000e+03 1.051732055664062500e+03 2.372929687500000000e+02
8.635684013366699219e+00 1.288813110351562500e+03 1.051741455078125000e+03 2.370715026855468750e+02
8.656092643737792969e+00 1.288553710937500000e+03 1.051474243164062500e+03 2.370793457031250000e+02
8.676501274108886719e+00 1.288062133789062500e+03 1.051484130859375000e+03 2.365780029296875000e+02
8.696909904479980469e+00 1.287539550781250000e+03 1.051218627929687500e+03 2.363210754394531250e+02
8.717319488525390625e+00 1.287415893554687500e+03 1.051229125976562500e+03 2.361869964599609375e+02
8.737728118896484375e+00 1.327274291992187500e+03 1.091787597656250000e+03 2.354867858886718750e+02
8.758134841918945312e+00 1.286777099609375000e+03 1.051523437500000000e+03 2.352537841796875000e+02
8.778544425964355469e+00 1.286395385742187500e+03 1.051533203125000000e+03 2.348621520996093750e+02
8.798953056335449219e+00 1.285763183593750000e+03 1.051270507812500000e+03 2.344924926757812500e+02
8.880588531494140625e+00 1.283459716796875000e+03 1.050502441406250000e+03 2.329574890136718750e+02
8.941814422607421875e+00 1.282548706054687500e+03 1.050537963867187500e+03 2.320108795166015625e+02
8.982630729675292969e+00 1.281956176757812500e+03 1.050561401367187500e+03 2.313949584960937500e+02
9.003039360046386719e+00 1.279583251953125000e+03 1.048711791992187500e+03 2.308714294433593750e+02
9.043857574462890625e+00 1.280324218750000000e+03 1.050596191406250000e+03 2.297285308837890625e+02
9.064266204833984375e+00 1.280049438476562500e+03 1.050343505859375000e+03 2.297056884765625000e+02
9.207128524780273438e+00 1.277590087890625000e+03 1.049646240234375000e+03 2.279434051513671875e+02
9.227535247802734375e+00 1.277482910156250000e+03 1.050178710937500000e+03 2.273042297363281250e+02
9.247943878173828125e+00 1.276552490234375000e+03 1.049673095703125000e+03 2.268795166015625000e+02
9.268353462219238281e+00 1.275621337890625000e+03 1.049169677734375000e+03 2.264518432617187500e+02
9.288762092590332031e+00 1.275065429687500000e+03 1.048926269531250000e+03 2.261388702392578125e+02
9.329579353332519531e+00 1.273375732421875000e+03 1.047929443359375000e+03 2.254461669921875000e+02
9.452031135559082031e+00 1.269181396484375000e+03 1.046003906250000000e+03 2.231777343750000000e+02
9.472439765930175781e+00 1.266864379882812500e+03 1.044255737304687500e+03 2.226085968017578125e+02
9.492848396301269531e+00 1.266763183593750000e+03 1.044028198242187500e+03 2.227353363037109375e+02
9.513257980346679688e+00 1.265777221679687500e+03 1.043549804687500000e+03 2.222276000976562500e+02
9.533666610717773438e+00 1.266435058593750000e+03 1.044580200195312500e+03 2.218553619384765625e+02
9.554075241088867188e+00 1.267192382812500000e+03 1.045606201171875000e+03 2.215865478515625000e+02
9.574483871459960938e+00 1.267658569335937500e+03 1.046377685546875000e+03 2.212808074951171875e+02
9.594892501831054688e+00 1.267141967773437500e+03 1.046147949218750000e+03 2.209943237304687500e+02
9.615302085876464844e+00 1.267374755859375000e+03 1.046417236328125000e+03 2.209577789306640625e+02
9.635710716247558594e+00 1.266829956054687500e+03 1.046188354492187500e+03 2.206421203613281250e+02
9.656119346618652344e+00 1.266503906250000000e+03 1.046208496093750000e+03 2.202956390380859375e+02
9.676527023315429688e+00 1.266012817382812500e+03 1.045981201171875000e+03 2.200317382812500000e+02
9.696935653686523438e+00 1.265459350585937500e+03 1.045754760742187500e+03 2.197046813964843750e+02
9.717344284057617188e+00 1.265237060546875000e+03 1.045775634765625000e+03 2.194617004394531250e+02
9.737752914428710938e+00 1.264661987304687500e+03 1.045550537109375000e+03 2.191116485595703125e+02
9.758161544799804688e+00 1.264392822265625000e+03 1.045571655273437500e+03 2.188211975097656250e+02
9.778571128845214844e+00 1.263815551757812500e+03 1.045348022460937500e+03 2.184675292968750000e+02
9.798979759216308594e+00 1.263260253906250000e+03 1.045125244140625000e+03 2.181350555419921875e+02
9.819388389587402344e+00 1.262688232421875000e+03 1.044903320312500000e+03 2.177848815917968750e+02
9.839797019958496094e+00 1.262112182617187500e+03 1.044682495117187500e+03 2.174296417236328125e+02
9.860206604003906250e+00 1.261812744140625000e+03 1.044705078125000000e+03 2.171076812744140625e+02
9.880615234375000000e+00 1.261294799804687500e+03 1.044485595703125000e+03 2.168091888427734375e+02
9.901023864746093750e+00 1.260683227539062500e+03 1.044266845703125000e+03 2.164163665771484375e+02
9.921431541442871094e+00 1.260203125000000000e+03 1.044049194335937500e+03 2.161540679931640625e+02
9.941840171813964844e+00 1.259663574218750000e+03 1.043832275390625000e+03 2.158311920166015625e+02
9.962248802185058594e+00 1.259454589843750000e+03 1.043856567382812500e+03 2.155983581542968750e+02
9.982657432556152344e+00 1.258942016601562500e+03 1.043640991210937500e+03 2.153008117675781250e+02
1.000306606292724609e+01 1.258454711914062500e+03 1.043426147460937500e+03 2.150290832519531250e+02
1.002347564697265625e+01 1.257940063476562500e+03 1.043212402343750000e+03 2.147277526855468750e+02
1.004388427734375000e+01 1.257421386718750000e+03 1.042999267578125000e+03 2.144219818115234375e+02
1.006429290771484375e+01 1.256765380859375000e+03 1.042549438476562500e+03 2.142161254882812500e+02
1.008470153808593750e+01 1.256288085937500000e+03 1.042338500976562500e+03 2.139492797851562500e+02
1.010511112213134766e+01 1.255880615234375000e+03 1.042128540039062500e+03 2.137516784667968750e+02
1.012551975250244141e+01 1.255430786132812500e+03 1.041919433593750000e+03 2.135118103027343750e+02
1.014592647552490234e+01 1.255221069335937500e+03 1.041947265625000000e+03 2.132740173339843750e+02
1.016633605957031250e+01 1.254765014648437500e+03 1.041739501953125000e+03 2.130258636474609375e+02
1.018674468994140625e+01 1.254073120117187500e+03 1.041297241210937500e+03 2.127758636474609375e+02
1.020715332031250000e+01 1.253671020507812500e+03 1.041091552734375000e+03 2.125793457031250000e+02
1.022756195068359375e+01 1.253238647460937500e+03 1.040886596679687500e+03 2.123521728515625000e+02
1.024797058105468750e+01 1.252790039062500000e+03 1.040682495117187500e+03 2.121073760986328125e+02
1.026838016510009766e+01 1.252352416992187500e+03 1.040479125976562500e+03 2.118733825683593750e+02
1.030919742584228516e+01 1.251384765625000000e+03 1.040074829101562500e+03 2.113099822998046875e+02
1.032960605621337891e+01 1.250926635742187500e+03 1.039874023437500000e+03 2.110529632568359375e+02
1.035001564025878906e+01 1.250647827148437500e+03 1.039673828125000000e+03 2.109741363525390625e+02
1.037042236328125000e+01 1.250098876953125000e+03 1.039705444335937500e+03 2.103936614990234375e+02
1.039083099365234375e+01 1.249358520507812500e+03 1.039276123046875000e+03 2.100823059082031250e+02
1.041123962402343750e+01 1.247525024414062500e+03 1.037928588867187500e+03 2.095968322753906250e+02
1.043164920806884766e+01 1.248977416992187500e+03 1.039340332031250000e+03 2.096373138427734375e+02
1.045205783843994141e+01 1.248549682617187500e+03 1.038914184570312500e+03 2.096356811523437500e+02
1.047246646881103516e+01 1.248002197265625000e+03 1.038718139648437500e+03 2.092843627929687500e+02
1.049287509918212891e+01 1.247605834960937500e+03 1.038523071289062500e+03 2.090831298828125000e+02
1.051328468322753906e+01 1.247109619140625000e+03 1.037645507812500000e+03 2.094642486572265625e+02
1.053369331359863281e+01 1.248217773437500000e+03 1.036998657226562500e+03 2.112190704345703125e+02
1.055410194396972656e+01 1.246322387695312500e+03 1.037942016601562500e+03 2.083802795410156250e+02
1.057451057434082031e+01 1.245949829101562500e+03 1.037749877929687500e+03 2.081997070312500000e+02
1.059491920471191406e+01 1.245482421875000000e+03 1.037558471679687500e+03 2.079240570068359375e+02
1.061532688140869141e+01 1.245254394531250000e+03 1.037593505859375000e+03 2.076607818603515625e+02
1.063573551177978516e+01 1.244638427734375000e+03 1.037178100585937500e+03 2.074604644775390625e+02
1.065614414215087891e+01 1.244163940429687500e+03 1.036988891601562500e+03 2.071752014160156250e+02
1.067655372619628906e+01 1.244464355468750000e+03 1.035679199218750000e+03 2.087857055664062500e+02
1.069696235656738281e+01 1.243305419921875000e+03 1.036612670898437500e+03 2.066929473876953125e+02
1.071737098693847656e+01 1.243124877929687500e+03 1.036648925781250000e+03 2.064761199951171875e+02
1.073777961730957031e+01 1.242473022460937500e+03 1.036239257812500000e+03 2.062339324951171875e+02
1.075818920135498047e+01 1.242025024414062500e+03 1.036053588867187500e+03 2.059715576171875000e+02
1.077859783172607422e+01 1.241611206054687500e+03 1.035868652343750000e+03 2.057425689697265625e+02
1.079900646209716797e+01 1.241244628906250000e+03 1.035684448242187500e+03 2.055603332519531250e+02
1.081941509246826172e+01 1.240824584960937500e+03 1.035500854492187500e+03 2.053235473632812500e+02
1.083982276916503906e+01 1.240218383789062500e+03 1.035097290039062500e+03 2.051211242675781250e+02
1.086023139953613281e+01 1.239990966796875000e+03 1.035135986328125000e+03 2.048553009033203125e+02
1.088064002990722656e+01 1.239378051757812500e+03 1.034734497070312500e+03 2.046437225341796875e+02
1.090104866027832031e+01 1.238966186523437500e+03 1.034554199218750000e+03 2.044122314453125000e+02
1.092145824432373047e+01 1.238355834960937500e+03 1.034155273437500000e+03 2.042007751464843750e+02
1.094186687469482422e+01 1.238193725585937500e+03 1.034195312500000000e+03 2.039983215332031250e+02
1.096227550506591797e+01 1.237598144531250000e+03 1.033798461914062500e+03 2.037997283935546875e+02
1.098268413543701172e+01 1.237203125000000000e+03 1.033621337890625000e+03 2.035818176269531250e+02
1.100309371948242188e+01 1.236578613281250000e+03 1.033227050781250000e+03 2.033517456054687500e+02
1.102350234985351562e+01 1.236203979492187500e+03 1.033051513671875000e+03 2.031527099609375000e+02
1.104391098022460938e+01 1.235590698242187500e+03 1.032659667968750000e+03 2.029310607910156250e+02
1.106431770324707031e+01 1.235190307617187500e+03 1.032485961914062500e+03 2.027041473388671875e+02
1.108472728729248047e+01 1.234820190429687500e+03 1.032312744140625000e+03 2.025074310302734375e+02
1.110513591766357422e+01 1.234199340820312500e+03 1.031924560546875000e+03 2.022747955322265625e+02
1.112554454803466797e+01 1.233859008789062500e+03 1.031753051757812500e+03 2.021062622070312500e+02
1.114595317840576172e+01 1.233245117187500000e+03 1.031367187500000000e+03 2.018778686523437500e+02
1.116636276245117188e+01 1.232874633789062500e+03 1.031197265625000000e+03 2.016776733398437500e+02
1.118677139282226562e+01 1.232310546875000000e+03 1.030813964843750000e+03 2.014967193603515625e+02
1.120718002319335938e+01 1.231923706054687500e+03 1.030645751953125000e+03 2.012783508300781250e+02
1.122758865356445312e+01 1.231548950195312500e+03 1.030478027343750000e+03 2.010709228515625000e+02
1.124799728393554688e+01 1.230950439453125000e+03 1.030098022460937500e+03 2.008524017333984375e+02
1.126840686798095703e+01 1.230400146484375000e+03 1.029719360351562500e+03 2.006809692382812500e+02
1.128881549835205078e+01 1.229969116210937500e+03 1.029554321289062500e+03 2.004148559570312500e+02
1.130922222137451172e+01 1.229424194335937500e+03 1.029178222656250000e+03 2.002459106445312500e+02
1.132963180541992188e+01 1.229041748046875000e+03 1.029014770507812500e+03 2.000270690917968750e+02
1.135004043579101562e+01 1.228667846679687500e+03 1.028851806640625000e+03 1.998162689208984375e+02
1.137044906616210938e+01 1.228082031250000000e+03 1.028478759765625000e+03 1.996031951904296875e+02
1.139085769653320312e+01 1.227748291015625000e+03 1.028317382812500000e+03 1.994306793212890625e+02
1.141126728057861328e+01 1.227375000000000000e+03 1.028156494140625000e+03 1.992185668945312500e+02
1.143167591094970703e+01 1.226549560546875000e+03 1.027577514648437500e+03 1.989715576171875000e+02
1.145208454132080078e+01 1.226143676757812500e+03 1.027418579101562500e+03 1.987251892089843750e+02
1.147249317169189453e+01 1.225788940429687500e+03 1.027260131835937500e+03 1.985287933349609375e+02
1.149290180206298828e+01 1.225218994140625000e+03 1.026893920898437500e+03 1.983253784179687500e+02
1.161535358428955078e+01 1.227115600585937500e+03 1.024106079101562500e+03 2.030097351074218750e+02
1.163576221466064453e+01 1.220923461914062500e+03 1.023749938964843750e+03 1.971734161376953125e+02
1.165617179870605469e+01 1.220393798828125000e+03 1.023395263671875000e+03 1.969984436035156250e+02
1.173780632019042969e+01 1.218937133789062500e+03 1.022396118164062500e+03 1.965411376953125000e+02
1.179903125762939453e+01 1.217251586914062500e+03 1.021554443359375000e+03 1.956972961425781250e+02
1.181944084167480469e+01 1.218966308593750000e+03 1.022626037597656250e+03 1.963404235839843750e+02
1.183984947204589844e+01 1.215833862304687500e+03 1.021065490722656250e+03 1.947682647705078125e+02
1.188066673278808594e+01 1.214944458007812500e+03 1.020580017089843750e+03 1.943645935058593750e+02
1.202352714538574219e+01 1.234281250000000000e+03 1.040907470703125000e+03 1.933735961914062500e+02
1.204393577575683594e+01 1.216661499023437500e+03 1.020459594726562500e+03 1.962016448974609375e+02
1.206434535980224609e+01 1.212749389648437500e+03 1.017542724609375000e+03 1.952066650390625000e+02
1.214597988128662109e+01 1.205419677734375000e+03 1.013857116699218750e+03 1.915621795654296875e+02
1.216638946533203125e+01 1.207900512695312500e+03 1.016485290527343750e+03 1.914153137207031250e+02
1.218679809570312500e+01 1.212193725585937500e+03 1.019104675292968750e+03 1.930894012451171875e+02
1.220720672607421875e+01 1.207242797851562500e+03 1.016028076171875000e+03 1.912143859863281250e+02
1.222761440277099609e+01 1.209063476562500000e+03 1.018443603515625000e+03 1.906197357177734375e+02
1.224802303314208984e+01 1.205968505859375000e+03 1.015573974609375000e+03 1.903947448730468750e+02
1.226843166351318359e+01 1.205434448242187500e+03 1.015250427246093750e+03 1.901841430664062500e+02
1.228884029388427734e+01 1.205462280273437500e+03 1.015317504882812500e+03 1.901448822021484375e+02
1.232965850830078125e+01 1.203474365234375000e+03 1.013898010253906250e+03 1.895763854980468750e+02
1.235006713867187500e+01 1.203103393554687500e+03 1.013773132324218750e+03 1.893303833007812500e+02
1.239088439941406250e+01 1.201761108398437500e+03 1.012945068359375000e+03 1.888160095214843750e+02
1.245211124420166016e+01 1.200274414062500000e+03 1.012001770019531250e+03 1.882725982666015625e+02
1.247251892089843750e+01 1.200752929687500000e+03 1.011689575195312500e+03 1.890634613037109375e+02
1.251333618164062500e+01 1.198056030273437500e+03 1.010685180664062500e+03 1.873709716796875000e+02
1.253374481201171875e+01 1.197315673828125000e+03 1.010185424804687500e+03 1.871301422119140625e+02
1.255415344238281250e+01 1.197102050781250000e+03 1.009878112792968750e+03 1.872239990234375000e+02
1.257456302642822266e+01 1.196798095703125000e+03 1.009762084960937500e+03 1.870360565185546875e+02
1.259497165679931641e+01 1.196436401367187500e+03 1.009646301269531250e+03 1.867900543212890625e+02
1.265619850158691406e+01 1.194085083007812500e+03 1.008166687011718750e+03 1.859184265136718750e+02
1.271742343902587891e+01 1.192576171875000000e+03 1.007454467773437500e+03 1.851217651367187500e+02
1.273783206939697266e+01 1.192024536132812500e+03 1.007155822753906250e+03 1.848685302734375000e+02
1.275824069976806641e+01 1.191352050781250000e+03 1.006670471191406250e+03 1.846814727783203125e+02
1.279905796051025391e+01 1.192929931640625000e+03 1.006452697753906250e+03 1.864772186279296875e+02
1.290110301971435547e+01 1.187734008789062500e+03 1.004244262695312500e+03 1.834896545410156250e+02
1.292150974273681641e+01 1.187201171875000000e+03 1.003769836425781250e+03 1.834312286376953125e+02
1.296232795715332031e+01 1.186059448242187500e+03 1.003009948730468750e+03 1.830495758056640625e+02
1.302355384826660156e+01 1.184651611328125000e+03 1.001970764160156250e+03 1.826805725097656250e+02
1.304396247863769531e+01 1.186554077148437500e+03 1.003155944824218750e+03 1.833982849121093750e+02
1.308478069305419922e+01 1.183001831054687500e+03 1.000941528320312500e+03 1.820606231689453125e+02
1.310518932342529297e+01 1.182543823242187500e+03 1.000661315917968750e+03 1.818825378417968750e+02
1.316641426086425781e+01 1.180977905273437500e+03 9.996445922851562500e+02 1.813332824707031250e+02
1.318682289123535156e+01 1.180332031250000000e+03 9.991867065429687500e+02 1.811455230712890625e+02
1.328886699676513672e+01 1.177905761718750000e+03 9.978190307617187500e+02 1.800866394042968750e+02
1.330927658081054688e+01 1.177465087890625000e+03 9.975480957031250000e+02 1.799170532226562500e+02
1.332968521118164062e+01 1.177117553710937500e+03 9.972778930664062500e+02 1.798397521972656250e+02
1.335009384155273438e+01 1.176604980468750000e+03 9.971878662109375000e+02 1.794171295166015625e+02
1.337050247192382812e+01 1.175975585937500000e+03 9.967398681640625000e+02 1.792359466552734375e+02
1.339091014862060547e+01 1.175786254882812500e+03 9.966511840820312500e+02 1.791352081298828125e+02
1.347254562377929688e+01 1.173607910156250000e+03 9.952319335937500000e+02 1.783761901855468750e+02
1.349295425415039062e+01 1.173023803710937500e+03 9.947911376953125000e+02 1.782328643798828125e+02
1.351336288452148438e+01 1.172144409179687500e+03 9.941744384765625000e+02 1.779700317382812500e+02
1.353377151489257812e+01 1.172649047851562500e+03 9.946210327148437500e+02 1.780281372070312500e+02
1.355418109893798828e+01 1.171400878906250000e+03 9.938298950195312500e+02 1.775712738037109375e+02
1.357458972930908203e+01 1.171216552734375000e+03 9.935701293945312500e+02 1.776463623046875000e+02
1.359499835968017578e+01 1.171578857421875000e+03 9.927829589843750000e+02 1.787958221435546875e+02
1.361540508270263672e+01 1.142946899414062500e+03 9.679105224609375000e+02 1.750364227294921875e+02
1.363581562042236328e+01 1.170063598632812500e+03 9.927957763671875000e+02 1.772677612304687500e+02
1.365622234344482422e+01 1.169678710937500000e+03 9.927145996093750000e+02 1.769643707275390625e+02
1.367663288116455078e+01 1.169067382812500000e+03 9.922832641601562500e+02 1.767843322753906250e+02
1.369704055786132812e+01 1.168663208007812500e+03 9.920281982421875000e+02 1.766352386474609375e+02
1.371745109558105469e+01 1.168253662109375000e+03 9.917738037109375000e+02 1.764798889160156250e+02
1.373785781860351562e+01 1.167665283203125000e+03 9.913461303710937500e+02 1.763195495605468750e+02
1.375826835632324219e+01 1.167194702148437500e+03 9.910934448242187500e+02 1.761015167236328125e+02
1.377867507934570312e+01 1.166598266601562500e+03 9.906680297851562500e+02 1.759303436279296875e+02
1.379908561706542969e+01 1.165973388671875000e+03 9.902437133789062500e+02 1.757296905517578125e+02
1.381949329376220703e+01 1.163773559570312500e+03 9.882615966796875000e+02 1.755118560791015625e+02
1.383990383148193359e+01 1.164945922851562500e+03 9.895716552734375000e+02 1.753743438720703125e+02
1.386031055450439453e+01 1.164339477539062500e+03 9.891510009765625000e+02 1.751887054443359375e+02
1.388071823120117188e+01 1.163766113281250000e+03 9.887315673828125000e+02 1.750344696044921875e+02
1.390112876892089844e+01 1.163179199218750000e+03 9.883131103515625000e+02 1.748662414550781250e+02
1.392153549194335938e+01 1.162757446289062500e+03 9.880681152343750000e+02 1.746896820068359375e+02
1.394194602966308594e+01 1.162185302734375000e+03 9.876519165039062500e+02 1.745334320068359375e+02
1.396235370635986328e+01 1.161419555664062500e+03 9.870655517578125000e+02 1.743540954589843750e+02
1.398276424407958984e+01 1.160851318359375000e+03 9.866520385742187500e+02 1.741995391845703125e+02
1.400317096710205078e+01 1.160313964843750000e+03 9.862397460937500000e+02 1.740742492675781250e+02
1.402358150482177734e+01 1.159853759765625000e+03 9.859992675781250000e+02 1.738545532226562500e+02
1.404398918151855469e+01 1.159517089843750000e+03 9.857598876953125000e+02 1.737570343017578125e+02
1.406439971923828125e+01 1.158771240234375000e+03 9.851803588867187500e+02 1.735908813476562500e+02
1.408480644226074219e+01 1.158242675781250000e+03 9.847727050781250000e+02 1.734699859619140625e+02
1.410521411895751953e+01 1.157869384765625000e+03 9.845359497070312500e+02 1.733334197998046875e+02
1.412562465667724609e+01 1.157503295898437500e+03 9.842996826171875000e+02 1.732035369873046875e+02
1.414603137969970703e+01 1.156943237304687500e+03 9.838950195312500000e+02 1.730479431152343750e+02
1.416644191741943359e+01 1.156404296875000000e+03 9.834914550781250000e+02 1.729129486083984375e+02
1.418684959411621094e+01 1.155714965820312500e+03 9.829204711914062500e+02 1.727945861816406250e+02
1.420725917816162109e+01 1.155201416015625000e+03 9.825194091796875000e+02 1.726819915771484375e+02
1.422766685485839844e+01 1.154862548828125000e+03 9.822880249023437500e+02 1.725747528076171875e+02
1.424807739257812500e+01 1.154498779296875000e+03 9.820569458007812500e+02 1.724417572021484375e+02
1.426848411560058594e+01 1.153978637695312500e+03 9.816589355468750000e+02 1.723193054199218750e+02
1.428889465332031250e+01 1.153619018554687500e+03 9.814295654296875000e+02 1.721894531250000000e+02
1.430930233001708984e+01 1.153139526367187500e+03 9.810336303710937500e+02 1.721060180664062500e+02
1.432970905303955078e+01 1.152630371093750000e+03 9.806389160156250000e+02 1.719911804199218750e+02
1.435011959075927734e+01 1.152280029296875000e+03 9.804118652343750000e+02 1.718680419921875000e+02
1.437052726745605469e+01 1.151950561523437500e+03 9.801857910156250000e+02 1.717645416259765625e+02
1.439093780517578125e+01 1.151289672851562500e+03 9.796272583007812500e+02 1.716625518798828125e+02
1.441134452819824219e+01 1.150787353515625000e+03 9.792367553710937500e+02 1.715506591796875000e+02
1.443175506591796875e+01 1.150430419921875000e+03 9.790130004882812500e+02 1.714176025390625000e+02
1.445216274261474609e+01 1.150115478515625000e+03 9.787900390625000000e+02 1.713254089355468750e+02
1.447257328033447266e+01 1.149616699218750000e+03 9.784021606445312500e+02 1.712141723632812500e+02
1.449298000335693359e+01 1.148942138671875000e+03 9.778504638671875000e+02 1.710916442871093750e+02
1.451339054107666016e+01 1.148616699218750000e+03 9.776298217773437500e+02 1.709864349365234375e+02
1.453379821777343750e+01 1.148269775390625000e+03 9.774101562500000000e+02 1.708595733642578125e+02
1.455420494079589844e+01 1.147595947265625000e+03 9.768620605468750000e+02 1.707337646484375000e+02
1.457461547851562500e+01 1.147258178710937500e+03 9.766437988281250000e+02 1.706144714355468750e+02
1.459502315521240234e+01 1.146769775390625000e+03 9.762623291015625000e+02 1.705074920654296875e+02
1.461543273925781250e+01 1.146097778320312500e+03 9.757179565429687500e+02 1.703796691894531250e+02
1.463584041595458984e+01 1.145748168945312500e+03 9.755024414062500000e+02 1.702455749511718750e+02
1.465625095367431641e+01 1.145089965820312500e+03 9.749606323242187500e+02 1.701295471191406250e+02
1.467665767669677734e+01 1.144601684570312500e+03 9.745836791992187500e+02 1.700178070068359375e+02
1.469706821441650391e+01 1.143901733398437500e+03 9.740446777343750000e+02 1.698570861816406250e+02
1.471747589111328125e+01 1.143556518554687500e+03 9.738326416015625000e+02 1.697238159179687500e+02
1.473788642883300781e+01 1.142872558593750000e+03 9.732961425781250000e+02 1.695762481689453125e+02
1.475829315185546875e+01 1.142390014648437500e+03 9.729235839843750000e+02 1.694669036865234375e+02
1.477870082855224609e+01 1.142024414062500000e+03 9.727139282226562500e+02 1.693105468750000000e+02
1.479911136627197266e+01 1.141350463867187500e+03 9.721812744140625000e+02 1.691694030761718750e+02
1.481951808929443359e+01 1.141011474609375000e+03 9.719733276367187500e+02 1.690386199951171875e+02
1.483992862701416016e+01 1.140327392578125000e+03 9.714431152343750000e+02 1.688847961425781250e+02
1.486033630371093750e+01 1.139656250000000000e+03 9.709144287109375000e+02 1.687421722412109375e+02
1.488074684143066406e+01 1.139213256835937500e+03 9.705480346679687500e+02 1.686654357910156250e+02
1.490115356445312500e+01 1.138835205078125000e+03 9.703433837890625000e+02 1.684917907714843750e+02
1.492156410217285156e+01 1.138334594726562500e+03 9.699785766601562500e+02 1.683562316894531250e+02
1.494197177886962891e+01 1.137841064453125000e+03 9.696152343750000000e+02 1.682262115478515625e+02
1.496238231658935547e+01 1.137335083007812500e+03 9.692525024414062500e+02 1.680826263427734375e+02
1.498278903961181641e+01 1.137064941406250000e+03 9.690508422851562500e+02 1.680141906738281250e+02
1.500319957733154297e+01 1.136442016601562500e+03 9.685303955078125000e+02 1.679116210937500000e+02
1.502360725402832031e+01 1.135935791015625000e+03 9.681706542968750000e+02 1.677653656005859375e+02
1.504401397705078125e+01 1.135461547851562500e+03 9.678121337890625000e+02 1.676494598388671875e+02
1.506442451477050781e+01 1.134830200195312500e+03 9.672954101562500000e+02 1.675347900390625000e+02
1.508483123779296875e+01 1.134340576171875000e+03 9.669390869140625000e+02 1.674017333984375000e+02
1.510524177551269531e+01 1.134046630859375000e+03 9.667419433593750000e+02 1.673047180175781250e+02
1.512564945220947266e+01 1.133571166992187500e+03 9.663872680664062500e+02 1.671842498779296875e+02
1.514605998992919922e+01 1.133137329101562500e+03 9.660332641601562500e+02 1.671040191650390625e+02
1.516646671295166016e+01 1.132682739257812500e+03 9.656805419921875000e+02 1.670019836425781250e+02
1.518687725067138672e+01 1.132384277343750000e+03 9.654860229492187500e+02 1.668981323242187500e+02
1.520728492736816406e+01 1.131788940429687500e+03 9.649774780273437500e+02 1.668116912841796875e+02
1.522769546508789062e+01 1.131494506835937500e+03 9.647845458984375000e+02 1.667099304199218750e+02
1.524810218811035156e+01 1.131067871093750000e+03 9.644353027343750000e+02 1.666322631835937500e+02
1.526850986480712891e+01 1.130617797851562500e+03 9.640871582031250000e+02 1.665308990478515625e+02
1.528892040252685547e+01 1.130333740234375000e+03 9.638961181640625000e+02 1.664379425048828125e+02
1.530932712554931641e+01 1.130073852539062500e+03 9.637058105468750000e+02 1.663680419921875000e+02
1.532973766326904297e+01 1.129465942382812500e+03 9.632034912109375000e+02 1.662623596191406250e+02
1.535014533996582031e+01 1.129201416015625000e+03 9.630145874023437500e+02 1.661868591308593750e+02
1.537055587768554688e+01 1.128772827148437500e+03 9.626702880859375000e+02 1.661029663085937500e+02
1.539096260070800781e+01 1.128495483398437500e+03 9.624826660156250000e+02 1.660128631591796875e+02
1.541137313842773438e+01 1.127920898437500000e+03 9.619846801757812500e+02 1.659362487792968750e+02
1.543178081512451172e+01 1.127651611328125000e+03 9.617984008789062500e+02 1.658533020019531250e+02
1.545219039916992188e+01 1.127217895507812500e+03 9.614575805664062500e+02 1.657602081298828125e+02
1.547259807586669922e+01 1.126656860351562500e+03 9.609630126953125000e+02 1.656939086914062500e+02
1.549300575256347656e+01 1.126393798828125000e+03 9.607788085937500000e+02 1.656148376464843750e+02
1.551341533660888672e+01 1.126098144531250000e+03 9.605949707031250000e+02 1.655030822753906250e+02
1.553382301330566406e+01 1.125693725585937500e+03 9.602577514648437500e+02 1.654359130859375000e+02
1.555423355102539062e+01 1.125264282226562500e+03 9.599210205078125000e+02 1.653431701660156250e+02
1.557464027404785156e+01 1.124814819335937500e+03 9.595855712890625000e+02 1.652293853759765625e+02
1.559505081176757812e+01 1.124556640625000000e+03 9.594042358398437500e+02 1.651524200439453125e+02
1.561545848846435547e+01 1.123967651367187500e+03 9.589168701171875000e+02 1.650503692626953125e+02
1.563586902618408203e+01 1.123655395507812500e+03 9.587368774414062500e+02 1.649184570312500000e+02
1.565627574920654297e+01 1.123090698242187500e+03 9.582517089843750000e+02 1.648390350341796875e+02
1.567668342590332031e+01 1.122806884765625000e+03 9.580733032226562500e+02 1.647335510253906250e+02
1.569709396362304688e+01 1.122367919921875000e+03 9.577425537109375000e+02 1.646254882812500000e+02
1.571750068664550781e+01 1.121778808593750000e+03 9.572606201171875000e+02 1.645185546875000000e+02
1.573791122436523438e+01 1.121339721679687500e+03 9.569318847656250000e+02 1.644078979492187500e+02
1.575831890106201172e+01 1.121051513671875000e+03 9.567559814453125000e+02 1.642955932617187500e+02
1.577872943878173828e+01 1.120452514648437500e+03 9.562769165039062500e+02 1.641757202148437500e+02
1.579913616180419922e+01 1.119874023437500000e+03 9.557993164062500000e+02 1.640747833251953125e+02
1.581954383850097656e+01 1.119426391601562500e+03 9.554743041992187500e+02 1.639523010253906250e+02
1.583995437622070312e+01 1.118998413085937500e+03 9.551500244140625000e+02 1.638482818603515625e+02
1.586036109924316406e+01 1.118421875000000000e+03 9.546757202148437500e+02 1.637460479736328125e+02
1.588077163696289062e+01 1.117977905273437500e+03 9.543531494140625000e+02 1.636248626708984375e+02
1.590117931365966797e+01 1.117548950195312500e+03 9.540316162109375000e+02 1.635173187255859375e+02
1.592158889770507812e+01 1.117092529296875000e+03 9.537108154296875000e+02 1.633817443847656250e+02
1.594199657440185547e+01 1.116538085937500000e+03 9.532407226562500000e+02 1.632972106933593750e+02
1.596240711212158203e+01 1.115965332031250000e+03 9.527717285156250000e+02 1.631934661865234375e+02
1.598281383514404297e+01 1.115533447265625000e+03 9.524539184570312500e+02 1.630794982910156250e+02
1.600322532653808594e+01 1.115125732421875000e+03 9.521367797851562500e+02 1.629886016845703125e+02
1.602363204956054688e+01 1.114690551757812500e+03 9.518204956054687500e+02 1.628698883056640625e+02
1.604404258728027344e+01 1.114299072265625000e+03 9.515049438476562500e+02 1.627941589355468750e+02
1.606444931030273438e+01 1.113730346679687500e+03 9.510411987304687500e+02 1.626890106201171875e+02
1.608485603332519531e+01 1.113308715820312500e+03 9.507276000976562500e+02 1.625813903808593750e+02
1.610526657104492188e+01 1.112766723632812500e+03 9.502659301757812500e+02 1.625009613037109375e+02
1.612567520141601562e+01 1.112348144531250000e+03 9.499541625976562500e+02 1.623942260742187500e+02
1.614608573913574219e+01 1.111962158203125000e+03 9.496428833007812500e+02 1.623193359375000000e+02
1.616649246215820312e+01 1.111579956054687500e+03 9.493326416015625000e+02 1.622474212646484375e+02
1.618690299987792969e+01 1.111182861328125000e+03 9.490229492187500000e+02 1.621596679687500000e+02
1.620730972290039062e+01 1.110633178710937500e+03 9.485665283203125000e+02 1.620668640136718750e+02
1.622772026062011719e+01 1.110257934570312500e+03 9.482585449218750000e+02 1.619990539550781250e+02
1.624812698364257812e+01 1.109859741210937500e+03 9.479514160156250000e+02 1.619084167480468750e+02
1.626853752136230469e+01 1.109356445312500000e+03 9.474979248046875000e+02 1.618585510253906250e+02
1.628894615173339844e+01 1.108970458984375000e+03 9.471926879882812500e+02 1.617778015136718750e+02
1.630935287475585938e+01 1.108734130859375000e+03 9.470349731445312500e+02 1.616991271972656250e+02
1.632976341247558594e+01 1.108377197265625000e+03 9.467309570312500000e+02 1.616460876464843750e+02
1.635017013549804688e+01 1.107870727539062500e+03 9.462813110351562500e+02 1.615894165039062500e+02
1.637058067321777344e+01 1.107337646484375000e+03 9.458327026367187500e+02 1.615050354003906250e+02
1.639098739624023438e+01 1.107119995117187500e+03 9.456774291992187500e+02 1.614428253173828125e+02
1.641139793395996094e+01 1.106737182617187500e+03 9.453765258789062500e+02 1.613606109619140625e+02
1.643180465698242188e+01 1.106391967773437500e+03 9.450766601562500000e+02 1.613152923583984375e+02
1.645221519470214844e+01 1.105999511718750000e+03 9.447772216796875000e+02 1.612223663330078125e+02
1.647262382507324219e+01 1.105632324218750000e+03 9.444787597656250000e+02 1.611535339355468750e+02
1.649303436279296875e+01 1.105265136718750000e+03 9.441808471679687500e+02 1.610841979980468750e+02
1.651344108581542969e+01 1.104901245117187500e+03 9.438837890625000000e+02 1.610171966552734375e+02
1.653384780883789062e+01 1.104514526367187500e+03 9.435874023437500000e+02 1.609270782470703125e+02
1.655425834655761719e+01 1.104149902343750000e+03 9.432918090820312500e+02 1.608579254150390625e+02
1.657466506958007812e+01 1.103772583007812500e+03 9.429969482421875000e+02 1.607754669189453125e+02
1.659507560729980469e+01 1.103237792968750000e+03 9.425583496093750000e+02 1.606793212890625000e+02
1.661548423767089844e+01 1.102878051757812500e+03 9.422652587890625000e+02 1.606125946044921875e+02
1.663589477539062500e+01 1.102474365234375000e+03 9.419725952148437500e+02 1.605012359619140625e+02
1.665630149841308594e+01 1.102234375000000000e+03 9.418245239257812500e+02 1.604098052978515625e+02
1.667671203613281250e+01 1.101699462890625000e+03 9.413895874023437500e+02 1.603099212646484375e+02
1.669711875915527344e+01 1.101307128906250000e+03 9.410992431640625000e+02 1.602077178955078125e+02
1.671752929687500000e+01 1.100917602539062500e+03 9.408093872070312500e+02 1.601081695556640625e+02
1.673793601989746094e+01 1.100385986328125000e+03 9.403775634765625000e+02 1.600082702636718750e+02
1.675834465026855469e+01 1.099999511718750000e+03 9.400895385742187500e+02 1.599097595214843750e+02
1.677875518798828125e+01 1.099461303710937500e+03 9.396593627929687500e+02 1.598020629882812500e+02
1.679916191101074219e+01 1.099052368164062500e+03 9.393728637695312500e+02 1.596795654296875000e+02
1.681957244873046875e+01 1.098657592773437500e+03 9.390869750976562500e+02 1.595707092285156250e+02
1.683997917175292969e+01 1.098107299804687500e+03 9.386595458984375000e+02 1.594479827880859375e+02
1.686038970947265625e+01 1.097686523437500000e+03 9.383751220703125000e+02 1.593113708496093750e+02
1.688079643249511719e+01 1.097174316406250000e+03 9.379498901367187500e+02 1.592246551513671875e+02
1.690120697021484375e+01 1.096763183593750000e+03 9.376669921875000000e+02 1.590961151123046875e+02
1.692161369323730469e+01 1.096237060546875000e+03 9.372436523437500000e+02 1.589934234619140625e+02
1.694202423095703125e+01 1.095830566406250000e+03 9.369622802734375000e+02 1.588682403564453125e+02
1.696243286132812500e+01 1.095422241210937500e+03 9.366818237304687500e+02 1.587402191162109375e+02
1.698283958435058594e+01 1.094769042968750000e+03 9.361201171875000000e+02 1.586488800048828125e+02
1.700325012207031250e+01 1.094355590820312500e+03 9.358411254882812500e+02 1.585143432617187500e+02
1.702365684509277344e+01 1.093982299804687500e+03 9.355630493164062500e+02 1.584191894531250000e+02
1.704406738281250000e+01 1.093572509765625000e+03 9.352854003906250000e+02 1.582872314453125000e+02
1.706447410583496094e+01 1.093036621093750000e+03 9.348684082031250000e+02 1.581681365966796875e+02
1.708488464355468750e+01 1.092513305664062500e+03 9.344522094726562500e+02 1.580609130859375000e+02
1.710529327392578125e+01 1.091998291015625000e+03 9.340369873046875000e+02 1.579608001708984375e+02
1.712570381164550781e+01 1.091605834960937500e+03 9.337626342773437500e+02 1.578429718017578125e+02
1.714611053466796875e+01 1.091097534179687500e+03 9.333491821289062500e+02 1.577484893798828125e+02
1.716652107238769531e+01 1.090725830078125000e+03 9.330763549804687500e+02 1.576492462158203125e+02
1.718692779541015625e+01 1.090231567382812500e+03 9.326647949218750000e+02 1.575664520263671875e+02
1.720733833312988281e+01 1.089855468750000000e+03 9.323931884765625000e+02 1.574622802734375000e+02
1.722774505615234375e+01 1.089475708007812500e+03 9.321225585937500000e+02 1.573530120849609375e+02
1.724815368652343750e+01 1.088989379882812500e+03 9.317136230468750000e+02 1.572755584716796875e+02
1.726856231689453125e+01 1.088489746093750000e+03 9.313055419921875000e+02 1.571842041015625000e+02
1.728897094726562500e+01 1.088134521484375000e+03 9.310370483398437500e+02 1.570973358154296875e+02
1.730938148498535156e+01 1.087784179687500000e+03 9.307690429687500000e+02 1.570147247314453125e+02
1.732978820800781250e+01 1.087305541992187500e+03 9.303637084960937500e+02 1.569413909912109375e+02
1.735019874572753906e+01 1.086962402343750000e+03 9.300971069335937500e+02 1.568650360107421875e+02
1.737060546875000000e+01 1.086623779296875000e+03 9.298313598632812500e+02 1.567919311523437500e+02
1.739101600646972656e+01 1.086132324218750000e+03 9.294282226562500000e+02 1.567039031982421875e+02
1.741142272949218750e+01 1.085814086914062500e+03 9.291639404296875000e+02 1.566497955322265625e+02
1.743183326721191406e+01 1.085462402343750000e+03 9.288998413085937500e+02 1.565622711181640625e+02
1.745224189758300781e+01 1.085130981445312500e+03 9.286366577148437500e+02 1.564942932128906250e+02
1.747264862060546875e+01 1.084789550781250000e+03 9.283742065429687500e+02 1.564148864746093750e+02
1.749305915832519531e+01 1.084445434570312500e+03 9.281120605468750000e+02 1.563330688476562500e+02
1.751346588134765625e+01 1.084111450195312500e+03 9.278507690429687500e+02 1.562607116699218750e+02
1.753387641906738281e+01 1.083771240234375000e+03 9.275899047851562500e+02 1.561811370849609375e+02
1.755428314208984375e+01 1.083443725585937500e+03 9.273297729492187500e+02 1.561138000488281250e+02
1.757469367980957031e+01 1.083110229492187500e+03 9.270700683593750000e+02 1.560400390625000000e+02
1.759510231018066406e+01 1.082613891601562500e+03 9.266751098632812500e+02 1.559385070800781250e+02
1.761551284790039062e+01 1.082270263671875000e+03 9.264167480468750000e+02 1.558529510498046875e+02
1.763591957092285156e+01 1.082065673828125000e+03 9.262949829101562500e+02 1.557707214355468750e+02
1.765633010864257812e+01 1.081726440429687500e+03 9.260377807617187500e+02 1.556887359619140625e+02
1.767673683166503906e+01 1.081378295898437500e+03 9.257812500000000000e+02 1.555970458984375000e+02
1.769714355468750000e+01 1.080884033203125000e+03 9.253900756835937500e+02 1.554939727783203125e+02
1.771755409240722656e+01 1.080391601562500000e+03 9.249995117187500000e+02 1.553921966552734375e+02
1.773796081542968750e+01 1.080039672851562500e+03 9.247449951171875000e+02 1.552945556640625000e+02
1.775837135314941406e+01 1.079685546875000000e+03 9.244910278320312500e+02 1.551945800781250000e+02
1.777877998352050781e+01 1.079322509765625000e+03 9.242377929687500000e+02 1.550846557617187500e+02
1.779919052124023438e+01 1.078814697265625000e+03 9.238504638671875000e+02 1.549641876220703125e+02
1.781959724426269531e+01 1.078453247070312500e+03 9.235985107421875000e+02 1.548548278808593750e+02
1.784000778198242188e+01 1.078078735351562500e+03 9.233469848632812500e+02 1.547316436767578125e+02
1.786041450500488281e+01 1.077726928710937500e+03 9.230961914062500000e+02 1.546305694580078125e+02
1.788082504272460938e+01 1.077335571289062500e+03 9.228457641601562500e+02 1.544896850585937500e+02
1.790123176574707031e+01 1.076673706054687500e+03 9.223286132812500000e+02 1.543450622558593750e+02
1.792164039611816406e+01 1.076335571289062500e+03 9.220798339843750000e+02 1.542555236816406250e+02
1.794205093383789062e+01 1.075939331054687500e+03 9.218313598632812500e+02 1.541080017089843750e+02
1.796245765686035156e+01 1.075563476562500000e+03 9.215838623046875000e+02 1.539794464111328125e+02
1.798286819458007812e+01 1.075041748046875000e+03 9.212033691406250000e+02 1.538384399414062500e+02
1.800327491760253906e+01 1.074523193359375000e+03 9.208240356445312500e+02 1.536990051269531250e+02
1.802368545532226562e+01 1.074153320312500000e+03 9.205781860351562500e+02 1.535751037597656250e+02
1.804409217834472656e+01 1.073502197265625000e+03 9.200676879882812500e+02 1.534347076416015625e+02
1.806450271606445312e+01 1.073122558593750000e+03 9.198233032226562500e+02 1.532994689941406250e+02
1.808491134643554688e+01 1.072624267578125000e+03 9.194472045898437500e+02 1.531770172119140625e+02
1.810531997680664062e+01 1.072101928710937500e+03 9.190718383789062500e+02 1.530301208496093750e+02
1.812572860717773438e+01 1.071744628906250000e+03 9.188295288085937500e+02 1.529151763916015625e+02
1.814613533020019531e+01 1.071228393554687500e+03 9.184558715820312500e+02 1.527729492187500000e+02
1.816654586791992188e+01 1.070862060546875000e+03 9.182145996093750000e+02 1.526477050781250000e+02
1.818695259094238281e+01 1.070371582031250000e+03 9.178424072265625000e+02 1.525292968750000000e+02
1.820736312866210938e+01 1.069875244140625000e+03 9.174708862304687500e+02 1.524046783447265625e+02
1.822776985168457031e+01 1.069514160156250000e+03 9.172317504882812500e+02 1.522828063964843750e+02
1.824818038940429688e+01 1.069016235351562500e+03 9.168617553710937500e+02 1.521546630859375000e+02
1.826858901977539062e+01 1.068679321289062500e+03 9.166237792968750000e+02 1.520554199218750000e+02
1.828899955749511719e+01 1.068183593750000000e+03 9.162553100585937500e+02 1.519283142089843750e+02
1.830940628051757812e+01 1.067716918945312500e+03 9.158878784179687500e+02 1.518291473388671875e+02
1.832981681823730469e+01 1.067364990234375000e+03 9.156515502929687500e+02 1.517135009765625000e+02
1.835022354125976562e+01 1.066748291015625000e+03 9.151550903320312500e+02 1.515933074951171875e+02
1.837063026428222656e+01 1.066413330078125000e+03 9.149203491210937500e+02 1.514931640625000000e+02
1.839104080200195312e+01 1.066075683593750000e+03 9.146859741210937500e+02 1.513898010253906250e+02
1.841144943237304688e+01 1.065469116210937500e+03 9.141922607421875000e+02 1.512767639160156250e+02
1.843185997009277344e+01 1.065143310546875000e+03 9.139592895507812500e+02 1.511842193603515625e+02
1.845226669311523438e+01 1.064812866210937500e+03 9.137268066406250000e+02 1.510860748291015625e+02
1.847267723083496094e+01 1.064485229492187500e+03 9.134948120117187500e+02 1.509904479980468750e+02
1.849308395385742188e+01 1.064027954101562500e+03 9.131339721679687500e+02 1.508937835693359375e+02
1.851349449157714844e+01 1.063561523437500000e+03 9.127738037109375000e+02 1.507877197265625000e+02
1.853390121459960938e+01 1.063240722656250000e+03 9.125438232421875000e+02 1.506972351074218750e+02
1.855431175231933594e+01 1.062902343750000000e+03 9.123140869140625000e+02 1.505883483886718750e+02
1.857471847534179688e+01 1.062577880859375000e+03 9.120850219726562500e+02 1.504928894042968750e+02
1.859512901306152344e+01 1.062262207031250000e+03 9.118564453125000000e+02 1.504054260253906250e+02
1.861553764343261719e+01 1.061807128906250000e+03 9.114996948242187500e+02 1.503073730468750000e+02
1.863594436645507812e+01 1.061497070312500000e+03 9.112722778320312500e+02 1.502246246337890625e+02
1.865635490417480469e+01 1.061042480468750000e+03 9.109168701171875000e+02 1.501260833740234375e+02
1.867676162719726562e+01 1.060600097656250000e+03 9.105625000000000000e+02 1.500377502441406250e+02
1.869717216491699219e+01 1.060277954101562500e+03 9.103367309570312500e+02 1.499411315917968750e+02
1.871757888793945312e+01 1.059825927734375000e+03 9.099837646484375000e+02 1.498419799804687500e+02
1.873798942565917969e+01 1.059519775390625000e+03 9.097590942382812500e+02 1.497604522705078125e+02
1.875839805603027344e+01 1.059201538085937500e+03 9.095350341796875000e+02 1.496663513183593750e+02
1.877880859375000000e+01 1.059069458007812500e+03 9.094387817382812500e+02 1.496306152343750000e+02
1.879921531677246094e+01 1.058764892578125000e+03 9.092156372070312500e+02 1.495491638183593750e+02
1.881962585449218750e+01 1.058350585937500000e+03 9.088655395507812500e+02 1.494850463867187500e+02
1.884003257751464844e+01 1.058170166015625000e+03 9.087705078125000000e+02 1.493991851806640625e+02
1.886043930053710938e+01 1.057856811523437500e+03 9.085488891601562500e+02 1.493076629638671875e+02
1.888084983825683594e+01 1.057545532226562500e+03 9.083273925781250000e+02 1.492183380126953125e+02
1.890125846862792969e+01 1.057354370117187500e+03 9.082332763671875000e+02 1.491214599609375000e+02
1.892166900634765625e+01 1.056915649414062500e+03 9.078861694335937500e+02 1.490296020507812500e+02
1.894207572937011719e+01 1.056589721679687500e+03 9.076663208007812500e+02 1.489232482910156250e+02
1.896248626708984375e+01 1.056255615234375000e+03 9.074467773437500000e+02 1.488090057373046875e+02
1.898289299011230469e+01 1.056077636718750000e+03 9.073540649414062500e+02 1.487234802246093750e+02
1.900330352783203125e+01 1.055750610351562500e+03 9.071354370117187500e+02 1.486150054931640625e+02
1.902371025085449219e+01 1.055332153320312500e+03 9.067915039062500000e+02 1.485407714843750000e+02
1.904412078857421875e+01 1.055029418945312500e+03 9.065739135742187500e+02 1.484554138183593750e+02
1.906452751159667969e+01 1.054742065429687500e+03 9.063568725585937500e+02 1.483850250244140625e+02
1.908493614196777344e+01 1.054458251953125000e+03 9.061402587890625000e+02 1.483179626464843750e+02
1.910534667968750000e+01 1.054058105468750000e+03 9.057987670898437500e+02 1.482590484619140625e+02
1.912575340270996094e+01 1.053527587890625000e+03 9.053329467773437500e+02 1.481946105957031250e+02
1.914616394042968750e+01 1.052976684570312500e+03 9.048679809570312500e+02 1.481086883544921875e+02
1.916657066345214844e+01 1.052361083984375000e+03 9.042792968750000000e+02 1.480817413330078125e+02
1.918698120117187500e+01 1.051341918945312500e+03 9.034421386718750000e+02 1.478995819091796875e+02
1.920738792419433594e+01 1.050431518554687500e+03 9.027313842773437500e+02 1.476999816894531250e+02
1.922779846191406250e+01 1.049516967773437500e+03 9.020220947265625000e+02 1.474948577880859375e+02
1.924820709228515625e+01 1.048827270507812500e+03 9.015632324218750000e+02 1.472639770507812500e+02
1.926861763000488281e+01 1.048141845703125000e+03 9.011052246093750000e+02 1.470367889404296875e+02
1.928902435302734375e+01 1.047449462890625000e+03 9.006483764648437500e+02 1.468009185791015625e+02
1.930943107604980469e+01 1.046927734375000000e+03 9.003164672851562500e+02 1.466114959716796875e+02
1.932984161376953125e+01 1.046323364257812500e+03 8.998612060546875000e+02 1.464620513916015625e+02
1.935024833679199219e+01 1.045874633789062500e+03 8.995307006835937500e+02 1.463439788818359375e+02
1.937065887451171875e+01 1.045439208984375000e+03 8.992008056640625000e+02 1.462383728027343750e+02
1.939106750488281250e+01 1.045124023437500000e+03 8.989951782226562500e+02 1.461288757324218750e+02
1.941147613525390625e+01 1.044807983398437500e+03 8.987898559570312500e+02 1.460183410644531250e+02
1.943188476562500000e+01 1.044206909179687500e+03 8.983387451171875000e+02 1.458682250976562500e+02
1.945229530334472656e+01 1.043664916992187500e+03 8.980115356445312500e+02 1.456533050537109375e+02
1.947270202636718750e+01 1.042820068359375000e+03 8.974392700195312500e+02 1.453809967041015625e+02
1.949311256408691406e+01 1.042381347656250000e+03 8.972364501953125000e+02 1.451449890136718750e+02
1.951351928710937500e+01 1.041996948242187500e+03 8.970341796875000000e+02 1.449630584716796875e+02
1.953392601013183594e+01 1.041390136718750000e+03 8.965872192382812500e+02 1.448027954101562500e+02
1.955433654785156250e+01 1.040797729492187500e+03 8.961409912109375000e+02 1.446566925048828125e+02
1.957474517822265625e+01 1.040357421875000000e+03 8.958182373046875000e+02 1.445391693115234375e+02
1.959515571594238281e+01 1.039940185546875000e+03 8.954960937500000000e+02 1.444441528320312500e+02
1.961556243896484375e+01 1.039523315429687500e+03 8.951746215820312500e+02 1.443487548828125000e+02
1.963597297668457031e+01 1.038962646484375000e+03 8.947318115234375000e+02 1.442307891845703125e+02
1.965637969970703125e+01 1.038650390625000000e+03 8.945335693359375000e+02 1.441168365478515625e+02
1.967679023742675781e+01 1.038530639648437500e+03 8.944573364257812500e+02 1.440731964111328125e+02
1.969719696044921875e+01 1.038417602539062500e+03 8.943813476562500000e+02 1.440364227294921875e+02
1.971760749816894531e+01 1.038305419921875000e+03 8.943054809570312500e+02 1.440000000000000000e+02
1.973801612854003906e+01 1.038255615234375000e+03 8.942298583984375000e+02 1.440260467529296875e+02
1.975842666625976562e+01 1.037914184570312500e+03 8.939118652343750000e+02 1.440024261474609375e+02
1.977883338928222656e+01 1.037522460937500000e+03 8.935947875976562500e+02 1.439278106689453125e+02
1.979924011230468750e+01 1.037007080078125000e+03 8.931574096679687500e+02 1.438497619628906250e+02
1.981965065002441406e+01 1.036543334960937500e+03 8.928414916992187500e+02 1.437019042968750000e+02
1.984005737304687500e+01 1.035787475585937500e+03 8.922850341796875000e+02 1.435027313232421875e+02
1.986046791076660156e+01 1.035194213867187500e+03 8.918501586914062500e+02 1.433442993164062500e+02
1.988087463378906250e+01 1.034734619140625000e+03 8.915368652343750000e+02 1.431980590820312500e+02
1.990128517150878906e+01 1.034308959960937500e+03 8.912238769531250000e+02 1.430853576660156250e+02
1.992169380187988281e+01 1.033886230468750000e+03 8.909118652343750000e+02 1.429742736816406250e+02
1.994210433959960938e+01 1.033358032226562500e+03 8.904802246093750000e+02 1.428779144287109375e+02
1.996251106262207031e+01 1.033040283203125000e+03 8.902893676757812500e+02 1.427507934570312500e+02
1.998292160034179688e+01 1.032691894531250000e+03 8.900988769531250000e+02 1.425930328369140625e+02
2.000332832336425781e+01 1.032727783203125000e+03 8.901481323242187500e+02 1.425800476074218750e+02
2.002373504638671875e+01 1.032647094726562500e+03 8.900778198242187500e+02 1.425693969726562500e+02
2.004414558410644531e+01 1.032283569335937500e+03 8.897686767578125000e+02 1.425150756835937500e+02
2.006455421447753906e+01 1.032032836914062500e+03 8.895795898437500000e+02 1.424532623291015625e+02
2.008496475219726562e+01 1.031647460937500000e+03 8.892715454101562500e+02 1.423759460449218750e+02
2.010537147521972656e+01 1.031212646484375000e+03 8.889642944335937500e+02 1.422483062744140625e+02
2.012578201293945312e+01 1.030621704101562500e+03 8.885384521484375000e+02 1.420835113525390625e+02
2.014618873596191406e+01 1.030121215820312500e+03 8.882326049804687500e+02 1.418889465332031250e+02
2.016659927368164062e+01 1.029485351562500000e+03 8.878084716796875000e+02 1.416770019531250000e+02
2.018700599670410156e+01 1.028951660156250000e+03 8.875037841796875000e+02 1.414480285644531250e+02
2.020741653442382812e+01 1.028489379882812500e+03 8.871997680664062500e+02 1.412897491455078125e+02
2.022782516479492188e+01 1.028041015625000000e+03 8.868964843750000000e+02 1.411446533203125000e+02
2.024823188781738281e+01 1.027508666992187500e+03 8.864755249023437500e+02 1.410333099365234375e+02
2.026864242553710938e+01 1.027119873046875000e+03 8.861733398437500000e+02 1.409465789794921875e+02
2.028904914855957031e+01 1.026724487304687500e+03 8.858719482421875000e+02 1.408524780273437500e+02
2.030945968627929688e+01 1.026295410156250000e+03 8.855710449218750000e+02 1.407243652343750000e+02
2.032986640930175781e+01 1.025757934570312500e+03 8.851531372070312500e+02 1.406048583984375000e+02
2.035027694702148438e+01 1.025105712890625000e+03 8.846182861328125000e+02 1.404875793457031250e+02
2.037068367004394531e+01 1.024687988281250000e+03 8.843197021484375000e+02 1.403683624267578125e+02
2.039109420776367188e+01 1.024533081054687500e+03 8.841389160156250000e+02 1.403941497802734375e+02
2.041150283813476562e+01 1.024212280273437500e+03 8.838413696289062500e+02 1.403709411621093750e+02
2.043191337585449219e+01 1.023851806640625000e+03 8.835443115234375000e+02 1.403074951171875000e+02
2.045232009887695312e+01 1.023331359863281250e+03 8.831308593750000000e+02 1.402004547119140625e+02
2.047272682189941406e+01 1.023043090820312500e+03 8.829522094726562500e+02 1.400909576416015625e+02
2.049313735961914062e+01 1.022614257812500000e+03 8.826567993164062500e+02 1.399573822021484375e+02
2.051354408264160156e+01 1.022239135742187500e+03 8.823623046875000000e+02 1.398768310546875000e+02
2.053395462036132812e+01 1.021876037597656250e+03 8.820682373046875000e+02 1.398077850341796875e+02
2.055436325073242188e+01 1.021563720703125000e+03 8.817746582031250000e+02 1.397890167236328125e+02
2.057477378845214844e+01 1.021088928222656250e+03 8.813653564453125000e+02 1.397234954833984375e+02
2.059518051147460938e+01 1.020657653808593750e+03 8.810732421875000000e+02 1.395843811035156250e+02
2.061559104919433594e+01 1.020269775390625000e+03 8.807814941406250000e+02 1.394882049560546875e+02
2.063599777221679688e+01 1.019988098144531250e+03 8.806065673828125000e+02 1.393815765380859375e+02
2.065640830993652344e+01 1.019375610351562500e+03 8.800841064453125000e+02 1.392913818359375000e+02
2.067681503295898438e+01 1.018870300292968750e+03 8.796786499023437500e+02 1.391916809082031250e+02
2.069722366333007812e+01 1.018290710449218750e+03 8.792739257812500000e+02 1.390167694091796875e+02
2.071763229370117188e+01 1.017386474609375000e+03 8.786387939453125000e+02 1.387475433349609375e+02
2.073804092407226562e+01 1.016790954589843750e+03 8.783513183593750000e+02 1.384395751953125000e+02
2.075845146179199219e+01 1.015936035156250000e+03 8.778336791992187500e+02 1.381022491455078125e+02
2.077885818481445312e+01 1.015204101562500000e+03 8.774324340820312500e+02 1.377716979980468750e+02
2.079926872253417969e+01 1.014648376464843750e+03 8.770317382812500000e+02 1.376165618896484375e+02
2.081967544555664062e+01 1.014050903320312500e+03 8.765170898437500000e+02 1.375339202880859375e+02
2.084008598327636719e+01 1.013668762207031250e+03 8.762329711914062500e+02 1.374357604980468750e+02
2.086049270629882812e+01 1.013317932128906250e+03 8.760642089843750000e+02 1.372537231445312500e+02
2.088090324401855469e+01 1.013133544921875000e+03 8.760105590820312500e+02 1.371229705810546875e+02
2.090131187438964844e+01 1.012903686523437500e+03 8.758423461914062500e+02 1.370614471435546875e+02
2.092171859741210938e+01 1.012691223144531250e+03 8.756745605468750000e+02 1.370167388916015625e+02
2.094212913513183594e+01 1.012433227539062500e+03 8.753927001953125000e+02 1.370404205322265625e+02
2.096253585815429688e+01 1.012151367187500000e+03 8.749973754882812500e+02 1.371538696289062500e+02
2.098294639587402344e+01 1.012025207519531250e+03 8.748307495117187500e+02 1.371945037841796875e+02
2.100335311889648438e+01 1.011749633789062500e+03 8.745506591796875000e+02 1.371989746093750000e+02
2.102376365661621094e+01 1.011460021972656250e+03 8.742709350585937500e+02 1.371891632080078125e+02
2.104417228698730469e+01 1.011155273437500000e+03 8.739918823242187500e+02 1.371634063720703125e+02
2.106458282470703125e+01 1.010980834960937500e+03 8.738269042968750000e+02 1.371539764404296875e+02
2.108498954772949219e+01 1.010584716796875000e+03 8.734353637695312500e+02 1.371494445800781250e+02
2.110540008544921875e+01 1.010258789062500000e+03 8.731578369140625000e+02 1.371009063720703125e+02
2.112580680847167969e+01 1.009749572753906250e+03 8.727676391601562500e+02 1.369818115234375000e+02
2.114621734619140625e+01 1.009136657714843750e+03 8.722648925781250000e+02 1.368719024658203125e+02
2.116662406921386719e+01 1.008414123535156250e+03 8.717631835937500000e+02 1.366508789062500000e+02
2.118703079223632812e+01 1.008091125488281250e+03 8.716013793945312500e+02 1.364898223876953125e+02
2.120744132995605469e+01 1.007824829101562500e+03 8.713269653320312500e+02 1.364978942871093750e+02
2.122784996032714844e+01 1.007549072265625000e+03 8.709404907226562500e+02 1.366085052490234375e+02
2.124826049804687500e+01 1.007369384765625000e+03 8.706671142578125000e+02 1.367023162841796875e+02
2.126866722106933594e+01 1.006951904296875000e+03 8.701693725585937500e+02 1.367824554443359375e+02
2.128907775878906250e+01 1.006517578125000000e+03 8.696724243164062500e+02 1.368451690673828125e+02
2.130948448181152344e+01 1.006186279296875000e+03 8.692889404296875000e+02 1.368973999023437500e+02
2.132989501953125000e+01 1.005812500000000000e+03 8.689060668945312500e+02 1.369065551757812500e+02
2.135030174255371094e+01 1.005507751464843750e+03 8.686361694335937500e+02 1.368716735839843750e+02
2.137071228027343750e+01 1.005136718750000000e+03 8.683666381835937500e+02 1.367700347900390625e+02
2.139112091064453125e+01 1.004681152343750000e+03 8.682097167968750000e+02 1.364716644287109375e+02
2.141152763366699219e+01 1.004150512695312500e+03 8.681649169921875000e+02 1.359857177734375000e+02
2.143193817138671875e+01 1.003531372070312500e+03 8.682317504882812500e+02 1.352998809814453125e+02
2.145234489440917969e+01 1.002974426269531250e+03 8.684100952148437500e+02 1.345643157958984375e+02
2.147275543212890625e+01 1.002363830566406250e+03 8.685880737304687500e+02 1.337758026123046875e+02
2.149316215515136719e+01 1.001964660644531250e+03 8.688771362304687500e+02 1.330875244140625000e+02
2.151357269287109375e+01 1.001524963378906250e+03 8.688316650390625000e+02 1.326932830810546875e+02
2.153398132324218750e+01 1.001022460937500000e+03 8.685641479492187500e+02 1.324582061767578125e+02
2.155438995361328125e+01 1.000850158691406250e+03 8.684080810546875000e+02 1.324420471191406250e+02
2.157479858398437500e+01 1.000328735351562500e+03 8.678085937500000000e+02 1.325201568603515625e+02
2.159520912170410156e+01 9.999635620117187500e+02 8.673209838867187500e+02 1.326427764892578125e+02
2.161561584472656250e+01 9.993292236328125000e+02 8.666128540039062500e+02 1.327164916992187500e+02
2.163602256774902344e+01 9.986560058593750000e+02 8.662380371093750000e+02 1.324180908203125000e+02
2.165643310546875000e+01 9.982915039062500000e+02 8.663059692382812500e+02 1.319855651855468750e+02
2.167683982849121094e+01 9.983081054687500000e+02 8.662634887695312500e+02 1.320446014404296875e+02
2.169725036621093750e+01 9.983817138671875000e+02 8.658899536132812500e+02 1.324918670654296875e+02
2.171765899658203125e+01 9.979632568359375000e+02 8.651865234375000000e+02 1.327768096923828125e+02
2.173806953430175781e+01 9.973445434570312500e+02 8.648146972656250000e+02 1.325301208496093750e+02
2.175847625732421875e+01 9.966497802734375000e+02 8.643336181640625000e+02 1.323162841796875000e+02
2.177888679504394531e+01 9.962460327148437500e+02 8.639632568359375000e+02 1.322830657958984375e+02
2.179929351806640625e+01 9.958930664062500000e+02 8.637035522460937500e+02 1.321896362304687500e+02
2.181970405578613281e+01 9.955166625976562500e+02 8.634440917968750000e+02 1.320726318359375000e+02
2.184011077880859375e+01 9.951450805664062500e+02 8.631855468750000000e+02 1.319594421386718750e+02
2.186051940917968750e+01 9.946626586914062500e+02 8.628177490234375000e+02 1.318448486328125000e+02
2.188092994689941406e+01 9.942338867187500000e+02 8.624505615234375000e+02 1.317834930419921875e+02
2.190133666992187500e+01 9.938923339843750000e+02 8.620841674804687500e+02 1.318081817626953125e+02
2.192174720764160156e+01 9.935072631835937500e+02 8.616090087890625000e+02 1.318983306884765625e+02
2.194215393066406250e+01 9.930333862304687500e+02 8.612440795898437500e+02 1.317893676757812500e+02
2.196256446838378906e+01 9.928229370117187500e+02 8.613156738281250000e+02 1.315074157714843750e+02
2.198297119140625000e+01 9.925235595703125000e+02 8.611696166992187500e+02 1.313539581298828125e+02
2.200338172912597656e+01 9.923218994140625000e+02 8.610234375000000000e+02 1.312986602783203125e+02
2.202378845214843750e+01 9.920903320312500000e+02 8.607692260742187500e+02 1.313211669921875000e+02
2.204419898986816406e+01 9.916689453125000000e+02 8.604066162109375000e+02 1.312622528076171875e+02
2.206460762023925781e+01 9.914362792968750000e+02 8.600447387695312500e+02 1.313916168212890625e+02
2.208501434326171875e+01 9.909609985351562500e+02 8.595752563476562500e+02 1.313859710693359375e+02
2.210542488098144531e+01 9.904793090820312500e+02 8.592147216796875000e+02 1.312646942138671875e+02
2.212583160400390625e+01 9.899471435546875000e+02 8.588551025390625000e+02 1.310921173095703125e+02
2.214624214172363281e+01 9.895760498046875000e+02 8.587120971679687500e+02 1.308639221191406250e+02
2.216664886474609375e+01 9.890531616210937500e+02 8.583536376953125000e+02 1.306996307373046875e+02
2.218705940246582031e+01 9.887375488281250000e+02 8.581034545898437500e+02 1.306343688964843750e+02
2.220746803283691406e+01 9.883483886718750000e+02 8.576381835937500000e+02 1.307101745605468750e+02
2.222787857055664062e+01 9.879712524414062500e+02 8.572814941406250000e+02 1.306898651123046875e+02
2.224828529357910156e+01 9.875501708984375000e+02 8.570332031250000000e+02 1.305172119140625000e+02
2.226869583129882812e+01 9.873380126953125000e+02 8.567850952148437500e+02 1.305530700683593750e+02
2.228910255432128906e+01 9.870109863281250000e+02 8.563229370117187500e+02 1.306880493164062500e+02
2.230951309204101562e+01 9.866440429687500000e+02 8.558614501953125000e+02 1.307826995849609375e+02
2.232991981506347656e+01 9.863489990234375000e+02 8.555081176757812500e+02 1.308410034179687500e+02
2.235032844543457031e+01 9.859652709960937500e+02 8.550482788085937500e+02 1.309170074462890625e+02
2.237073898315429688e+01 9.857619628906250000e+02 8.548031616210937500e+02 1.309588623046875000e+02
2.239114570617675781e+01 9.855456542968750000e+02 8.544517822265625000e+02 1.310939178466796875e+02
2.241155624389648438e+01 9.851687622070312500e+02 8.538872680664062500e+02 1.312817687988281250e+02
2.243196296691894531e+01 9.847814941406250000e+02 8.534306030273437500e+02 1.313509674072265625e+02
2.245237350463867188e+01 9.844941406250000000e+02 8.530813598632812500e+02 1.314127197265625000e+02
2.247278022766113281e+01 9.839886474609375000e+02 8.525196533203125000e+02 1.314690704345703125e+02
2.249319076538085938e+01 9.832307128906250000e+02 8.517460937500000000e+02 1.314847259521484375e+02
2.251359748840332031e+01 9.826620483398437500e+02 8.512930297851562500e+02 1.313688659667968750e+02
2.253400802612304688e+01 9.817380981445312500e+02 8.512655639648437500e+02 1.304724273681640625e+02
2.255441665649414062e+01 9.809089965820312500e+02 8.511322021484375000e+02 1.297767791748046875e+02
2.257482337951660156e+01 9.804804077148437500e+02 8.511051025390625000e+02 1.293753814697265625e+02
2.259523391723632812e+01 9.796729736328125000e+02 8.510780029296875000e+02 1.285950775146484375e+02
2.261564064025878906e+01 9.796995849609375000e+02 8.513684692382812500e+02 1.283310546875000000e+02
2.263605117797851562e+01 9.799378662109375000e+02 8.515526123046875000e+02 1.283853912353515625e+02
2.265645790100097656e+01 9.803384399414062500e+02 8.522648925781250000e+02 1.280734558105468750e+02
2.267686843872070312e+01 9.802266845703125000e+02 8.524478759765625000e+02 1.277788162231445312e+02
2.269727706909179688e+01 9.792133789062500000e+02 8.516813964843750000e+02 1.275319213867187500e+02
2.271768760681152344e+01 9.790147094726562500e+02 8.516538696289062500e+02 1.273608551025390625e+02
2.273809432983398438e+01 9.779572753906250000e+02 8.504684448242187500e+02 1.274889221191406250e+02
2.275850486755371094e+01 9.777058105468750000e+02 8.504419555664062500e+02 1.272639160156250000e+02
2.277891159057617188e+01 9.782604370117187500e+02 8.512565307617187500e+02 1.270040893554687500e+02
2.279931831359863281e+01 9.776476440429687500e+02 8.505996093750000000e+02 1.270479965209960938e+02
2.281972885131835938e+01 9.774273681640625000e+02 8.504682006835937500e+02 1.269593658447265625e+02
2.284013748168945312e+01 9.774058837890625000e+02 8.505468139648437500e+02 1.268592071533203125e+02
2.286054801940917969e+01 9.776345214843750000e+02 8.508345947265625000e+02 1.267999801635742188e+02
2.288095474243164062e+01 9.777201538085937500e+02 8.508081665039062500e+02 1.269121780395507812e+02
2.290136528015136719e+01 9.771711425781250000e+02 8.501543579101562500e+02 1.270168914794921875e+02
2.292177200317382812e+01 9.763787231445312500e+02 8.492930908203125000e+02 1.270858535766601562e+02
2.294218254089355469e+01 9.765001220703125000e+02 8.493723144531250000e+02 1.271278991699218750e+02
2.296258926391601562e+01 9.762368164062500000e+02 8.492429199218750000e+02 1.269938278198242188e+02
2.298299980163574219e+01 9.758563232421875000e+02 8.486970825195312500e+02 1.271592788696289062e+02
2.300340652465820312e+01 9.759160156250000000e+02 8.488807373046875000e+02 1.270352630615234375e+02
2.302381515502929688e+01 9.749083862304687500e+02 8.481284179687500000e+02 1.267799072265625000e+02
2.304422569274902344e+01 9.744121704101562500e+02 8.475848388671875000e+02 1.268273620605468750e+02
2.306463241577148438e+01 9.738690795898437500e+02 8.472501831054687500e+02 1.266188735961914062e+02
2.308504295349121094e+01 9.732933349609375000e+02 8.468122558593750000e+02 1.264811019897460938e+02
2.310544967651367188e+01 9.728930664062500000e+02 8.465822753906250000e+02 1.263108901977539062e+02
2.312586021423339844e+01 9.723782348632812500e+02 8.463527221679687500e+02 1.260253524780273438e+02
2.314626693725585938e+01 9.720914916992187500e+02 8.463305053710937500e+02 1.257611389160156250e+02
2.316667747497558594e+01 9.717031860351562500e+02 8.461015014648437500e+02 1.256016235351562500e+02
2.318708610534667969e+01 9.712344970703125000e+02 8.456665649414062500e+02 1.255678176879882812e+02
2.320749664306640625e+01 9.706716918945312500e+02 8.452323608398437500e+02 1.254391860961914062e+02
2.322790336608886719e+01 9.702149047851562500e+02 8.449020385742187500e+02 1.253128356933593750e+02
2.324831008911132812e+01 9.698068847656250000e+02 8.445721435546875000e+02 1.252347717285156250e+02
2.326872062683105469e+01 9.694326171875000000e+02 8.441400756835937500e+02 1.252925949096679688e+02
2.328912734985351562e+01 9.691124267578125000e+02 8.439142456054687500e+02 1.251981124877929688e+02
2.330953788757324219e+01 9.688870849609375000e+02 8.435860595703125000e+02 1.253011550903320312e+02
2.332994651794433594e+01 9.683345947265625000e+02 8.432586059570312500e+02 1.250760116577148438e+02
2.335035514831542969e+01 9.679722290039062500e+02 8.429317016601562500e+02 1.250404510498046875e+02
2.337076377868652344e+01 9.675512695312500000e+02 8.426053466796875000e+02 1.249459457397460938e+02
2.339117431640625000e+01 9.673444824218750000e+02 8.423818359375000000e+02 1.249625625610351562e+02
2.341158103942871094e+01 9.671076049804687500e+02 8.420565185546875000e+02 1.250511245727539062e+02
2.343199157714843750e+01 9.668966674804687500e+02 8.418339233398437500e+02 1.250627288818359375e+02
2.345239830017089844e+01 9.664021606445312500e+02 8.413054809570312500e+02 1.250966873168945312e+02
2.347280502319335938e+01 9.659075927734375000e+02 8.408800048828125000e+02 1.250275573730468750e+02
2.349321556091308594e+01 9.654586181640625000e+02 8.403533935546875000e+02 1.251052093505859375e+02
2.351362419128417969e+01 9.649394531250000000e+02 8.397258300781250000e+02 1.252137680053710938e+02
2.353403472900390625e+01 9.644083251953125000e+02 8.390992431640625000e+02 1.253090362548828125e+02
2.355444145202636719e+01 9.637258300781250000e+02 8.384738769531250000e+02 1.252520523071289062e+02
2.357485198974609375e+01 9.629877929687500000e+02 8.379510498046875000e+02 1.250366363525390625e+02
2.359525871276855469e+01 9.625355224609375000e+02 8.377335815429687500e+02 1.248019409179687500e+02
2.361566925048828125e+01 9.620054321289062500e+02 8.373136596679687500e+02 1.246917572021484375e+02
2.363607597351074219e+01 9.615035400390625000e+02 8.367933959960937500e+02 1.247101745605468750e+02
2.365648651123046875e+01 9.611291503906250000e+02 8.363749389648437500e+02 1.247541656494140625e+02
2.367689514160156250e+01 9.607885742187500000e+02 8.361595458984375000e+02 1.246290206909179688e+02
2.369730567932128906e+01 9.606004638671875000e+02 8.355404663085937500e+02 1.250600662231445312e+02
2.371771240234375000e+01 9.603742675781250000e+02 8.353262329101562500e+02 1.250479049682617188e+02
2.373811912536621094e+01 9.600567626953125000e+02 8.352130737304687500e+02 1.248436584472656250e+02
2.375852966308593750e+01 9.593706054687500000e+02 8.352009277343750000e+02 1.241696090698242188e+02
2.377893638610839844e+01 9.585537719726562500e+02 8.354909057617187500e+02 1.230629043579101562e+02
2.379934692382812500e+01 9.587201538085937500e+02 8.354784545898437500e+02 1.232416687011718750e+02
2.381975364685058594e+01 9.585103149414062500e+02 8.351647338867187500e+02 1.233455352783203125e+02
2.384016418457031250e+01 9.584869384765625000e+02 8.350522460937500000e+02 1.234347381591796875e+02
2.386057281494140625e+01 9.586317138671875000e+02 8.351406250000000000e+02 1.234910964965820312e+02
2.388098335266113281e+01 9.582135009765625000e+02 8.353291015625000000e+02 1.228844299316406250e+02
2.390139007568359375e+01 9.574078369140625000e+02 8.347159423828125000e+02 1.226919097900390625e+02
2.392180061340332031e+01 9.566077880859375000e+02 8.340037841796875000e+02 1.226039352416992188e+02
2.394220733642578125e+01 9.558742675781250000e+02 8.334929199218750000e+02 1.223814086914062500e+02
2.396261405944824219e+01 9.557182617187500000e+02 8.332826538085937500e+02 1.224355926513671875e+02
2.398302459716796875e+01 9.557709350585937500e+02 8.333720092773437500e+02 1.223989257812500000e+02
2.400343322753906250e+01 9.550196533203125000e+02 8.327632446289062500e+02 1.222562713623046875e+02
2.402384376525878906e+01 9.543469238281250000e+02 8.319560546875000000e+02 1.223907699584960938e+02
2.404425048828125000e+01 9.542138671875000000e+02 8.319467773437500000e+02 1.222669601440429688e+02
2.406466102600097656e+01 9.542119750976562500e+02 8.318381347656250000e+02 1.223737792968750000e+02
2.408506774902343750e+01 9.542705078125000000e+02 8.318291015625000000e+02 1.224414596557617188e+02
2.410547828674316406e+01 9.546971435546875000e+02 8.322172241210937500e+02 1.224798583984375000e+02
2.412588500976562500e+01 9.550521240234375000e+02 8.326047363281250000e+02 1.224474182128906250e+02
2.414629554748535156e+01 9.545086059570312500e+02 8.323966674804687500e+02 1.221121215820312500e+02
2.416670417785644531e+01 9.548470458984375000e+02 8.329814453125000000e+02 1.218655853271484375e+02
2.418711090087890625e+01 9.545489501953125000e+02 8.327735595703125000e+02 1.217755432128906250e+02
2.420752143859863281e+01 9.548325805664062500e+02 8.327636108398437500e+02 1.220692138671875000e+02
2.422792816162109375e+01 9.543974609375000000e+02 8.323585815429687500e+02 1.220389862060546875e+02
2.424833869934082031e+01 9.539727783203125000e+02 8.320529785156250000e+02 1.219198989868164062e+02
2.426874542236328125e+01 9.537126464843750000e+02 8.315505981445312500e+02 1.221621932983398438e+02
2.428915596008300781e+01 9.536729125976562500e+02 8.311475219726562500e+02 1.225254974365234375e+02
2.430956268310546875e+01 9.532336425781250000e+02 8.306466064453125000e+02 1.225869903564453125e+02
2.432997322082519531e+01 9.527347412109375000e+02 8.302449951171875000e+02 1.224898147583007812e+02
2.435038185119628906e+01 9.524254150390625000e+02 8.302373046875000000e+02 1.221880645751953125e+02
