## NTRMN  = 62
## NTRANS = 111
-1.196487247943878174e-01 0.000000000000000000e+00 0.000000000000000000e+00 0.000000000000000000e+00
-9.923987835645675659e-02 0.000000000000000000e+00 0.000000000000000000e+00 0.000000000000000000e+00
-7.883103936910629272e-02 0.000000000000000000e+00 0.000000000000000000e+00 0.000000000000000000e+00
-5.842219665646553040e-02 0.000000000000000000e+00 0.000000000000000000e+00 0.000000000000000000e+00
-3.801335394382476807e-02 0.000000000000000000e+00 0.000000000000000000e+00 0.000000000000000000e+00
-1.760451123118400574e-02 0.000000000000000000e+00 0.000000000000000000e+00 0.000000000000000000e+00
2.321236208081245422e-02 0.000000000000000000e+00 0.000000000000000000e+00 0.000000000000000000e+00
4.362120479345321655e-02 0.000000000000000000e+00 0.000000000000000000e+00 0.000000000000000000e+00
6.403004378080368042e-02 0.000000000000000000e+00 0.000000000000000000e+00 0.000000000000000000e+00
1.048477292060852051e-01 0.000000000000000000e+00 0.000000000000000000e+00 0.000000000000000000e+00
1.252557635307312012e-01 0.000000000000000000e+00 0.000000000000000000e+00 0.000000000000000000e+00
1.456646025180816650e-01 0.000000000000000000e+00 0.000000000000000000e+00 0.000000000000000000e+00
1.660734415054321289e-01 0.000000000000000000e+00 0.000000000000000000e+00 0.000000000000000000e+00
2.068911343812942505e-01 0.000000000000000000e+00 0.000000000000000000e+00 0.000000000000000000e+00
2.272991687059402466e-01 0.000000000000000000e+00 0.000000000000000000e+00 0.000000000000000000e+00
2.477080076932907104e-01 0.000000000000000000e+00 0.000000000000000000e+00 0.000000000000000000e+00
2.681168317794799805e-01 0.000000000000000000e+00 0.000000000000000000e+00 0.000000000000000000e+00
2.885257005691528320e-01 0.000000000000000000e+00 0.000000000000000000e+00 0.000000000000000000e+00
3.089345395565032959e-01 0.000000000000000000e+00 0.000000000000000000e+00 0.000000000000000000e+00
3.293433785438537598e-01 0.000000000000000000e+00 0.000000000000000000e+00 0.000000000000000000e+00
3.905690908432006836e-01 0.000000000000000000e+00 0.000000000000000000e+00 0.000000000000000000e+00
4.109779298305511475e-01 0.000000000000000000e+00 0.000000000000000000e+00 0.000000000000000000e+00
4.313867688179016113e-01 0.000000000000000000e+00 0.000000000000000000e+00 0.000000000000000000e+00
4.517956078052520752e-01 0.000000000000000000e+00 0.000000000000000000e+00 0.000000000000000000e+00
4.722036421298980713e-01 0.000000000000000000e+00 0.000000000000000000e+00 0.000000000000000000e+00
4.926124811172485352e-01 0.000000000000000000e+00 0.000000000000000000e+00 0.000000000000000000e+00
5.130213499069213867e-01 0.000000000000000000e+00 0.000000000000000000e+00 0.000000000000000000e+00
5.334301590919494629e-01 0.000000000000000000e+00 0.000000000000000000e+00 0.000000000000000000e+00
5.538390278816223145e-01 0.000000000000000000e+00 0.000000000000000000e+00 0.000000000000000000e+00
5.742470622062683105e-01 0.000000000000000000e+00 0.000000000000000000e+00 0.000000000000000000e+00
5.946558713912963867e-01 0.000000000000000000e+00 0.000000000000000000e+00 0.000000000000000000e+00
6.150647401809692383e-01 0.000000000000000000e+00 0.000000000000000000e+00 0.000000000000000000e+00
6.354735493659973145e-01 0.000000000000000000e+00 0.000000000000000000e+00 0.000000000000000000e+00
6.558824181556701660e-01 0.000000000000000000e+00 0.000000000000000000e+00 0.000000000000000000e+00
6.762912869453430176e-01 0.000000000000000000e+00 0.000000000000000000e+00 0.000000000000000000e+00
6.966992616653442383e-01 0.000000000000000000e+00 0.000000000000000000e+00 0.000000000000000000e+00
7.171081304550170898e-01 0.000000000000000000e+00 0.000000000000000000e+00 0.000000000000000000e+00
7.375169992446899414e-01 0.000000000000000000e+00 0.000000000000000000e+00 0.000000000000000000e+00
7.579258084297180176e-01 0.000000000000000000e+00 0.000000000000000000e+00 0.000000000000000000e+00
7.783346772193908691e-01 0.000000000000000000e+00 0.000000000000000000e+00 0.000000000000000000e+00
7.987434864044189453e-01 0.000000000000000000e+00 0.000000000000000000e+00 0.000000000000000000e+00
8.191515207290649414e-01 0.000000000000000000e+00 0.000000000000000000e+00 0.000000000000000000e+00
8.395603895187377930e-01 0.000000000000000000e+00 0.000000000000000000e+00 0.000000000000000000e+00
8.599691987037658691e-01 0.000000000000000000e+00 0.000000000000000000e+00 0.000000000000000000e+00
8.803780674934387207e-01 0.000000000000000000e+00 0.000000000000000000e+00 0.000000000000000000e+00
9.007868766784667969e-01 0.000000000000000000e+00 0.000000000000000000e+00 0.000000000000000000e+00
9.211949110031127930e-01 0.000000000000000000e+00 0.000000000000000000e+00 0.000000000000000000e+00
9.416037797927856445e-01 0.000000000000000000e+00 0.000000000000000000e+00 0.000000000000000000e+00
9.620125889778137207e-01 0.000000000000000000e+00 0.000000000000000000e+00 0.000000000000000000e+00
9.824214577674865723e-01 0.000000000000000000e+00 0.000000000000000000e+00 0.000000000000000000e+00
1.002830266952514648e+00 0.000000000000000000e+00 0.000000000000000000e+00 0.000000000000000000e+00
1.023239135742187500e+00 0.000000000000000000e+00 0.000000000000000000e+00 0.000000000000000000e+00
1.043647170066833496e+00 0.000000000000000000e+00 0.000000000000000000e+00 0.000000000000000000e+00
1.064056038856506348e+00 0.000000000000000000e+00 0.000000000000000000e+00 0.000000000000000000e+00
1.084464907646179199e+00 0.000000000000000000e+00 0.000000000000000000e+00 0.000000000000000000e+00
1.104873657226562500e+00 0.000000000000000000e+00 0.000000000000000000e+00 0.000000000000000000e+00
1.125282526016235352e+00 0.000000000000000000e+00 0.000000000000000000e+00 0.000000000000000000e+00
1.145691394805908203e+00 0.000000000000000000e+00 0.000000000000000000e+00 0.000000000000000000e+00
1.166099429130554199e+00 0.000000000000000000e+00 0.000000000000000000e+00 0.000000000000000000e+00
1.186508297920227051e+00 0.000000000000000000e+00 0.000000000000000000e+00 0.000000000000000000e+00
1.206917047500610352e+00 0.000000000000000000e+00 0.000000000000000000e+00 0.000000000000000000e+00
1.227325916290283203e+00 0.000000000000000000e+00 0.000000000000000000e+00 0.000000000000000000e+00
1.247734785079956055e+00 0.000000000000000000e+00 0.000000000000000000e+00 0.000000000000000000e+00
1.268142819404602051e+00 0.000000000000000000e+00 0.000000000000000000e+00 0.000000000000000000e+00
1.288551688194274902e+00 0.000000000000000000e+00 0.000000000000000000e+00 0.000000000000000000e+00
1.308960556983947754e+00 0.000000000000000000e+00 0.000000000000000000e+00 0.000000000000000000e+00
1.329369306564331055e+00 0.000000000000000000e+00 0.000000000000000000e+00 0.000000000000000000e+00
1.349778175354003906e+00 0.000000000000000000e+00 0.000000000000000000e+00 0.000000000000000000e+00
1.411003947257995605e+00 0.000000000000000000e+00 0.000000000000000000e+00 0.000000000000000000e+00
1.431412696838378906e+00 0.000000000000000000e+00 0.000000000000000000e+00 0.000000000000000000e+00
1.451821565628051758e+00 0.000000000000000000e+00 0.000000000000000000e+00 0.000000000000000000e+00
1.472230434417724609e+00 0.000000000000000000e+00 0.000000000000000000e+00 0.000000000000000000e+00
1.492639303207397461e+00 0.000000000000000000e+00 0.000000000000000000e+00 0.000000000000000000e+00
1.574273824691772461e+00 3.421453552246093750e+02 3.421453552246093750e+02 0.000000000000000000e+00
1.594682693481445312e+00 3.674900207519531250e+02 3.674900207519531250e+02 0.000000000000000000e+00
1.655908346176147461e+00 6.417372436523437500e+02 6.417372436523437500e+02 0.000000000000000000e+00
1.676317214965820312e+00 7.037572631835937500e+02 7.037572631835937500e+02 0.000000000000000000e+00
1.696726083755493164e+00 7.398766479492187500e+02 7.398766479492187500e+02 0.000000000000000000e+00
1.717134952545166016e+00 7.249487915039062500e+02 7.249487915039062500e+02 0.000000000000000000e+00
1.819178342819213867e+00 7.415271606445312500e+02 7.415271606445312500e+02 1.627499131018339540e-07
1.839587211608886719e+00 7.392866210937500000e+02 7.392866210937500000e+02 1.807761691452469677e-07
1.859995245933532715e+00 7.297593383789062500e+02 7.297593383789062500e+02 2.036174180375383003e-07
1.880403995513916016e+00 7.107630615234375000e+02 7.107630615234375000e+02 2.181104861165295006e-07
1.900812864303588867e+00 6.906635131835937500e+02 6.906635131835937500e+02 2.160622898372821510e-07
1.921221733093261719e+00 6.751028442382812500e+02 6.751028442382812500e+02 2.049723804020686657e-07
1.941630601882934570e+00 6.617186889648437500e+02 6.617186889648437500e+02 1.941678533512458671e-07
1.962038636207580566e+00 6.498333740234375000e+02 6.498333740234375000e+02 1.874415147540275939e-07
1.982447385787963867e+00 6.419359130859375000e+02 6.419359130859375000e+02 1.835666267879787483e-07
2.002856254577636719e+00 6.357532348632812500e+02 6.357532348632812500e+02 1.854202196227561217e-07
2.064081907272338867e+00 6.428746948242187500e+02 6.428746948242187500e+02 1.732178560587271932e-07
2.084490776062011719e+00 6.432413330078125000e+02 6.432413330078125000e+02 1.687415362994215684e-07
2.104899644851684570e+00 6.547465820312500000e+02 6.547465820312500000e+02 1.632685808772293967e-07
2.125308513641357422e+00 6.616378784179687500e+02 6.616378784179687500e+02 1.578714687866522581e-07
2.145717382431030273e+00 6.681749877929687500e+02 6.681749877929687500e+02 1.532861944042451796e-07
2.166126251220703125e+00 6.738153076171875000e+02 6.738153076171875000e+02 1.497972732522612205e-07
2.186535120010375977e+00 6.786933593750000000e+02 6.786933593750000000e+02 1.475486754998200922e-07
2.206943988800048828e+00 6.832642822265625000e+02 6.832642822265625000e+02 1.471677251174696721e-07
2.227352619171142578e+00 6.907608032226562500e+02 6.907608032226562500e+02 1.478695139667252079e-07
2.288577556610107422e+00 7.125055541992187500e+02 7.122395629882812500e+02 2.659677267074584961e-01
2.329395294189453125e+00 7.169049072265625000e+02 7.144552001953125000e+02 2.449700593948364258e+00
2.431439638137817383e+00 7.299533691406250000e+02 6.388850097656250000e+02 9.106834411621093750e+01
2.472257137298583984e+00 7.342958374023437500e+02 6.122628784179687500e+02 1.220329055786132812e+02
2.492664337158203125e+00 7.304369506835937500e+02 6.104195556640625000e+02 1.200174102783203125e+02
2.553890943527221680e+00 7.640461425781250000e+02 5.951293945312500000e+02 1.689167480468750000e+02
2.594708681106567383e+00 7.711512451171875000e+02 5.932404785156250000e+02 1.779108276367187500e+02
2.615117549896240234e+00 7.742167358398437500e+02 5.956594238281250000e+02 1.785573883056640625e+02
2.717159986495971680e+00 7.713660278320312500e+02 5.911744995117187500e+02 1.801915283203125000e+02
2.757977724075317383e+00 7.740021362304687500e+02 5.886747436523437500e+02 1.853274993896484375e+02
2.778386592864990234e+00 7.751686401367187500e+02 5.861600952148437500e+02 1.890086212158203125e+02
2.798795461654663086e+00 7.744583129882812500e+02 5.815435180664062500e+02 1.929149017333984375e+02
2.819204330444335938e+00 7.708700561523437500e+02 5.747013549804687500e+02 1.961687469482421875e+02
2.839613199234008789e+00 7.714006347656250000e+02 5.687161254882812500e+02 2.026844177246093750e+02
2.860022068023681641e+00 7.785510864257812500e+02 5.664156494140625000e+02 2.121354064941406250e+02
2.880430698394775391e+00 7.875050048828125000e+02 5.652280273437500000e+02 2.222770690917968750e+02
2.900839567184448242e+00 7.648198852539062500e+02 5.515135498046875000e+02 2.133063201904296875e+02
2.921248435974121094e+00 7.738768310546875000e+02 5.601984863281250000e+02 2.136783447265625000e+02
3.023291110992431641e+00 7.604464721679687500e+02 5.396277465820312500e+02 2.208187103271484375e+02
3.043699979782104492e+00 7.615901489257812500e+02 5.391555175781250000e+02 2.224346160888671875e+02
3.064108848571777344e+00 7.595318603515625000e+02 5.415020751953125000e+02 2.180298614501953125e+02
3.309013366699218750e+00 7.223275146484375000e+02 5.097445068359375000e+02 2.125829315185546875e+02
3.329421997070312500e+00 7.401671142578125000e+02 5.157512817382812500e+02 2.244158172607421875e+02
3.431464672088623047e+00 7.255962524414062500e+02 4.955308227539062500e+02 2.300652618408203125e+02
3.615144252777099609e+00 7.224573364257812500e+02 4.839286499023437500e+02 2.385287475585937500e+02
3.635553121566772461e+00 7.129228515625000000e+02 4.778537597656250000e+02 2.350692138671875000e+02
3.860048770904541016e+00 7.106004028320312500e+02 4.733810424804687500e+02 2.372194671630859375e+02
3.900864839553833008e+00 7.078054199218750000e+02 4.718645629882812500e+02 2.359409179687500000e+02
3.921273708343505859e+00 7.067689208984375000e+02 4.724000854492187500e+02 2.343689727783203125e+02
4.023317813873291016e+00 7.126008300781250000e+02 4.746392822265625000e+02 2.379615478515625000e+02
4.043726921081542969e+00 7.169219970703125000e+02 4.793478088378906250e+02 2.375743713378906250e+02
4.145769119262695312e+00 7.056935424804687500e+02 4.738433532714843750e+02 2.318501434326171875e+02
4.288630962371826172e+00 6.970647583007812500e+02 4.671575012207031250e+02 2.299070129394531250e+02
4.390673637390136719e+00 6.977935791015625000e+02 4.676410827636718750e+02 2.301525726318359375e+02
4.411082744598388672e+00 6.987168579101562500e+02 4.679195556640625000e+02 2.307974090576171875e+02
4.431491374969482422e+00 7.003511352539062500e+02 4.689518432617187500e+02 2.313994750976562500e+02
4.451900482177734375e+00 7.020208740234375000e+02 4.703509826660156250e+02 2.316699066162109375e+02
4.472309112548828125e+00 6.996383666992187500e+02 4.692216491699218750e+02 2.304166870117187500e+02
4.492718219757080078e+00 6.992804565429687500e+02 4.691682434082031250e+02 2.301123809814453125e+02
4.615169525146484375e+00 6.924918212890625000e+02 4.675091552734375000e+02 2.249827117919921875e+02
4.778439998626708984e+00 6.885635375976562500e+02 4.638594055175781250e+02 2.247041778564453125e+02
4.941709518432617188e+00 6.940556640625000000e+02 4.683471069335937500e+02 2.257082977294921875e+02
4.982526779174804688e+00 6.942677001953125000e+02 4.684501037597656250e+02 2.258175201416015625e+02
5.002935886383056641e+00 6.930682373046875000e+02 4.678789672851562500e+02 2.251891174316406250e+02
5.023344516754150391e+00 6.896776123046875000e+02 4.660257263183593750e+02 2.236520690917968750e+02
5.043751716613769531e+00 6.883510742187500000e+02 4.654216308593750000e+02 2.229293212890625000e+02
5.084569454193115234e+00 6.907958984375000000e+02 4.679472351074218750e+02 2.228484497070312500e+02
5.104978561401367188e+00 6.898981933593750000e+02 4.677177429199218750e+02 2.221805114746093750e+02
5.125387191772460938e+00 6.893430786132812500e+02 4.675368041992187500e+02 2.218064575195312500e+02
5.145796298980712891e+00 6.855192260742187500e+02 4.656825256347656250e+02 2.198368072509765625e+02
5.166204929351806641e+00 6.854006347656250000e+02 4.666230773925781250e+02 2.187777404785156250e+02
5.186613559722900391e+00 6.818132934570312500e+02 4.643254699707031250e+02 2.174875946044921875e+02
5.207022666931152344e+00 6.819624633789062500e+02 4.648042297363281250e+02 2.171581420898437500e+02
5.227431297302246094e+00 6.822424316406250000e+02 4.652793273925781250e+02 2.169630432128906250e+02
5.288656234741210938e+00 6.869779052734375000e+02 4.689459533691406250e+02 2.180317993164062500e+02
5.309065341949462891e+00 6.872705688476562500e+02 4.693977966308593750e+02 2.178728637695312500e+02
5.329473972320556641e+00 6.870554199218750000e+02 4.693970336914062500e+02 2.176583862304687500e+02
5.349883079528808594e+00 6.862826538085937500e+02 4.689487304687500000e+02 2.173339233398437500e+02
5.370291709899902344e+00 6.859258422851562500e+02 4.693954772949218750e+02 2.165303344726562500e+02
5.390700340270996094e+00 6.854451293945312500e+02 4.693946533203125000e+02 2.160506134033203125e+02
5.492744922637939453e+00 6.871374511718750000e+02 4.702626037597656250e+02 2.168748016357421875e+02
5.594787597656250000e+00 6.871398315429687500e+02 4.719547424316406250e+02 2.151853332519531250e+02
5.615196228027343750e+00 6.866906738281250000e+02 4.719446411132812500e+02 2.147463378906250000e+02
5.656013965606689453e+00 6.866482543945312500e+02 4.723480224609375000e+02 2.143004913330078125e+02
5.676422595977783203e+00 6.861505737304687500e+02 4.727584533691406250e+02 2.133920135498046875e+02
5.696831703186035156e+00 6.850975341796875000e+02 4.723254394531250000e+02 2.127719726562500000e+02
5.798874378204345703e+00 6.830242919921875000e+02 4.718576049804687500e+02 2.111665954589843750e+02
5.819283008575439453e+00 6.817487792968750000e+02 4.718482666015625000e+02 2.099002685546875000e+02
5.839691638946533203e+00 6.813410644531250000e+02 4.718389587402343750e+02 2.095021820068359375e+02
5.880509376525878906e+00 6.800444946289062500e+02 4.722276611328125000e+02 2.078166046142578125e+02
5.900918483734130859e+00 6.790114746093750000e+02 4.718115234375000000e+02 2.071998748779296875e+02
5.921327114105224609e+00 6.802842407226562500e+02 4.722067565917968750e+02 2.080775146484375000e+02
5.962143421173095703e+00 6.779374389648437500e+02 4.717846984863281250e+02 2.061527862548828125e+02
5.982552051544189453e+00 6.778366699218750000e+02 4.717758789062500000e+02 2.060608520507812500e+02
6.002961158752441406e+00 6.784672241210937500e+02 4.721658935546875000e+02 2.063011779785156250e+02
6.023369789123535156e+00 6.774484863281250000e+02 4.721557617187500000e+02 2.052927703857421875e+02
6.105005264282226562e+00 6.792850341796875000e+02 4.736846313476562500e+02 2.056005249023437500e+02
6.125413894653320312e+00 6.796283569335937500e+02 4.740605163574218750e+02 2.055680389404296875e+02
6.145823001861572266e+00 6.802224121093750000e+02 4.744338378906250000e+02 2.057887268066406250e+02
6.166231632232666016e+00 6.957933959960937500e+02 4.907221374511718750e+02 2.050711975097656250e+02
6.186640739440917969e+00 6.793251953125000000e+02 4.743992614746093750e+02 2.049257812500000000e+02
6.207047939300537109e+00 6.814034423828125000e+02 4.751535644531250000e+02 2.062498779296875000e+02
6.227456569671630859e+00 6.799735717773437500e+02 4.751340637207031250e+02 2.048395538330078125e+02
6.288682937622070312e+00 6.806707153320312500e+02 4.762181701660156250e+02 2.044524993896484375e+02
6.309092044830322266e+00 6.799694824218750000e+02 4.758160705566406250e+02 2.041533813476562500e+02
6.329500675201416016e+00 6.805740356445312500e+02 4.761728820800781250e+02 2.044011688232421875e+02
6.349909782409667969e+00 6.794763793945312500e+02 4.761504516601562500e+02 2.033258361816406250e+02
6.451952457427978516e+00 6.788258666992187500e+02 4.764115905761718750e+02 2.024141082763671875e+02
6.513178825378417969e+00 6.781167602539062500e+02 4.767112426757812500e+02 2.014056243896484375e+02
6.533587455749511719e+00 6.776296997070312500e+02 4.763213500976562500e+02 2.013083801269531250e+02
6.594814300537109375e+00 6.776373291015625000e+02 4.769811401367187500e+02 2.006562194824218750e+02
6.635632038116455078e+00 6.761384277343750000e+02 4.772939758300781250e+02 1.988445129394531250e+02
6.656040668487548828e+00 6.763324584960937500e+02 4.776288146972656250e+02 1.987037048339843750e+02
6.676447868347167969e+00 6.742630004882812500e+02 4.761688842773437500e+02 1.980940856933593750e+02
6.696856975555419922e+00 6.763986816406250000e+02 4.775774841308593750e+02 1.988211364746093750e+02
6.717265605926513672e+00 6.746361694335937500e+02 4.775520019531250000e+02 1.970841369628906250e+02
6.778491973876953125e+00 6.749301147460937500e+02 4.788891601562500000e+02 1.960409393310546875e+02
6.798901081085205078e+00 6.985803833007812500e+02 4.890710449218750000e+02 2.095093536376953125e+02
6.941761016845703125e+00 6.755877685546875000e+02 4.814200439453125000e+02 1.941676330566406250e+02
6.962170124053955078e+00 6.744085083007812500e+02 4.803526611328125000e+02 1.940558471679687500e+02
6.982578754425048828e+00 6.723820190429687500e+02 4.789486999511718750e+02 1.934331970214843750e+02
7.002987861633300781e+00 6.742662963867187500e+02 4.806294250488281250e+02 1.936369018554687500e+02
7.023396492004394531e+00 6.743746948242187500e+02 4.809370422363281250e+02 1.934377441406250000e+02
7.043805599212646484e+00 6.752116088867187500e+02 4.812428283691406250e+02 1.939687652587890625e+02
7.064214229583740234e+00 6.749636840820312500e+02 4.818858032226562500e+02 1.930780944824218750e+02
7.105031967163085938e+00 6.742783813476562500e+02 4.821498413085937500e+02 1.921286315917968750e+02
7.125439167022705078e+00 6.738762817382812500e+02 4.817768249511718750e+02 1.920996093750000000e+02
7.145847797393798828e+00 6.723151855468750000e+02 4.807358703613281250e+02 1.915792541503906250e+02
7.166256904602050781e+00 6.703676147460937500e+02 4.793667907714843750e+02 1.910009307861328125e+02
7.186665534973144531e+00 6.742741699218750000e+02 4.823358154296875000e+02 1.919383239746093750e+02
7.207074642181396484e+00 6.740819702148437500e+02 4.826307678222656250e+02 1.914513092041015625e+02
7.227483272552490234e+00 6.733423461914062500e+02 4.822615966796875000e+02 1.910808563232421875e+02
7.247892379760742188e+00 6.732880249023437500e+02 4.825550537109375000e+02 1.907328796386718750e+02
7.268301010131835938e+00 6.713251342773437500e+02 4.812000732421875000e+02 1.901249694824218750e+02
7.288710117340087891e+00 6.729276123046875000e+02 4.828086853027343750e+02 1.901188659667968750e+02
7.309118747711181641e+00 6.730009765625000000e+02 4.834256896972656250e+02 1.895753021240234375e+02
7.329527378082275391e+00 6.725838012695312500e+02 4.833861083984375000e+02 1.891976470947265625e+02
7.349936485290527344e+00 6.721953125000000000e+02 4.830209350585937500e+02 1.891744995117187500e+02
7.370343685150146484e+00 6.719793090820312500e+02 4.833075561523437500e+02 1.886718750000000000e+02
7.390752315521240234e+00 6.717030029296875000e+02 4.832685852050781250e+02 1.884343566894531250e+02
7.411161422729492188e+00 6.701765747070312500e+02 4.822607727050781250e+02 1.879157867431640625e+02
7.431570053100585938e+00 6.713928222656250000e+02 4.838355407714843750e+02 1.875572204589843750e+02
7.492796897888183594e+00 6.709919433593750000e+02 4.837158508300781250e+02 1.872759704589843750e+02
7.513205528259277344e+00 6.806487426757812500e+02 4.938724670410156250e+02 1.867761688232421875e+02
7.533614635467529297e+00 6.710531005859375000e+02 4.842726745605468750e+02 1.867804412841796875e+02
7.554023265838623047e+00 6.700204467773437500e+02 4.835981750488281250e+02 1.864223175048828125e+02
7.574431896209716797e+00 6.702925415039062500e+02 4.838753662109375000e+02 1.864170074462890625e+02
7.594839096069335938e+00 6.699222412109375000e+02 4.841512145996093750e+02 1.857710418701171875e+02
7.615248203277587891e+00 6.694572143554687500e+02 4.841111145019531250e+02 1.853462219238281250e+02
7.635656833648681641e+00 6.678280029296875000e+02 4.831306762695312500e+02 1.846974639892578125e+02
7.656065940856933594e+00 6.690464477539062500e+02 4.846569213867187500e+02 1.843894805908203125e+02
7.676474571228027344e+00 6.690134887695312500e+02 4.849276733398437500e+02 1.840857391357421875e+02
7.696883678436279297e+00 6.692454223632812500e+02 4.851969909667968750e+02 1.840484771728515625e+02
7.717292308807373047e+00 6.687240600585937500e+02 4.854648437500000000e+02 1.832590179443359375e+02
7.737701416015625000e+00 6.685039672851562500e+02 4.857313232421875000e+02 1.827726593017578125e+02
7.758110046386718750e+00 6.685336303710937500e+02 4.859963378906250000e+02 1.825371856689453125e+02
7.778518676757812500e+00 6.682787475585937500e+02 4.859523010253906250e+02 1.823263244628906250e+02
7.798927783966064453e+00 6.680941162109375000e+02 4.862153625488281250e+02 1.818787078857421875e+02
7.819334983825683594e+00 6.682300415039062500e+02 4.864771728515625000e+02 1.817529296875000000e+02
7.839743614196777344e+00 6.680877075195312500e+02 4.867375488281250000e+02 1.813500671386718750e+02
7.860152721405029297e+00 6.677012939453125000e+02 4.866919555664062500e+02 1.810093841552734375e+02
7.880561351776123047e+00 6.677195434570312500e+02 4.869504699707031250e+02 1.807689819335937500e+02
7.900970458984375000e+00 6.677091674804687500e+02 4.872075500488281250e+02 1.805015411376953125e+02
7.962196826934814453e+00 6.682517089843750000e+02 4.867683715820312500e+02 1.814833831787109375e+02
7.982605457305908203e+00 6.683617553710937500e+02 4.870233154296875000e+02 1.813383789062500000e+02
8.003014564514160156e+00 6.620775146484375000e+02 4.803970642089843750e+02 1.816802673339843750e+02
8.023423194885253906e+00 6.761797485351562500e+02 4.949884643554687500e+02 1.811912841796875000e+02
8.043831825256347656e+00 6.702179565429687500e+02 4.892684936523437500e+02 1.809496307373046875e+02
8.064239501953125000e+00 6.680228271484375000e+02 4.883272094726562500e+02 1.796956024169921875e+02
8.084648132324218750e+00 6.676746826171875000e+02 4.882788696289062500e+02 1.793958892822265625e+02
8.145874977111816406e+00 6.681911010742187500e+02 4.887231445312500000e+02 1.794679107666015625e+02
8.166283607482910156e+00 6.679620361328125000e+02 4.886743469238281250e+02 1.792875518798828125e+02
8.186692237854003906e+00 6.676522216796875000e+02 4.886257629394531250e+02 1.790263519287109375e+02
8.207100868225097656e+00 6.674135131835937500e+02 4.885774230957031250e+02 1.788361968994140625e+02
8.349961280822753906e+00 6.666632690429687500e+02 4.893926391601562500e+02 1.772706756591796875e+02
8.390779495239257812e+00 6.665087280273437500e+02 4.898649597167968750e+02 1.766436767578125000e+02
8.411188125610351562e+00 6.649905395507812500e+02 4.889609985351562500e+02 1.760297393798828125e+02
8.452005386352539062e+00 6.658931274414062500e+02 4.905649108886718750e+02 1.753284149169921875e+02
8.472414970397949219e+00 6.656899414062500000e+02 4.905134582519531250e+02 1.751764373779296875e+02
8.574457168579101562e+00 6.649556884765625000e+02 4.908181457519531250e+02 1.741374511718750000e+02
8.594865798950195312e+00 6.647123413085937500e+02 4.907668457031250000e+02 1.739453735351562500e+02
8.615275382995605469e+00 6.647763061523437500e+02 4.909935913085937500e+02 1.737828521728515625e+02
8.635684013366699219e+00 6.640504150390625000e+02 4.906648864746093750e+02 1.733853607177734375e+02
8.656092643737792969e+00 6.638657226562500000e+02 4.908907470703125000e+02 1.729750213623046875e+02
8.676501274108886719e+00 6.635119628906250000e+02 4.908397521972656250e+02 1.726721496582031250e+02
8.696909904479980469e+00 6.632978515625000000e+02 4.907889099121093750e+02 1.725087738037109375e+02
8.717319488525390625e+00 6.632122802734375000e+02 4.910129394531250000e+02 1.721995239257812500e+02
8.737728118896484375e+00 6.848308715820312500e+02 5.131538696289062500e+02 1.716770019531250000e+02
8.758134841918945312e+00 6.625561523437500000e+02 4.911846618652343750e+02 1.713716583251953125e+02
8.778544425964355469e+00 6.622947387695312500e+02 4.911335754394531250e+02 1.711610260009765625e+02
8.798953056335449219e+00 6.621818847656250000e+02 4.913547363281250000e+02 1.708271942138671875e+02
8.880588531494140625e+00 6.617047119140625000e+02 4.911510009765625000e+02 1.705538940429687500e+02
8.941814422607421875e+00 6.614326171875000000e+02 4.915361022949218750e+02 1.698966064453125000e+02
8.982630729675292969e+00 6.618807983398437500e+02 4.922341308593750000e+02 1.696466674804687500e+02
9.003039360046386719e+00 6.606690673828125000e+02 4.913842468261718750e+02 1.692847900390625000e+02
9.043857574462890625e+00 6.638351440429687500e+02 4.957839355468750000e+02 1.680513458251953125e+02
9.064266204833984375e+00 6.597772216796875000e+02 4.920266113281250000e+02 1.677505493164062500e+02
9.207128524780273438e+00 6.593161621093750000e+02 4.924523315429687500e+02 1.668638458251953125e+02
9.227535247802734375e+00 6.590787963867187500e+02 4.929198303222656250e+02 1.661587524414062500e+02
9.247943878173828125e+00 6.583070678710937500e+02 4.926086120605468750e+02 1.656984558105468750e+02
9.268353462219238281e+00 6.583142700195312500e+02 4.928153381347656250e+02 1.654989471435546875e+02
9.288762092590332031e+00 6.581233520507812500e+02 4.930211181640625000e+02 1.651022491455078125e+02
9.329579353332519531e+00 6.570335693359375000e+02 4.921470947265625000e+02 1.648865356445312500e+02
9.452031135559082031e+00 6.600448608398437500e+02 4.974217224121093750e+02 1.626233215332031250e+02
9.472439765930175781e+00 6.546657714843750000e+02 4.920536804199218750e+02 1.626120910644531250e+02
9.492848396301269531e+00 6.544611816406250000e+02 4.915002136230468750e+02 1.629609527587890625e+02
9.513257980346679688e+00 6.543615722656250000e+02 4.919555664062500000e+02 1.624061279296875000e+02
9.533666610717773438e+00 6.541392211914062500e+02 4.921579895019531250e+02 1.619813842773437500e+02
9.554075241088867188e+00 6.544514160156250000e+02 4.923594665527343750e+02 1.620917968750000000e+02
9.574483871459960938e+00 6.548803100585937500e+02 4.930601806640625000e+02 1.618203277587890625e+02
9.594892501831054688e+00 6.547404785156250000e+02 4.932589111328125000e+02 1.614816589355468750e+02
9.615302085876464844e+00 6.545487670898437500e+02 4.934568176269531250e+02 1.610919036865234375e+02
9.635710716247558594e+00 6.540675048828125000e+02 4.934054260253906250e+02 1.606620483398437500e+02
9.656119346618652344e+00 6.537411499023437500e+02 4.936021423339843750e+02 1.601390380859375000e+02
9.676527023315429688e+00 6.535289306640625000e+02 4.935507507324218750e+02 1.599782562255859375e+02
9.696935653686523438e+00 6.532328491210937500e+02 4.934994506835937500e+02 1.597334136962890625e+02
9.717344284057617188e+00 6.537555541992187500e+02 4.941875000000000000e+02 1.595681915283203125e+02
9.737752914428710938e+00 6.534874877929687500e+02 4.941351013183593750e+02 1.593527069091796875e+02
9.758161544799804688e+00 6.527813110351562500e+02 4.938375854492187500e+02 1.589436035156250000e+02
9.778571128845214844e+00 6.527394409179687500e+02 4.940309753417968750e+02 1.587085723876953125e+02
9.798979759216308594e+00 6.527050170898437500e+02 4.942235412597656250e+02 1.584815521240234375e+02
9.819388389587402344e+00 6.524277343750000000e+02 4.941715393066406250e+02 1.582562561035156250e+02
9.839797019958496094e+00 6.521421508789062500e+02 4.941196899414062500e+02 1.580225982666015625e+02
9.860206604003906250e+00 6.518170776367187500e+02 4.940680847167968750e+02 1.577490081787109375e+02
9.880615234375000000e+00 6.517462768554687500e+02 4.942590026855468750e+02 1.574872589111328125e+02
9.901023864746093750e+00 6.511868286132812500e+02 4.939655456542968750e+02 1.572214050292968750e+02
9.921431541442871094e+00 6.508817749023437500e+02 4.939146728515625000e+02 1.569672241210937500e+02
9.941840171813964844e+00 6.508518676757812500e+02 4.941047058105468750e+02 1.567471923828125000e+02
9.962248802185058594e+00 6.502905273437500000e+02 4.938133544921875000e+02 1.564771575927734375e+02
9.982657432556152344e+00 6.500195922851562500e+02 4.937630310058593750e+02 1.562566223144531250e+02
1.000306606292724609e+01 6.499736328125000000e+02 4.939522094726562500e+02 1.560213317871093750e+02
1.002347564697265625e+01 6.494714965820312500e+02 4.936629943847656250e+02 1.558083496093750000e+02
1.004388427734375000e+01 6.494130249023437500e+02 4.938515625000000000e+02 1.555616455078125000e+02
1.006429290771484375e+01 6.489204711914062500e+02 4.935637207031250000e+02 1.553568267822265625e+02
1.008470153808593750e+01 6.489299926757812500e+02 4.937517700195312500e+02 1.551781768798828125e+02
1.010511112213134766e+01 6.486395263671875000e+02 4.937021789550781250e+02 1.549372711181640625e+02
1.012551975250244141e+01 6.481332397460937500e+02 4.934163818359375000e+02 1.547168121337890625e+02
1.014592647552490234e+01 6.481379394531250000e+02 4.936036376953125000e+02 1.545342712402343750e+02
1.016633605957031250e+01 6.479212036132812500e+02 4.935546264648437500e+02 1.543666839599609375e+02
1.018674468994140625e+01 6.476365966796875000e+02 4.935058288574218750e+02 1.541307220458984375e+02
1.020715332031250000e+01 6.473892822265625000e+02 4.934572448730468750e+02 1.539319458007812500e+02
1.022756195068359375e+01 6.471896972656250000e+02 4.934087829589843750e+02 1.537808227539062500e+02
1.024797058105468750e+01 6.469479370117187500e+02 4.933605957031250000e+02 1.535873260498046875e+02
1.026838016510009766e+01 6.466729736328125000e+02 4.933125000000000000e+02 1.533605346679687500e+02
1.030919742584228516e+01 6.460557861328125000e+02 4.929848022460937500e+02 1.530708923339843750e+02
1.032960605621337891e+01 6.460892333984375000e+02 4.931695861816406250e+02 1.529197387695312500e+02
1.035001564025878906e+01 6.467272338867187500e+02 4.928909301757812500e+02 1.538364257812500000e+02
1.037042236328125000e+01 6.456062011718750000e+02 4.930752563476562500e+02 1.525310363769531250e+02
1.039083099365234375e+01 6.454381713867187500e+02 4.930283508300781250e+02 1.524098052978515625e+02
1.041123962402343750e+01 6.446281127929687500e+02 4.925217285156250000e+02 1.521065368652343750e+02
1.043164920806884766e+01 6.450855102539062500e+02 4.929350891113281250e+02 1.521503143310546875e+02
1.045205783843994141e+01 6.446907348632812500e+02 4.931177368164062500e+02 1.515729064941406250e+02
1.047246646881103516e+01 6.446400146484375000e+02 4.932997131347656250e+02 1.513400268554687500e+02
1.049287509918212891e+01 6.444381103515625000e+02 4.932528381347656250e+02 1.511851348876953125e+02
1.051328468322753906e+01 6.443397216796875000e+02 4.925230102539062500e+02 1.518167877197265625e+02
1.053369331359863281e+01 6.440576171875000000e+02 4.904324035644531250e+02 1.536250152587890625e+02
1.055410194396972656e+01 6.435666503906250000e+02 4.928863830566406250e+02 1.506800079345703125e+02
1.057451057434082031e+01 6.431785278320312500e+02 4.926142883300781250e+02 1.505643005371093750e+02
1.059491920471191406e+01 6.431590576171875000e+02 4.927951354980468750e+02 1.503638763427734375e+02
1.061532688140869141e+01 6.426690673828125000e+02 4.925243225097656250e+02 1.501446990966796875e+02
1.063573551177978516e+01 6.426469726562500000e+02 4.927045898437500000e+02 1.499423065185546875e+02
1.065614414215087891e+01 6.421743164062500000e+02 4.924349365234375000e+02 1.497391510009765625e+02
1.067655372619628906e+01 6.455270385742187500e+02 4.926146850585937500e+02 1.529121246337890625e+02
1.069696235656738281e+01 6.419285888671875000e+02 4.925700378417968750e+02 1.493585205078125000e+02
1.071737098693847656e+01 6.416685791015625000e+02 4.925254821777343750e+02 1.491430053710937500e+02
1.073777961730957031e+01 6.414451293945312500e+02 4.924811706542968750e+02 1.489637145996093750e+02
1.075818920135498047e+01 6.411679687500000000e+02 4.924369506835937500e+02 1.487308959960937500e+02
1.077859783172607422e+01 6.409221801757812500e+02 4.923929748535156250e+02 1.485293121337890625e+02
1.079900646209716797e+01 6.406903686523437500e+02 4.923490905761718750e+02 1.483412933349609375e+02
1.081941509246826172e+01 6.404451293945312500e+02 4.923054504394531250e+02 1.481395416259765625e+02
1.083982276916503906e+01 6.403908691406250000e+02 4.924828186035156250e+02 1.479080657958984375e+02
1.086023139953613281e+01 6.399208374023437500e+02 4.922185974121093750e+02 1.477022857666015625e+02
1.088064002990722656e+01 6.399421386718750000e+02 4.923954467773437500e+02 1.475467071533203125e+02
1.090104866027832031e+01 6.394743652343750000e+02 4.921324157714843750e+02 1.473421325683593750e+02
1.092145824432373047e+01 6.394595947265625000e+02 4.923087463378906250e+02 1.471506500244140625e+02
1.094186687469482422e+01 6.392127075195312500e+02 4.922656250000000000e+02 1.469471282958984375e+02
1.096227550506591797e+01 6.389651489257812500e+02 4.922226257324218750e+02 1.467424621582031250e+02
1.098268413543701172e+01 6.387194824218750000e+02 4.921798706054687500e+02 1.465395355224609375e+02
1.100309371948242188e+01 6.384924316406250000e+02 4.921372375488281250e+02 1.463551177978515625e+02
1.102350234985351562e+01 6.383007202148437500e+02 4.920947265625000000e+02 1.462058563232421875e+02
1.104391098022460938e+01 6.380777587890625000e+02 4.920524291992187500e+02 1.460253601074218750e+02
1.106431770324707031e+01 6.380722045898437500e+02 4.922266845703125000e+02 1.458455352783203125e+02
1.108472728729248047e+01 6.376760864257812500e+02 4.919682922363281250e+02 1.457077178955078125e+02
1.110513591766357422e+01 6.376431884765625000e+02 4.921419982910156250e+02 1.455012359619140625e+02
1.112554454803466797e+01 6.374507446289062500e+02 4.920999450683593750e+02 1.453507690429687500e+02
1.114595317840576172e+01 6.372478637695312500e+02 4.920579528808593750e+02 1.451899566650390625e+02
1.116636276245117188e+01 6.370140380859375000e+02 4.920161743164062500e+02 1.449979705810546875e+02
1.118677139282226562e+01 6.368140869140625000e+02 4.919744873046875000e+02 1.448393707275390625e+02
1.120718002319335938e+01 6.364124145507812500e+02 4.917194519042968750e+02 1.446928863525390625e+02
1.122758865356445312e+01 6.364235839843750000e+02 4.918917236328125000e+02 1.445317687988281250e+02
1.124799728393554688e+01 6.362335815429687500e+02 4.918505249023437500e+02 1.443829650878906250e+02
1.126840686798095703e+01 6.358192138671875000e+02 4.915969848632812500e+02 1.442221679687500000e+02
1.128881549835205078e+01 6.356008911132812500e+02 4.915565490722656250e+02 1.440444183349609375e+02
1.130922222137451172e+01 6.355845336914062500e+02 4.917279052734375000e+02 1.438566131591796875e+02
1.132963180541992188e+01 6.354111328125000000e+02 4.916873168945312500e+02 1.437239532470703125e+02
1.135004043579101562e+01 6.350299072265625000e+02 4.914359741210937500e+02 1.435938720703125000e+02
1.137044906616210938e+01 6.348297119140625000e+02 4.913960571289062500e+02 1.434337463378906250e+02
1.139085769653320312e+01 6.346261596679687500e+02 4.913562011718750000e+02 1.432700805664062500e+02
1.141126728057861328e+01 6.344390869140625000e+02 4.913165893554687500e+02 1.431224060058593750e+02
1.143167591094970703e+01 6.340377197265625000e+02 4.910676879882812500e+02 1.429700012207031250e+02
1.145208454132080078e+01 6.338397827148437500e+02 4.910287170410156250e+02 1.428112945556640625e+02
1.147249317169189453e+01 6.336237182617187500e+02 4.909898681640625000e+02 1.426338653564453125e+02
1.149290180206298828e+01 6.332485961914062500e+02 4.907428283691406250e+02 1.425057830810546875e+02
1.161535358428955078e+01 6.317167358398437500e+02 4.903096313476562500e+02 1.414072723388671875e+02
1.163576221466064453e+01 6.319128417968750000e+02 4.896553039550781250e+02 1.422577514648437500e+02
1.165617179870605469e+01 6.316952514648437500e+02 4.896195373535156250e+02 1.420756530761718750e+02
1.173780632019042969e+01 6.314037475585937500e+02 4.894774780273437500e+02 1.419263153076171875e+02
1.179903125762939453e+01 6.305799560546875000e+02 4.887636108398437500e+02 1.418164062500000000e+02
1.181944084167480469e+01 6.337642211914062500e+02 4.915653381347656250e+02 1.421987457275390625e+02
1.183984947204589844e+01 6.298446044921875000e+02 4.888983154296875000e+02 1.409462585449218750e+02
1.188066673278808594e+01 6.293302001953125000e+02 4.888306274414062500e+02 1.404995880126953125e+02
1.202352714538574219e+01 6.246193237304687500e+02 4.856107788085937500e+02 1.390084228515625000e+02
1.204393577575683594e+01 6.478234863281250000e+02 5.022792358398437500e+02 1.455443878173828125e+02
1.206434535980224609e+01 6.288750610351562500e+02 4.881347961425781250e+02 1.407403411865234375e+02
1.214597988128662109e+01 6.253869018554687500e+02 4.864306945800781250e+02 1.389561614990234375e+02
1.216638946533203125e+01 6.261216430664062500e+02 4.873855895996093750e+02 1.387360687255859375e+02
1.218679809570312500e+01 6.303122558593750000e+02 4.889266357421875000e+02 1.413857269287109375e+02
1.220720672607421875e+01 6.258762817382812500e+02 4.875209045410156250e+02 1.383554687500000000e+02
1.222761440277099609e+01 6.263920898437500000e+02 4.884692687988281250e+02 1.379227752685546875e+02
1.224802303314208984e+01 6.252091674804687500e+02 4.874598693847656250e+02 1.377494659423828125e+02
1.226843166351318359e+01 6.250769042968750000e+02 4.874295043945312500e+02 1.376476135253906250e+02
1.228884029388427734e+01 6.248550415039062500e+02 4.873991699218750000e+02 1.374557647705078125e+02
1.232965850830078125e+01 6.244678955078125000e+02 4.871447448730468750e+02 1.373231506347656250e+02
1.235006713867187500e+01 6.244121093750000000e+02 4.873088989257812500e+02 1.371031188964843750e+02
1.239088439941406250e+01 6.237386474609375000e+02 4.870559997558593750e+02 1.366828613281250000e+02
1.245211124420166016e+01 6.230909423828125000e+02 4.867759399414062500e+02 1.363149261474609375e+02
1.247251892089843750e+01 6.233994140625000000e+02 4.869392089843750000e+02 1.364603881835937500e+02
1.251333618164062500e+01 6.223052978515625000e+02 4.864986267089843750e+02 1.358068542480468750e+02
1.253374481201171875e+01 6.219567871093750000e+02 4.862794189453125000e+02 1.356774902343750000e+02
1.255415344238281250e+01 6.220527343750000000e+02 4.864424133300781250e+02 1.356105346679687500e+02
1.257456302642822266e+01 6.218292846679687500e+02 4.864143676757812500e+02 1.354147949218750000e+02
1.259497165679931641e+01 6.216634521484375000e+02 4.863864746093750000e+02 1.352769622802734375e+02
1.265619850158691406e+01 6.206599731445312500e+02 4.859249877929687500e+02 1.347349243164062500e+02
1.271742343902587891e+01 6.201137695312500000e+02 4.860327148437500000e+02 1.340809936523437500e+02
1.273783206939697266e+01 6.197108154296875000e+02 4.858178100585937500e+02 1.338929443359375000e+02
1.275824069976806641e+01 6.195525512695312500e+02 4.857911682128906250e+02 1.337612609863281250e+02
1.279905796051025391e+01 6.251482543945312500e+02 4.889179382324218750e+02 1.362304840087890625e+02
1.290110301971435547e+01 6.184932861328125000e+02 4.850507202148437500e+02 1.334425048828125000e+02
1.292150974273681641e+01 6.182746582031250000e+02 4.850257873535156250e+02 1.332487487792968750e+02
1.296232795715332031e+01 6.181397705078125000e+02 4.849758911132812500e+02 1.331638183593750000e+02
1.302355384826660156e+01 6.177208251953125000e+02 4.849016418457031250e+02 1.328192749023437500e+02
1.304396247863769531e+01 6.185193481445312500e+02 4.859782409667968750e+02 1.325411987304687500e+02
1.308478069305419922e+01 6.166651000976562500e+02 4.844622802734375000e+02 1.322030181884765625e+02
1.310518932342529297e+01 6.167670288085937500e+02 4.846211547851562500e+02 1.321459808349609375e+02
1.316641426086425781e+01 6.158870239257812500e+02 4.841857910156250000e+02 1.317013702392578125e+02
1.318682289123535156e+01 6.156663208007812500e+02 4.841625976562500000e+02 1.315039062500000000e+02
1.328886699676513672e+01 6.146949462890625000e+02 4.838674926757812500e+02 1.308274078369140625e+02
1.330927658081054688e+01 6.142741699218750000e+02 4.836651306152343750e+02 1.306090240478515625e+02
1.332968521118164062e+01 6.142564697265625000e+02 4.836429748535156250e+02 1.306134490966796875e+02
1.335009384155273438e+01 6.136702880859375000e+02 4.834415588378906250e+02 1.302287445068359375e+02
1.337050247192382812e+01 6.134398193359375000e+02 4.834197387695312500e+02 1.300202026367187500e+02
1.339091014862060547e+01 6.132171020507812500e+02 4.833981628417968750e+02 1.298187866210937500e+02
1.347254562377929688e+01 6.125609741210937500e+02 4.831344299316406250e+02 1.294263458251953125e+02
1.349295425415039062e+01 6.122255859375000000e+02 4.829358520507812500e+02 1.292897796630859375e+02
1.351336288452148438e+01 6.117058105468750000e+02 4.825607910156250000e+02 1.291451110839843750e+02
1.353377151489257812e+01 6.120098266601562500e+02 4.828944396972656250e+02 1.291154479980468750e+02
1.355418109893798828e+01 6.112026367187500000e+02 4.825205688476562500e+02 1.286820373535156250e+02
1.357458972930908203e+01 6.111642456054687500e+02 4.825005493164062500e+02 1.286635437011718750e+02
1.359499835968017578e+01 6.095579833984375000e+02 4.826565856933593750e+02 1.269014358520507812e+02
1.361540508270263672e+01 6.086781616210937500e+02 4.822848815917968750e+02 1.263932342529296875e+02
1.363581562042236328e+01 6.111253662109375000e+02 4.827919311523437500e+02 1.283336334228515625e+02
1.365622234344482422e+01 6.106480712890625000e+02 4.825963745117187500e+02 1.280517883300781250e+02
1.367663288116455078e+01 6.104569702148437500e+02 4.825762939453125000e+02 1.278805923461914062e+02
1.369704055786132812e+01 6.101450805664062500e+02 4.823816223144531250e+02 1.277634048461914062e+02
1.371745109558105469e+01 6.099450683593750000e+02 4.823619079589843750e+02 1.275832595825195312e+02
1.373785781860351562e+01 6.097723999023437500e+02 4.823424377441406250e+02 1.274299468994140625e+02
1.375826835632324219e+01 6.094520874023437500e+02 4.821488647460937500e+02 1.273032989501953125e+02
1.377867507934570312e+01 6.092677612304687500e+02 4.821297607421875000e+02 1.271380844116210938e+02
1.379908561706542969e+01 6.092769775390625000e+02 4.822840270996093750e+02 1.269929962158203125e+02
1.381949329376220703e+01 6.246913452148437500e+02 4.978552246093750000e+02 1.268362045288085938e+02
1.383990383148193359e+01 6.087969970703125000e+02 4.820724487304687500e+02 1.267245941162109375e+02
1.386031055450439453e+01 6.085101928710937500e+02 4.818807983398437500e+02 1.266293411254882812e+02
1.388071823120117188e+01 6.081795654296875000e+02 4.816897583007812500e+02 1.264898071289062500e+02
1.390112876892089844e+01 6.080145874023437500e+02 4.816713562011718750e+02 1.263432693481445312e+02
1.392153549194335938e+01 6.077315063476562500e+02 4.814811706542968750e+02 1.262502288818359375e+02
1.394194602966308594e+01 6.076000366210937500e+02 4.814631347656250000e+02 1.261369018554687500e+02
1.396235370635986328e+01 6.074586181640625000e+02 4.814451904296875000e+02 1.260132293701171875e+02
1.398276424407958984e+01 6.071455078125000000e+02 4.812561035156250000e+02 1.258892822265625000e+02
1.400317096710205078e+01 6.069862670898437500e+02 4.812385253906250000e+02 1.257477722167968750e+02
1.402358150482177734e+01 6.066667480468750000e+02 4.810502624511718750e+02 1.256164703369140625e+02
1.404398918151855469e+01 6.063732910156250000e+02 4.808625793457031250e+02 1.255106506347656250e+02
1.406439971923828125e+01 6.062302856445312500e+02 4.808456115722656250e+02 1.253847579956054688e+02
1.408480644226074219e+01 6.059162597656250000e+02 4.806588745117187500e+02 1.252573699951171875e+02
1.410521411895751953e+01 6.057948608398437500e+02 4.806422729492187500e+02 1.251527252197265625e+02
1.412562465667724609e+01 6.054801025390625000e+02 4.804562377929687500e+02 1.250239105224609375e+02
1.414603137969970703e+01 6.053449707031250000e+02 4.804400024414062500e+02 1.249049301147460938e+02
1.416644191741943359e+01 6.050493774414062500e+02 4.802547302246093750e+02 1.247947692871093750e+02
1.418684959411621094e+01 6.047395019531250000e+02 4.800701904296875000e+02 1.246691970825195312e+02
1.420725917816162109e+01 6.045919799804687500e+02 4.800544738769531250e+02 1.245376052856445312e+02
1.422766685485839844e+01 6.044695434570312500e+02 4.800389709472656250e+02 1.244306411743164062e+02
1.424807739257812500e+01 6.041504516601562500e+02 4.798553771972656250e+02 1.242949905395507812e+02
1.426848411560058594e+01 6.038635864257812500e+02 4.796723937988281250e+02 1.241912612915039062e+02
1.428889465332031250e+01 6.035591430664062500e+02 4.794898376464843750e+02 1.240693817138671875e+02
1.430930233001708984e+01 6.034281005859375000e+02 4.794751281738281250e+02 1.239529037475585938e+02
1.432970905303955078e+01 6.032897949218750000e+02 4.794606018066406250e+02 1.238291397094726562e+02
1.435011959075927734e+01 6.029982910156250000e+02 4.792790832519531250e+02 1.237191848754882812e+02
1.437052726745605469e+01 6.027160034179687500e+02 4.790982971191406250e+02 1.236178131103515625e+02
1.439093780517578125e+01 6.025809326171875000e+02 4.790841674804687500e+02 1.234966888427734375e+02
1.441134452819824219e+01 6.022998657226562500e+02 4.789040527343750000e+02 1.233957366943359375e+02
1.443175506591796875e+01 6.021729125976562500e+02 4.788902893066406250e+02 1.232825698852539062e+02
1.445216274261474609e+01 6.018916015625000000e+02 4.787109680175781250e+02 1.231807174682617188e+02
1.447257328033447266e+01 6.017784423828125000e+02 4.786975097656250000e+02 1.230810623168945312e+02
1.449298000335693359e+01 6.014586791992187500e+02 4.785190124511718750e+02 1.229396057128906250e+02
1.451339054107666016e+01 6.011865844726562500e+02 4.783409118652343750e+02 1.228456802368164062e+02
1.453379821777343750e+01 6.010778808593750000e+02 4.783281250000000000e+02 1.227498245239257812e+02
1.455420494079589844e+01 6.009400024414062500e+02 4.783153686523437500e+02 1.226247863769531250e+02
1.457461547851562500e+01 6.006759033203125000e+02 4.781382751464843750e+02 1.225377120971679688e+02
1.459502315521240234e+01 6.003861694335937500e+02 4.779617614746093750e+02 1.224242706298828125e+02
1.461543273925781250e+01 6.002794189453125000e+02 4.779494628906250000e+02 1.223298416137695312e+02
1.463584041595458984e+01 5.999791259765625000e+02 4.777737426757812500e+02 1.222052307128906250e+02
1.465625095367431641e+01 5.998712768554687500e+02 4.777617492675781250e+02 1.221094894409179688e+02
1.467665767669677734e+01 5.996005859375000000e+02 4.775867919921875000e+02 1.220138168334960938e+02
1.469706821441650391e+01 5.992985229492187500e+02 4.774122009277343750e+02 1.218862686157226562e+02
1.471747589111328125e+01 5.991901245117187500e+02 4.774008483886718750e+02 1.217891540527343750e+02
1.473788642883300781e+01 5.989031372070312500e+02 4.772269592285156250e+02 1.216762466430664062e+02
1.475829315185546875e+01 5.986209106445312500e+02 4.770536804199218750e+02 1.215673294067382812e+02
1.477870082855224609e+01 5.983393554687500000e+02 4.768809509277343750e+02 1.214584274291992188e+02
1.479911136627197266e+01 5.983741455078125000e+02 4.770320434570312500e+02 1.213421173095703125e+02
1.481951808929443359e+01 5.980914306640625000e+02 4.768597717285156250e+02 1.212315979003906250e+02
1.483992862701416016e+01 5.978167114257812500e+02 4.766878356933593750e+02 1.211288528442382812e+02
1.486033630371093750e+01 5.975369262695312500e+02 4.765165100097656250e+02 1.210203018188476562e+02
1.488074684143066406e+01 5.972362670898437500e+02 4.763455200195312500e+02 1.208907241821289062e+02
1.490115356445312500e+01 5.971246337890625000e+02 4.763357238769531250e+02 1.207888183593750000e+02
1.492156410217285156e+01 5.968557739257812500e+02 4.761655273437500000e+02 1.206901321411132812e+02
1.494197177886962891e+01 5.965688476562500000e+02 4.759958496093750000e+02 1.205728302001953125e+02
1.496238231658935547e+01 5.962372436523437500e+02 4.758265075683593750e+02 1.204107589721679688e+02
1.498278903961181641e+01 5.962207641601562500e+02 4.758175354003906250e+02 1.204031448364257812e+02
1.500319957733154297e+01 5.959182128906250000e+02 4.756488952636718750e+02 1.202692565917968750e+02
1.502360725402832031e+01 5.956267089843750000e+02 4.754808044433593750e+02 1.201458892822265625e+02
1.504401397705078125e+01 5.955114135742187500e+02 4.754723205566406250e+02 1.200391082763671875e+02
1.506442451477050781e+01 5.954004516601562500e+02 4.754637756347656250e+02 1.199366455078125000e+02
1.508483123779296875e+01 5.949628295898437500e+02 4.751379699707031250e+02 1.198247604370117188e+02
1.510524177551269531e+01 5.948542480468750000e+02 4.751298522949218750e+02 1.197243041992187500e+02
1.512564945220947266e+01 5.945762939453125000e+02 4.749636535644531250e+02 1.196126098632812500e+02
1.514605998992919922e+01 5.944652099609375000e+02 4.749558410644531250e+02 1.195093154907226562e+02
1.516646671295166016e+01 5.942136840820312500e+02 4.747902526855468750e+02 1.194234008789062500e+02
1.518687725067138672e+01 5.939302978515625000e+02 4.746250915527343750e+02 1.193052215576171875e+02
1.520728492736816406e+01 5.938184204101562500e+02 4.746177978515625000e+02 1.192006225585937500e+02
1.522769546508789062e+01 5.935348510742187500e+02 4.744532775878906250e+02 1.190815429687500000e+02
1.524810218811035156e+01 5.932824096679687500e+02 4.742892761230468750e+02 1.189929733276367188e+02
1.526850986480712891e+01 5.929974365234375000e+02 4.741257629394531250e+02 1.188715209960937500e+02
1.528892040252685547e+01 5.928753662109375000e+02 4.741191406250000000e+02 1.187562713623046875e+02
1.530932712554931641e+01 5.926131591796875000e+02 4.739562377929687500e+02 1.186567993164062500e+02
1.532973766326904297e+01 5.923403320312500000e+02 4.737936706542968750e+02 1.185465545654296875e+02
1.535014533996582031e+01 5.922521972656250000e+02 4.737875366210937500e+02 1.184647903442382812e+02
1.537055587768554688e+01 5.919785156250000000e+02 4.736256713867187500e+02 1.183529357910156250e+02
1.539096260070800781e+01 5.917236938476562500e+02 4.734643249511718750e+02 1.182593383789062500e+02
1.541137313842773438e+01 5.914738769531250000e+02 4.733032531738281250e+02 1.181706771850585938e+02
1.543178081512451172e+01 5.913659667968750000e+02 4.732979125976562500e+02 1.180680313110351562e+02
1.545219039916992188e+01 5.912565307617187500e+02 4.732924499511718750e+02 1.179640960693359375e+02
1.547259807586669922e+01 5.910000000000000000e+02 4.731323547363281250e+02 1.178674545288085938e+02
1.549300575256347656e+01 5.907433471679687500e+02 4.729726867675781250e+02 1.177707061767578125e+02
1.551341533660888672e+01 5.906383056640625000e+02 4.729676513671875000e+02 1.176706085205078125e+02
1.553382301330566406e+01 5.903902587890625000e+02 4.728086242675781250e+02 1.175815505981445312e+02
1.555423355102539062e+01 5.901395874023437500e+02 4.726499328613281250e+02 1.174896240234375000e+02
1.557464027404785156e+01 5.900219726562500000e+02 4.726454772949218750e+02 1.173764572143554688e+02
1.559505081176757812e+01 5.897803955078125000e+02 4.724874267578125000e+02 1.172929382324218750e+02
1.561545848846435547e+01 5.895064086914062500e+02 4.723298034667968750e+02 1.171765365600585938e+02
1.563586902618408203e+01 5.894120483398437500e+02 4.723256530761718750e+02 1.170864486694335938e+02
1.565627574920654297e+01 5.891490478515625000e+02 4.721687011718750000e+02 1.169801788330078125e+02
1.567668342590332031e+01 5.889186401367187500e+02 4.720122070312500000e+02 1.169062652587890625e+02
1.569709396362304688e+01 5.888192749023437500e+02 4.720085144042968750e+02 1.168106842041015625e+02
1.571750068664550781e+01 5.885584106445312500e+02 4.718526000976562500e+02 1.167057571411132812e+02
1.573791122436523438e+01 5.882850952148437500e+02 4.716969909667968750e+02 1.165880661010742188e+02
1.575831890106201172e+01 5.881972045898437500e+02 4.716937255859375000e+02 1.165032882690429688e+02
1.577872943878173828e+01 5.879423217773437500e+02 4.715387573242187500e+02 1.164033737182617188e+02
1.579913616180419922e+01 5.876768798828125000e+02 4.713842163085937500e+02 1.162926406860351562e+02
1.581954383850097656e+01 5.874321289062500000e+02 4.712301330566406250e+02 1.162019042968750000e+02
1.583995437622070312e+01 5.873222045898437500e+02 4.712274780273437500e+02 1.160945205688476562e+02
1.586036109924316406e+01 5.870664062500000000e+02 4.710739746093750000e+02 1.159921417236328125e+02
1.588077163696289062e+01 5.868093261718750000e+02 4.709207458496093750e+02 1.158885192871093750e+02
1.590117931365966797e+01 5.867077026367187500e+02 4.709185791015625000e+02 1.157891998291015625e+02
1.592158889770507812e+01 5.864107055664062500e+02 4.707659301757812500e+02 1.156447753906250000e+02
1.594199657440185547e+01 5.862030639648437500e+02 4.706138305664062500e+02 1.155891418457031250e+02
1.596240711212158203e+01 5.861088867187500000e+02 4.706119384765625000e+02 1.154967803955078125e+02
1.598281383514404297e+01 5.857058105468750000e+02 4.703106384277343750e+02 1.153949203491210938e+02
1.600322532653808594e+01 5.854620971679687500e+02 4.701595458984375000e+02 1.153024673461914062e+02
1.602363204956054688e+01 5.853460693359375000e+02 4.701584167480468750e+02 1.151876831054687500e+02
1.604404258728027344e+01 5.851396484375000000e+02 4.700079040527343750e+02 1.151316680908203125e+02
1.606444931030273438e+01 5.848412475585937500e+02 4.698579101562500000e+02 1.149832382202148438e+02
1.608485603332519531e+01 5.847627563476562500e+02 4.698570556640625000e+02 1.149055480957031250e+02
1.610526657104492188e+01 5.845089111328125000e+02 4.697075500488281250e+02 1.148014373779296875e+02
1.612567520141601562e+01 5.841024169921875000e+02 4.694100646972656250e+02 1.146924743652343750e+02
1.614608573913574219e+01 5.840263061523437500e+02 4.694097290039062500e+02 1.146166839599609375e+02
1.616649246215820312e+01 5.837586059570312500e+02 4.692614135742187500e+02 1.144970397949218750e+02
1.618690299987792969e+01 5.835278320312500000e+02 4.691134033203125000e+02 1.144143829345703125e+02
1.620730972290039062e+01 5.834407958984375000e+02 4.691135253906250000e+02 1.143272476196289062e+02
1.622772026062011719e+01 5.831772460937500000e+02 4.689660949707031250e+02 1.142111816406250000e+02
1.624812698364257812e+01 5.829590454101562500e+02 4.688190307617187500e+02 1.141399002075195312e+02
1.626853752136230469e+01 5.827004394531250000e+02 4.686723022460937500e+02 1.140280990600585938e+02
1.628894615173339844e+01 5.824677734375000000e+02 4.685260620117187500e+02 1.139416427612304688e+02
1.630935287475585938e+01 5.822275390625000000e+02 4.683801574707031250e+02 1.138472900390625000e+02
1.632976341247558594e+01 5.821436157226562500e+02 4.683811340332031250e+02 1.137626419067382812e+02
1.635017013549804688e+01 5.819114379882812500e+02 4.682357482910156250e+02 1.136757431030273438e+02
1.637058067321777344e+01 5.818114013671875000e+02 4.682369079589843750e+02 1.135746002197265625e+02
1.639098739624023438e+01 5.815770263671875000e+02 4.680920715332031250e+02 1.134848632812500000e+02
1.641139793395996094e+01 5.813486328125000000e+02 4.679475708007812500e+02 1.134011459350585938e+02
1.643180465698242188e+01 5.812631225585937500e+02 4.679491271972656250e+02 1.133139266967773438e+02
1.645221519470214844e+01 5.810195312500000000e+02 4.678051452636718750e+02 1.132144088745117188e+02
1.647262382507324219e+01 5.807746582031250000e+02 4.676615905761718750e+02 1.131129226684570312e+02
1.649303436279296875e+01 5.805583496093750000e+02 4.675182495117187500e+02 1.130401382446289062e+02
1.651344108581542969e+01 5.803350219726562500e+02 4.673754577636718750e+02 1.129596099853515625e+02
1.653384780883789062e+01 5.801035156250000000e+02 4.672328796386718750e+02 1.128706436157226562e+02
1.655425834655761719e+01 5.800162353515625000e+02 4.672352600097656250e+02 1.127810211181640625e+02
1.657466506958007812e+01 5.797848510742187500e+02 4.670932922363281250e+02 1.126915817260742188e+02
1.659507560729980469e+01 5.796894531250000000e+02 4.670958557128906250e+02 1.125936813354492188e+02
1.661548423767089844e+01 5.794575805664062500e+02 4.669544067382812500e+02 1.125031661987304688e+02
1.663589477539062500e+01 5.792360229492187500e+02 4.668131713867187500e+02 1.124227066040039062e+02
1.665630149841308594e+01 5.791523437500000000e+02 4.668161315917968750e+02 1.123361053466796875e+02
1.667671203613281250e+01 5.789132080078125000e+02 4.666754455566406250e+02 1.122377853393554688e+02
1.669711875915527344e+01 5.786800537109375000e+02 4.665351867675781250e+02 1.121448440551757812e+02
1.671752929687500000e+01 5.785931396484375000e+02 4.665384216308593750e+02 1.120547409057617188e+02
1.673793601989746094e+01 5.783796386718750000e+02 4.663986816406250000e+02 1.119809570312500000e+02
1.675834465026855469e+01 5.782738037109375000e+02 4.664021606445312500e+02 1.118715896606445312e+02
1.677875518798828125e+01 5.780612792968750000e+02 4.662627868652343750e+02 1.117986755371093750e+02
1.679916191101074219e+01 5.778090820312500000e+02 4.661238403320312500e+02 1.116854248046875000e+02
1.681957244873046875e+01 5.777518310546875000e+02 4.661275329589843750e+02 1.116242904663085938e+02
1.683997917175292969e+01 5.773613891601562500e+02 4.658469848632812500e+02 1.115144348144531250e+02
1.686038970947265625e+01 5.771451416015625000e+02 4.657089843750000000e+02 1.114361038208007812e+02
1.688079643249511719e+01 5.770681762695312500e+02 4.657132568359375000e+02 1.113549652099609375e+02
1.690120697021484375e+01 5.768321533203125000e+02 4.655757751464843750e+02 1.112562408447265625e+02
1.692161369323730469e+01 5.767671508789062500e+02 4.655802001953125000e+02 1.111870193481445312e+02
1.694202423095703125e+01 5.765450439453125000e+02 4.654432067871093750e+02 1.111019058227539062e+02
1.696243286132812500e+01 5.763031616210937500e+02 4.653066406250000000e+02 1.109965667724609375e+02
1.698283958435058594e+01 5.760639038085937500e+02 4.651703796386718750e+02 1.108935546875000000e+02
1.700325012207031250e+01 5.758591308593750000e+02 4.650343017578125000e+02 1.108247070312500000e+02
1.702365684509277344e+01 5.756251220703125000e+02 4.648987731933593750e+02 1.107264175415039062e+02
1.704406738281250000e+01 5.755547485351562500e+02 4.649038391113281250e+02 1.106509933471679688e+02
1.706447410583496094e+01 5.751975097656250000e+02 4.646284484863281250e+02 1.105690078735351562e+02
1.708488464355468750e+01 5.751186523437500000e+02 4.646338806152343750e+02 1.104848327636718750e+02
1.710529327392578125e+01 5.748954467773437500e+02 4.644993896484375000e+02 1.103961791992187500e+02
1.712570381164550781e+01 5.746704101562500000e+02 4.643651733398437500e+02 1.103051528930664062e+02
1.714611053466796875e+01 5.744609985351562500e+02 4.642313232421875000e+02 1.102295379638671875e+02
1.716652107238769531e+01 5.742298583984375000e+02 4.640977172851562500e+02 1.101321258544921875e+02
1.718692779541015625e+01 5.741488037109375000e+02 4.641038208007812500e+02 1.100449752807617188e+02
1.720733833312988281e+01 5.739249267578125000e+02 4.639706420898437500e+02 1.099543457031250000e+02
1.722774505615234375e+01 5.735751342773437500e+02 4.636989746093750000e+02 1.098762130737304688e+02
1.724815368652343750e+01 5.735114135742187500e+02 4.637055358886718750e+02 1.098059158325195312e+02
1.726856231689453125e+01 5.732945556640625000e+02 4.635733337402343750e+02 1.097210922241210938e+02
1.728897094726562500e+01 5.729180297851562500e+02 4.633030700683593750e+02 1.096150665283203125e+02
1.730938148498535156e+01 5.728779296875000000e+02 4.633099670410156250e+02 1.095678176879882812e+02
1.732978820800781250e+01 5.726640625000000000e+02 4.631788024902343750e+02 1.094853134155273438e+02
1.735019874572753906e+01 5.726015625000000000e+02 4.631858520507812500e+02 1.094155654907226562e+02
1.737060546875000000e+01 5.722534790039062500e+02 4.629173583984375000e+02 1.093361968994140625e+02
1.739101600646972656e+01 5.721884765625000000e+02 4.629246826171875000e+02 1.092636718750000000e+02
1.741142272949218750e+01 5.719667358398437500e+02 4.627945556640625000e+02 1.091724014282226562e+02
1.743183326721191406e+01 5.716203613281250000e+02 4.625273437500000000e+02 1.090930328369140625e+02
1.745224189758300781e+01 5.715463867187500000e+02 4.625351867675781250e+02 1.090112304687500000e+02
1.747264862060546875e+01 5.713547363281250000e+02 4.624060058593750000e+02 1.089487991333007812e+02
1.749305915832519531e+01 5.711458129882812500e+02 4.622769775390625000e+02 1.088688354492187500e+02
1.751346588134765625e+01 5.709360961914062500e+02 4.621484680175781250e+02 1.087873764038085938e+02
1.753387641906738281e+01 5.707358398437500000e+02 4.620200500488281250e+02 1.087158050537109375e+02
1.755428314208984375e+01 5.706582641601562500e+02 4.620284118652343750e+02 1.086297683715820312e+02
1.757469367980957031e+01 5.704714965820312500e+02 4.619004821777343750e+02 1.085709991455078125e+02
1.759510231018066406e+01 5.703939208984375000e+02 4.619089660644531250e+02 1.084850311279296875e+02
1.761551284790039062e+01 5.700679931640625000e+02 4.616455688476562500e+02 1.084222946166992188e+02
1.763591957092285156e+01 5.698562011718750000e+02 4.615186157226562500e+02 1.083374938964843750e+02
1.765633010864257812e+01 5.698007812500000000e+02 4.615274658203125000e+02 1.082733993530273438e+02
1.767673683166503906e+01 5.695926513671875000e+02 4.614009094238281250e+02 1.081918106079101562e+02
1.769714355468750000e+01 5.695360107421875000e+02 4.614099426269531250e+02 1.081260299682617188e+02
1.771755409240722656e+01 5.693226928710937500e+02 4.612837524414062500e+02 1.080388870239257812e+02
1.773796081542968750e+01 5.689911499023437500e+02 4.610229492187500000e+02 1.079681091308593750e+02
1.775837135314941406e+01 5.689193115234375000e+02 4.610323181152343750e+02 1.078871154785156250e+02
1.777877998352050781e+01 5.687310180664062500e+02 4.609070434570312500e+02 1.078239288330078125e+02
1.779919052124023438e+01 5.686416015625000000e+02 4.609165039062500000e+02 1.077250518798828125e+02
1.781959724426269531e+01 5.684541015625000000e+02 4.607916870117187500e+02 1.076621856689453125e+02
1.784000778198242188e+01 5.682472534179687500e+02 4.606671142578125000e+02 1.075802001953125000e+02
1.786041450500488281e+01 5.680485229492187500e+02 4.605428161621093750e+02 1.075056991577148438e+02
1.788082504272460938e+01 5.678386840820312500e+02 4.604187622070312500e+02 1.074197769165039062e+02
1.790123176574707031e+01 5.677661743164062500e+02 4.604288024902343750e+02 1.073372421264648438e+02
1.792164039611816406e+01 5.674431762695312500e+02 4.601716918945312500e+02 1.072713394165039062e+02
1.794205093383789062e+01 5.673858032226562500e+02 4.601819152832031250e+02 1.072038803100585938e+02
1.796245765686035156e+01 5.671634521484375000e+02 4.600589294433593750e+02 1.071043014526367188e+02
1.798286819458007812e+01 5.669748535156250000e+02 4.599361267089843750e+02 1.070387344360351562e+02
1.800327491760253906e+01 5.667684936523437500e+02 4.598136901855468750e+02 1.069547500610351562e+02
1.802368545532226562e+01 5.665557250976562500e+02 4.596914367675781250e+02 1.068643493652343750e+02
1.804409217834472656e+01 5.664910278320312500e+02 4.597022399902343750e+02 1.067886734008789062e+02
1.806450271606445312e+01 5.661662597656250000e+02 4.594478149414062500e+02 1.067184829711914062e+02
1.808491134643554688e+01 5.660770874023437500e+02 4.594588623046875000e+02 1.066183013916015625e+02
1.810531997680664062e+01 5.657470703125000000e+02 4.592053527832031250e+02 1.065416412353515625e+02
1.812572860717773438e+01 5.656847534179687500e+02 4.592166748046875000e+02 1.064681777954101562e+02
1.814613533020019531e+01 5.654890747070312500e+02 4.590959777832031250e+02 1.063932723999023438e+02
1.816654586791992188e+01 5.651481933593750000e+02 4.588437500000000000e+02 1.063044509887695312e+02
1.818695259094238281e+01 5.650849609375000000e+02 4.588553771972656250e+02 1.062296066284179688e+02
1.820736312866210938e+01 5.647519531250000000e+02 4.586039733886718750e+02 1.061479949951171875e+02
1.822776985168457031e+01 5.647081298828125000e+02 4.586158752441406250e+02 1.060921783447265625e+02
1.824818038940429688e+01 5.643662109375000000e+02 4.583652954101562500e+02 1.060008621215820312e+02
1.826858901977539062e+01 5.641749267578125000e+02 4.582464294433593750e+02 1.059284210205078125e+02
1.828899955749511719e+01 5.639598388671875000e+02 4.581276550292968750e+02 1.058320541381835938e+02
1.830940628051757812e+01 5.637839355468750000e+02 4.580092468261718750e+02 1.057746429443359375e+02
1.832981681823730469e+01 5.635793457031250000e+02 4.578910827636718750e+02 1.056882858276367188e+02
1.835022354125976562e+01 5.633811645507812500e+02 4.577732238769531250e+02 1.056078338623046875e+02
1.837063026428222656e+01 5.630506591796875000e+02 4.575253295898437500e+02 1.055253753662109375e+02
1.839104080200195312e+01 5.630075073242187500e+02 4.575382690429687500e+02 1.054690399169921875e+02
1.841144943237304688e+01 5.626701660156250000e+02 4.572911682128906250e+02 1.053787994384765625e+02
1.843185997009277344e+01 5.626168212890625000e+02 4.573043212890625000e+02 1.053124465942382812e+02
1.845226669311523438e+01 5.624237060546875000e+02 4.571877746582031250e+02 1.052359085083007812e+02
1.847267723083496094e+01 5.621074218750000000e+02 4.569417724609375000e+02 1.051654434204101562e+02
1.849308395385742188e+01 5.620473022460937500e+02 4.569553222656250000e+02 1.050918350219726562e+02
1.851349449157714844e+01 5.617387695312500000e+02 4.567101745605468750e+02 1.050286102294921875e+02
1.853390121459960938e+01 5.616777343750000000e+02 4.567239990234375000e+02 1.049536056518554688e+02
1.855431175231933594e+01 5.613550415039062500e+02 4.564796142578125000e+02 1.048753509521484375e+02
1.857471847534179688e+01 5.612949829101562500e+02 4.564935913085937500e+02 1.048011779785156250e+02
1.859512901306152344e+01 5.611155395507812500e+02 4.563787841796875000e+02 1.047367706298828125e+02
1.861553764343261719e+01 5.609195556640625000e+02 4.562642211914062500e+02 1.046552581787109375e+02
1.863594436645507812e+01 5.608696289062500000e+02 4.562784423828125000e+02 1.045911865234375000e+02
1.865635490417480469e+01 5.605558471679687500e+02 4.560358886718750000e+02 1.045199203491210938e+02
1.867676162719726562e+01 5.603842163085937500e+02 4.559221496582031250e+02 1.044620208740234375e+02
1.869717216491699219e+01 5.603242797851562500e+02 4.559365844726562500e+02 1.043877105712890625e+02
1.871757888793945312e+01 5.600291137695312500e+02 4.556953125000000000e+02 1.043338928222656250e+02
1.873798942565917969e+01 5.599737548828125000e+02 4.557099609375000000e+02 1.042637176513671875e+02
1.875839805603027344e+01 5.597976684570312500e+02 4.555970458984375000e+02 1.042005767822265625e+02
1.877880859375000000e+01 5.596340332031250000e+02 4.554842834472656250e+02 1.041498565673828125e+02
1.879921531677246094e+01 5.594345092773437500e+02 4.553718261718750000e+02 1.040627288818359375e+02
1.881962585449218750e+01 5.592489624023437500e+02 4.552596130371093750e+02 1.039893341064453125e+02
1.884003257751464844e+01 5.591798706054687500e+02 4.552747802734375000e+02 1.039050216674804688e+02
1.886043930053710938e+01 5.589872436523437500e+02 4.551629333496093750e+02 1.038242416381835938e+02
1.888084983825683594e+01 5.587880249023437500e+02 4.550512390136718750e+02 1.037367630004882812e+02
1.890125846862792969e+01 5.587265014648437500e+02 4.550665588378906250e+02 1.036599578857421875e+02
1.892166900634765625e+01 5.585291137695312500e+02 4.549552307128906250e+02 1.035739440917968750e+02
1.894207572937011719e+01 5.584758911132812500e+02 4.549705810546875000e+02 1.035052719116210938e+02
1.896248626708984375e+01 5.582969360351562500e+02 4.548596191406250000e+02 1.034372329711914062e+02
1.898289299011230469e+01 5.581171875000000000e+02 4.547489929199218750e+02 1.033681335449218750e+02
1.900330352783203125e+01 5.580557861328125000e+02 4.547644348144531250e+02 1.032913208007812500e+02
1.902371025085449219e+01 5.578964233398437500e+02 4.546541442871093750e+02 1.032421035766601562e+02
1.904412078857421875e+01 5.578423461914062500e+02 4.546696472167968750e+02 1.031725158691406250e+02
1.906452751159667969e+01 5.579431152343750000e+02 4.548108520507812500e+02 1.031320495605468750e+02
1.908493614196777344e+01 5.577913208007812500e+02 4.547007751464843750e+02 1.030904312133789062e+02
1.910534667968750000e+01 5.577583007812500000e+02 4.547162170410156250e+02 1.030419769287109375e+02
1.912575340270996094e+01 5.576265869140625000e+02 4.546065368652343750e+02 1.030199584960937500e+02
1.914616394042968750e+01 5.576147460937500000e+02 4.546220703125000000e+02 1.029927139282226562e+02
1.916657066345214844e+01 5.573505859375000000e+02 4.543878479003906250e+02 1.029627914428710938e+02
1.918698120117187500e+01 5.570880737304687500e+02 4.541540222167968750e+02 1.029339981079101562e+02
1.920738792419433594e+01 5.567991943359375000e+02 4.539207153320312500e+02 1.028784713745117188e+02
1.922779846191406250e+01 5.563547973632812500e+02 4.535634155273437500e+02 1.027912139892578125e+02
1.924820709228515625e+01 5.560239868164062500e+02 4.533312683105468750e+02 1.026926803588867188e+02
1.926861763000488281e+01 5.556809082031250000e+02 4.530995483398437500e+02 1.025813293457031250e+02
1.928902435302734375e+01 5.553454589843750000e+02 4.528684082031250000e+02 1.024771423339843750e+02
1.930943107604980469e+01 5.551524658203125000e+02 4.527617492675781250e+02 1.023905181884765625e+02
1.932984161376953125e+01 5.548476562500000000e+02 4.525313720703125000e+02 1.023164443969726562e+02
1.935024833679199219e+01 5.546795043945312500e+02 4.524252319335937500e+02 1.022541809082031250e+02
1.937065887451171875e+01 5.545386352539062500e+02 4.523192443847656250e+02 1.022195053100585938e+02
1.939106750488281250e+01 5.542885131835937500e+02 4.520901184082031250e+02 1.021983489990234375e+02
1.941147613525390625e+01 5.541196289062500000e+02 4.519847717285156250e+02 1.021348876953125000e+02
1.943188476562500000e+01 5.537031250000000000e+02 4.516332702636718750e+02 1.020697174072265625e+02
1.945229530334472656e+01 5.534751586914062500e+02 4.515285949707031250e+02 1.019464035034179688e+02
1.947270202636718750e+01 5.530869750976562500e+02 4.513012695312500000e+02 1.017858886718750000e+02
1.949311256408691406e+01 5.528256835937500000e+02 4.511972045898437500e+02 1.016284103393554688e+02
1.951351928710937500e+01 5.527415161132812500e+02 4.512160034179687500e+02 1.015254745483398438e+02
1.953392601013183594e+01 5.523956298828125000e+02 4.509897155761718750e+02 1.014059066772460938e+02
1.955433654785156250e+01 5.520547485351562500e+02 4.507638244628906250e+02 1.012908554077148438e+02
1.957474517822265625e+01 5.518704833984375000e+02 4.506607971191406250e+02 1.012096176147460938e+02
1.959515571594238281e+01 5.515831909179687500e+02 4.504357299804687500e+02 1.011474227905273438e+02
1.961556243896484375e+01 5.515401611328125000e+02 4.504553222656250000e+02 1.010849075317382812e+02
1.963597297668457031e+01 5.512701416015625000e+02 4.502309265136718750e+02 1.010392074584960938e+02
1.965637969970703125e+01 5.512253417968750000e+02 4.502506408691406250e+02 1.009746093750000000e+02
1.967679023742675781e+01 5.509127807617187500e+02 4.500269165039062500e+02 1.008856430053710938e+02
1.969719696044921875e+01 5.507524414062500000e+02 4.499252319335937500e+02 1.008271636962890625e+02
1.971760749816894531e+01 5.507194213867187500e+02 4.499451599121093750e+02 1.007742156982421875e+02
1.973801612854003906e+01 5.504602661132812500e+02 4.497225341796875000e+02 1.007377548217773438e+02
1.975842666625976562e+01 5.502882690429687500e+02 4.496214294433593750e+02 1.006670455932617188e+02
1.977883338928222656e+01 5.499946289062500000e+02 4.493996276855468750e+02 1.005948486328125000e+02
1.979924011230468750e+01 5.496899414062500000e+02 4.491782226562500000e+02 1.005117034912109375e+02
1.981965065002441406e+01 5.495197753906250000e+02 4.490780029296875000e+02 1.004417953491210938e+02
1.984005737304687500e+01 5.493380737304687500e+02 4.489780578613281250e+02 1.003599624633789062e+02
1.986046791076660156e+01 5.491732788085937500e+02 4.488782653808593750e+02 1.002947616577148438e+02
1.988087463378906250e+01 5.489937133789062500e+02 4.487787780761718750e+02 1.002148284912109375e+02
1.990128517150878906e+01 5.486931762695312500e+02 4.485590820312500000e+02 1.001340179443359375e+02
1.992169380187988281e+01 5.486458129882812500e+02 4.485802917480468750e+02 1.000656127929687500e+02
1.994210433959960938e+01 5.484694824218750000e+02 4.484812927246093750e+02 9.998802947998046875e+01
1.996251106262207031e+01 5.483063354492187500e+02 4.483825378417968750e+02 9.992366027832031250e+01
1.998292160034179688e+01 5.482555541992187500e+02 4.484037475585937500e+02 9.985183715820312500e+01
2.000332832336425781e+01 5.481281738281250000e+02 4.483052978515625000e+02 9.982278442382812500e+01
2.002373504638671875e+01 5.481062622070312500e+02 4.483266601562500000e+02 9.977951049804687500e+01
2.004414558410644531e+01 5.479733276367187500e+02 4.482284240722656250e+02 9.974484252929687500e+01
2.006455421447753906e+01 5.478441772460937500e+02 4.481304931640625000e+02 9.971350860595703125e+01
2.008496475219726562e+01 5.475797729492187500e+02 4.479134826660156250e+02 9.966619110107421875e+01
2.010537147521972656e+01 5.473028564453125000e+02 4.476969604492187500e+02 9.960596466064453125e+01
2.012578201293945312e+01 5.471201782226562500e+02 4.475997924804687500e+02 9.952030181884765625e+01
2.014618873596191406e+01 5.468173217773437500e+02 4.473840332031250000e+02 9.943328094482421875e+01
2.016659927368164062e+01 5.466110229492187500e+02 4.472873535156250000e+02 9.932363891601562500e+01
2.018700599670410156e+01 5.463862304687500000e+02 4.471909484863281250e+02 9.919521331787109375e+01
2.020741653442382812e+01 5.460508422851562500e+02 4.469761962890625000e+02 9.907472229003906250e+01
2.022782516479492188e+01 5.459245605468750000e+02 4.469986877441406250e+02 9.892579650878906250e+01
2.024823188781738281e+01 5.455872192382812500e+02 4.467846374511718750e+02 9.880285644531250000e+01
2.026864242553710938e+01 5.453858642578125000e+02 4.466889953613281250e+02 9.869692230224609375e+01
2.028904914855957031e+01 5.453299560546875000e+02 4.467116699218750000e+02 9.861843872070312500e+01
2.030945968627929688e+01 5.450410156250000000e+02 4.464984741210937500e+02 9.854247283935546875e+01
2.032986640930175781e+01 5.449052734375000000e+02 4.464035644531250000e+02 9.850173187255859375e+01
2.035027694702148438e+01 5.446507568359375000e+02 4.461911010742187500e+02 9.845965576171875000e+01
2.037068367004394531e+01 5.444895019531250000e+02 4.460966796875000000e+02 9.839268493652343750e+01
2.039109420776367188e+01 5.443397827148437500e+02 4.460023803710937500e+02 9.833742523193359375e+01
2.041150283813476562e+01 5.441962280273437500e+02 4.459082946777343750e+02 9.828775787353515625e+01
2.043191337585449219e+01 5.441601562500000000e+02 4.459315185546875000e+02 9.822877502441406250e+01
2.045232009887695312e+01 5.441235351562500000e+02 4.459547424316406250e+02 9.816887664794921875e+01
2.047272682189941406e+01 5.441209716796875000e+02 4.459779663085937500e+02 9.814303588867187500e+01
2.049313735961914062e+01 5.438635253906250000e+02 4.457674255371093750e+02 9.809604644775390625e+01
2.051354408264160156e+01 5.437338867187500000e+02 4.456740417480468750e+02 9.805989837646484375e+01
2.053395462036132812e+01 5.435144653320312500e+02 4.454642028808593750e+02 9.805040740966796875e+01
2.055436325073242188e+01 5.431717529296875000e+02 4.451384277343750000e+02 9.803336334228515625e+01
2.057477378845214844e+01 5.428923950195312500e+02 4.449295654296875000e+02 9.796308898925781250e+01
2.059518051147460938e+01 5.425792236328125000e+02 4.447210998535156250e+02 9.785813140869140625e+01
2.061559104919433594e+01 5.423178100585937500e+02 4.445130615234375000e+02 9.780469512939453125e+01
2.063599777221679688e+01 5.421756591796875000e+02 4.444215087890625000e+02 9.775428771972656250e+01
2.065640830993652344e+01 5.420570068359375000e+02 4.443300476074218750e+02 9.772705841064453125e+01
2.067681503295898438e+01 5.419324340820312500e+02 4.442388610839843750e+02 9.769354248046875000e+01
2.069722366333007812e+01 5.416739501953125000e+02 4.440321655273437500e+02 9.764166259765625000e+01
2.071763229370117188e+01 5.413625488281250000e+02 4.438258361816406250e+02 9.753675079345703125e+01
2.073804092407226562e+01 5.411529541015625000e+02 4.437353515625000000e+02 9.741750335693359375e+01
2.075845146179199219e+01 5.409351196289062500e+02 4.436450500488281250e+02 9.728979492187500000e+01
2.077885818481445312e+01 5.405726928710937500e+02 4.434397888183593750e+02 9.713280487060546875e+01
2.079926872253417969e+01 5.404666137695312500e+02 4.434649963378906250e+02 9.700148010253906250e+01
2.081967544555664062e+01 5.401213989257812500e+02 4.432603149414062500e+02 9.686095428466796875e+01
2.084008598327636719e+01 5.399065551757812500e+02 4.431708068847656250e+02 9.673590087890625000e+01
2.086049270629882812e+01 5.395925292968750000e+02 4.429667358398437500e+02 9.662588500976562500e+01
2.088090324401855469e+01 5.393676757812500000e+02 4.428777160644531250e+02 9.649002075195312500e+01
2.090131187438964844e+01 5.391762084960937500e+02 4.427888793945312500e+02 9.638724517822265625e+01
2.092171859741210938e+01 5.389992065429687500e+02 4.427002563476562500e+02 9.629885101318359375e+01
2.094212913513183594e+01 5.388598022460937500e+02 4.426117248535156250e+02 9.624800109863281250e+01
2.096253585815429688e+01 5.386111450195312500e+02 4.424092712402343750e+02 9.620193481445312500e+01
2.098294639587402344e+01 5.386084594726562500e+02 4.424352722167968750e+02 9.617314910888671875e+01
2.100335311889648438e+01 5.383536376953125000e+02 4.422333374023437500e+02 9.612028503417968750e+01
2.102376365661621094e+01 5.381158447265625000e+02 4.420317382812500000e+02 9.608375549316406250e+01
2.104417228698730469e+01 5.381091918945312500e+02 4.420581054687500000e+02 9.605107879638671875e+01
2.106458282470703125e+01 5.378591308593750000e+02 4.418570861816406250e+02 9.600194549560546875e+01
2.108498954772949219e+01 5.377460937500000000e+02 4.417700500488281250e+02 9.597606658935546875e+01
2.110540008544921875e+01 5.374932861328125000e+02 4.415696716308593750e+02 9.592356109619140625e+01
2.112580680847167969e+01 5.372404174804687500e+02 4.413697814941406250e+02 9.587042236328125000e+01
2.114621734619140625e+01 5.371109008789062500e+02 4.412833862304687500e+02 9.582749938964843750e+01
2.116662406921386719e+01 5.368422241210937500e+02 4.410840759277343750e+02 9.575814819335937500e+01
2.118703079223632812e+01 5.367791748046875000e+02 4.411111755371093750e+02 9.566786956787109375e+01
2.120744132995605469e+01 5.365072631835937500e+02 4.409124145507812500e+02 9.559480285644531250e+01
2.122784996032714844e+01 5.365150756835937500e+02 4.409396362304687500e+02 9.557540893554687500e+01
2.124826049804687500e+01 5.362974243164062500e+02 4.407414245605468750e+02 9.555605316162109375e+01
2.126866722106933594e+01 5.363093261718750000e+02 4.407687683105468750e+02 9.554040527343750000e+01
2.128907775878906250e+01 5.363410034179687500e+02 4.407959899902343750e+02 9.554502868652343750e+01
2.130948448181152344e+01 5.361218872070312500e+02 4.405985412597656250e+02 9.552310180664062500e+01
2.132989501953125000e+01 5.357934570312500000e+02 4.402891540527343750e+02 9.550428771972656250e+01
2.135030174255371094e+01 5.357023315429687500e+02 4.402046813964843750e+02 9.549750518798828125e+01
2.137071228027343750e+01 5.356345825195312500e+02 4.401203308105468750e+02 9.551428222656250000e+01
2.139112091064453125e+01 5.355418701171875000e+02 4.400361938476562500e+02 9.550568389892578125e+01
2.141152763366699219e+01 5.353028564453125000e+02 4.398404235839843750e+02 9.546244049072265625e+01
2.143193817138671875e+01 5.350268554687500000e+02 4.396449279785156250e+02 9.538205718994140625e+01
2.145234489440917969e+01 5.347695922851562500e+02 4.395614318847656250e+02 9.520821380615234375e+01
2.147275543212890625e+01 5.343815307617187500e+02 4.393666076660156250e+02 9.501490783691406250e+01
2.149316215515136719e+01 5.342112426757812500e+02 4.393949584960937500e+02 9.481611633300781250e+01
2.151357269287109375e+01 5.340144653320312500e+02 4.393118896484375000e+02 9.470262908935546875e+01
2.153398132324218750e+01 5.340009765625000000e+02 4.393402709960937500e+02 9.466079711914062500e+01
2.155438995361328125e+01 5.339048461914062500e+02 4.392574462890625000e+02 9.464746093750000000e+01
2.157479858398437500e+01 5.338475341796875000e+02 4.391748657226562500e+02 9.467274475097656250e+01
2.159520912170410156e+01 5.338332519531250000e+02 4.390923461914062500e+02 9.474099731445312500e+01
2.161561584472656250e+01 5.336325683593750000e+02 4.390100097656250000e+02 9.462250518798828125e+01
2.163602256774902344e+01 5.329163208007812500e+02 4.387066040039062500e+02 9.420981597900390625e+01
2.165643310546875000e+01 5.325459594726562500e+02 4.387352600097656250e+02 9.381058502197265625e+01
2.167683982849121094e+01 5.324746704101562500e+02 4.386535644531250000e+02 9.382115173339843750e+01
2.169725036621093750e+01 5.327335815429687500e+02 4.385719299316406250e+02 9.416169738769531250e+01
2.171765899658203125e+01 5.325195312500000000e+02 4.383803100585937500e+02 9.413931274414062500e+01
2.173806953430175781e+01 5.322156372070312500e+02 4.382990112304687500e+02 9.391674804687500000e+01
2.175847625732421875e+01 5.320011596679687500e+02 4.382180480957031250e+02 9.378302764892578125e+01
2.177888679504394531e+01 5.315488281250000000e+02 4.379172363281250000e+02 9.363173675537109375e+01
2.179929351806640625e+01 5.313191528320312500e+02 4.378367309570312500e+02 9.348261260986328125e+01
2.181970405578613281e+01 5.310217895507812500e+02 4.376466064453125000e+02 9.337523651123046875e+01
2.184011077880859375e+01 5.307321166992187500e+02 4.374569396972656250e+02 9.327503967285156250e+01
2.186051940917968750e+01 5.305660400390625000e+02 4.373770446777343750e+02 9.318891906738281250e+01
2.188092994689941406e+01 5.302147216796875000e+02 4.370784912109375000e+02 9.313615417480468750e+01
2.190133666992187500e+01 5.301232910156250000e+02 4.369991149902343750e+02 9.312410736083984375e+01
2.192174720764160156e+01 5.299283447265625000e+02 4.368106689453125000e+02 9.311763000488281250e+01
2.194215393066406250e+01 5.295548095703125000e+02 4.365134887695312500e+02 9.304132843017578125e+01
2.196256446838378906e+01 5.294856567382812500e+02 4.365438232421875000e+02 9.294179534912109375e+01
2.198297119140625000e+01 5.293329467773437500e+02 4.364653320312500000e+02 9.286763763427734375e+01
2.200338172912597656e+01 5.292767944335937500e+02 4.364955749511718750e+02 9.278116607666015625e+01
2.202378845214843750e+01 5.290222167968750000e+02 4.363085632324218750e+02 9.271351623535156250e+01
2.204419898986816406e+01 5.287463378906250000e+02 4.361217956542968750e+02 9.262451171875000000e+01
2.206460762023925781e+01 5.286563110351562500e+02 4.360438537597656250e+02 9.261248016357421875e+01
2.208501434326171875e+01 5.284274902343750000e+02 4.358577270507812500e+02 9.256962585449218750e+01
2.210542488098144531e+01 5.282909545898437500e+02 4.357802429199218750e+02 9.251067352294921875e+01
2.212583160400390625e+01 5.279267578125000000e+02 4.354864807128906250e+02 9.244017791748046875e+01
2.214624214172363281e+01 5.276430664062500000e+02 4.353013000488281250e+02 9.234162139892578125e+01
2.216664886474609375e+01 5.276043090820312500e+02 4.353325805664062500e+02 9.227177429199218750e+01
2.218705940246582031e+01 5.273474731445312500e+02 4.351478881835937500e+02 9.219963836669921875e+01
2.220746803283691406e+01 5.272350463867187500e+02 4.350713806152343750e+02 9.216388702392578125e+01
2.222787857055664062e+01 5.271360473632812500e+02 4.349949951171875000e+02 9.214093017578125000e+01
2.224828529357910156e+01 5.270148315429687500e+02 4.349187622070312500e+02 9.209605407714843750e+01
2.226869583129882812e+01 5.267972412109375000e+02 4.347351379394531250e+02 9.206216430664062500e+01
2.228910255432128906e+01 5.266937866210937500e+02 4.346593322753906250e+02 9.203439331054687500e+01
2.230951309204101562e+01 5.265888061523437500e+02 4.345836181640625000e+02 9.200540924072265625e+01
2.232991981506347656e+01 5.263587036132812500e+02 4.344008789062500000e+02 9.195786285400390625e+01
2.235032844543457031e+01 5.261585083007812500e+02 4.342184448242187500e+02 9.194023132324218750e+01
2.237073898315429688e+01 5.261013183593750000e+02 4.341433105468750000e+02 9.195790863037109375e+01
2.239114570617675781e+01 5.259162597656250000e+02 4.339614562988281250e+02 9.195463562011718750e+01
2.241155624389648438e+01 5.259413452148437500e+02 4.339934997558593750e+02 9.194767761230468750e+01
2.243196296691894531e+01 5.257087402343750000e+02 4.338121032714843750e+02 9.189643096923828125e+01
2.245237350463867188e+01 5.255410766601562500e+02 4.336309814453125000e+02 9.191011047363281250e+01
2.247278022766113281e+01 5.255422363281250000e+02 4.336633300781250000e+02 9.187899780273437500e+01
2.249319076538085938e+01 5.253254394531250000e+02 4.334826660156250000e+02 9.184280395507812500e+01
2.251359748840332031e+01 5.252313842773437500e+02 4.334087219238281250e+02 9.182262420654296875e+01
2.253400802612304688e+01 5.248474731445312500e+02 4.332286376953125000e+02 9.161882019042968750e+01
2.255441665649414062e+01 5.245036010742187500e+02 4.330489196777343750e+02 9.145459747314453125e+01
2.257482337951660156e+01 5.243350219726562500e+02 4.329755859375000000e+02 9.135939025878906250e+01
2.259523391723632812e+01 5.241746215820312500e+02 4.330083007812500000e+02 9.116627502441406250e+01
2.261564064025878906e+01 5.242708740234375000e+02 4.330409851074218750e+02 9.122976684570312500e+01
2.263605117797851562e+01 5.242061157226562500e+02 4.329677734375000000e+02 9.123813629150390625e+01
2.265645790100097656e+01 5.238594970703125000e+02 4.326834716796875000e+02 9.117606353759765625e+01
2.267686843872070312e+01 5.237119140625000000e+02 4.326107177734375000e+02 9.110126495361328125e+01
2.269727706909179688e+01 5.233045043945312500e+02 4.323272399902343750e+02 9.097722625732421875e+01
2.271768760681152344e+01 5.230272216796875000e+02 4.321495056152343750e+02 9.087757110595703125e+01
2.273809432983398438e+01 5.226723632812500000e+02 4.318670043945312500e+02 9.080535888671875000e+01
2.275850486755371094e+01 5.224786376953125000e+02 4.316900024414062500e+02 9.078866577148437500e+01
2.277891159057617188e+01 5.227330932617187500e+02 4.318287658691406250e+02 9.090433502197265625e+01
2.279931831359863281e+01 5.228439331054687500e+02 4.319672241210937500e+02 9.087676239013671875e+01
2.281972885131835938e+01 5.226693115234375000e+02 4.318955688476562500e+02 9.077367401123046875e+01
2.284013748168945312e+01 5.225207519531250000e+02 4.318241271972656250e+02 9.069653320312500000e+01
2.286054801940917969e+01 5.223281860351562500e+02 4.316480407714843750e+02 9.068027496337890625e+01
2.288095474243164062e+01 5.223369750976562500e+02 4.315769653320312500e+02 9.076012420654296875e+01
2.290136528015136719e+01 5.220966796875000000e+02 4.314013366699218750e+02 9.069526672363281250e+01
2.292177200317382812e+01 5.219216918945312500e+02 4.313305969238281250e+02 9.059119415283203125e+01
2.294218254089355469e+01 5.217053222656250000e+02 4.311555786132812500e+02 9.054981994628906250e+01
2.296258926391601562e+01 5.216070556640625000e+02 4.311894226074218750e+02 9.041776275634765625e+01
2.298299980163574219e+01 5.213026123046875000e+02 4.310148010253906250e+02 9.028794860839843750e+01
2.300340652465820312e+01 5.209612426757812500e+02 4.308405761718750000e+02 9.012062072753906250e+01
2.302381515502929688e+01 5.208526611328125000e+02 4.308745727539062500e+02 8.997827148437500000e+01
2.304422569274902344e+01 5.205273437500000000e+02 4.307006835937500000e+02 8.982643127441406250e+01
2.306463241577148438e+01 5.203020629882812500e+02 4.305272216796875000e+02 8.977476501464843750e+01
2.308504295349121094e+01 5.201748046875000000e+02 4.304576721191406250e+02 8.971700286865234375e+01
2.310544967651367188e+01 5.200562133789062500e+02 4.303883056640625000e+02 8.966783142089843750e+01
2.312586021423339844e+01 5.198645019531250000e+02 4.303190002441406250e+02 8.954559326171875000e+01
2.314626693725585938e+01 5.195982666015625000e+02 4.301464538574218750e+02 8.945182037353515625e+01
2.316667747497558594e+01 5.193374023437500000e+02 4.299741516113281250e+02 8.936323547363281250e+01
2.318708610534667969e+01 5.191643676757812500e+02 4.299054260253906250e+02 8.925899505615234375e+01
2.320749664306640625e+01 5.188936767578125000e+02 4.297337036132812500e+02 8.916012573242187500e+01
2.322790336608886719e+01 5.187733764648437500e+02 4.296653137207031250e+02 8.910807800292968750e+01
2.324831008911132812e+01 5.185031127929687500e+02 4.294941101074218750e+02 8.900901794433593750e+01
2.326872062683105469e+01 5.182993164062500000e+02 4.293231201171875000e+02 8.897631835937500000e+01
2.328912734985351562e+01 5.181658935546875000e+02 4.292552490234375000e+02 8.891075134277343750e+01
2.330953788757324219e+01 5.180012817382812500e+02 4.291875305175781250e+02 8.881388854980468750e+01
2.332994651794433594e+01 5.176143798828125000e+02 4.289146728515625000e+02 8.869961547851562500e+01
2.335035514831542969e+01 5.173115234375000000e+02 4.286423950195312500e+02 8.866927337646484375e+01
2.337076377868652344e+01 5.171735229492187500e+02 4.285753479003906250e+02 8.859817504882812500e+01
2.339117431640625000e+01 5.170932617187500000e+02 4.285083923339843750e+02 8.858489227294921875e+01
2.341158103942871094e+01 5.168739624023437500e+02 4.283393859863281250e+02 8.853446960449218750e+01
2.343199157714843750e+01 5.168472900390625000e+02 4.283749389648437500e+02 8.847227478027343750e+01
2.345239830017089844e+01 5.166376953125000000e+02 4.282063293457031250e+02 8.843134307861328125e+01
2.347280502319335938e+01 5.164690551757812500e+02 4.280380249023437500e+02 8.843111419677734375e+01
2.349321556091308594e+01 5.163646240234375000e+02 4.279718933105468750e+02 8.839271545410156250e+01
2.351362419128417969e+01 5.161641235351562500e+02 4.278040771484375000e+02 8.836000061035156250e+01
2.353403472900390625e+01 5.160814208984375000e+02 4.277381896972656250e+02 8.834319305419921875e+01
2.355444145202636719e+01 5.159225463867187500e+02 4.275708618164062500e+02 8.835173797607421875e+01
2.357485198974609375e+01 5.156714477539062500e+02 4.274037780761718750e+02 8.826769256591796875e+01
2.359525871276855469e+01 5.155977783203125000e+02 4.274399719238281250e+02 8.815780639648437500e+01
2.361566925048828125e+01 5.153735351562500000e+02 4.272732849121093750e+02 8.810025024414062500e+01
2.363607597351074219e+01 5.152976684570312500e+02 4.272082519531250000e+02 8.808963012695312500e+01
2.365648651123046875e+01 5.150462646484375000e+02 4.270419921875000000e+02 8.800420379638671875e+01
2.367689514160156250e+01 5.147864990234375000e+02 4.268761901855468750e+02 8.791032409667968750e+01
2.369730567932128906e+01 5.147034301757812500e+02 4.268115539550781250e+02 8.789198303222656250e+01
2.371771240234375000e+01 5.145410766601562500e+02 4.266461791992187500e+02 8.789500427246093750e+01
2.373811912536621094e+01 5.144023437500000000e+02 4.264810791015625000e+02 8.792126464843750000e+01
2.375852966308593750e+01 5.140809326171875000e+02 4.262154541015625000e+02 8.786554718017578125e+01
2.377893638610839844e+01 5.136243286132812500e+02 4.259503784179687500e+02 8.767402648925781250e+01
2.379934692382812500e+01 5.132835083007812500e+02 4.258868103027343750e+02 8.739664459228515625e+01
2.381975364685058594e+01 5.131635131835937500e+02 4.257229614257812500e+02 8.744063568115234375e+01
2.384016418457031250e+01 5.131472778320312500e+02 4.256597290039062500e+02 8.748754119873046875e+01
2.386057281494140625e+01 5.130367431640625000e+02 4.254963378906250000e+02 8.754039001464843750e+01
2.388098335266113281e+01 5.128287353515625000e+02 4.254333801269531250e+02 8.739527893066406250e+01
2.390139007568359375e+01 5.126665039062500000e+02 4.252704772949218750e+02 8.739603424072265625e+01
2.392180061340332031e+01 5.127462768554687500e+02 4.253079223632812500e+02 8.743836975097656250e+01
2.394220733642578125e+01 5.123173828125000000e+02 4.249454040527343750e+02 8.737194824218750000e+01
2.396261405944824219e+01 5.122739257812500000e+02 4.249831542968750000e+02 8.729077911376953125e+01
2.398302459716796875e+01 5.122836914062500000e+02 4.250207519531250000e+02 8.726295471191406250e+01
2.400343322753906250e+01 5.121791381835937500e+02 4.249585876464843750e+02 8.722057342529296875e+01
2.402384376525878906e+01 5.118940429687500000e+02 4.247968444824218750e+02 8.709725952148437500e+01
2.404425048828125000e+01 5.119657897949218750e+02 4.248345031738281250e+02 8.713128662109375000e+01
2.406466102600097656e+01 5.116823730468750000e+02 4.246731262207031250e+02 8.700921630859375000e+01
2.408506774902343750e+01 5.116892089843750000e+02 4.246115112304687500e+02 8.707771301269531250e+01
2.410547828674316406e+01 5.117824096679687500e+02 4.246492309570312500e+02 8.713315582275390625e+01
2.412588500976562500e+01 5.117486877441406250e+02 4.244884948730468750e+02 8.726021575927734375e+01
2.414629554748535156e+01 5.121498413085937500e+02 4.246254272460937500e+02 8.752427673339843750e+01
2.416670417785644531e+01 5.120252075195312500e+02 4.246630554199218750e+02 8.736215972900390625e+01
2.418711090087890625e+01 5.118693542480468750e+02 4.245026855468750000e+02 8.736670684814453125e+01
2.420752143859863281e+01 5.120002441406250000e+02 4.244414367675781250e+02 8.755880737304687500e+01
2.422792816162109375e+01 5.116952514648437500e+02 4.242815551757812500e+02 8.741369628906250000e+01
2.424833869934082031e+01 5.115038757324218750e+02 4.242206420898437500e+02 8.728320312500000000e+01
2.426874542236328125e+01 5.113541564941406250e+02 4.240612182617187500e+02 8.729288482666015625e+01
2.428915596008300781e+01 5.112247924804687500e+02 4.239019470214843750e+02 8.732283782958984375e+01
2.430956268310546875e+01 5.110717163085937500e+02 4.238415222167968750e+02 8.723018646240234375e+01
2.432997322082519531e+01 5.108700256347656250e+02 4.236827392578125000e+02 8.718732452392578125e+01
2.435038185119628906e+01 5.105446777343750000e+02 4.235242919921875000e+02 8.702037811279296875e+01
