# NTRMN  = 66
# NTRANS = 111
-1.196487247943878174e-01 0.000000000000000000e+00 0.000000000000000000e+00 0.000000000000000000e+00
-9.923987835645675659e-02 0.000000000000000000e+00 0.000000000000000000e+00 0.000000000000000000e+00
-7.883103936910629272e-02 0.000000000000000000e+00 0.000000000000000000e+00 0.000000000000000000e+00
-5.842219665646553040e-02 0.000000000000000000e+00 0.000000000000000000e+00 0.000000000000000000e+00
-3.801335394382476807e-02 0.000000000000000000e+00 0.000000000000000000e+00 0.000000000000000000e+00
-1.760451123118400574e-02 0.000000000000000000e+00 0.000000000000000000e+00 0.000000000000000000e+00
2.321236208081245422e-02 0.000000000000000000e+00 0.000000000000000000e+00 0.000000000000000000e+00
4.362120479345321655e-02 0.000000000000000000e+00 0.000000000000000000e+00 0.000000000000000000e+00
6.403004378080368042e-02 0.000000000000000000e+00 0.000000000000000000e+00 0.000000000000000000e+00
1.048477292060852051e-01 0.000000000000000000e+00 0.000000000000000000e+00 0.000000000000000000e+00
1.252557635307312012e-01 0.000000000000000000e+00 0.000000000000000000e+00 0.000000000000000000e+00
1.456646025180816650e-01 0.000000000000000000e+00 0.000000000000000000e+00 0.000000000000000000e+00
1.660734415054321289e-01 0.000000000000000000e+00 0.000000000000000000e+00 0.000000000000000000e+00
2.068911343812942505e-01 0.000000000000000000e+00 0.000000000000000000e+00 0.000000000000000000e+00
2.272991687059402466e-01 0.000000000000000000e+00 0.000000000000000000e+00 0.000000000000000000e+00
2.477080076932907104e-01 0.000000000000000000e+00 0.000000000000000000e+00 0.000000000000000000e+00
2.681168317794799805e-01 0.000000000000000000e+00 0.000000000000000000e+00 0.000000000000000000e+00
2.885257005691528320e-01 0.000000000000000000e+00 0.000000000000000000e+00 0.000000000000000000e+00
3.089345395565032959e-01 0.000000000000000000e+00 0.000000000000000000e+00 0.000000000000000000e+00
3.293433785438537598e-01 0.000000000000000000e+00 0.000000000000000000e+00 0.000000000000000000e+00
3.905690908432006836e-01 0.000000000000000000e+00 0.000000000000000000e+00 0.000000000000000000e+00
4.109779298305511475e-01 0.000000000000000000e+00 0.000000000000000000e+00 0.000000000000000000e+00
4.313867688179016113e-01 0.000000000000000000e+00 0.000000000000000000e+00 0.000000000000000000e+00
4.517956078052520752e-01 0.000000000000000000e+00 0.000000000000000000e+00 0.000000000000000000e+00
4.722036421298980713e-01 0.000000000000000000e+00 0.000000000000000000e+00 0.000000000000000000e+00
4.926124811172485352e-01 0.000000000000000000e+00 0.000000000000000000e+00 0.000000000000000000e+00
5.130213499069213867e-01 0.000000000000000000e+00 0.000000000000000000e+00 0.000000000000000000e+00
5.334301590919494629e-01 0.000000000000000000e+00 0.000000000000000000e+00 0.000000000000000000e+00
5.538390278816223145e-01 0.000000000000000000e+00 0.000000000000000000e+00 0.000000000000000000e+00
5.742470622062683105e-01 0.000000000000000000e+00 0.000000000000000000e+00 0.000000000000000000e+00
5.946558713912963867e-01 0.000000000000000000e+00 0.000000000000000000e+00 0.000000000000000000e+00
6.150647401809692383e-01 0.000000000000000000e+00 0.000000000000000000e+00 0.000000000000000000e+00
6.354735493659973145e-01 0.000000000000000000e+00 0.000000000000000000e+00 0.000000000000000000e+00
6.558824181556701660e-01 0.000000000000000000e+00 0.000000000000000000e+00 0.000000000000000000e+00
6.762912869453430176e-01 0.000000000000000000e+00 0.000000000000000000e+00 0.000000000000000000e+00
6.966992616653442383e-01 0.000000000000000000e+00 0.000000000000000000e+00 0.000000000000000000e+00
7.171081304550170898e-01 0.000000000000000000e+00 0.000000000000000000e+00 0.000000000000000000e+00
7.375169992446899414e-01 0.000000000000000000e+00 0.000000000000000000e+00 0.000000000000000000e+00
7.579258084297180176e-01 0.000000000000000000e+00 0.000000000000000000e+00 0.000000000000000000e+00
7.783346772193908691e-01 0.000000000000000000e+00 0.000000000000000000e+00 0.000000000000000000e+00
7.987434864044189453e-01 0.000000000000000000e+00 0.000000000000000000e+00 0.000000000000000000e+00
8.191515207290649414e-01 0.000000000000000000e+00 0.000000000000000000e+00 0.000000000000000000e+00
8.395603895187377930e-01 0.000000000000000000e+00 0.000000000000000000e+00 0.000000000000000000e+00
8.599691987037658691e-01 0.000000000000000000e+00 0.000000000000000000e+00 0.000000000000000000e+00
8.803780674934387207e-01 0.000000000000000000e+00 0.000000000000000000e+00 0.000000000000000000e+00
9.007868766784667969e-01 0.000000000000000000e+00 0.000000000000000000e+00 0.000000000000000000e+00
9.211949110031127930e-01 0.000000000000000000e+00 0.000000000000000000e+00 0.000000000000000000e+00
9.416037797927856445e-01 0.000000000000000000e+00 0.000000000000000000e+00 0.000000000000000000e+00
9.620125889778137207e-01 0.000000000000000000e+00 0.000000000000000000e+00 0.000000000000000000e+00
9.824214577674865723e-01 0.000000000000000000e+00 0.000000000000000000e+00 0.000000000000000000e+00
1.002830266952514648e+00 0.000000000000000000e+00 0.000000000000000000e+00 0.000000000000000000e+00
1.023239135742187500e+00 0.000000000000000000e+00 0.000000000000000000e+00 0.000000000000000000e+00
1.043647170066833496e+00 0.000000000000000000e+00 0.000000000000000000e+00 0.000000000000000000e+00
1.064056038856506348e+00 0.000000000000000000e+00 0.000000000000000000e+00 0.000000000000000000e+00
1.084464907646179199e+00 0.000000000000000000e+00 0.000000000000000000e+00 0.000000000000000000e+00
1.104873657226562500e+00 0.000000000000000000e+00 0.000000000000000000e+00 0.000000000000000000e+00
1.125282526016235352e+00 0.000000000000000000e+00 0.000000000000000000e+00 0.000000000000000000e+00
1.145691394805908203e+00 0.000000000000000000e+00 0.000000000000000000e+00 0.000000000000000000e+00
1.166099429130554199e+00 0.000000000000000000e+00 0.000000000000000000e+00 0.000000000000000000e+00
1.186508297920227051e+00 0.000000000000000000e+00 0.000000000000000000e+00 0.000000000000000000e+00
1.206917047500610352e+00 0.000000000000000000e+00 0.000000000000000000e+00 0.000000000000000000e+00
1.227325916290283203e+00 0.000000000000000000e+00 0.000000000000000000e+00 0.000000000000000000e+00
1.247734785079956055e+00 0.000000000000000000e+00 0.000000000000000000e+00 0.000000000000000000e+00
1.268142819404602051e+00 0.000000000000000000e+00 0.000000000000000000e+00 0.000000000000000000e+00
1.288551688194274902e+00 0.000000000000000000e+00 0.000000000000000000e+00 0.000000000000000000e+00
1.308960556983947754e+00 0.000000000000000000e+00 0.000000000000000000e+00 0.000000000000000000e+00
1.329369306564331055e+00 0.000000000000000000e+00 0.000000000000000000e+00 0.000000000000000000e+00
1.349778175354003906e+00 0.000000000000000000e+00 0.000000000000000000e+00 0.000000000000000000e+00
1.411003947257995605e+00 0.000000000000000000e+00 0.000000000000000000e+00 0.000000000000000000e+00
1.431412696838378906e+00 0.000000000000000000e+00 0.000000000000000000e+00 0.000000000000000000e+00
1.451821565628051758e+00 0.000000000000000000e+00 0.000000000000000000e+00 0.000000000000000000e+00
1.472230434417724609e+00 0.000000000000000000e+00 0.000000000000000000e+00 0.000000000000000000e+00
1.492639303207397461e+00 0.000000000000000000e+00 0.000000000000000000e+00 0.000000000000000000e+00
1.574273824691772461e+00 0.000000000000000000e+00 0.000000000000000000e+00 0.000000000000000000e+00
1.594682693481445312e+00 0.000000000000000000e+00 0.000000000000000000e+00 0.000000000000000000e+00
1.655908346176147461e+00 0.000000000000000000e+00 0.000000000000000000e+00 0.000000000000000000e+00
1.676317214965820312e+00 0.000000000000000000e+00 0.000000000000000000e+00 0.000000000000000000e+00
1.696726083755493164e+00 0.000000000000000000e+00 0.000000000000000000e+00 0.000000000000000000e+00
1.717134952545166016e+00 0.000000000000000000e+00 0.000000000000000000e+00 0.000000000000000000e+00
1.819178342819213867e+00 7.678458404541015625e+01 7.678458404541015625e+01 1.551860029369578342e-10
1.839587211608886719e+00 8.528928375244140625e+01 8.528928375244140625e+01 1.702417096183239664e-10
1.859995245933532715e+00 9.606567382812500000e+01 9.606567382812500000e+01 1.964166052026428133e-10
1.880403995513916016e+00 1.029034194946289062e+02 1.029034194946289062e+02 2.300645784991672826e-10
1.900812864303588867e+00 1.019370880126953125e+02 1.019370880126953125e+02 2.609036875433901059e-10
1.921221733093261719e+00 9.670492553710937500e+01 9.670492553710937500e+01 2.822311273575905943e-10
1.941630601882934570e+00 9.160740661621093750e+01 9.160740661621093750e+01 2.923805364485332348e-10
1.962038636207580566e+00 8.843395233154296875e+01 8.843395233154296875e+01 2.918662256323756310e-10
1.982447385787963867e+00 8.660580444335937500e+01 8.660580444335937500e+01 2.927379449957356883e-10
2.002856254577636719e+00 8.748031616210937500e+01 8.748031616210937500e+01 3.015401817130225481e-10
2.064081907272338867e+00 8.038542938232421875e+01 8.038542938232421875e+01 1.451055831047654010e-09
2.084490776062011719e+00 7.772644042968750000e+01 7.772644042968750000e+01 1.920915426723013297e-09
2.104899644851684570e+00 7.456172943115234375e+01 7.456172943115234375e+01 2.419927591645887333e-09
2.125308513641357422e+00 7.146905517578125000e+01 7.146905517578125000e+01 2.885977012923035545e-09
2.145717382431030273e+00 6.897074127197265625e+01 6.897074127197265625e+01 3.172312856847270268e-09
2.166126251220703125e+00 6.718260192871093750e+01 6.718260192871093750e+01 3.295509420908615539e-09
2.186535120010375977e+00 6.596430969238281250e+01 6.596430969238281250e+01 3.432143458326208929e-09
2.206943988800048828e+00 6.528921508789062500e+01 6.528921508789062500e+01 3.855570085420367832e-09
2.227352619171142578e+00 6.565827941894531250e+01 6.565827941894531250e+01 3.841178486396756853e-09
2.288577556610107422e+00 6.437536621093750000e+01 6.391222763061523438e+01 4.631360471248626709e-01
2.329395294189453125e+00 6.393283462524414062e+01 6.278202438354492188e+01 1.150810956954956055e+00
2.431439638137817383e+00 5.541686630249023438e+01 5.377700424194335938e+01 1.639863252639770508e+00
2.472257137298583984e+00 4.922334289550781250e+01 4.692433929443359375e+01 2.298996925354003906e+00
2.492664337158203125e+00 4.886976242065429688e+01 4.654017639160156250e+01 2.329586505889892578e+00
2.553890943527221680e+00 5.030123519897460938e+01 4.778657531738281250e+01 2.514659404754638672e+00
2.594708681106567383e+00 5.415885162353515625e+01 5.138956832885742188e+01 2.769282102584838867e+00
2.615117549896240234e+00 5.045081710815429688e+01 4.769303512573242188e+01 2.757783651351928711e+00
2.717159986495971680e+00 6.173380661010742188e+01 4.590192794799804688e+01 1.583187294006347656e+01
2.757977724075317383e+00 6.156563568115234375e+01 4.423306274414062500e+01 1.733256530761718750e+01
2.778386592864990234e+00 6.195102691650390625e+01 4.337395095825195312e+01 1.857707786560058594e+01
2.798795461654663086e+00 6.279822158813476562e+01 4.252735137939453125e+01 2.027086830139160156e+01
2.819204330444335938e+00 6.417626953125000000e+01 4.146375274658203125e+01 2.271251678466796875e+01
2.839613199234008789e+00 6.375283813476562500e+01 4.022153472900390625e+01 2.353130340576171875e+01
2.860022068023681641e+00 6.532341766357421875e+01 4.003496551513671875e+01 2.528844642639160156e+01
2.880430698394775391e+00 6.417681884765625000e+01 3.684246444702148438e+01 2.733434867858886719e+01
2.900839567184448242e+00 6.601260375976562500e+01 3.963668441772460938e+01 2.637591743469238281e+01
2.921248435974121094e+00 6.196437835693359375e+01 3.854847335815429688e+01 2.341589546203613281e+01
3.023291110992431641e+00 5.808007049560546875e+01 3.722362518310546875e+01 2.085643768310546875e+01
3.043699979782104492e+00 5.904209518432617188e+01 3.765044021606445312e+01 2.139165306091308594e+01
3.064108848571777344e+00 5.999422836303710938e+01 3.835281372070312500e+01 2.164141845703125000e+01
3.309013366699218750e+00 5.755146789550781250e+01 3.542745971679687500e+01 2.212400817871093750e+01
3.329421997070312500e+00 5.666851043701171875e+01 3.562732315063476562e+01 2.104118347167968750e+01
3.431464672088623047e+00 5.170998001098632812e+01 3.205637359619140625e+01 1.965361022949218750e+01
3.615144252777099609e+00 5.047102355957031250e+01 3.037466621398925781e+01 2.009636116027832031e+01
3.635553121566772461e+00 4.952470779418945312e+01 2.927570343017578125e+01 2.024900054931640625e+01
3.860048770904541016e+00 4.805700302124023438e+01 2.803819847106933594e+01 2.001880455017089844e+01
3.900864839553833008e+00 4.872743606567382812e+01 2.773869132995605469e+01 2.098874282836914062e+01
3.921273708343505859e+00 4.869019699096679688e+01 2.775915145874023438e+01 2.093104362487792969e+01
4.023317813873291016e+00 4.941460418701171875e+01 2.762630271911621094e+01 2.178830146789550781e+01
4.043726921081542969e+00 4.896469497680664062e+01 2.759342956542968750e+01 2.137126731872558594e+01
4.145769119262695312e+00 4.733153152465820312e+01 2.658511543273925781e+01 2.074640655517578125e+01
4.288630962371826172e+00 4.786053848266601562e+01 2.684383010864257812e+01 2.101670265197753906e+01
4.390673637390136719e+00 4.746317672729492188e+01 2.629629135131835938e+01 2.116688346862792969e+01
4.411082744598388672e+00 4.763675689697265625e+01 2.640255928039550781e+01 2.123419952392578125e+01
4.431491374969482422e+00 4.704887008666992188e+01 2.609189605712890625e+01 2.095697021484375000e+01
4.451900482177734375e+00 4.701105880737304688e+01 2.603680801391601562e+01 2.097424888610839844e+01
4.472309112548828125e+00 4.700133514404296875e+01 2.600899124145507812e+01 2.099234390258789062e+01
4.492718219757080078e+00 4.701449203491210938e+01 2.605069351196289062e+01 2.096379280090332031e+01
4.615169525146484375e+00 4.625755310058593750e+01 2.569666671752929688e+01 2.056088066101074219e+01
4.778439998626708984e+00 4.543646240234375000e+01 2.477857780456542969e+01 2.065787696838378906e+01
4.941709518432617188e+00 4.455846405029296875e+01 2.400835800170898438e+01 2.055010795593261719e+01
4.982526779174804688e+00 4.465131378173828125e+01 2.399905967712402344e+01 2.065225028991699219e+01
5.002935886383056641e+00 4.457711029052734375e+01 2.391551589965820312e+01 2.066159629821777344e+01
5.023344516754150391e+00 4.442666244506835938e+01 2.382311630249023438e+01 2.060354995727539062e+01
5.043751716613769531e+00 4.457453918457031250e+01 2.393556213378906250e+01 2.063896942138671875e+01
5.084569454193115234e+00 4.420718383789062500e+01 2.366337585449218750e+01 2.054381179809570312e+01
5.104978561401367188e+00 4.419074630737304688e+01 2.364380264282226562e+01 2.054694557189941406e+01
5.125387191772460938e+00 4.404605865478515625e+01 2.354965400695800781e+01 2.049641036987304688e+01
5.145796298980712891e+00 4.400072479248046875e+01 2.354464530944824219e+01 2.045607948303222656e+01
5.166204929351806641e+00 4.438790512084960938e+01 2.347943496704101562e+01 2.090847015380859375e+01
5.186613559722900391e+00 4.382123947143554688e+01 2.351628494262695312e+01 2.030495643615722656e+01
5.207022666931152344e+00 4.399203872680664062e+01 2.364478874206542969e+01 2.034725189208984375e+01
5.227431297302246094e+00 4.363500213623046875e+01 2.341051292419433594e+01 2.022448730468750000e+01
5.288656234741210938e+00 4.331711959838867188e+01 2.309875869750976562e+01 2.021835517883300781e+01
5.309065341949462891e+00 4.316957092285156250e+01 2.297839736938476562e+01 2.019117927551269531e+01
5.329473972320556641e+00 4.320824813842773438e+01 2.297574996948242188e+01 2.023249816894531250e+01
5.349883079528808594e+00 4.317698287963867188e+01 2.289257621765136719e+01 2.028440856933593750e+01
5.370291709899902344e+00 4.294390106201171875e+01 2.279666137695312500e+01 2.014723396301269531e+01
5.390700340270996094e+00 4.280658721923828125e+01 2.274143791198730469e+01 2.006515693664550781e+01
5.492744922637939453e+00 4.313061141967773438e+01 2.289860725402832031e+01 2.023200416564941406e+01
5.594787597656250000e+00 4.273820877075195312e+01 2.284466361999511719e+01 1.989354705810546875e+01
5.615196228027343750e+00 4.260991668701171875e+01 2.280852890014648438e+01 1.980139160156250000e+01
5.656013965606689453e+00 4.270647430419921875e+01 2.285978126525878906e+01 1.984670257568359375e+01
5.676422595977783203e+00 4.269091415405273438e+01 2.280289840698242188e+01 1.988801574707031250e+01
5.696831703186035156e+00 4.260989379882812500e+01 2.269179153442382812e+01 1.991810417175292969e+01
5.798874378204345703e+00 4.201259231567382812e+01 2.227597236633300781e+01 1.973662567138671875e+01
5.819283008575439453e+00 4.189337158203125000e+01 2.224721145629882812e+01 1.964615821838378906e+01
5.839691638946533203e+00 4.168692779541015625e+01 2.212846755981445312e+01 1.955845832824707031e+01
5.880509376525878906e+00 4.150856018066406250e+01 2.201150894165039062e+01 1.949705886840820312e+01
5.900918483734130859e+00 4.143683624267578125e+01 2.199217605590820312e+01 1.944466781616210938e+01
5.921327114105224609e+00 4.160829162597656250e+01 2.223576164245605469e+01 1.937252998352050781e+01
5.962143421173095703e+00 4.114957809448242188e+01 2.186270332336425781e+01 1.928687477111816406e+01
5.982552051544189453e+00 4.121012496948242188e+01 2.194017791748046875e+01 1.926994514465332031e+01
6.002961158752441406e+00 4.103113555908203125e+01 2.180975532531738281e+01 1.922138786315917969e+01
6.023369789123535156e+00 4.102914428710937500e+01 2.180739593505859375e+01 1.922174835205078125e+01
6.105005264282226562e+00 4.085924530029296875e+01 2.174322128295898438e+01 1.911602973937988281e+01
6.125413894653320312e+00 4.084519577026367188e+01 2.173330879211425781e+01 1.911188888549804688e+01
6.145823001861572266e+00 4.072539520263671875e+01 2.162218666076660156e+01 1.910321235656738281e+01
6.166231632232666016e+00 4.059668350219726562e+01 2.155450248718261719e+01 1.904217720031738281e+01
6.186640739440917969e+00 4.080308914184570312e+01 2.166913223266601562e+01 1.913396263122558594e+01
6.207047939300537109e+00 4.092836761474609375e+01 2.162874412536621094e+01 1.929963111877441406e+01
6.227456569671630859e+00 4.078814697265625000e+01 2.162705802917480469e+01 1.916110038757324219e+01
6.288682937622070312e+00 4.065874481201171875e+01 2.146978950500488281e+01 1.918895530700683594e+01
6.309092044830322266e+00 4.065788650512695312e+01 2.145346069335937500e+01 1.920443344116210938e+01
6.329500675201416016e+00 4.065164184570312500e+01 2.145992851257324219e+01 1.919171524047851562e+01
6.349909782409667969e+00 4.058552932739257812e+01 2.141357803344726562e+01 1.917196083068847656e+01
6.451952457427978516e+00 4.028040695190429688e+01 2.120847702026367188e+01 1.907192420959472656e+01
6.513178825378417969e+00 4.002280426025390625e+01 2.098705291748046875e+01 1.903575706481933594e+01
6.533587455749511719e+00 3.997727966308593750e+01 2.094714736938476562e+01 1.903012847900390625e+01
6.594814300537109375e+00 4.035590362548828125e+01 2.089061164855957031e+01 1.946528816223144531e+01
6.635632038116455078e+00 3.959380722045898438e+01 2.080539894104003906e+01 1.878841018676757812e+01
6.656040668487548828e+00 3.948208999633789062e+01 2.077038002014160156e+01 1.871170997619628906e+01
6.676447868347167969e+00 3.938364410400390625e+01 2.071047782897949219e+01 1.867316627502441406e+01
6.696856975555419922e+00 3.939455032348632812e+01 2.073672866821289062e+01 1.865781974792480469e+01
6.717265605926513672e+00 3.924818801879882812e+01 2.065234375000000000e+01 1.859585571289062500e+01
6.778491973876953125e+00 3.901264190673828125e+01 2.062119102478027344e+01 1.839145660400390625e+01
6.798901081085205078e+00 3.988421249389648438e+01 2.166489601135253906e+01 1.821931457519531250e+01
6.941761016845703125e+00 3.850683212280273438e+01 2.064657402038574219e+01 1.786026382446289062e+01
6.962170124053955078e+00 3.884364318847656250e+01 2.058260917663574219e+01 1.826104164123535156e+01
6.982578754425048828e+00 3.873848342895507812e+01 2.052931022644042969e+01 1.820918273925781250e+01
7.002987861633300781e+00 3.873759841918945312e+01 2.051391792297363281e+01 1.822368049621582031e+01
7.023396492004394531e+00 3.877450942993164062e+01 2.054974937438964844e+01 1.822475624084472656e+01
7.043805599212646484e+00 3.907575607299804688e+01 2.087764739990234375e+01 1.819810867309570312e+01
7.064214229583740234e+00 3.863222885131835938e+01 2.048523139953613281e+01 1.814699554443359375e+01
7.105031967163085938e+00 3.853644561767578125e+01 2.042145347595214844e+01 1.811499595642089844e+01
7.125439167022705078e+00 3.851462554931640625e+01 2.040328216552734375e+01 1.811134910583496094e+01
7.145847797393798828e+00 3.840818023681640625e+01 2.034836006164550781e+01 1.805982208251953125e+01
7.166256904602050781e+00 3.827660751342773438e+01 2.029375076293945312e+01 1.798286056518554688e+01
7.186665534973144531e+00 3.826602172851562500e+01 2.032938957214355469e+01 1.793663597106933594e+01
7.207074642181396484e+00 3.819382858276367188e+01 2.024192428588867188e+01 1.795189857482910156e+01
7.227483272552490234e+00 3.821670532226562500e+01 2.018807792663574219e+01 1.802862167358398438e+01
7.247892379760742188e+00 3.814938354492187500e+01 2.017086982727050781e+01 1.797851562500000000e+01
7.268301010131835938e+00 3.806327438354492188e+01 2.012081527709960938e+01 1.794245529174804688e+01
7.288710117340087891e+00 3.799432373046875000e+01 2.008090019226074219e+01 1.791342353820800781e+01
7.309118747711181641e+00 3.791747283935546875e+01 2.007068061828613281e+01 1.784679222106933594e+01
7.329527378082275391e+00 3.783242797851562500e+01 2.002459526062011719e+01 1.780783271789550781e+01
7.349936485290527344e+00 3.775685119628906250e+01 1.998527717590332031e+01 1.777157783508300781e+01
7.370343685150146484e+00 3.769013977050781250e+01 1.995917129516601562e+01 1.773096466064453125e+01
7.390752315521240234e+00 3.758162689208984375e+01 1.987166786193847656e+01 1.770996093750000000e+01
7.411161422729492188e+00 3.746128082275390625e+01 1.982017517089843750e+01 1.764110755920410156e+01
7.431570053100585938e+00 3.734603500366210938e+01 1.976574516296386719e+01 1.758028984069824219e+01
7.492796897888183594e+00 3.717867660522460938e+01 1.954991531372070312e+01 1.762876510620117188e+01
7.513205528259277344e+00 3.710543823242187500e+01 1.948725318908691406e+01 1.761818885803222656e+01
7.533614635467529297e+00 3.702658843994140625e+01 1.943445968627929688e+01 1.759213447570800781e+01
7.554023265838623047e+00 3.692073059082031250e+01 1.938512229919433594e+01 1.753560829162597656e+01
7.574431896209716797e+00 3.685247802734375000e+01 1.933921051025390625e+01 1.751327323913574219e+01
7.594839096069335938e+00 3.675905609130859375e+01 1.930615997314453125e+01 1.745289611816406250e+01
7.615248203277587891e+00 3.664173889160156250e+01 1.926070785522460938e+01 1.738103294372558594e+01
7.635656833648681641e+00 3.653050994873046875e+01 1.921549606323242188e+01 1.731501388549804688e+01
7.656065940856933594e+00 3.648511886596679688e+01 1.920492362976074219e+01 1.728020095825195312e+01
7.676474571228027344e+00 3.640650177001953125e+01 1.915074348449707031e+01 1.725575828552246094e+01
7.696883678436279297e+00 3.636560058593750000e+01 1.913728904724121094e+01 1.722830963134765625e+01
7.717292308807373047e+00 3.626900100708007812e+01 1.908978080749511719e+01 1.717922782897949219e+01
7.737701416015625000e+00 3.622056198120117188e+01 1.907346343994140625e+01 1.714709663391113281e+01
7.758110046386718750e+00 3.613628387451171875e+01 1.902020072937011719e+01 1.711608695983886719e+01
7.778518676757812500e+00 3.611159133911132812e+01 1.901030540466308594e+01 1.710127830505371094e+01
7.798927783966064453e+00 3.604589843750000000e+01 1.900046157836914062e+01 1.704543876647949219e+01
7.819334983825683594e+00 3.598410797119140625e+01 1.896311950683593750e+01 1.702098464965820312e+01
7.839743614196777344e+00 3.596453094482421875e+01 1.897177124023437500e+01 1.699275588989257812e+01
7.860152721405029297e+00 3.590935134887695312e+01 1.895905876159667969e+01 1.695028877258300781e+01
7.880561351776123047e+00 3.587940597534179688e+01 1.894944953918457031e+01 1.692996597290039062e+01
7.900970458984375000e+00 3.583388900756835938e+01 1.894292068481445312e+01 1.689096260070800781e+01
7.962196826934814453e+00 3.599628067016601562e+01 1.888745498657226562e+01 1.710883140563964844e+01
7.982605457305908203e+00 3.598720932006835938e+01 1.889614486694335938e+01 1.709106445312500000e+01
8.003014564514160156e+00 3.590530395507812500e+01 1.885693168640136719e+01 1.704836845397949219e+01
8.023423194885253906e+00 3.672555541992187500e+01 1.979058647155761719e+01 1.693497085571289062e+01
8.043831825256347656e+00 3.580870819091796875e+01 1.894278335571289062e+01 1.686592102050781250e+01
8.064239501953125000e+00 3.571571731567382812e+01 1.889484786987304688e+01 1.682086563110351562e+01
8.084648132324218750e+00 3.568945312500000000e+01 1.887676048278808594e+01 1.681268692016601562e+01
8.145874977111816406e+00 3.569248199462890625e+01 1.886124610900878906e+01 1.683123970031738281e+01
8.166283607482910156e+00 3.568552780151367188e+01 1.886687469482421875e+01 1.681866455078125000e+01
8.186692237854003906e+00 3.566994857788085938e+01 1.886662864685058594e+01 1.680332946777343750e+01
8.207100868225097656e+00 3.557696914672851562e+01 1.881387710571289062e+01 1.676309394836425781e+01
8.349961280822753906e+00 3.529360198974609375e+01 1.865827369689941406e+01 1.663532829284667969e+01
8.390779495239257812e+00 3.524264144897460938e+01 1.863312911987304688e+01 1.660951423645019531e+01
8.411188125610351562e+00 3.523207473754882812e+01 1.859360885620117188e+01 1.663846397399902344e+01
8.452005386352539062e+00 3.519219207763671875e+01 1.862560653686523438e+01 1.656659126281738281e+01
8.472414970397949219e+00 3.519554901123046875e+01 1.861182022094726562e+01 1.658372879028320312e+01
8.574457168579101562e+00 3.504810714721679688e+01 1.853550529479980469e+01 1.651259994506835938e+01
8.594865798950195312e+00 3.496432113647460938e+01 1.852491569519042969e+01 1.643939781188964844e+01
8.615275382995605469e+00 3.489442825317382812e+01 1.850326156616210938e+01 1.639117240905761719e+01
8.635684013366699219e+00 3.480841445922851562e+01 1.849279785156250000e+01 1.631561470031738281e+01
8.656092643737792969e+00 3.474496078491210938e+01 1.847132110595703125e+01 1.627364158630371094e+01
8.676501274108886719e+00 3.465639877319335938e+01 1.847477722167968750e+01 1.618162918090820312e+01
8.696909904479980469e+00 3.463397598266601562e+01 1.845894813537597656e+01 1.617502403259277344e+01
8.717319488525390625e+00 3.459999847412109375e+01 1.844594192504882812e+01 1.615406036376953125e+01
8.737728118896484375e+00 3.449034881591796875e+01 1.841107559204101562e+01 1.607927894592285156e+01
8.758134841918945312e+00 3.449710845947265625e+01 1.845017623901367188e+01 1.604693603515625000e+01
8.778544425964355469e+00 3.447669219970703125e+01 1.845364189147949219e+01 1.602305221557617188e+01
8.798953056335449219e+00 3.442937469482421875e+01 1.843532562255859375e+01 1.599405097961425781e+01
8.880588531494140625e+00 3.448102569580078125e+01 1.838716316223144531e+01 1.609386634826660156e+01
8.941814422607421875e+00 3.434276580810546875e+01 1.837905883789062500e+01 1.596370220184326172e+01
8.982630729675292969e+00 3.452272033691406250e+01 1.840214920043945312e+01 1.612057304382324219e+01
9.003039360046386719e+00 3.445596313476562500e+01 1.836841011047363281e+01 1.608755683898925781e+01
9.043857574462890625e+00 3.411237716674804688e+01 1.829609680175781250e+01 1.581628227233886719e+01
9.064266204833984375e+00 3.413809585571289062e+01 1.835261917114257812e+01 1.578547954559326172e+01
9.207128524780273438e+00 3.395277404785156250e+01 1.833045768737792969e+01 1.562231349945068359e+01
9.227535247802734375e+00 3.392766189575195312e+01 1.831845664978027344e+01 1.560920619964599609e+01
9.247943878173828125e+00 3.387569808959960938e+01 1.832980346679687500e+01 1.554590034484863281e+01
9.268353462219238281e+00 3.385758590698242188e+01 1.830752182006835938e+01 1.555006599426269531e+01
9.288762092590332031e+00 3.385324096679687500e+01 1.833430290222167969e+01 1.551894187927246094e+01
9.329579353332519531e+00 3.383419036865234375e+01 1.833106803894042969e+01 1.550312995910644531e+01
9.452031135559082031e+00 3.339032745361328125e+01 1.811891555786132812e+01 1.527141761779785156e+01
9.472439765930175781e+00 3.361972045898437500e+01 1.832501792907714844e+01 1.529470157623291016e+01
9.492848396301269531e+00 3.361930465698242188e+01 1.832597160339355469e+01 1.529333591461181641e+01
9.513257980346679688e+00 3.397499847412109375e+01 1.849551773071289062e+01 1.547948074340820312e+01
9.533666610717773438e+00 3.352952194213867188e+01 1.836552810668945312e+01 1.516399478912353516e+01
9.554075241088867188e+00 3.346225357055664062e+01 1.833882331848144531e+01 1.512343120574951172e+01
9.574483871459960938e+00 3.342794799804687500e+01 1.835474014282226562e+01 1.507320499420166016e+01
9.594892501831054688e+00 3.338116455078125000e+01 1.837308311462402344e+01 1.500807476043701172e+01
9.615302085876464844e+00 3.338312149047851562e+01 1.839383697509765625e+01 1.498929405212402344e+01
9.635710716247558594e+00 3.335743331909179688e+01 1.838469314575195312e+01 1.497273731231689453e+01
9.656119346618652344e+00 3.329886245727539062e+01 1.840285682678222656e+01 1.489599895477294922e+01
9.676527023315429688e+00 3.327247619628906250e+01 1.840115547180175781e+01 1.487132167816162109e+01
9.696935653686523438e+00 3.324921417236328125e+01 1.839204978942871094e+01 1.485716342926025391e+01
9.717344284057617188e+00 3.322371673583984375e+01 1.841008567810058594e+01 1.481363487243652344e+01
9.737752914428710938e+00 3.320901870727539062e+01 1.842804336547851562e+01 1.478098201751708984e+01
9.758161544799804688e+00 3.315773773193359375e+01 1.840912628173828125e+01 1.474862003326416016e+01
9.778571128845214844e+00 3.313463592529296875e+01 1.840742874145507812e+01 1.472720623016357422e+01
9.798979759216308594e+00 3.309518051147460938e+01 1.840329170227050781e+01 1.469189548492431641e+01
9.819388389587402344e+00 3.305901718139648438e+01 1.839917182922363281e+01 1.465984725952148438e+01
9.839797019958496094e+00 3.302575302124023438e+01 1.839020729064941406e+01 1.463554286956787109e+01
9.860206604003906250e+00 3.298477554321289062e+01 1.837156295776367188e+01 1.461321163177490234e+01
9.880615234375000000e+00 3.294931793212890625e+01 1.836026763916015625e+01 1.458905220031738281e+01
9.901023864746093750e+00 3.291383361816406250e+01 1.835143470764160156e+01 1.456239604949951172e+01
9.921431541442871094e+00 3.286703491210937500e+01 1.833299255371093750e+01 1.453404331207275391e+01
9.941840171813964844e+00 3.284421920776367188e+01 1.832425308227539062e+01 1.451996612548828125e+01
9.962248802185058594e+00 3.280389785766601562e+01 1.831795310974121094e+01 1.448594665527343750e+01
9.982657432556152344e+00 3.275767517089843750e+01 1.829728889465332031e+01 1.446038722991943359e+01
1.000306606292724609e+01 3.271302413940429688e+01 1.828149604797363281e+01 1.443153381347656250e+01
1.002347564697265625e+01 3.267996215820312500e+01 1.826815795898437500e+01 1.441180706024169922e+01
1.004388427734375000e+01 3.264045333862304688e+01 1.825010299682617188e+01 1.439035224914550781e+01
1.006429290771484375e+01 3.259307479858398438e+01 1.823212432861328125e+01 1.436095523834228516e+01
1.008470153808593750e+01 3.254718399047851562e+01 1.821184349060058594e+01 1.433534145355224609e+01
1.010511112213134766e+01 3.251047515869140625e+01 1.818927574157714844e+01 1.432120323181152344e+01
1.012551975250244141e+01 3.246981048583984375e+01 1.816207122802734375e+01 1.430773448944091797e+01
1.014592647552490234e+01 3.242234039306640625e+01 1.814677619934082031e+01 1.427556991577148438e+01
1.016633605957031250e+01 3.239705276489257812e+01 1.814095878601074219e+01 1.425610256195068359e+01
1.018674468994140625e+01 3.235424041748046875e+01 1.811636543273925781e+01 1.423787593841552734e+01
1.020715332031250000e+01 3.230791091918945312e+01 1.809890365600585938e+01 1.420900726318359375e+01
1.022756195068359375e+01 3.225595474243164062e+01 1.806981086730957031e+01 1.418614673614501953e+01
1.024797058105468750e+01 3.221851730346679688e+01 1.804784011840820312e+01 1.417067527770996094e+01
1.026838016510009766e+01 3.218406677246093750e+01 1.803062057495117188e+01 1.415345096588134766e+01
1.030919742584228516e+01 3.220259475708007812e+01 1.801263809204101562e+01 1.418996047973632812e+01
1.032960605621337891e+01 3.216178512573242188e+01 1.799327468872070312e+01 1.416851043701171875e+01
1.035001564025878906e+01 3.240178680419921875e+01 1.798323249816894531e+01 1.441856002807617188e+01
1.037042236328125000e+01 3.205743026733398438e+01 1.794092178344726562e+01 1.411650848388671875e+01
1.039083099365234375e+01 3.201125335693359375e+01 1.792641830444335938e+01 1.408483409881591797e+01
1.041123962402343750e+01 3.195691871643066406e+01 1.790047645568847656e+01 1.405644416809082031e+01
1.043164920806884766e+01 3.193594169616699219e+01 1.789528846740722656e+01 1.404065132141113281e+01
1.045205783843994141e+01 3.186545372009277344e+01 1.787866783142089844e+01 1.398678779602050781e+01
1.047246646881103516e+01 3.181166076660156250e+01 1.785754203796386719e+01 1.395411968231201172e+01
1.049287509918212891e+01 3.176909828186035156e+01 1.783649444580078125e+01 1.393260192871093750e+01
1.051328468322753906e+01 3.192963981628417969e+01 1.776999282836914062e+01 1.415964698791503906e+01
1.053369331359863281e+01 3.176608085632324219e+01 1.782419586181640625e+01 1.394188404083251953e+01
1.055410194396972656e+01 3.166850471496582031e+01 1.777838706970214844e+01 1.389012050628662109e+01
1.057451057434082031e+01 3.163057327270507812e+01 1.775992202758789062e+01 1.387065219879150391e+01
1.059491920471191406e+01 3.159419441223144531e+01 1.774378776550292969e+01 1.385040187835693359e+01
1.061532688140869141e+01 3.156250953674316406e+01 1.771644210815429688e+01 1.384606456756591797e+01
1.063573551177978516e+01 3.153462028503417969e+01 1.770945549011230469e+01 1.382516765594482422e+01
1.065614414215087891e+01 3.149719429016113281e+01 1.769126510620117188e+01 1.380592727661132812e+01
1.067655372619628906e+01 3.159531211853027344e+01 1.767762565612792969e+01 1.391768646240234375e+01
1.069696235656738281e+01 3.141334724426269531e+01 1.765508842468261719e+01 1.375825881958007812e+01
1.071737098693847656e+01 3.137451744079589844e+01 1.763710403442382812e+01 1.373741436004638672e+01
1.073777961730957031e+01 3.134324073791503906e+01 1.762587738037109375e+01 1.371735954284667969e+01
1.075818920135498047e+01 3.131054687500000000e+01 1.761246490478515625e+01 1.369808292388916016e+01
1.077859783172607422e+01 3.126455879211425781e+01 1.759466361999511719e+01 1.366989612579345703e+01
1.079900646209716797e+01 3.122845649719238281e+01 1.757471275329589844e+01 1.365374660491943359e+01
1.081941509246826172e+01 3.118846321105957031e+01 1.755483627319335938e+01 1.363362598419189453e+01
1.083982276916503906e+01 3.116258621215820312e+01 1.754608154296875000e+01 1.361650085449218750e+01
1.086023139953613281e+01 3.112657737731933594e+01 1.753735351562500000e+01 1.358922100067138672e+01
1.088064002990722656e+01 3.109084892272949219e+01 1.752206230163574219e+01 1.356879234313964844e+01
1.090104866027832031e+01 3.106557655334472656e+01 1.751341438293457031e+01 1.355216121673583984e+01
1.092145824432373047e+01 3.102651977539062500e+01 1.749822235107421875e+01 1.352829647064208984e+01
1.094186687469482422e+01 3.099894523620605469e+01 1.748965072631835938e+01 1.350929164886474609e+01
1.096227550506591797e+01 3.096915817260742188e+01 1.747455787658691406e+01 1.349460029602050781e+01
1.098268413543701172e+01 3.092604064941406250e+01 1.746606254577636719e+01 1.345997905731201172e+01
1.100309371948242188e+01 3.090534400939941406e+01 1.745542335510253906e+01 1.344992256164550781e+01
1.102350234985351562e+01 3.088485717773437500e+01 1.744699478149414062e+01 1.343786239624023438e+01
1.104391098022460938e+01 3.085563659667968750e+01 1.744076538085937500e+01 1.341486835479736328e+01
1.106431770324707031e+01 3.083589744567871094e+01 1.743239784240722656e+01 1.340349960327148438e+01
1.108472728729248047e+01 3.081389999389648438e+01 1.742837715148925781e+01 1.338552188873291016e+01
1.110513591766357422e+01 3.079091453552246094e+01 1.742436981201171875e+01 1.336654281616210938e+01
1.112554454803466797e+01 3.076523017883300781e+01 1.741392517089843750e+01 1.335130310058593750e+01
1.114595317840576172e+01 3.075119209289550781e+01 1.741425704956054688e+01 1.333693408966064453e+01
1.116636276245117188e+01 3.073233795166015625e+01 1.740815162658691406e+01 1.332418346405029297e+01
1.118677139282226562e+01 3.071319580078125000e+01 1.740207481384277344e+01 1.331112384796142578e+01
1.120718002319335938e+01 3.069271850585937500e+01 1.740242576599121094e+01 1.329029464721679688e+01
1.122758865356445312e+01 3.067632102966308594e+01 1.739850997924804688e+01 1.327781009674072266e+01
1.124799728393554688e+01 3.065800094604492188e+01 1.739248085021972656e+01 1.326552104949951172e+01
1.126840686798095703e+01 3.063703536987304688e+01 1.738647460937500000e+01 1.325056743621826172e+01
1.128881549835205078e+01 3.061228752136230469e+01 1.738261032104492188e+01 1.322967720031738281e+01
1.130922222137451172e+01 3.059913635253906250e+01 1.738087654113769531e+01 1.321826362609863281e+01
1.132963180541992188e+01 3.057941246032714844e+01 1.737281036376953125e+01 1.320660114288330078e+01
1.135004043579101562e+01 3.056162643432617188e+01 1.736477470397949219e+01 1.319685077667236328e+01
1.137044906616210938e+01 3.053930854797363281e+01 1.736308097839355469e+01 1.317623233795166016e+01
1.139085769653320312e+01 3.051998138427734375e+01 1.735929107666015625e+01 1.316068840026855469e+01
1.141126728057861328e+01 3.050318527221679688e+01 1.735342025756835938e+01 1.314976596832275391e+01
1.143167591094970703e+01 3.047245025634765625e+01 1.734547424316406250e+01 1.312697696685791016e+01
1.145208454132080078e+01 3.047075271606445312e+01 1.734591865539550781e+01 1.312483692169189453e+01
1.147249317169189453e+01 3.043590545654296875e+01 1.732757949829101562e+01 1.310832309722900391e+01
1.149290180206298828e+01 3.041053390502929688e+01 1.731972312927246094e+01 1.309081172943115234e+01
1.161535358428955078e+01 3.056238174438476562e+01 1.753902816772460938e+01 1.302335739135742188e+01
1.163576221466064453e+01 3.034056472778320312e+01 1.721817588806152344e+01 1.312238883972167969e+01
1.165617179870605469e+01 3.032224655151367188e+01 1.722499656677246094e+01 1.309724998474121094e+01
1.173780632019042969e+01 3.019784927368164062e+01 1.716842269897460938e+01 1.302943229675292969e+01
1.179903125762939453e+01 3.015344619750976562e+01 1.711382675170898438e+01 1.303962039947509766e+01
1.181944084167480469e+01 3.034939575195312500e+01 1.731719779968261719e+01 1.303220081329345703e+01
1.183984947204589844e+01 3.005698394775390625e+01 1.709930992126464844e+01 1.295767879486083984e+01
1.188066673278808594e+01 3.000741195678710938e+01 1.706675720214843750e+01 1.294066047668457031e+01
1.202352714538574219e+01 2.972252464294433594e+01 1.692569732666015625e+01 1.279683017730712891e+01
1.204393577575683594e+01 2.973952293395996094e+01 1.690695190429687500e+01 1.283257389068603516e+01
1.206434535980224609e+01 2.983205986022949219e+01 1.702320480346679688e+01 1.280885982513427734e+01
1.214597988128662109e+01 2.973179817199707031e+01 1.694426536560058594e+01 1.278753185272216797e+01
1.216638946533203125e+01 2.971592140197753906e+01 1.694929122924804688e+01 1.276663208007812500e+01
1.218679809570312500e+01 3.009499740600585938e+01 1.691108703613281250e+01 1.318390846252441406e+01
1.220720672607421875e+01 2.968806838989257812e+01 1.694360733032226562e+01 1.274446296691894531e+01
1.222761440277099609e+01 2.962199020385742188e+01 1.692511558532714844e+01 1.269687747955322266e+01
1.224802303314208984e+01 2.960948371887207031e+01 1.693405151367187500e+01 1.267543506622314453e+01
1.226843166351318359e+01 2.959895515441894531e+01 1.693515014648437500e+01 1.266380405426025391e+01
1.228884029388427734e+01 2.956280517578125000e+01 1.694014167785644531e+01 1.262266635894775391e+01
1.232965850830078125e+01 2.951777839660644531e+01 1.691318321228027344e+01 1.260459518432617188e+01
1.235006713867187500e+01 2.950850677490234375e+01 1.691431045532226562e+01 1.259419822692871094e+01
1.239088439941406250e+01 2.943233871459960938e+01 1.689529800415039062e+01 1.253703880310058594e+01
1.245211124420166016e+01 2.938412284851074219e+01 1.687374496459960938e+01 1.251037979125976562e+01
1.247251892089843750e+01 2.959122467041015625e+01 1.696897697448730469e+01 1.262224578857421875e+01
1.251333618164062500e+01 2.936301231384277344e+01 1.686771011352539062e+01 1.249530506134033203e+01
1.253374481201171875e+01 2.933419418334960938e+01 1.685552406311035156e+01 1.247867298126220703e+01
1.255415344238281250e+01 2.934162712097167969e+01 1.687961006164550781e+01 1.246201896667480469e+01
1.257456302642822266e+01 2.931661987304687500e+01 1.687125015258789062e+01 1.244537448883056641e+01
1.259497165679931641e+01 2.929431724548339844e+01 1.685911750793457031e+01 1.243520355224609375e+01
1.265619850158691406e+01 2.923441696166992188e+01 1.680782318115234375e+01 1.242659568786621094e+01
1.271742343902587891e+01 2.914149093627929688e+01 1.678337860107421875e+01 1.235811424255371094e+01
1.273783206939697266e+01 2.914673805236816406e+01 1.679219436645507812e+01 1.235454273223876953e+01
1.275824069976806641e+01 2.914435386657714844e+01 1.679347610473632812e+01 1.235087871551513672e+01
1.279905796051025391e+01 2.912788009643554688e+01 1.678855133056640625e+01 1.233932876586914062e+01
1.290110301971435547e+01 2.906077003479003906e+01 1.672255897521972656e+01 1.233821296691894531e+01
1.292150974273681641e+01 2.905014228820800781e+01 1.674431991577148438e+01 1.230582427978515625e+01
1.296232795715332031e+01 2.905099868774414062e+01 1.675069046020507812e+01 1.230031204223632812e+01
1.302355384826660156e+01 2.902426910400390625e+01 1.677120208740234375e+01 1.225307178497314453e+01
1.304396247863769531e+01 2.899357604980468750e+01 1.675597190856933594e+01 1.223760604858398438e+01
1.308478069305419922e+01 2.895538520812988281e+01 1.676773643493652344e+01 1.218764972686767578e+01
1.310518932342529297e+01 2.895722579956054688e+01 1.676719856262207031e+01 1.219002532958984375e+01
1.316641426086425781e+01 2.889527320861816406e+01 1.674377250671386719e+01 1.215149879455566406e+01
1.318682289123535156e+01 2.887919044494628906e+01 1.675053596496582031e+01 1.212865161895751953e+01
1.328886699676513672e+01 2.881156921386718750e+01 1.676242256164550781e+01 1.204914760589599609e+01
1.330927658081054688e+01 2.879294204711914062e+01 1.676190185546875000e+01 1.203104019165039062e+01
1.332968521118164062e+01 2.879359626770019531e+01 1.677035903930664062e+01 1.202324485778808594e+01
1.335009384155273438e+01 2.876542472839355469e+01 1.676265525817871094e+01 1.200276947021484375e+01
1.337050247192382812e+01 2.874152565002441406e+01 1.676929664611816406e+01 1.197223472595214844e+01
1.339091014862060547e+01 2.873384857177734375e+01 1.677234458923339844e+01 1.196150684356689453e+01
1.347254562377929688e+01 2.863368225097656250e+01 1.673645782470703125e+01 1.189722442626953125e+01
1.349295425415039062e+01 2.861819076538085938e+01 1.672710990905761719e+01 1.189107990264892578e+01
1.351336288452148438e+01 2.858252143859863281e+01 1.671247673034667969e+01 1.187004566192626953e+01
1.353377151489257812e+01 2.858387374877929688e+01 1.672088241577148438e+01 1.186299324035644531e+01
1.355418109893798828e+01 2.854906845092773438e+01 1.670630455017089844e+01 1.184276771545410156e+01
1.357458972930908203e+01 2.859559440612792969e+01 1.668824195861816406e+01 1.190735149383544922e+01
1.359499835968017578e+01 2.884955406188964844e+01 1.694140625000000000e+01 1.190814685821533203e+01
1.361540508270263672e+01 2.805649948120117188e+01 1.629887390136718750e+01 1.175763034820556641e+01
1.363581562042236328e+01 2.844895744323730469e+01 1.667826652526855469e+01 1.177068710327148438e+01
1.365622234344482422e+01 2.840460014343261719e+01 1.667087173461914062e+01 1.173372936248779297e+01
1.367663288116455078e+01 2.838394927978515625e+01 1.667224884033203125e+01 1.171170234680175781e+01
1.369704055786132812e+01 2.836921691894531250e+01 1.668236351013183594e+01 1.168685531616210938e+01
1.371745109558105469e+01 2.835703086853027344e+01 1.668720817565917969e+01 1.166982269287109375e+01
1.373785781860351562e+01 2.833851242065429688e+01 1.668507385253906250e+01 1.165344047546386719e+01
1.375826835632324219e+01 2.831566429138183594e+01 1.667598342895507812e+01 1.163967990875244141e+01
1.377867507934570312e+01 2.829625320434570312e+01 1.667213249206542969e+01 1.162412166595458984e+01
1.379908561706542969e+01 2.827568817138671875e+01 1.666135215759277344e+01 1.161433792114257812e+01
1.381949329376220703e+01 2.824496650695800781e+01 1.664714241027832031e+01 1.159782886505126953e+01
1.383990383148193359e+01 2.824410820007324219e+01 1.665026664733886719e+01 1.159384536743164062e+01
1.386031055450439453e+01 2.822514343261718750e+01 1.664302253723144531e+01 1.158211803436279297e+01
1.388071823120117188e+01 2.820622634887695312e+01 1.663752555847167969e+01 1.156869983673095703e+01
1.390112876892089844e+01 2.818541145324707031e+01 1.663031768798828125e+01 1.155509376525878906e+01
1.392153549194335938e+01 2.816565322875976562e+01 1.662485694885253906e+01 1.154080200195312500e+01
1.394194602966308594e+01 2.815283203125000000e+01 1.661940574645996094e+01 1.153342151641845703e+01
1.396235370635986328e+01 2.813516426086425781e+01 1.661568832397460938e+01 1.151947879791259766e+01
1.398276424407958984e+01 2.811399841308593750e+01 1.660513114929199219e+01 1.150886821746826172e+01
1.400317096710205078e+01 2.809552001953125000e+01 1.659802818298339844e+01 1.149749183654785156e+01
1.402358150482177734e+01 2.806947708129882812e+01 1.659264755249023438e+01 1.147682857513427734e+01
1.404398918151855469e+01 2.805623626708984375e+01 1.658558464050292969e+01 1.147065067291259766e+01
1.406439971923828125e+01 2.803433990478515625e+01 1.658193969726562500e+01 1.145240020751953125e+01
1.408480644226074219e+01 2.802165412902832031e+01 1.657491111755371094e+01 1.144674301147460938e+01
1.410521411895751953e+01 2.800478172302246094e+01 1.656959915161132812e+01 1.143518733978271484e+01
1.412562465667724609e+01 2.798623085021972656e+01 1.656260490417480469e+01 1.142362499237060547e+01
1.414603137969970703e+01 2.796587944030761719e+01 1.655563354492187500e+01 1.141025066375732422e+01
1.416644191741943359e+01 2.794835281372070312e+01 1.655036926269531250e+01 1.139798355102539062e+01
1.418684959411621094e+01 2.792695426940917969e+01 1.654174995422363281e+01 1.138520336151123047e+01
1.420725917816162109e+01 2.791525077819824219e+01 1.653989028930664062e+01 1.137536144256591797e+01
1.422766685485839844e+01 2.789573097229003906e+01 1.653467559814453125e+01 1.136105728149414062e+01
1.424807739257812500e+01 2.787535095214843750e+01 1.652443122863769531e+01 1.135092353820800781e+01
1.426848411560058594e+01 2.785692024230957031e+01 1.651925277709960938e+01 1.133766841888427734e+01
1.428889465332031250e+01 2.783547592163085938e+01 1.651073265075683594e+01 1.132474231719970703e+01
1.430930233001708984e+01 2.781869125366210938e+01 1.650057029724121094e+01 1.131812667846679688e+01
1.432970905303955078e+01 2.779742431640625000e+01 1.649544906616210938e+01 1.130197715759277344e+01
1.435011959075927734e+01 2.778203010559082031e+01 1.649033737182617188e+01 1.129169368743896484e+01
1.437052726745605469e+01 2.776700401306152344e+01 1.648191261291503906e+01 1.128508853912353516e+01
1.439093780517578125e+01 2.774724960327148438e+01 1.647184562683105469e+01 1.127541065216064453e+01
1.441134452819824219e+01 2.772772407531738281e+01 1.646347045898437500e+01 1.126425361633300781e+01
1.443175506591796875e+01 2.771318244934082031e+01 1.645677375793457031e+01 1.125640964508056641e+01
1.445216274261474609e+01 2.769415664672851562e+01 1.644844245910644531e+01 1.124571895599365234e+01
1.447257328033447266e+01 2.766926574707031250e+01 1.643517112731933594e+01 1.123409843444824219e+01
1.449298000335693359e+01 2.765307807922363281e+01 1.642854690551757812e+01 1.122453594207763672e+01
1.451339054107666016e+01 2.763789367675781250e+01 1.642028808593750000e+01 1.121760463714599609e+01
1.453379821777343750e+01 2.761700057983398438e+01 1.640876388549804688e+01 1.120823574066162109e+01
1.455420494079589844e+01 2.759972572326660156e+01 1.639891242980957031e+01 1.120081233978271484e+01
1.457461547851562500e+01 2.757782745361328125e+01 1.638908767700195312e+01 1.118874359130859375e+01
1.459502315521240234e+01 2.756340980529785156e+01 1.638093376159667969e+01 1.118247985839843750e+01
1.461543273925781250e+01 2.754538345336914062e+01 1.637116050720214844e+01 1.117422103881835938e+01
1.463584041595458984e+01 2.752098274230957031e+01 1.635651397705078125e+01 1.116446685791015625e+01
1.465625095367431641e+01 2.750522804260253906e+01 1.635006904602050781e+01 1.115515708923339844e+01
1.467665767669677734e+01 2.749332237243652344e+01 1.634364700317382812e+01 1.114967632293701172e+01
1.469706821441650391e+01 2.747563743591308594e+01 1.633723831176757812e+01 1.113839912414550781e+01
1.471747589111328125e+01 2.746173858642578125e+01 1.633084869384765625e+01 1.113088989257812500e+01
1.473788642883300781e+01 2.742952156066894531e+01 1.630823135375976562e+01 1.112129402160644531e+01
1.475829315185546875e+01 2.741410827636718750e+01 1.630190277099609375e+01 1.111220836639404297e+01
1.477870082855224609e+01 2.739932250976562500e+01 1.629559135437011719e+01 1.110373020172119141e+01
1.479911136627197266e+01 2.738198661804199219e+01 1.628929328918457031e+01 1.109269332885742188e+01
1.481951808929443359e+01 2.735383796691894531e+01 1.626686286926269531e+01 1.108697414398193359e+01
1.483992862701416016e+01 2.733650779724121094e+01 1.626062202453613281e+01 1.107588863372802734e+01
1.486033630371093750e+01 2.732308959960937500e+01 1.625440025329589844e+01 1.106869316101074219e+01
1.488074684143066406e+01 2.730703544616699219e+01 1.624819183349609375e+01 1.105884552001953125e+01
1.490115356445312500e+01 2.729415512084960938e+01 1.624200630187988281e+01 1.105214881896972656e+01
1.492156410217285156e+01 2.726139068603515625e+01 1.621978950500488281e+01 1.104160690307617188e+01
1.494197177886962891e+01 2.724531936645507812e+01 1.621365737915039062e+01 1.103166103363037109e+01
1.496238231658935547e+01 2.722857475280761719e+01 1.620754051208496094e+01 1.102103614807128906e+01
1.498278903961181641e+01 2.721938323974609375e+01 1.620144462585449219e+01 1.101794624328613281e+01
1.500319957733154297e+01 2.720191383361816406e+01 1.619535827636718750e+01 1.100655651092529297e+01
1.502360725402832031e+01 2.718537712097167969e+01 1.618929481506347656e+01 1.099608516693115234e+01
1.504401397705078125e+01 2.716461181640625000e+01 1.618324470520019531e+01 1.098136806488037109e+01
1.506442451477050781e+01 2.715485382080078125e+01 1.617720985412597656e+01 1.097765254974365234e+01
1.508483123779296875e+01 2.712191963195800781e+01 1.615532493591308594e+01 1.096659755706787109e+01
1.510524177551269531e+01 2.711038780212402344e+01 1.614934539794921875e+01 1.096104431152343750e+01
1.512564945220947266e+01 2.709351348876953125e+01 1.614338302612304688e+01 1.095013427734375000e+01
1.514605998992919922e+01 2.707876586914062500e+01 1.613743591308593750e+01 1.094132995605468750e+01
1.516646671295166016e+01 2.706310653686523438e+01 1.613150405883789062e+01 1.093160724639892578e+01
1.518687725067138672e+01 2.704698371887207031e+01 1.612558746337890625e+01 1.092139816284179688e+01
1.520728492736816406e+01 2.703115463256835938e+01 1.611968994140625000e+01 1.091146850585937500e+01
1.522769546508789062e+01 2.700125122070312500e+01 1.609808349609375000e+01 1.090317153930664062e+01
1.524810218811035156e+01 2.700120544433593750e+01 1.610793876647949219e+01 1.089327049255371094e+01
1.526850986480712891e+01 2.697068214416503906e+01 1.608641052246093750e+01 1.088427352905273438e+01
1.528892040252685547e+01 2.695804405212402344e+01 1.608059120178222656e+01 1.087745666503906250e+01
1.530932712554931641e+01 2.694029998779296875e+01 1.607479286193847656e+01 1.086550998687744141e+01
1.532973766326904297e+01 2.692532730102539062e+01 1.606900787353515625e+01 1.085631847381591797e+01
1.535014533996582031e+01 2.690906906127929688e+01 1.606324005126953125e+01 1.084583187103271484e+01
1.537055587768554688e+01 2.689737510681152344e+01 1.605748367309570312e+01 1.083989524841308594e+01
1.539096260070800781e+01 2.688062858581542969e+01 1.605174636840820312e+01 1.082888317108154297e+01
1.541137313842773438e+01 2.686806488037109375e+01 1.604602241516113281e+01 1.082204151153564453e+01
1.543178081512451172e+01 2.685647583007812500e+01 1.604031753540039062e+01 1.081615734100341797e+01
1.545219039916992188e+01 2.682232093811035156e+01 1.601912879943847656e+01 1.080319690704345703e+01
1.547259807586669922e+01 2.681029891967773438e+01 1.601347160339355469e+01 1.079683303833007812e+01
1.549300575256347656e+01 2.679355239868164062e+01 1.600783157348632812e+01 1.078571891784667969e+01
1.551341533660888672e+01 2.677970504760742188e+01 1.600219917297363281e+01 1.077750682830810547e+01
1.553382301330566406e+01 2.676786422729492188e+01 1.599658966064453125e+01 1.077127170562744141e+01
1.555423355102539062e+01 2.675318908691406250e+01 1.599099063873291016e+01 1.076219940185546875e+01
1.557464027404785156e+01 2.673740768432617188e+01 1.598540782928466797e+01 1.075200176239013672e+01
1.559505081176757812e+01 2.672400283813476562e+01 1.597983741760253906e+01 1.074416446685791016e+01
1.561545848846435547e+01 2.669463539123535156e+01 1.595895290374755859e+01 1.073568344116210938e+01
1.563586902618408203e+01 2.667644309997558594e+01 1.595343208312988281e+01 1.072301292419433594e+01
1.565627574920654297e+01 2.666331291198730469e+01 1.594792652130126953e+01 1.071539020538330078e+01
1.567668342590332031e+01 2.665121269226074219e+01 1.594243717193603516e+01 1.070877742767333984e+01
1.569709396362304688e+01 2.663430023193359375e+01 1.593695735931396484e+01 1.069734477996826172e+01
1.571750068664550781e+01 2.662144660949707031e+01 1.593149852752685547e+01 1.068994617462158203e+01
1.573791122436523438e+01 2.660666275024414062e+01 1.592604827880859375e+01 1.068062019348144531e+01
1.575831890106201172e+01 2.659140586853027344e+01 1.592061328887939453e+01 1.067079257965087891e+01
1.577872943878173828e+01 2.657583045959472656e+01 1.591519260406494141e+01 1.066063880920410156e+01
1.579913616180419922e+01 2.654636764526367188e+01 1.589463424682617188e+01 1.065173244476318359e+01
1.581954383850097656e+01 2.652795982360839844e+01 1.588926219940185547e+01 1.063869762420654297e+01
1.583995437622070312e+01 2.651357269287109375e+01 1.588390159606933594e+01 1.062967300415039062e+01
1.586036109924316406e+01 2.649924659729003906e+01 1.587856006622314453e+01 1.062068939208984375e+01
1.588077163696289062e+01 2.648429870605468750e+01 1.587322521209716797e+01 1.061107730865478516e+01
1.590117931365966797e+01 2.647097015380859375e+01 1.586790847778320312e+01 1.060305976867675781e+01
1.592158889770507812e+01 2.645441436767578125e+01 1.586260128021240234e+01 1.059181785583496094e+01
1.594199657440185547e+01 2.643923759460449219e+01 1.585731315612792969e+01 1.058192157745361328e+01
1.596240711212158203e+01 2.642129325866699219e+01 1.585203361511230469e+01 1.056926250457763672e+01
1.598281383514404297e+01 2.640527534484863281e+01 1.584677124023437500e+01 1.055850601196289062e+01
1.600322532653808594e+01 2.638753700256347656e+01 1.584152030944824219e+01 1.054601478576660156e+01
1.602363204956054688e+01 2.637211990356445312e+01 1.583628463745117188e+01 1.053583621978759766e+01
1.604404258728027344e+01 2.635995292663574219e+01 1.583105945587158203e+01 1.052889823913574219e+01
1.606444931030273438e+01 2.634103775024414062e+01 1.582585144042968750e+01 1.051518917083740234e+01
1.608485603332519531e+01 2.633081245422363281e+01 1.582065391540527344e+01 1.051016235351562500e+01
1.610526657104492188e+01 2.629723930358886719e+01 1.580060386657714844e+01 1.049663734436035156e+01
1.612567520141601562e+01 2.629489326477050781e+01 1.581030082702636719e+01 1.048459053039550781e+01
1.614608573913574219e+01 2.627973937988281250e+01 1.580514049530029297e+01 1.047459602355957031e+01
1.616649246215820312e+01 2.626514053344726562e+01 1.579999923706054688e+01 1.046514225006103516e+01
1.618690299987792969e+01 2.624951362609863281e+01 1.579486465454101562e+01 1.045464706420898438e+01
1.620730972290039062e+01 2.623526763916015625e+01 1.578974723815917969e+01 1.044551849365234375e+01
1.622772026062011719e+01 2.621896171569824219e+01 1.578464031219482422e+01 1.043431949615478516e+01
1.624812698364257812e+01 2.620528984069824219e+01 1.577954769134521484e+01 1.042574310302734375e+01
1.626853752136230469e+01 2.618229293823242188e+01 1.577446556091308594e+01 1.040783214569091797e+01
1.628894615173339844e+01 2.617444419860839844e+01 1.576939868927001953e+01 1.040504646301269531e+01
1.630935287475585938e+01 2.616007423400878906e+01 1.576434707641601562e+01 1.039572429656982422e+01
1.632976341247558594e+01 2.614802932739257812e+01 1.575930309295654297e+01 1.038872623443603516e+01
1.635017013549804688e+01 2.613153839111328125e+01 1.575427341461181641e+01 1.037726116180419922e+01
1.637058067321777344e+01 2.611818695068359375e+01 1.574925613403320312e+01 1.036893653869628906e+01
1.639098739624023438e+01 2.610190773010253906e+01 1.574425125122070312e+01 1.035765647888183594e+01
1.641139793395996094e+01 2.610636329650878906e+01 1.575384521484375000e+01 1.035252285003662109e+01
1.643180465698242188e+01 2.609023666381835938e+01 1.574884796142578125e+01 1.034138679504394531e+01
1.645221519470214844e+01 2.607556724548339844e+01 1.574386119842529297e+01 1.033170604705810547e+01
1.647262382507324219e+01 2.606191825866699219e+01 1.573888874053955078e+01 1.032302856445312500e+01
1.649303436279296875e+01 2.604854583740234375e+01 1.573392772674560547e+01 1.031461334228515625e+01
1.651344108581542969e+01 2.603630638122558594e+01 1.572898006439208984e+01 1.030732822418212891e+01
1.653384780883789062e+01 2.602286720275878906e+01 1.572404384613037109e+01 1.029882526397705078e+01
1.655425834655761719e+01 2.601159286499023438e+01 1.571911907196044922e+01 1.029247570037841797e+01
1.657466506958007812e+01 2.599653625488281250e+01 1.571420955657958984e+01 1.028232383728027344e+01
1.659507560729980469e+01 2.598249244689941406e+01 1.570930671691894531e+01 1.027318477630615234e+01
1.661548423767089844e+01 2.598297882080078125e+01 1.571882820129394531e+01 1.026414775848388672e+01
1.663589477539062500e+01 2.596912384033203125e+01 1.571393299102783203e+01 1.025518894195556641e+01
1.665630149841308594e+01 2.595653724670410156e+01 1.570905399322509766e+01 1.024748802185058594e+01
1.667671203613281250e+01 2.594404220581054688e+01 1.570418071746826172e+01 1.023986053466796875e+01
1.669711875915527344e+01 2.593031120300292969e+01 1.569932460784912109e+01 1.023098850250244141e+01
1.671752929687500000e+01 2.591680145263671875e+01 1.569447708129882812e+01 1.022232246398925781e+01
1.673793601989746094e+01 2.590321731567382812e+01 1.568964481353759766e+01 1.021357727050781250e+01
1.675834465026855469e+01 2.590482902526855469e+01 1.569911003112792969e+01 1.020571708679199219e+01
1.677875518798828125e+01 2.589112281799316406e+01 1.569427967071533203e+01 1.019684600830078125e+01
1.679916191101074219e+01 2.587470245361328125e+01 1.568946361541748047e+01 1.018524074554443359e+01
1.681957244873046875e+01 2.586569786071777344e+01 1.568465900421142578e+01 1.018104076385498047e+01
1.683997917175292969e+01 2.584755516052246094e+01 1.567986679077148438e+01 1.016769218444824219e+01
1.686038970947265625e+01 2.583545875549316406e+01 1.567508220672607422e+01 1.016037845611572266e+01
1.688079643249511719e+01 2.582458496093750000e+01 1.567031574249267578e+01 1.015426635742187500e+01
1.690120697021484375e+01 2.580986595153808594e+01 1.566555500030517578e+01 1.014431190490722656e+01
1.692161369323730469e+01 2.581016540527343750e+01 1.567495918273925781e+01 1.013520812988281250e+01
1.694202423095703125e+01 2.579915237426757812e+01 1.567020416259765625e+01 1.012895202636718750e+01
1.696243286132812500e+01 2.578669929504394531e+01 1.566546344757080078e+01 1.012123489379882812e+01
1.698283958435058594e+01 2.577003479003906250e+01 1.566073417663574219e+01 1.010930061340332031e+01
1.700325012207031250e+01 2.575577926635742188e+01 1.565601539611816406e+01 1.009976482391357422e+01
1.702365684509277344e+01 2.574398612976074219e+01 1.565131092071533203e+01 1.009268093109130859e+01
1.704406738281250000e+01 2.573115539550781250e+01 1.564661216735839844e+01 1.008454418182373047e+01
1.706447410583496094e+01 2.573009872436523438e+01 1.565596008300781250e+01 1.007414150238037109e+01
1.708488464355468750e+01 2.571864128112792969e+01 1.565126705169677734e+01 1.006737327575683594e+01
1.710529327392578125e+01 2.570715522766113281e+01 1.564659023284912109e+01 1.006056213378906250e+01
1.712570381164550781e+01 2.569187927246093750e+01 1.564192008972167969e+01 1.004996109008789062e+01
1.714611053466796875e+01 2.568036079406738281e+01 1.563726425170898438e+01 1.004309558868408203e+01
1.716652107238769531e+01 2.566683387756347656e+01 1.563261890411376953e+01 1.003421497344970703e+01
1.718692779541015625e+01 2.565257453918457031e+01 1.562798500061035156e+01 1.002458858489990234e+01
1.720733833312988281e+01 2.565564918518066406e+01 1.563727283477783203e+01 1.001837825775146484e+01
1.722774505615234375e+01 2.564067840576171875e+01 1.563264560699462891e+01 1.000803279876708984e+01
1.724815368652343750e+01 2.562868499755859375e+01 1.562802886962890625e+01 1.000065898895263672e+01
1.726856231689453125e+01 2.561755561828613281e+01 1.562342071533203125e+01 9.994133949279785156e+00
1.728897094726562500e+01 2.560211944580078125e+01 1.561882495880126953e+01 9.983293533325195312e+00
1.730938148498535156e+01 2.559381103515625000e+01 1.561423683166503906e+01 9.979577064514160156e+00
1.732978820800781250e+01 2.558306503295898438e+01 1.560966587066650391e+01 9.973397254943847656e+00
1.735019874572753906e+01 2.558471870422363281e+01 1.561889743804931641e+01 9.965822219848632812e+00
1.737060546875000000e+01 2.557216262817382812e+01 1.561433124542236328e+01 9.957834243774414062e+00
1.739101600646972656e+01 2.556106185913085938e+01 1.560976982116699219e+01 9.951292037963867188e+00
1.741142272949218750e+01 2.555127716064453125e+01 1.560522270202636719e+01 9.946053504943847656e+00
1.743183326721191406e+01 2.553870391845703125e+01 1.560068511962890625e+01 9.938018798828125000e+00
1.745224189758300781e+01 2.552922630310058594e+01 1.559615802764892578e+01 9.933068275451660156e+00
1.747264862060546875e+01 2.552968215942382812e+01 1.560534667968750000e+01 9.924332618713378906e+00
1.749305915832519531e+01 2.551968193054199219e+01 1.560082244873046875e+01 9.918862342834472656e+00
1.751346588134765625e+01 2.550812149047851562e+01 1.559631347656250000e+01 9.911806106567382812e+00
1.753387641906738281e+01 2.549626350402832031e+01 1.559181022644042969e+01 9.904451370239257812e+00
1.755428314208984375e+01 2.548518753051757812e+01 1.558732318878173828e+01 9.897862434387207031e+00
1.757469367980957031e+01 2.547665023803710938e+01 1.558284187316894531e+01 9.893811225891113281e+00
1.759510231018066406e+01 2.547686576843261719e+01 1.559197902679443359e+01 9.884890556335449219e+00
1.761551284790039062e+01 2.546835517883300781e+01 1.558750152587890625e+01 9.880854606628417969e+00
1.763591957092285156e+01 2.545790863037109375e+01 1.558304023742675781e+01 9.874862670898437500e+00
1.765633010864257812e+01 2.544781112670898438e+01 1.557858562469482422e+01 9.869225502014160156e+00
1.767673683166503906e+01 2.543666267395019531e+01 1.557414245605468750e+01 9.862520217895507812e+00
1.769714355468750000e+01 2.542612648010253906e+01 1.556971073150634766e+01 9.856417655944824219e+00
1.771755409240722656e+01 2.542804908752441406e+01 1.557879734039306641e+01 9.849249839782714844e+00
1.773796081542968750e+01 2.541882324218750000e+01 1.557436943054199219e+01 9.844447135925292969e+00
1.775837135314941406e+01 2.540820312500000000e+01 1.556995010375976562e+01 9.838255882263183594e+00
1.777877998352050781e+01 2.539783287048339844e+01 1.556554412841796875e+01 9.832285881042480469e+00
1.779919052124023438e+01 2.538660049438476562e+01 1.556114292144775391e+01 9.825457572937011719e+00
1.781959724426269531e+01 2.538985252380371094e+01 1.557019233703613281e+01 9.819657325744628906e+00
1.784000778198242188e+01 2.537987327575683594e+01 1.556579685211181641e+01 9.814075469970703125e+00
1.786041450500488281e+01 2.536946678161621094e+01 1.556141567230224609e+01 9.808050155639648438e+00
1.788082504272460938e+01 2.535720634460449219e+01 1.555703926086425781e+01 9.800166130065917969e+00
1.790123176574707031e+01 2.535809135437011719e+01 1.556605148315429688e+01 9.792038917541503906e+00
1.792164039611816406e+01 2.534912490844726562e+01 1.556168365478515625e+01 9.787440299987792969e+00
1.794205093383789062e+01 2.533829879760742188e+01 1.555732345581054688e+01 9.780974388122558594e+00
1.796245765686035156e+01 2.532803916931152344e+01 1.555297756195068359e+01 9.775061607360839844e+00
1.798286819458007812e+01 2.531549644470214844e+01 1.554863643646240234e+01 9.766857147216796875e+00
1.800327491760253906e+01 2.531946945190429688e+01 1.555760478973388672e+01 9.761865615844726562e+00
1.802368545532226562e+01 2.530687332153320312e+01 1.555326938629150391e+01 9.753602027893066406e+00
1.804409217834472656e+01 2.529506301879882812e+01 1.554894638061523438e+01 9.746111869812011719e+00
1.806450271606445312e+01 2.528447532653808594e+01 1.554462909698486328e+01 9.739846229553222656e+00
1.808491134643554688e+01 2.527157211303710938e+01 1.554032707214355469e+01 9.731245994567871094e+00
1.810531997680664062e+01 2.527417755126953125e+01 1.554925155639648438e+01 9.724926948547363281e+00
1.812572860717773438e+01 2.526383209228515625e+01 1.554495429992675781e+01 9.718877792358398438e+00
1.814613533020019531e+01 2.525140762329101562e+01 1.554066276550292969e+01 9.710743904113769531e+00
1.816654586791992188e+01 2.524215698242187500e+01 1.553638076782226562e+01 9.705778121948242188e+00
1.818695259094238281e+01 2.522828102111816406e+01 1.553210830688476562e+01 9.696176528930664062e+00
1.820736312866210938e+01 2.523073959350585938e+01 1.554099464416503906e+01 9.689743041992187500e+00
1.822776985168457031e+01 2.520491027832031250e+01 1.552359580993652344e+01 9.681311607360839844e+00
1.824818038940429688e+01 2.520872688293457031e+01 1.553246974945068359e+01 9.676256179809570312e+00
1.826858901977539062e+01 2.519887351989746094e+01 1.552822303771972656e+01 9.670646667480468750e+00
1.828899955749511719e+01 2.518535232543945312e+01 1.552398300170898438e+01 9.661370277404785156e+00
1.830940628051757812e+01 2.518833351135253906e+01 1.553282928466796875e+01 9.655500411987304688e+00
1.832981681823730469e+01 2.517466545104980469e+01 1.552859497070312500e+01 9.646071434020996094e+00
1.835022354125976562e+01 2.516324996948242188e+01 1.552437114715576172e+01 9.638875007629394531e+00
1.837063026428222656e+01 2.515508079528808594e+01 1.552015590667724609e+01 9.634933471679687500e+00
1.839104080200195312e+01 2.514236259460449219e+01 1.551594924926757812e+01 9.626416206359863281e+00
1.841144943237304688e+01 2.514591979980468750e+01 1.552475643157958984e+01 9.621166229248046875e+00
1.843185997009277344e+01 2.513652038574218750e+01 1.552055358886718750e+01 9.615967750549316406e+00
1.845226669311523438e+01 2.512485313415527344e+01 1.551636123657226562e+01 9.608494758605957031e+00
1.847267723083496094e+01 2.511542510986328125e+01 1.551217651367187500e+01 9.603246688842773438e+00
1.849308395385742188e+01 2.511686706542968750e+01 1.552094745635986328e+01 9.595919609069824219e+00
1.851349449157714844e+01 2.510733985900878906e+01 1.551676750183105469e+01 9.590572357177734375e+00
1.853390121459960938e+01 2.509849548339843750e+01 1.551259803771972656e+01 9.585896492004394531e+00
1.855431175231933594e+01 2.509923934936523438e+01 1.552133846282958984e+01 9.577905654907226562e+00
1.857471847534179688e+01 2.509080505371093750e+01 1.551717376708984375e+01 9.573629379272460938e+00
1.859512901306152344e+01 2.508102035522460938e+01 1.551301670074462891e+01 9.568002700805664062e+00
1.861553764343261719e+01 2.508306503295898438e+01 1.552172946929931641e+01 9.561336517333984375e+00
1.863594436645507812e+01 2.507504844665527344e+01 1.551757621765136719e+01 9.557474136352539062e+00
1.865635490417480469e+01 2.508002090454101562e+01 1.552626419067382812e+01 9.553759574890136719e+00
1.867676162719726562e+01 2.507201766967773438e+01 1.552211666107177734e+01 9.549903869628906250e+00
1.869717216491699219e+01 2.507911109924316406e+01 1.553078079223632812e+01 9.548330307006835938e+00
1.871757888793945312e+01 2.508409309387207031e+01 1.553942775726318359e+01 9.544665336608886719e+00
1.873798942565917969e+01 2.507863044738769531e+01 1.553527641296386719e+01 9.543357849121093750e+00
1.875839805603027344e+01 2.508413696289062500e+01 1.554389953613281250e+01 9.540242195129394531e+00
1.877880859375000000e+01 2.509136199951171875e+01 1.555249977111816406e+01 9.538861274719238281e+00
1.879921531677246094e+01 2.509624099731445312e+01 1.556108474731445312e+01 9.535161018371582031e+00
1.881962585449218750e+01 2.509966087341308594e+01 1.556964969635009766e+01 9.530010223388671875e+00
1.884003257751464844e+01 2.510270118713378906e+01 1.557819747924804688e+01 9.524502754211425781e+00
1.886043930053710938e+01 2.511490440368652344e+01 1.559942054748535156e+01 9.515482902526855469e+00
1.888084983825683594e+01 2.511587524414062500e+01 1.560791587829589844e+01 9.507955551147460938e+00
1.890125846862792969e+01 2.513077735900878906e+01 1.562905979156494141e+01 9.501710891723632812e+00
1.892166900634765625e+01 2.514645576477050781e+01 1.565015602111816406e+01 9.496296882629394531e+00
1.894207572937011719e+01 2.516053771972656250e+01 1.567120933532714844e+01 9.489327430725097656e+00
1.896248626708984375e+01 2.519093704223632812e+01 1.570483875274658203e+01 9.486095428466796875e+00
1.898289299011230469e+01 2.522212028503417969e+01 1.573840045928955078e+01 9.483716964721679688e+00
1.900330352783203125e+01 2.525194931030273438e+01 1.577188587188720703e+01 9.480065345764160156e+00
1.902371025085449219e+01 2.529604148864746094e+01 1.581788635253906250e+01 9.478155136108398438e+00
1.904412078857421875e+01 2.535426330566406250e+01 1.587635612487792969e+01 9.477904319763183594e+00
1.906452751159667969e+01 2.541401481628417969e+01 1.593470287322998047e+01 9.479310035705566406e+00
1.908493614196777344e+01 2.548616600036621094e+01 1.600546646118164062e+01 9.480699539184570312e+00
1.910534667968750000e+01 2.557275390625000000e+01 1.608860969543457031e+01 9.484145164489746094e+00
1.912575340270996094e+01 2.564789390563964844e+01 1.615905952453613281e+01 9.488835334777832031e+00
1.914616394042968750e+01 2.571087837219238281e+01 1.621685409545898438e+01 9.494023323059082031e+00
1.916657066345214844e+01 2.571304130554199219e+01 1.621207809448242188e+01 9.500961303710937500e+00
1.918698120117187500e+01 2.567172050476074219e+01 1.616987991333007812e+01 9.501842498779296875e+00
1.920738792419433594e+01 2.556470298767089844e+01 1.606545448303222656e+01 9.499247550964355469e+00
1.922779846191406250e+01 2.544388389587402344e+01 1.594879817962646484e+01 9.495082855224609375e+00
1.924820709228515625e+01 2.533008003234863281e+01 1.584482955932617188e+01 9.485246658325195312e+00
1.926861763000488281e+01 2.524134635925292969e+01 1.576592636108398438e+01 9.475417137145996094e+00
1.928902435302734375e+01 2.516777801513671875e+01 1.569960308074951172e+01 9.468174934387207031e+00
1.930943107604980469e+01 2.509484291076660156e+01 1.563342189788818359e+01 9.461417198181152344e+00
1.932984161376953125e+01 2.502856254577636719e+01 1.556737518310546875e+01 9.461190223693847656e+00
1.935024833679199219e+01 2.497948265075683594e+01 1.551384162902832031e+01 9.465641021728515625e+00
1.937065887451171875e+01 2.495808410644531250e+01 1.548513793945312500e+01 9.472942352294921875e+00
1.939106750488281250e+01 2.496070098876953125e+01 1.548118495941162109e+01 9.479517936706542969e+00
1.941147613525390625e+01 2.497171592712402344e+01 1.548957347869873047e+01 9.482142448425292969e+00
1.943188476562500000e+01 2.500232887268066406e+01 1.552258396148681641e+01 9.479748725891113281e+00
1.945229530334472656e+01 2.499730110168457031e+01 1.553091049194335938e+01 9.466393470764160156e+00
1.947270202636718750e+01 2.494876480102539062e+01 1.551463413238525391e+01 9.434125900268554688e+00
1.949311256408691406e+01 2.486995315551757812e+01 1.548610973358154297e+01 9.383840560913085938e+00
1.951351928710937500e+01 2.485881233215332031e+01 1.550671863555908203e+01 9.352094650268554688e+00
1.953392601013183594e+01 2.488332748413085938e+01 1.553953742980957031e+01 9.343789100646972656e+00
1.955433654785156250e+01 2.486003112792968750e+01 1.552331733703613281e+01 9.336715698242187500e+00
1.957474517822265625e+01 2.481875801086425781e+01 1.548267555236816406e+01 9.336081504821777344e+00
1.959515571594238281e+01 2.477956962585449219e+01 1.544211578369140625e+01 9.337455749511718750e+00
1.961556243896484375e+01 2.474441528320312500e+01 1.540164089202880859e+01 9.342770576477050781e+00
1.963597297668457031e+01 2.471161460876464844e+01 1.536124897003173828e+01 9.350366592407226562e+00
1.965637969970703125e+01 2.466899108886718750e+01 1.532094383239746094e+01 9.348042488098144531e+00
1.967679023742675781e+01 2.461439704895019531e+01 1.529288482666015625e+01 9.321510314941406250e+00
1.969719696044921875e+01 2.457070732116699219e+01 1.527703952789306641e+01 9.293667793273925781e+00
1.971760749816894531e+01 2.455270385742187500e+01 1.528550815582275391e+01 9.267199516296386719e+00
1.973801612854003906e+01 2.461872482299804688e+01 1.535460472106933594e+01 9.264120101928710938e+00
1.975842666625976562e+01 2.467748832702636719e+01 1.541143798828125000e+01 9.266049385070800781e+00
1.977883338928222656e+01 2.468182754516601562e+01 1.541974544525146484e+01 9.262086868286132812e+00
1.979924011230468750e+01 2.467776870727539062e+01 1.542803287506103516e+01 9.249740600585937500e+00
1.981965065002441406e+01 2.466098594665527344e+01 1.542422199249267578e+01 9.236763000488281250e+00
1.984005737304687500e+01 2.464875030517578125e+01 1.542042350769042969e+01 9.228326797485351562e+00
1.986046791076660156e+01 2.462280464172363281e+01 1.540457630157470703e+01 9.218225479125976562e+00
1.988087463378906250e+01 2.459609603881835938e+01 1.538876438140869141e+01 9.207333564758300781e+00
1.990128517150878906e+01 2.456858253479003906e+01 1.537298202514648438e+01 9.195599555969238281e+00
1.992169380187988281e+01 2.454102706909179688e+01 1.535723495483398438e+01 9.183790206909179688e+00
1.994210433959960938e+01 2.451315498352050781e+01 1.534151649475097656e+01 9.171637535095214844e+00
1.996251106262207031e+01 2.445577621459960938e+01 1.530184841156005859e+01 9.153927803039550781e+00
1.998292160034179688e+01 2.436962509155273438e+01 1.523830032348632812e+01 9.131320953369140625e+00
2.000332832336425781e+01 2.433708763122558594e+01 1.521078681945800781e+01 9.126297950744628906e+00
2.002373504638671875e+01 2.435631561279296875e+01 1.521919536590576172e+01 9.137122154235839844e+00
2.004414558410644531e+01 2.439322090148925781e+01 1.523952770233154297e+01 9.153695106506347656e+00
2.006455421447753906e+01 2.444311332702636719e+01 1.527175331115722656e+01 9.171364784240722656e+00
2.008496475219726562e+01 2.450366592407226562e+01 1.531582736968994141e+01 9.187837600708007812e+00
2.010537147521972656e+01 2.453541564941406250e+01 1.533600234985351562e+01 9.199413299560546875e+00
2.012578201293945312e+01 2.452914047241210938e+01 1.533234500885009766e+01 9.196795463562011719e+00
2.014618873596191406e+01 2.448464965820312500e+01 1.529304695129394531e+01 9.191601753234863281e+00
2.016659927368164062e+01 2.443304061889648438e+01 1.525382709503173828e+01 9.179216384887695312e+00
2.018700599670410156e+01 2.438533592224121094e+01 1.522655010223388672e+01 9.158786773681640625e+00
2.020741653442382812e+01 2.434498596191406250e+01 1.521117019653320312e+01 9.133815765380859375e+00
2.022782516479492188e+01 2.430269813537597656e+01 1.519582462310791016e+01 9.106870651245117188e+00
2.024823188781738281e+01 2.426145935058593750e+01 1.518050956726074219e+01 9.080952644348144531e+00
2.026864242553710938e+01 2.425303077697753906e+01 1.518884468078613281e+01 9.064185142517089844e+00
2.028904914855957031e+01 2.425065422058105469e+01 1.519716358184814453e+01 9.053491592407226562e+00
2.030945968627929688e+01 2.425292205810546875e+01 1.520546531677246094e+01 9.047453880310058594e+00
2.032986640930175781e+01 2.424805831909179688e+01 1.520197868347167969e+01 9.046074867248535156e+00
2.035027694702148438e+01 2.424321556091308594e+01 1.519849586486816406e+01 9.044716835021972656e+00
2.037068367004394531e+01 2.423184967041015625e+01 1.519502162933349609e+01 9.036828994750976562e+00
2.039109420776367188e+01 2.426813125610351562e+01 1.523851108551025391e+01 9.029623985290527344e+00
2.041150283813476562e+01 2.430166244506835938e+01 1.527019023895263672e+01 9.031467437744140625e+00
2.043191337585449219e+01 2.430549240112304688e+01 1.527836799621582031e+01 9.027124404907226562e+00
2.045232009887695312e+01 2.428559494018554688e+01 1.526312255859375000e+01 9.022465705871582031e+00
2.047272682189941406e+01 2.422385025024414062e+01 1.521282958984375000e+01 9.011019706726074219e+00
2.049313735961914062e+01 2.413839721679687500e+01 1.513927078247070312e+01 8.999129295349121094e+00
2.051354408264160156e+01 2.409288024902343750e+01 1.510087013244628906e+01 8.992009162902832031e+00
2.053395462036132812e+01 2.407398986816406250e+01 1.507420158386230469e+01 8.999792098999023438e+00
2.055436325073242188e+01 2.409385108947753906e+01 1.505923557281494141e+01 9.034616470336914062e+00
2.057477378845214844e+01 2.408238601684570312e+01 1.503266239166259766e+01 9.049725532531738281e+00
2.059518051147460938e+01 2.403075027465820312e+01 1.499451732635498047e+01 9.036235809326171875e+00
2.061559104919433594e+01 2.401100730895996094e+01 1.497967243194580078e+01 9.031335830688476562e+00
2.063599777221679688e+01 2.401013565063476562e+01 1.497645950317382812e+01 9.033676147460937500e+00
2.065640830993652344e+01 2.403699684143066406e+01 1.499642944335937500e+01 9.040568351745605469e+00
2.067681503295898438e+01 2.405018615722656250e+01 1.500478458404541016e+01 9.045402526855468750e+00
2.069722366333007812e+01 2.403944587707519531e+01 1.500155639648437500e+01 9.037890434265136719e+00
2.071763229370117188e+01 2.402964019775390625e+01 1.499833106994628906e+01 9.031310081481933594e+00
2.073804092407226562e+01 2.400238609313964844e+01 1.497202873229980469e+01 9.030358314514160156e+00
2.075845146179199219e+01 2.399576568603515625e+01 1.496883964538574219e+01 9.026926994323730469e+00
2.077885818481445312e+01 2.398145675659179688e+01 1.496566009521484375e+01 9.015795707702636719e+00
2.079926872253417969e+01 2.394052696228027344e+01 1.495097446441650391e+01 8.989553451538085938e+00
2.081967544555664062e+01 2.391108512878417969e+01 1.497081565856933594e+01 8.940270423889160156e+00
2.084008598327636719e+01 2.387793922424316406e+01 1.499061298370361328e+01 8.887325286865234375e+00
2.086049270629882812e+01 2.383584403991699219e+01 1.499890041351318359e+01 8.836941719055175781e+00
2.088090324401855469e+01 2.379960060119628906e+01 1.500716876983642578e+01 8.792430877685546875e+00
2.090131187438964844e+01 2.378032875061035156e+01 1.500396823883056641e+01 8.776358604431152344e+00
2.092171859741210938e+01 2.373219490051269531e+01 1.495500755310058594e+01 8.777186393737792969e+00
2.094212913513183594e+01 2.370172500610351562e+01 1.492900085449218750e+01 8.772725105285644531e+00
2.096253585815429688e+01 2.368585205078125000e+01 1.491446781158447266e+01 8.771385192871093750e+00
2.098294639587402344e+01 2.369079208374023438e+01 1.491136932373046875e+01 8.779419898986816406e+00
2.100335311889648438e+01 2.369706535339355469e+01 1.490827751159667969e+01 8.788781166076660156e+00
2.102376365661621094e+01 2.368967819213867188e+01 1.489380455017089844e+01 8.795873641967773438e+00
2.104417228698730469e+01 2.370690727233886719e+01 1.490211200714111328e+01 8.804792404174804688e+00
2.106458282470703125e+01 2.371427154541015625e+01 1.491040325164794922e+01 8.803862571716308594e+00
2.108498954772949219e+01 2.372143363952636719e+01 1.491868019104003906e+01 8.802752494812011719e+00
2.110540008544921875e+01 2.374414062500000000e+01 1.493828105926513672e+01 8.805862426757812500e+00
2.112580680847167969e+01 2.375186347961425781e+01 1.492385101318359375e+01 8.828014373779296875e+00
2.114621734619140625e+01 2.376530647277832031e+01 1.490944671630859375e+01 8.855859756469726562e+00
2.116662406921386719e+01 2.374464988708496094e+01 1.489507198333740234e+01 8.849578857421875000e+00
2.118703079223632812e+01 2.372524642944335938e+01 1.490332126617431641e+01 8.821926116943359375e+00
2.120744132995605469e+01 2.371162605285644531e+01 1.491155433654785156e+01 8.800073623657226562e+00
2.122784996032714844e+01 2.370836257934570312e+01 1.490849685668945312e+01 8.799863815307617188e+00
2.124826049804687500e+01 2.369738960266113281e+01 1.489417648315429688e+01 8.803215026855468750e+00
2.126866722106933594e+01 2.372189903259277344e+01 1.490239715576171875e+01 8.819501876831054688e+00
2.128907775878906250e+01 2.375311088562011719e+01 1.489935493469238281e+01 8.853757858276367188e+00
2.130948448181152344e+01 2.376552391052246094e+01 1.486261653900146484e+01 8.902907371520996094e+00
2.132989501953125000e+01 2.376813125610351562e+01 1.481472682952880859e+01 8.953404426574707031e+00
2.135030174255371094e+01 2.377189826965332031e+01 1.476692771911621094e+01 9.004969596862792969e+00
2.137071228027343750e+01 2.382113456726074219e+01 1.475282478332519531e+01 9.068313598632812500e+00
2.139112091064453125e+01 2.387260055541992188e+01 1.473875045776367188e+01 9.133851051330566406e+00
2.141152763366699219e+01 2.392782783508300781e+01 1.474706363677978516e+01 9.180763244628906250e+00
2.143193817138671875e+01 2.393202972412109375e+01 1.475535964965820312e+01 9.176667213439941406e+00
2.145234489440917969e+01 2.385884094238281250e+01 1.470784473419189453e+01 9.150995254516601562e+00
2.147275543212890625e+01 2.377693748474121094e+01 1.467156696319580078e+01 9.105373382568359375e+00
2.149316215515136719e+01 2.368174743652343750e+01 1.465763664245605469e+01 9.024109840393066406e+00
2.151357269287109375e+01 2.361009979248046875e+01 1.466598510742187500e+01 8.944117546081542969e+00
2.153398132324218750e+01 2.361902809143066406e+01 1.471878910064697266e+01 8.900238990783691406e+00
2.155438995361328125e+01 2.361486625671386719e+01 1.473817062377929688e+01 8.876693725585937500e+00
2.157479858398437500e+01 2.358656120300292969e+01 1.473532581329345703e+01 8.851236343383789062e+00
2.159520912170410156e+01 2.357754898071289062e+01 1.474357032775878906e+01 8.833979606628417969e+00
2.161561584472656250e+01 2.354891586303710938e+01 1.476287364959716797e+01 8.786042213439941406e+00
2.163602256774902344e+01 2.342621231079101562e+01 1.474894905090332031e+01 8.677266120910644531e+00
2.165643310546875000e+01 2.333959197998046875e+01 1.474610328674316406e+01 8.593486785888671875e+00
2.167683982849121094e+01 2.336216735839843750e+01 1.477639675140380859e+01 8.585771560668945312e+00
2.169725036621093750e+01 2.343884468078613281e+01 1.480662918090820312e+01 8.632216453552246094e+00
2.171765899658203125e+01 2.344959449768066406e+01 1.481476211547851562e+01 8.634832382202148438e+00
2.173806953430175781e+01 2.342868041992187500e+01 1.481186485290527344e+01 8.616815567016601562e+00
2.175847625732421875e+01 2.344466209411621094e+01 1.483098030090332031e+01 8.613686561584472656e+00
2.177888679504394531e+01 2.339943313598632812e+01 1.482807159423828125e+01 8.571362495422363281e+00
2.179929351806640625e+01 2.334089279174804688e+01 1.479222679138183594e+01 8.548666000366210938e+00
2.181970405578613281e+01 2.330960464477539062e+01 1.477838993072509766e+01 8.531217575073242188e+00
2.184011077880859375e+01 2.330315589904785156e+01 1.477554512023925781e+01 8.527614593505859375e+00
2.186051940917968750e+01 2.328589820861816406e+01 1.477270126342773438e+01 8.513195991516113281e+00
2.188092994689941406e+01 2.325528526306152344e+01 1.475892066955566406e+01 8.496364593505859375e+00
2.190133666992187500e+01 2.326090049743652344e+01 1.476702880859375000e+01 8.493874549865722656e+00
2.192174720764160156e+01 2.326511383056640625e+01 1.476420116424560547e+01 8.500913619995117188e+00
2.194215393066406250e+01 2.322331047058105469e+01 1.471773815155029297e+01 8.505571365356445312e+00
2.196256446838378906e+01 2.316306114196777344e+01 1.467136096954345703e+01 8.491703033447265625e+00
2.198297119140625000e+01 2.315250778198242188e+01 1.467952346801757812e+01 8.472984313964843750e+00
2.200338172912597656e+01 2.313492584228515625e+01 1.467678356170654297e+01 8.458142280578613281e+00
2.202378845214843750e+01 2.310037994384765625e+01 1.465231609344482422e+01 8.448060989379882812e+00
2.204419898986816406e+01 2.310056304931640625e+01 1.466046810150146484e+01 8.440091133117675781e+00
2.206460762023925781e+01 2.316562843322753906e+01 1.471200561523437500e+01 8.453622817993164062e+00
2.208501434326171875e+01 2.322599411010742188e+01 1.474176883697509766e+01 8.484224319458007812e+00
2.210542488098144531e+01 2.325137901306152344e+01 1.474981689453125000e+01 8.501564025878906250e+00
2.212583160400390625e+01 2.324275016784667969e+01 1.473621463775634766e+01 8.506539344787597656e+00
2.214624214172363281e+01 2.319186210632324219e+01 1.469020271301269531e+01 8.501656532287597656e+00
2.216664886474609375e+01 2.312763595581054688e+01 1.465507984161376953e+01 8.472557067871093750e+00
2.218705940246582031e+01 2.310000991821289062e+01 1.466317844390869141e+01 8.436832427978515625e+00
2.220746803283691406e+01 2.309396934509277344e+01 1.468204212188720703e+01 8.411929130554199219e+00
2.222787857055664062e+01 2.309869003295898438e+01 1.467933082580566406e+01 8.419357299804687500e+00
2.224828529357910156e+01 2.309053802490234375e+01 1.467662525177001953e+01 8.413913726806640625e+00
2.226869583129882812e+01 2.308580207824707031e+01 1.468467426300048828e+01 8.401127815246582031e+00
2.228910255432128906e+01 2.308111572265625000e+01 1.469270992279052734e+01 8.388404846191406250e+00
2.230951309204101562e+01 2.308317375183105469e+01 1.468999958038330078e+01 8.393173217773437500e+00
2.232991981506347656e+01 2.308515357971191406e+01 1.467657375335693359e+01 8.408576011657714844e+00
2.235032844543457031e+01 2.310022354125976562e+01 1.467388343811035156e+01 8.426342010498046875e+00
2.237073898315429688e+01 2.308616065979003906e+01 1.466049575805664062e+01 8.425664901733398438e+00
2.239114570617675781e+01 2.309507369995117188e+01 1.465782546997070312e+01 8.437248229980468750e+00
2.241155624389648438e+01 2.312890434265136719e+01 1.465515708923339844e+01 8.473746299743652344e+00
2.243196296691894531e+01 2.315599822998046875e+01 1.463115406036376953e+01 8.524845123291015625e+00
2.245237350463867188e+01 2.321681594848632812e+01 1.462851619720458984e+01 8.588296890258789062e+00
2.247278022766113281e+01 2.329718589782714844e+01 1.463653659820556641e+01 8.660655021667480469e+00
2.249319076538085938e+01 2.338502120971679688e+01 1.464454174041748047e+01 8.740477561950683594e+00
2.251359748840332031e+01 2.349223136901855469e+01 1.464190006256103516e+01 8.850332260131835938e+00
2.253400802612304688e+01 2.346749496459960938e+01 1.466050815582275391e+01 8.806984901428222656e+00
2.255441665649414062e+01 2.348917007446289062e+01 1.470031261444091797e+01 8.788856506347656250e+00
2.257482337951660156e+01 2.343804740905761719e+01 1.465521049499511719e+01 8.782833099365234375e+00
2.259523391723632812e+01 2.333150482177734375e+01 1.467375850677490234e+01 8.657746315002441406e+00
2.261564064025878906e+01 2.329610824584960938e+01 1.463934707641601562e+01 8.656758308410644531e+00
2.263605117797851562e+01 2.325938224792480469e+01 1.459441947937011719e+01 8.664962768554687500e+00
2.265645790100097656e+01 2.326841163635253906e+01 1.457070732116699219e+01 8.697703361511230469e+00
2.267686843872070312e+01 2.319971656799316406e+01 1.454703617095947266e+01 8.652678489685058594e+00
2.269727706909179688e+01 2.310061264038085938e+01 1.454450321197509766e+01 8.556111335754394531e+00
2.271768760681152344e+01 2.299675750732421875e+01 1.452089881896972656e+01 8.475859642028808594e+00
2.273809432983398438e+01 2.301095008850097656e+01 1.454998016357421875e+01 8.460969924926757812e+00
2.275850486755371094e+01 2.295420837402343750e+01 1.451589298248291016e+01 8.438315391540527344e+00
2.277891159057617188e+01 2.295569801330566406e+01 1.449237918853759766e+01 8.463321685791015625e+00
2.279931831359863281e+01 2.286248779296875000e+01 1.447940731048583984e+01 8.383082389831542969e+00
2.281972885131835938e+01 2.286041831970214844e+01 1.448743820190429688e+01 8.372982025146484375e+00
2.284013748168945312e+01 2.288986587524414062e+01 1.449545574188232422e+01 8.394411087036132812e+00
2.286054801940917969e+01 2.287891197204589844e+01 1.448251438140869141e+01 8.396398544311523438e+00
2.288095474243164062e+01 2.290756607055664062e+01 1.450098609924316406e+01 8.406577110290527344e+00
2.290136528015136719e+01 2.287762641906738281e+01 1.451942062377929688e+01 8.358203887939453125e+00
2.292177200317382812e+01 2.286486244201660156e+01 1.451693820953369141e+01 8.347926139831542969e+00
2.294218254089355469e+01 2.281479644775390625e+01 1.447271919250488281e+01 8.342076301574707031e+00
2.296258926391601562e+01 2.275671195983886719e+01 1.443900585174560547e+01 8.317708969116210938e+00
2.298299980163574219e+01 2.278399085998535156e+01 1.446784877777099609e+01 8.316146850585937500e+00
2.300340652465820312e+01 2.267911148071289062e+01 1.437175846099853516e+01 8.307353019714355469e+00
2.302381515502929688e+01 2.269734191894531250e+01 1.441100978851318359e+01 8.286331176757812500e+00
2.304422569274902344e+01 2.269384193420410156e+01 1.442940902709960938e+01 8.264430046081542969e+00
2.306463241577148438e+01 2.269785690307617188e+01 1.441664314270019531e+01 8.281213760375976562e+00
2.308504295349121094e+01 2.274079513549804688e+01 1.444537639617919922e+01 8.295420646667480469e+00
2.310544967651367188e+01 2.279972076416015625e+01 1.449478244781494141e+01 8.304937362670898438e+00
2.312586021423339844e+01 2.278707504272460938e+01 1.449234104156494141e+01 8.294734954833984375e+00
2.314626693725585938e+01 2.273857688903808594e+01 1.447956275939941406e+01 8.259012222290039062e+00
2.316667747497558594e+01 2.271320533752441406e+01 1.450813961029052734e+01 8.205063819885253906e+00
2.318708610534667969e+01 2.267959785461425781e+01 1.448504638671875000e+01 8.194549560546875000e+00
2.320749664306640625e+01 2.268094635009765625e+01 1.448262405395507812e+01 8.198320388793945312e+00
2.322790336608886719e+01 2.265217781066894531e+01 1.445959377288818359e+01 8.192582130432128906e+00
2.324831008911132812e+01 2.259240150451660156e+01 1.444690036773681641e+01 8.145500183105468750e+00
2.326872062683105469e+01 2.256161880493164062e+01 1.446509265899658203e+01 8.096527099609375000e+00
2.328912734985351562e+01 2.255995559692382812e+01 1.448325443267822266e+01 8.076699256896972656e+00
2.330953788757324219e+01 2.258434867858886719e+01 1.453219318389892578e+01 8.052153587341308594e+00
2.332994651794433594e+01 2.259826087951660156e+01 1.452974224090576172e+01 8.068514823913574219e+00
2.335035514831542969e+01 2.254549598693847656e+01 1.449654006958007812e+01 8.048953056335449219e+00
2.337076377868652344e+01 2.250604438781738281e+01 1.446339321136474609e+01 8.042651176452636719e+00
2.339117431640625000e+01 2.250789642333984375e+01 1.447124290466308594e+01 8.036652565002441406e+00
2.341158103942871094e+01 2.249300956726074219e+01 1.447907829284667969e+01 8.013931274414062500e+00
2.343199157714843750e+01 2.248307228088378906e+01 1.447668361663818359e+01 8.006388664245605469e+00
2.345239830017089844e+01 2.249575424194335938e+01 1.448450088500976562e+01 8.011253356933593750e+00
2.347280502319335938e+01 2.251260757446289062e+01 1.449230480194091797e+01 8.020299911499023438e+00
2.349321556091308594e+01 2.252361679077148438e+01 1.450009441375732422e+01 8.023525238037109375e+00
2.351362419128417969e+01 2.254742813110351562e+01 1.451805305480957031e+01 8.029374122619628906e+00
2.353403472900390625e+01 2.258199310302734375e+01 1.453597831726074219e+01 8.046013832092285156e+00
2.355444145202636719e+01 2.260233306884765625e+01 1.454371070861816406e+01 8.058619499206542969e+00
2.357485198974609375e+01 2.261333274841308594e+01 1.454127407073974609e+01 8.072058677673339844e+00
2.359525871276855469e+01 2.261582756042480469e+01 1.453884220123291016e+01 8.076983451843261719e+00
2.361566925048828125e+01 2.259501457214355469e+01 1.453641414642333984e+01 8.058599472045898438e+00
2.363607597351074219e+01 2.265296363830566406e+01 1.457450580596923828e+01 8.078455924987792969e+00
2.365648651123046875e+01 2.265832328796386719e+01 1.457204914093017578e+01 8.086270332336425781e+00
2.367689514160156250e+01 2.260028648376464844e+01 1.453926849365234375e+01 8.061016082763671875e+00
2.369730567932128906e+01 2.272202682495117188e+01 1.458735847473144531e+01 8.134663581848144531e+00
2.371771240234375000e+01 2.273116493225097656e+01 1.458490085601806641e+01 8.146262168884277344e+00
2.373811912536621094e+01 2.278428649902343750e+01 1.458244609832763672e+01 8.201840400695800781e+00
2.375852966308593750e+01 2.270713424682617188e+01 1.452961540222167969e+01 8.177518844604492188e+00
2.377893638610839844e+01 2.270779418945312500e+01 1.452721309661865234e+01 8.180580139160156250e+00
2.379934692382812500e+01 2.260385894775390625e+01 1.451475334167480469e+01 8.089107513427734375e+00
2.381975364685058594e+01 2.261174774169921875e+01 1.453246974945068359e+01 8.079275131225585938e+00
2.384016418457031250e+01 2.268395042419433594e+01 1.450998687744140625e+01 8.173962593078613281e+00
2.386057281494140625e+01 2.260268402099609375e+01 1.441731262207031250e+01 8.185369491577148438e+00
2.388098335266113281e+01 2.256209182739257812e+01 1.438494110107421875e+01 8.177150726318359375e+00
2.390139007568359375e+01 2.243841361999511719e+01 1.435262680053710938e+01 8.085785865783691406e+00
2.392180061340332031e+01 2.256417083740234375e+01 1.445046138763427734e+01 8.113709449768066406e+00
2.394220733642578125e+01 2.251056098937988281e+01 1.440814781188964844e+01 8.102414131164550781e+00
2.396261405944824219e+01 2.245528411865234375e+01 1.437589931488037109e+01 8.079384803771972656e+00
2.398302459716796875e+01 2.248846244812011719e+01 1.439361000061035156e+01 8.094852447509765625e+00
2.400343322753906250e+01 2.241153144836425781e+01 1.433150577545166016e+01 8.080024719238281250e+00
2.402384376525878906e+01 2.239982795715332031e+01 1.429939937591552734e+01 8.100427627563476562e+00
2.404425048828125000e+01 2.250481796264648438e+01 1.433704566955566406e+01 8.167771339416503906e+00
2.406466102600097656e+01 2.253135871887207031e+01 1.435472869873046875e+01 8.176630973815917969e+00
2.408506774902343750e+01 2.250360870361328125e+01 1.424317073822021484e+01 8.260439872741699219e+00
2.410547828674316406e+01 2.264825820922851562e+01 1.427083683013916016e+01 8.377423286437988281e+00
2.412588500976562500e+01 2.275821113586425781e+01 1.424884223937988281e+01 8.509371757507324219e+00
2.414629554748535156e+01 2.280722618103027344e+01 1.422688388824462891e+01 8.580344200134277344e+00
2.416670417785644531e+01 2.282375144958496094e+01 1.424458694458007812e+01 8.579162597656250000e+00
2.418711090087890625e+01 2.277326965332031250e+01 1.420287609100341797e+01 8.570393562316894531e+00
2.420752143859863281e+01 2.287737464904785156e+01 1.418101215362548828e+01 8.696361541748046875e+00
2.422792816162109375e+01 2.284777832031250000e+01 1.418882846832275391e+01 8.658945083618164062e+00
2.424833869934082031e+01 2.281266593933105469e+01 1.420650482177734375e+01 8.606156349182128906e+00
2.426874542236328125e+01 2.284012603759765625e+01 1.422415161132812500e+01 8.615973472595214844e+00
2.428915596008300781e+01 2.281493377685546875e+01 1.420234203338623047e+01 8.612593650817871094e+00
2.430956268310546875e+01 2.269566154479980469e+01 1.417072391510009766e+01 8.524937629699707031e+00
2.432997322082519531e+01 2.264555168151855469e+01 1.417851448059082031e+01 8.467035293579101562e+00
2.435038185119628906e+01 2.253903007507324219e+01 1.418629360198974609e+01 8.352731704711914062e+00
