# NTRMN  = 68
# NTRANS = 111
-1.196487247943878174e-01 0.000000000000000000e+00 0.000000000000000000e+00 0.000000000000000000e+00
-9.923987835645675659e-02 0.000000000000000000e+00 0.000000000000000000e+00 0.000000000000000000e+00
-7.883103936910629272e-02 0.000000000000000000e+00 0.000000000000000000e+00 0.000000000000000000e+00
-5.842219665646553040e-02 0.000000000000000000e+00 0.000000000000000000e+00 0.000000000000000000e+00
-3.801335394382476807e-02 0.000000000000000000e+00 0.000000000000000000e+00 0.000000000000000000e+00
-1.760451123118400574e-02 0.000000000000000000e+00 0.000000000000000000e+00 0.000000000000000000e+00
2.321236208081245422e-02 0.000000000000000000e+00 0.000000000000000000e+00 0.000000000000000000e+00
4.362120479345321655e-02 0.000000000000000000e+00 0.000000000000000000e+00 0.000000000000000000e+00
6.403004378080368042e-02 0.000000000000000000e+00 0.000000000000000000e+00 0.000000000000000000e+00
1.048477292060852051e-01 0.000000000000000000e+00 0.000000000000000000e+00 0.000000000000000000e+00
1.252557635307312012e-01 0.000000000000000000e+00 0.000000000000000000e+00 0.000000000000000000e+00
1.456646025180816650e-01 0.000000000000000000e+00 0.000000000000000000e+00 0.000000000000000000e+00
1.660734415054321289e-01 0.000000000000000000e+00 0.000000000000000000e+00 0.000000000000000000e+00
2.068911343812942505e-01 0.000000000000000000e+00 0.000000000000000000e+00 0.000000000000000000e+00
2.272991687059402466e-01 0.000000000000000000e+00 0.000000000000000000e+00 0.000000000000000000e+00
2.477080076932907104e-01 0.000000000000000000e+00 0.000000000000000000e+00 0.000000000000000000e+00
2.681168317794799805e-01 0.000000000000000000e+00 0.000000000000000000e+00 0.000000000000000000e+00
2.885257005691528320e-01 0.000000000000000000e+00 0.000000000000000000e+00 0.000000000000000000e+00
3.089345395565032959e-01 0.000000000000000000e+00 0.000000000000000000e+00 0.000000000000000000e+00
3.293433785438537598e-01 0.000000000000000000e+00 0.000000000000000000e+00 0.000000000000000000e+00
3.905690908432006836e-01 0.000000000000000000e+00 0.000000000000000000e+00 0.000000000000000000e+00
4.109779298305511475e-01 0.000000000000000000e+00 0.000000000000000000e+00 0.000000000000000000e+00
4.313867688179016113e-01 0.000000000000000000e+00 0.000000000000000000e+00 0.000000000000000000e+00
4.517956078052520752e-01 0.000000000000000000e+00 0.000000000000000000e+00 0.000000000000000000e+00
4.722036421298980713e-01 0.000000000000000000e+00 0.000000000000000000e+00 0.000000000000000000e+00
4.926124811172485352e-01 0.000000000000000000e+00 0.000000000000000000e+00 0.000000000000000000e+00
5.130213499069213867e-01 0.000000000000000000e+00 0.000000000000000000e+00 0.000000000000000000e+00
5.334301590919494629e-01 0.000000000000000000e+00 0.000000000000000000e+00 0.000000000000000000e+00
5.538390278816223145e-01 0.000000000000000000e+00 0.000000000000000000e+00 0.000000000000000000e+00
5.742470622062683105e-01 0.000000000000000000e+00 0.000000000000000000e+00 0.000000000000000000e+00
5.946558713912963867e-01 0.000000000000000000e+00 0.000000000000000000e+00 0.000000000000000000e+00
6.150647401809692383e-01 0.000000000000000000e+00 0.000000000000000000e+00 0.000000000000000000e+00
6.354735493659973145e-01 0.000000000000000000e+00 0.000000000000000000e+00 0.000000000000000000e+00
6.558824181556701660e-01 0.000000000000000000e+00 0.000000000000000000e+00 0.000000000000000000e+00
6.762912869453430176e-01 0.000000000000000000e+00 0.000000000000000000e+00 0.000000000000000000e+00
6.966992616653442383e-01 0.000000000000000000e+00 0.000000000000000000e+00 0.000000000000000000e+00
7.171081304550170898e-01 0.000000000000000000e+00 0.000000000000000000e+00 0.000000000000000000e+00
7.375169992446899414e-01 0.000000000000000000e+00 0.000000000000000000e+00 0.000000000000000000e+00
7.579258084297180176e-01 0.000000000000000000e+00 0.000000000000000000e+00 0.000000000000000000e+00
7.783346772193908691e-01 0.000000000000000000e+00 0.000000000000000000e+00 0.000000000000000000e+00
7.987434864044189453e-01 0.000000000000000000e+00 0.000000000000000000e+00 0.000000000000000000e+00
8.191515207290649414e-01 0.000000000000000000e+00 0.000000000000000000e+00 0.000000000000000000e+00
8.395603895187377930e-01 0.000000000000000000e+00 0.000000000000000000e+00 0.000000000000000000e+00
8.599691987037658691e-01 0.000000000000000000e+00 0.000000000000000000e+00 0.000000000000000000e+00
8.803780674934387207e-01 0.000000000000000000e+00 0.000000000000000000e+00 0.000000000000000000e+00
9.007868766784667969e-01 0.000000000000000000e+00 0.000000000000000000e+00 0.000000000000000000e+00
9.211949110031127930e-01 0.000000000000000000e+00 0.000000000000000000e+00 0.000000000000000000e+00
9.416037797927856445e-01 0.000000000000000000e+00 0.000000000000000000e+00 0.000000000000000000e+00
9.620125889778137207e-01 0.000000000000000000e+00 0.000000000000000000e+00 0.000000000000000000e+00
9.824214577674865723e-01 0.000000000000000000e+00 0.000000000000000000e+00 0.000000000000000000e+00
1.002830266952514648e+00 0.000000000000000000e+00 0.000000000000000000e+00 0.000000000000000000e+00
1.023239135742187500e+00 0.000000000000000000e+00 0.000000000000000000e+00 0.000000000000000000e+00
1.043647170066833496e+00 0.000000000000000000e+00 0.000000000000000000e+00 0.000000000000000000e+00
1.064056038856506348e+00 0.000000000000000000e+00 0.000000000000000000e+00 0.000000000000000000e+00
1.084464907646179199e+00 0.000000000000000000e+00 0.000000000000000000e+00 0.000000000000000000e+00
1.104873657226562500e+00 0.000000000000000000e+00 0.000000000000000000e+00 0.000000000000000000e+00
1.125282526016235352e+00 0.000000000000000000e+00 0.000000000000000000e+00 0.000000000000000000e+00
1.145691394805908203e+00 0.000000000000000000e+00 0.000000000000000000e+00 0.000000000000000000e+00
1.166099429130554199e+00 0.000000000000000000e+00 0.000000000000000000e+00 0.000000000000000000e+00
1.186508297920227051e+00 0.000000000000000000e+00 0.000000000000000000e+00 0.000000000000000000e+00
1.206917047500610352e+00 0.000000000000000000e+00 0.000000000000000000e+00 0.000000000000000000e+00
1.227325916290283203e+00 0.000000000000000000e+00 0.000000000000000000e+00 0.000000000000000000e+00
1.247734785079956055e+00 0.000000000000000000e+00 0.000000000000000000e+00 0.000000000000000000e+00
1.268142819404602051e+00 0.000000000000000000e+00 0.000000000000000000e+00 0.000000000000000000e+00
1.288551688194274902e+00 0.000000000000000000e+00 0.000000000000000000e+00 0.000000000000000000e+00
1.308960556983947754e+00 0.000000000000000000e+00 0.000000000000000000e+00 0.000000000000000000e+00
1.329369306564331055e+00 0.000000000000000000e+00 0.000000000000000000e+00 0.000000000000000000e+00
1.349778175354003906e+00 0.000000000000000000e+00 0.000000000000000000e+00 0.000000000000000000e+00
1.411003947257995605e+00 0.000000000000000000e+00 0.000000000000000000e+00 0.000000000000000000e+00
1.431412696838378906e+00 0.000000000000000000e+00 0.000000000000000000e+00 0.000000000000000000e+00
1.451821565628051758e+00 0.000000000000000000e+00 0.000000000000000000e+00 0.000000000000000000e+00
1.472230434417724609e+00 0.000000000000000000e+00 0.000000000000000000e+00 0.000000000000000000e+00
1.492639303207397461e+00 0.000000000000000000e+00 0.000000000000000000e+00 0.000000000000000000e+00
1.574273824691772461e+00 0.000000000000000000e+00 0.000000000000000000e+00 0.000000000000000000e+00
1.594682693481445312e+00 0.000000000000000000e+00 0.000000000000000000e+00 0.000000000000000000e+00
1.655908346176147461e+00 0.000000000000000000e+00 0.000000000000000000e+00 0.000000000000000000e+00
1.676317214965820312e+00 0.000000000000000000e+00 0.000000000000000000e+00 0.000000000000000000e+00
1.696726083755493164e+00 0.000000000000000000e+00 0.000000000000000000e+00 0.000000000000000000e+00
1.717134952545166016e+00 0.000000000000000000e+00 0.000000000000000000e+00 0.000000000000000000e+00
1.819178342819213867e+00 3.287195587158203125e+01 3.287195587158203125e+01 0.000000000000000000e+00
1.839587211608886719e+00 3.250726699829101562e+01 3.250726699829101562e+01 0.000000000000000000e+00
1.859995245933532715e+00 3.396533966064453125e+01 3.396533966064453125e+01 0.000000000000000000e+00
1.880403995513916016e+00 3.833257293701171875e+01 3.833257293701171875e+01 0.000000000000000000e+00
1.900812864303588867e+00 4.595606994628906250e+01 4.595606994628906250e+01 0.000000000000000000e+00
1.921221733093261719e+00 5.749214172363281250e+01 5.749214172363281250e+01 0.000000000000000000e+00
1.941630601882934570e+00 6.823088073730468750e+01 6.823088073730468750e+01 0.000000000000000000e+00
1.962038636207580566e+00 7.264566040039062500e+01 7.264566040039062500e+01 0.000000000000000000e+00
1.982447385787963867e+00 7.641403961181640625e+01 7.641403961181640625e+01 0.000000000000000000e+00
2.002856254577636719e+00 8.312961578369140625e+01 8.312961578369140625e+01 0.000000000000000000e+00
2.064081907272338867e+00 1.022939758300781250e+02 1.022939758300781250e+02 3.081036537011527798e-09
2.084490776062011719e+00 1.103995590209960938e+02 1.103995590209960938e+02 4.340932058255475567e-09
2.104899644851684570e+00 1.178248214721679688e+02 1.178248214721679688e+02 5.682653458904951549e-09
2.125308513641357422e+00 1.236769561767578125e+02 1.236769561767578125e+02 6.940817698364298849e-09
2.145717382431030273e+00 1.277442474365234375e+02 1.277442474365234375e+02 7.712309013641061028e-09
2.166126251220703125e+00 1.308507995605468750e+02 1.308507995605468750e+02 8.039532595205400867e-09
2.186535120010375977e+00 1.337898559570312500e+02 1.337898559570312500e+02 8.402037288135488780e-09
2.206943988800048828e+00 1.373253784179687500e+02 1.373253784179687500e+02 9.542820755825687229e-09
2.227352619171142578e+00 1.467074127197265625e+02 1.467074127197265625e+02 9.455381366763049300e-09
2.288577556610107422e+00 1.436187286376953125e+02 1.423642120361328125e+02 1.254507422447204590e+00
2.329395294189453125e+00 1.381367492675781250e+02 1.354505004882812500e+02 2.686253070831298828e+00
2.431439638137817383e+00 1.334547424316406250e+02 1.297658233642578125e+02 3.688922405242919922e+00
2.472257137298583984e+00 1.183723144531250000e+02 1.143574981689453125e+02 4.014819145202636719e+00
2.492664337158203125e+00 1.141524810791015625e+02 1.100599288940429688e+02 4.092550277709960938e+00
2.553890943527221680e+00 1.267598648071289062e+02 1.207318649291992188e+02 6.027997970581054688e+00
2.594708681106567383e+00 1.249809722900390625e+02 1.188326187133789062e+02 6.148354053497314453e+00
2.615117549896240234e+00 1.243397674560546875e+02 1.179052276611328125e+02 6.434539318084716797e+00
2.717159986495971680e+00 1.266558914184570312e+02 1.090721359252929688e+02 1.758375167846679688e+01
2.757977724075317383e+00 1.294219665527343750e+02 1.091938705444335938e+02 2.022809791564941406e+01
2.778386592864990234e+00 1.320868988037109375e+02 1.103735198974609375e+02 2.171339035034179688e+01
2.798795461654663086e+00 1.340636749267578125e+02 1.111937942504882812e+02 2.286985588073730469e+01
2.819204330444335938e+00 1.345419921875000000e+02 1.103039474487304688e+02 2.423804664611816406e+01
2.839613199234008789e+00 1.335805969238281250e+02 1.078250732421875000e+02 2.575554084777832031e+01
2.860022068023681641e+00 1.316323547363281250e+02 1.044608688354492188e+02 2.717145538330078125e+01
2.880430698394775391e+00 1.256938323974609375e+02 9.898347473144531250e+01 2.671036529541015625e+01
2.900839567184448242e+00 1.366423950195312500e+02 1.107483367919921875e+02 2.589404869079589844e+01
2.921248435974121094e+00 1.323260498046875000e+02 1.062869262695312500e+02 2.603911972045898438e+01
3.023291110992431641e+00 1.231488342285156250e+02 9.881958007812500000e+01 2.432923889160156250e+01
3.043699979782104492e+00 1.217973403930664062e+02 9.744911193847656250e+01 2.434823989868164062e+01
3.064108848571777344e+00 1.227484054565429688e+02 9.851884460449218750e+01 2.422955703735351562e+01
3.309013366699218750e+00 1.237450485229492188e+02 9.014216613769531250e+01 3.360288619995117188e+01
3.329421997070312500e+00 1.242280883789062500e+02 9.196234893798828125e+01 3.226574325561523438e+01
3.431464672088623047e+00 1.177516555786132812e+02 8.685567474365234375e+01 3.089599609375000000e+01
3.615144252777099609e+00 1.113681106567382812e+02 8.072099304199218750e+01 3.064712142944335938e+01
3.635553121566772461e+00 1.130058135986328125e+02 8.217741394042968750e+01 3.082839393615722656e+01
3.860048770904541016e+00 1.103185729980468750e+02 7.963071441650390625e+01 3.068784332275390625e+01
3.900864839553833008e+00 1.093301315307617188e+02 7.836793518066406250e+01 3.096219635009765625e+01
3.921273708343505859e+00 1.071890029907226562e+02 7.625067138671875000e+01 3.093834304809570312e+01
4.023317813873291016e+00 1.087549667358398438e+02 7.747026824951171875e+01 3.128470802307128906e+01
4.043726921081542969e+00 1.084608535766601562e+02 7.767127227783203125e+01 3.078957176208496094e+01
4.145769119262695312e+00 1.061432266235351562e+02 7.564400482177734375e+01 3.049923324584960938e+01
4.288630962371826172e+00 1.036272964477539062e+02 7.318000030517578125e+01 3.044730377197265625e+01
4.390673637390136719e+00 1.056782150268554688e+02 7.535034942626953125e+01 3.032786941528320312e+01
4.411082744598388672e+00 1.060294570922851562e+02 7.559870147705078125e+01 3.043077278137207031e+01
4.431491374969482422e+00 1.058701248168945312e+02 7.530455780029296875e+01 3.056557846069335938e+01
4.451900482177734375e+00 1.056968688964843750e+02 7.522820281982421875e+01 3.046866607666015625e+01
4.472309112548828125e+00 1.055503616333007812e+02 7.493843841552734375e+01 3.061191368103027344e+01
4.492718219757080078e+00 1.053853073120117188e+02 7.470457458496093750e+01 3.068074226379394531e+01
4.615169525146484375e+00 1.043271331787109375e+02 7.375991058349609375e+01 3.056722068786621094e+01
4.778439998626708984e+00 1.030633239746093750e+02 7.289290618896484375e+01 3.017045021057128906e+01
4.941709518432617188e+00 1.031375427246093750e+02 7.280986022949218750e+01 3.032767295837402344e+01
4.982526779174804688e+00 1.033866424560546875e+02 7.283798980712890625e+01 3.054864883422851562e+01
5.002935886383056641e+00 1.033037948608398438e+02 7.268441009521484375e+01 3.061937522888183594e+01
5.023344516754150391e+00 1.028919448852539062e+02 7.238910675048828125e+01 3.050285720825195312e+01
5.043751716613769531e+00 1.028094635009765625e+02 7.233352661132812500e+01 3.047592353820800781e+01
5.084569454193115234e+00 1.025620498657226562e+02 7.212950897216796875e+01 3.043254470825195312e+01
5.104978561401367188e+00 1.022795410156250000e+02 7.198182678222656250e+01 3.029771232604980469e+01
5.125387191772460938e+00 1.022620391845703125e+02 7.197544097900390625e+01 3.028661346435546875e+01
5.145796298980712891e+00 1.022047958374023438e+02 7.196911621093750000e+01 3.023565864562988281e+01
5.166204929351806641e+00 1.024308700561523438e+02 7.210183715820312500e+01 3.032903861999511719e+01
5.186613559722900391e+00 1.021579666137695312e+02 7.218737792968750000e+01 2.997059440612792969e+01
5.207022666931152344e+00 1.020776519775390625e+02 7.213430786132812500e+01 2.994335556030273438e+01
5.227431297302246094e+00 1.025734481811523438e+02 7.235643005371093750e+01 3.021702194213867188e+01
5.288656234741210938e+00 1.020432739257812500e+02 7.188091278076171875e+01 3.016234397888183594e+01
5.309065341949462891e+00 1.024243545532226562e+02 7.228095245361328125e+01 3.014339828491210938e+01
5.329473972320556641e+00 1.023881072998046875e+02 7.227366638183593750e+01 3.011443138122558594e+01
5.349883079528808594e+00 1.025607757568359375e+02 7.231118774414062500e+01 3.024957847595214844e+01
5.370291709899902344e+00 1.023496627807617188e+02 7.230384063720703125e+01 3.004582595825195312e+01
5.390700340270996094e+00 1.025161437988281250e+02 7.256299591064453125e+01 2.995316123962402344e+01
5.492744922637939453e+00 1.027190399169921875e+02 7.269675445556640625e+01 3.002229309082031250e+01
5.594787597656250000e+00 1.029113769531250000e+02 7.299680328369140625e+01 2.991457939147949219e+01
5.615196228027343750e+00 1.028767242431640625e+02 7.290202331542968750e+01 2.997472000122070312e+01
5.656013965606689453e+00 1.029643936157226562e+02 7.313776397705078125e+01 2.982661437988281250e+01
5.676422595977783203e+00 1.029341583251953125e+02 7.308567047119140625e+01 2.984850502014160156e+01
5.696831703186035156e+00 1.031034011840820312e+02 7.311798858642578125e+01 2.998540687561035156e+01
5.798874378204345703e+00 1.035256576538085938e+02 7.348263549804687500e+01 3.004300880432128906e+01
5.819283008575439453e+00 1.030688018798828125e+02 7.330720520019531250e+01 2.976158142089843750e+01
5.839691638946533203e+00 1.031175765991210938e+02 7.341994476318359375e+01 2.969764137268066406e+01
5.880509376525878906e+00 1.031057434082031250e+02 7.352095794677734375e+01 2.958478355407714844e+01
5.900918483734130859e+00 1.030971069335937500e+02 7.355066680908203125e+01 2.954644584655761719e+01
5.921327114105224609e+00 1.030137329101562500e+02 7.366101837158203125e+01 2.935272598266601562e+01
5.962143421173095703e+00 1.030231170654296875e+02 7.367872619628906250e+01 2.934438133239746094e+01
5.982552051544189453e+00 1.029451065063476562e+02 7.362744903564453125e+01 2.931765174865722656e+01
6.002961158752441406e+00 1.030206222534179688e+02 7.373603820800781250e+01 2.928458595275878906e+01
6.023369789123535156e+00 1.031936492919921875e+02 7.392337799072265625e+01 2.927026557922363281e+01
6.105005264282226562e+00 1.034993820190429688e+02 7.422888946533203125e+01 2.927048301696777344e+01
6.125413894653320312e+00 1.035450668334960938e+02 7.429422760009765625e+01 2.925084114074707031e+01
6.145823001861572266e+00 1.035885009765625000e+02 7.432017517089843750e+01 2.926834106445312500e+01
6.166231632232666016e+00 1.032592391967773438e+02 7.407419586181640625e+01 2.918503570556640625e+01
6.186640739440917969e+00 1.039572448730468750e+02 7.456503295898437500e+01 2.939221000671386719e+01
6.207047939300537109e+00 1.044132232666015625e+02 7.458985137939453125e+01 2.982338142395019531e+01
6.227456569671630859e+00 1.040706634521484375e+02 7.465293884277343750e+01 2.941773223876953125e+01
6.288682937622070312e+00 1.041021728515625000e+02 7.464939117431640625e+01 2.945281410217285156e+01
6.309092044830322266e+00 1.041424331665039062e+02 7.474941253662109375e+01 2.939303398132324219e+01
6.329500675201416016e+00 1.041145782470703125e+02 7.473531341552734375e+01 2.937927246093750000e+01
6.349909782409667969e+00 1.042685089111328125e+02 7.490981292724609375e+01 2.935869789123535156e+01
6.451952457427978516e+00 1.037402572631835938e+02 7.454134368896484375e+01 2.919890975952148438e+01
6.513178825378417969e+00 1.036391067504882812e+02 7.453897094726562500e+01 2.910013580322265625e+01
6.533587455749511719e+00 1.037272415161132812e+02 7.467253112792968750e+01 2.905472373962402344e+01
6.594814300537109375e+00 1.045808181762695312e+02 7.470526123046875000e+01 2.987553596496582031e+01
6.635632038116455078e+00 1.037300415039062500e+02 7.478688049316406250e+01 2.894316101074218750e+01
6.656040668487548828e+00 1.036898803710937500e+02 7.477336883544921875e+01 2.891650199890136719e+01
6.676447868347167969e+00 1.033959732055664062e+02 7.454481506347656250e+01 2.885116004943847656e+01
6.696856975555419922e+00 1.035887451171875000e+02 7.471084594726562500e+01 2.887791633605957031e+01
6.717265605926513672e+00 1.035016403198242188e+02 7.480460357666015625e+01 2.869703292846679688e+01
6.778491973876953125e+00 1.036666107177734375e+02 7.504715728759765625e+01 2.861945533752441406e+01
6.798901081085205078e+00 1.066330184936523438e+02 7.813165283203125000e+01 2.850137710571289062e+01
6.941761016845703125e+00 1.070485839843750000e+02 7.897219085693359375e+01 2.807638931274414062e+01
6.962170124053955078e+00 1.041800460815429688e+02 7.561169433593750000e+01 2.856835746765136719e+01
6.982578754425048828e+00 1.039009552001953125e+02 7.539070129394531250e+01 2.851026725769042969e+01
7.002987861633300781e+00 1.041346588134765625e+02 7.554701995849609375e+01 2.858764457702636719e+01
7.023396492004394531e+00 1.041950225830078125e+02 7.566833496093750000e+01 2.852668952941894531e+01
7.043805599212646484e+00 1.041833801269531250e+02 7.575497436523437500e+01 2.842839431762695312e+01
7.064214229583740234e+00 1.041807632446289062e+02 7.580721282958984375e+01 2.837355422973632812e+01
7.105031967163085938e+00 1.043826904296875000e+02 7.597818756103515625e+01 2.840450668334960938e+01
7.125439167022705078e+00 1.043456497192382812e+02 7.592857360839843750e+01 2.841705322265625000e+01
7.145847797393798828e+00 1.040852966308593750e+02 7.574520874023437500e+01 2.834007263183593750e+01
7.166256904602050781e+00 1.036989212036132812e+02 7.552949523925781250e+01 2.816943359375000000e+01
7.186665534973144531e+00 1.042129211425781250e+02 7.594790649414062500e+01 2.826502037048339844e+01
7.207074642181396484e+00 1.042720947265625000e+02 7.606499481201171875e+01 2.820710182189941406e+01
7.227483272552490234e+00 1.042239761352539062e+02 7.594957733154296875e+01 2.827440452575683594e+01
7.247892379760742188e+00 1.042630462646484375e+02 7.599995422363281250e+01 2.826309394836425781e+01
7.268301010131835938e+00 1.040208663940429688e+02 7.578654479980468750e+01 2.823433876037597656e+01
7.288710117340087891e+00 1.043024139404296875e+02 7.603415679931640625e+01 2.826825523376464844e+01
7.309118747711181641e+00 1.043191299438476562e+02 7.614937591552734375e+01 2.816974067687988281e+01
7.329527378082275391e+00 1.043481292724609375e+02 7.623130035400390625e+01 2.811682128906250000e+01
7.349936485290527344e+00 1.044003524780273438e+02 7.628018188476562500e+01 2.812017631530761719e+01
7.370343685150146484e+00 1.043278274536132812e+02 7.629633331298828125e+01 2.803149414062500000e+01
7.390752315521240234e+00 1.043026885986328125e+02 7.631238555908203125e+01 2.799030494689941406e+01
7.411161422729492188e+00 1.059239120483398438e+02 7.797571563720703125e+01 2.794820022583007812e+01
7.431570053100585938e+00 1.042128906250000000e+02 7.637643432617187500e+01 2.783646583557128906e+01
7.492796897888183594e+00 1.039878997802734375e+02 7.610377502441406250e+01 2.788411140441894531e+01
7.513205528259277344e+00 1.076616287231445312e+02 7.981616973876953125e+01 2.784543609619140625e+01
7.533614635467529297e+00 1.039290161132812500e+02 7.610453033447265625e+01 2.782449340820312500e+01
7.554023265838623047e+00 1.038838424682617188e+02 7.612075042724609375e+01 2.776308822631835938e+01
7.574431896209716797e+00 1.038899993896484375e+02 7.613688659667968750e+01 2.775312995910644531e+01
7.594839096069335938e+00 1.038725738525390625e+02 7.621598815917968750e+01 2.765656852722167969e+01
7.615248203277587891e+00 1.039547424316406250e+02 7.635752105712890625e+01 2.759721374511718750e+01
7.635656833648681641e+00 1.036974563598632812e+02 7.618479156494140625e+01 2.751265907287597656e+01
7.656065940856933594e+00 1.038670578002929688e+02 7.638819122314453125e+01 2.747887992858886719e+01
7.676474571228027344e+00 1.038403854370117188e+02 7.640339660644531250e+01 2.743699455261230469e+01
7.696883678436279297e+00 1.039273986816406250e+02 7.648073577880859375e+01 2.744667053222656250e+01
7.717292308807373047e+00 1.038625869750976562e+02 7.649561309814453125e+01 2.736697387695312500e+01
7.737701416015625000e+00 1.037888107299804688e+02 7.647947692871093750e+01 2.730935096740722656e+01
7.758110046386718750e+00 1.037925491333007812e+02 7.649428558349609375e+01 2.729825210571289062e+01
7.778518676757812500e+00 1.039985046386718750e+02 7.650901794433593750e+01 2.748948478698730469e+01
7.798927783966064453e+00 1.038278198242187500e+02 7.658505249023437500e+01 2.724275588989257812e+01
7.819334983825683594e+00 1.038284683227539062e+02 7.659948730468750000e+01 2.722898101806640625e+01
7.839743614196777344e+00 1.039065856933593750e+02 7.670544433593750000e+01 2.720116043090820312e+01
7.860152721405029297e+00 1.038947296142578125e+02 7.671946716308593750e+01 2.717526626586914062e+01
7.880561351776123047e+00 1.039510040283203125e+02 7.679418945312500000e+01 2.715681457519531250e+01
7.900970458984375000e+00 1.040215606689453125e+02 7.689880371093750000e+01 2.712275695800781250e+01
7.962196826934814453e+00 1.041491546630859375e+02 7.678852844238281250e+01 2.736063766479492188e+01
7.982605457305908203e+00 1.041865692138671875e+02 7.677214813232421875e+01 2.741443634033203125e+01
8.003014564514160156e+00 1.039419403076171875e+02 7.660628509521484375e+01 2.733565330505371094e+01
8.023423194885253906e+00 1.037776565551757812e+02 7.644125366210937500e+01 2.733641624450683594e+01
8.043831825256347656e+00 1.046026611328125000e+02 7.734846496582031250e+01 2.725420951843261719e+01
8.064239501953125000e+00 1.043356246948242188e+02 7.715272521972656250e+01 2.718288421630859375e+01
8.084648132324218750e+00 1.044487304687500000e+02 7.728366851806640625e+01 2.716506958007812500e+01
8.145874977111816406e+00 1.046701889038085938e+02 7.746688079833984375e+01 2.720330619812011719e+01
8.166283607482910156e+00 1.046332855224609375e+02 7.753710937500000000e+01 2.709616279602050781e+01
8.186692237854003906e+00 1.046053695678710938e+02 7.751926422119140625e+01 2.708610343933105469e+01
8.207100868225097656e+00 1.046640472412109375e+02 7.761818695068359375e+01 2.704585075378417969e+01
8.349961280822753906e+00 1.046852569580078125e+02 7.780970001220703125e+01 2.687555694580078125e+01
8.390779495239257812e+00 1.047181320190429688e+02 7.797326660156250000e+01 2.674486541748046875e+01
8.411188125610351562e+00 1.045041809082031250e+02 7.781253051757812500e+01 2.669164085388183594e+01
8.452005386352539062e+00 1.048347167968750000e+02 7.822981262207031250e+01 2.660490036010742188e+01
8.472414970397949219e+00 1.048465728759765625e+02 7.821089935302734375e+01 2.663566970825195312e+01
8.574457168579101562e+00 1.049455718994140625e+02 7.839689636230468750e+01 2.654866027832031250e+01
8.594865798950195312e+00 1.049669799804687500e+02 7.854497528076171875e+01 2.642198181152343750e+01
8.615275382995605469e+00 1.049230041503906250e+02 7.855341339111328125e+01 2.636957931518554688e+01
8.635684013366699219e+00 1.049031372070312500e+02 7.861726379394531250e+01 2.628588104248046875e+01
8.656092643737792969e+00 1.049095382690429688e+02 7.865314483642578125e+01 2.625637817382812500e+01
8.676501274108886719e+00 1.050279998779296875e+02 7.877163696289062500e+01 2.625638008117675781e+01
8.696909904479980469e+00 1.050153045654296875e+02 7.877946472167968750e+01 2.623587799072265625e+01
8.717319488525390625e+00 1.050889511108398438e+02 7.886964416503906250e+01 2.621930313110351562e+01
8.737728118896484375e+00 1.048171615600585938e+02 7.871282196044921875e+01 2.610434913635253906e+01
8.758134841918945312e+00 1.051720962524414062e+02 7.910342407226562500e+01 2.606867790222167969e+01
8.778544425964355469e+00 1.051733856201171875e+02 7.913768005371093750e+01 2.603571701049804688e+01
8.798953056335449219e+00 1.051945877075195312e+02 7.919898223876953125e+01 2.599560737609863281e+01
8.880588531494140625e+00 1.052416610717773438e+02 7.919877624511718750e+01 2.604289436340332031e+01
8.941814422607421875e+00 1.052913436889648438e+02 7.937932586669921875e+01 2.591202926635742188e+01
8.982630729675292969e+00 1.053794631958007812e+02 7.949835205078125000e+01 2.588112449645996094e+01
9.003039360046386719e+00 1.051675262451171875e+02 7.934472656250000000e+01 2.582279586791992188e+01
9.043857574462890625e+00 1.047244873046875000e+02 7.906602478027343750e+01 2.565845489501953125e+01
9.064266204833984375e+00 1.053501815795898438e+02 7.962749481201171875e+01 2.572268295288085938e+01
9.207128524780273438e+00 1.054744262695312500e+02 7.995200347900390625e+01 2.552242660522460938e+01
9.227535247802734375e+00 1.054381103515625000e+02 8.000867462158203125e+01 2.542942047119140625e+01
9.247943878173828125e+00 1.054894638061523438e+02 8.014273071289062500e+01 2.534673881530761719e+01
9.268353462219238281e+00 1.054603271484375000e+02 8.014706420898437500e+01 2.531326675415039062e+01
9.288762092590332031e+00 1.055120391845703125e+02 8.012560272216796875e+01 2.538644027709960938e+01
9.329579353332519531e+00 1.055483093261718750e+02 8.015993499755859375e+01 2.538835716247558594e+01
9.452031135559082031e+00 1.059635925292968750e+02 8.094500732421875000e+01 2.501858711242675781e+01
9.472439765930175781e+00 1.056093215942382812e+02 8.051787567138671875e+01 2.509144973754882812e+01
9.492848396301269531e+00 1.057828216552734375e+02 8.067259979248046875e+01 2.511022758483886719e+01
9.513257980346679688e+00 1.061891937255859375e+02 8.065052032470703125e+01 2.553866958618164062e+01
9.533666610717773438e+00 1.056254577636718750e+02 8.067875671386718750e+01 2.494669723510742188e+01
9.554075241088867188e+00 1.057269287109375000e+02 8.073191833496093750e+01 2.499501419067382812e+01
9.574483871459960938e+00 1.058119583129882812e+02 8.083486938476562500e+01 2.497707939147949219e+01
9.594892501831054688e+00 1.058210906982421875e+02 8.096231842041015625e+01 2.485877609252929688e+01
9.615302085876464844e+00 1.059124145507812500e+02 8.108924102783203125e+01 2.482316398620605469e+01
9.635710716247558594e+00 1.058990402221679688e+02 8.109140014648437500e+01 2.480765151977539062e+01
9.656119346618652344e+00 1.058636550903320312e+02 8.119272613525390625e+01 2.467091941833496094e+01
9.676527023315429688e+00 1.058937911987304688e+02 8.124414062500000000e+01 2.464963722229003906e+01
9.696935653686523438e+00 1.058962631225585938e+02 8.127065277099609375e+01 2.462558937072753906e+01
9.717344284057617188e+00 1.059405899047851562e+02 8.134631347656250000e+01 2.459427452087402344e+01
9.737752914428710938e+00 1.059352264404296875e+02 8.139707946777343750e+01 2.453814315795898438e+01
9.758161544799804688e+00 1.058972091674804688e+02 8.137403869628906250e+01 2.452317237854003906e+01
9.778571128845214844e+00 1.059036407470703125e+02 8.142453002929687500e+01 2.447913932800292969e+01
9.798979759216308594e+00 1.059102478027343750e+02 8.145039367675781250e+01 2.445984458923339844e+01
9.819388389587402344e+00 1.059221115112304688e+02 8.150051116943359375e+01 2.442159271240234375e+01
9.839797019958496094e+00 1.058811111450195312e+02 8.150177001953125000e+01 2.437935066223144531e+01
9.860206604003906250e+00 1.058644180297851562e+02 8.152730560302734375e+01 2.433712005615234375e+01
9.880615234375000000e+00 1.058687667846679688e+02 8.155273437500000000e+01 2.431602859497070312e+01
9.901023864746093750e+00 1.058381423950195312e+02 8.157806396484375000e+01 2.426009750366210938e+01
9.921431541442871094e+00 1.057998275756835938e+02 8.157916259765625000e+01 2.422067070007324219e+01
9.941840171813964844e+00 1.057787704467773438e+02 8.158025360107421875e+01 2.419853019714355469e+01
9.962248802185058594e+00 1.057528915405273438e+02 8.160536193847656250e+01 2.414753532409667969e+01
9.982657432556152344e+00 1.057562179565429688e+02 8.163037872314453125e+01 2.412582206726074219e+01
1.000306606292724609e+01 1.057162933349609375e+02 8.163134765625000000e+01 2.408493804931640625e+01
1.002347564697265625e+01 1.056813049316406250e+02 8.163232421875000000e+01 2.404896736145019531e+01
1.004388427734375000e+01 1.056777572631835938e+02 8.163328552246093750e+01 2.404448509216308594e+01
1.006429290771484375e+01 1.056278152465820312e+02 8.163424682617187500e+01 2.399357795715332031e+01
1.008470153808593750e+01 1.056083374023437500e+02 8.163520812988281250e+01 2.397310638427734375e+01
1.010511112213134766e+01 1.055597991943359375e+02 8.163616943359375000e+01 2.392364120483398438e+01
1.012551975250244141e+01 1.055497512817382812e+02 8.166075897216796875e+01 2.388900756835937500e+01
1.014592647552490234e+01 1.055338439941406250e+02 8.166166687011718750e+01 2.387216949462890625e+01
1.016633605957031250e+01 1.055025482177734375e+02 8.166256713867187500e+01 2.383999824523925781e+01
1.018674468994140625e+01 1.054720382690429688e+02 8.166345977783203125e+01 2.380858612060546875e+01
1.020715332031250000e+01 1.054635543823242188e+02 8.168781280517578125e+01 2.377573394775390625e+01
1.022756195068359375e+01 1.054095535278320312e+02 8.166523742675781250e+01 2.374434661865234375e+01
1.024797058105468750e+01 1.054010086059570312e+02 8.168948364257812500e+01 2.371153640747070312e+01
1.026838016510009766e+01 1.053877410888671875e+02 8.169031524658203125e+01 2.369743156433105469e+01
1.030919742584228516e+01 1.055014724731445312e+02 8.178485107421875000e+01 2.371661376953125000e+01
1.032960605621337891e+01 1.055015716552734375e+02 8.180867004394531250e+01 2.369290924072265625e+01
1.035001564025878906e+01 1.062258758544921875e+02 8.192491149902343750e+01 2.430096054077148438e+01
1.037042236328125000e+01 1.053326416015625000e+02 8.169444274902343750e+01 2.363819694519042969e+01
1.039083099365234375e+01 1.053663940429687500e+02 8.181045532226562500e+01 2.355595397949218750e+01
1.041123962402343750e+01 1.051740951538085938e+02 8.167307281494140625e+01 2.350101470947265625e+01
1.043164920806884766e+01 1.053199310302734375e+02 8.181162261962890625e+01 2.350830078125000000e+01
1.045205783843994141e+01 1.053059234619140625e+02 8.183509826660156250e+01 2.347083854675292969e+01
1.047246646881103516e+01 1.052650222778320312e+02 8.185849761962890625e+01 2.340652656555175781e+01
1.049287509918212891e+01 1.052166366577148438e+02 8.183615875244140625e+01 2.338047599792480469e+01
1.051328468322753906e+01 1.054841232299804688e+02 8.183669281005859375e+01 2.364743041992187500e+01
1.053369331359863281e+01 1.054858551025390625e+02 8.206447601318359375e+01 2.342138099670410156e+01
1.055410194396972656e+01 1.051663360595703125e+02 8.183774566650390625e+01 2.332857513427734375e+01
1.057451057434082031e+01 1.051154174804687500e+02 8.181562805175781250e+01 2.329979515075683594e+01
1.059491920471191406e+01 1.050858612060546875e+02 8.181619262695312500e+01 2.326965332031250000e+01
1.061532688140869141e+01 1.050690002441406250e+02 8.181677246093750000e+01 2.325223541259765625e+01
1.063573551177978516e+01 1.050383071899414062e+02 8.181732940673828125e+01 2.322095489501953125e+01
1.065614414215087891e+01 1.050127639770507812e+02 8.181788635253906250e+01 2.319488716125488281e+01
1.067655372619628906e+01 1.052106857299804688e+02 8.197538757324218750e+01 2.323531532287597656e+01
1.069696235656738281e+01 1.049910202026367188e+02 8.184137725830078125e+01 2.314965438842773438e+01
1.071737098693847656e+01 1.049593505859375000e+02 8.184188079833984375e+01 2.311747360229492188e+01
1.073777961730957031e+01 1.049343719482421875e+02 8.184238433837890625e+01 2.309199523925781250e+01
1.075818920135498047e+01 1.049045257568359375e+02 8.184288787841796875e+01 2.306162834167480469e+01
1.077859783172607422e+01 1.048958206176757812e+02 8.186560821533203125e+01 2.303022766113281250e+01
1.079900646209716797e+01 1.048693695068359375e+02 8.186606597900390625e+01 2.300329971313476562e+01
1.081941509246826172e+01 1.048877258300781250e+02 8.191077423095703125e+01 2.297695922851562500e+01
1.083982276916503906e+01 1.048614654541015625e+02 8.191115570068359375e+01 2.295030975341796875e+01
1.086023139953613281e+01 1.048683395385742188e+02 8.193357086181640625e+01 2.293477058410644531e+01
1.088064002990722656e+01 1.048404617309570312e+02 8.193389892578125000e+01 2.290657424926757812e+01
1.090104866027832031e+01 1.048253021240234375e+02 8.195619201660156250e+01 2.286911201477050781e+01
1.092145824432373047e+01 1.047989349365234375e+02 8.195647430419921875e+01 2.284245872497558594e+01
1.094186687469482422e+01 1.047981491088867188e+02 8.197863006591796875e+01 2.281952476501464844e+01
1.096227550506591797e+01 1.047986602783203125e+02 8.200070953369140625e+01 2.279793930053710938e+01
1.098268413543701172e+01 1.047791519165039062e+02 8.202272033691406250e+01 2.275642967224121094e+01
1.100309371948242188e+01 1.047746276855468750e+02 8.204462432861328125e+01 2.272999954223632812e+01
1.102350234985351562e+01 1.047844009399414062e+02 8.206645965576171875e+01 2.271793937683105469e+01
1.104391098022460938e+01 1.047851104736328125e+02 8.208821105957031250e+01 2.269690895080566406e+01
1.106431770324707031e+01 1.047728195190429688e+02 8.210990142822265625e+01 2.266292762756347656e+01
1.108472728729248047e+01 1.047764892578125000e+02 8.213149261474609375e+01 2.264498138427734375e+01
1.110513591766357422e+01 1.047634506225585938e+02 8.215300750732421875e+01 2.261045837402343750e+01
1.112554454803466797e+01 1.047839126586914062e+02 8.219596099853515625e+01 2.258796119689941406e+01
1.114595317840576172e+01 1.047803955078125000e+02 8.221727752685546875e+01 2.256312561035156250e+01
1.116636276245117188e+01 1.047595901489257812e+02 8.221707916259765625e+01 2.254251289367675781e+01
1.118677139282226562e+01 1.047917785644531250e+02 8.225968170166015625e+01 2.253210258483886719e+01
1.120718002319335938e+01 1.047670059204101562e+02 8.225940704345703125e+01 2.250760650634765625e+01
1.122758865356445312e+01 1.047854843139648438e+02 8.230177307128906250e+01 2.248370170593261719e+01
1.124799728393554688e+01 1.047823486328125000e+02 8.232270050048828125e+01 2.245965194702148438e+01
1.126840686798095703e+01 1.047665939331054688e+02 8.232231140136718750e+01 2.244428443908691406e+01
1.128881549835205078e+01 1.047597732543945312e+02 8.234313964843750000e+01 2.241663932800292969e+01
1.130922222137451172e+01 1.047443313598632812e+02 8.236389160156250000e+01 2.238043785095214844e+01
1.132963180541992188e+01 1.047677307128906250e+02 8.238455963134765625e+01 2.238317871093750000e+01
1.135004043579101562e+01 1.047442703247070312e+02 8.238407135009765625e+01 2.236020660400390625e+01
1.137044906616210938e+01 1.047282943725585938e+02 8.240462493896484375e+01 2.232367515563964844e+01
1.139085769653320312e+01 1.047264480590820312e+02 8.242510986328125000e+01 2.230134582519531250e+01
1.141126728057861328e+01 1.046992340087890625e+02 8.242454528808593750e+01 2.227470016479492188e+01
1.143167591094970703e+01 1.046959838867187500e+02 8.244493103027343750e+01 2.225106811523437500e+01
1.145208454132080078e+01 1.046704483032226562e+02 8.244432830810546875e+01 2.222612380981445312e+01
1.147249317169189453e+01 1.046394424438476562e+02 8.242286682128906250e+01 2.221656990051269531e+01
1.149290180206298828e+01 1.046320419311523438e+02 8.244312286376953125e+01 2.218891525268554688e+01
1.161535358428955078e+01 1.061473464965820312e+02 8.404718780517578125e+01 2.210016822814941406e+01
1.163576221466064453e+01 1.044925689697265625e+02 8.231558990478515625e+01 2.217695617675781250e+01
1.165617179870605469e+01 1.045301818847656250e+02 8.233576965332031250e+01 2.219440269470214844e+01
1.173780632019042969e+01 1.044046096801757812e+02 8.233419799804687500e+01 2.207043075561523438e+01
1.179903125762939453e+01 1.044017028808593750e+02 8.233303070068359375e+01 2.206869125366210938e+01
1.181944084167480469e+01 1.057655258178710938e+02 8.373017120361328125e+01 2.203536415100097656e+01
1.183984947204589844e+01 1.043656616210937500e+02 8.241313171386718750e+01 2.195254325866699219e+01
1.188066673278808594e+01 1.043126831054687500e+02 8.241208648681640625e+01 2.190059471130371094e+01
1.202352714538574219e+01 1.034245147705078125e+02 8.175144958496093750e+01 2.167306900024414062e+01
1.204393577575683594e+01 1.077178344726562500e+02 8.600563049316406250e+01 2.171221542358398438e+01
1.206434535980224609e+01 1.046744918823242188e+02 8.252652740478515625e+01 2.214798927307128906e+01
1.214597988128662109e+01 1.037799911499023438e+02 8.216894531250000000e+01 2.161104011535644531e+01
1.216638946533203125e+01 1.040436782836914062e+02 8.246398925781250000e+01 2.157969856262207031e+01
1.218679809570312500e+01 1.044925842285156250e+02 8.265984344482421875e+01 2.183273696899414062e+01
1.220720672607421875e+01 1.040508575439453125e+02 8.252164459228515625e+01 2.152921295166015625e+01
1.222761440277099609e+01 1.039025421142578125e+02 8.244264221191406250e+01 2.145992088317871094e+01
1.224802303314208984e+01 1.040175323486328125e+02 8.255936431884765625e+01 2.145816040039062500e+01
1.226843166351318359e+01 1.040475463867187500e+02 8.259763336181640625e+01 2.144992446899414062e+01
1.228884029388427734e+01 1.040344772338867188e+02 8.263578033447265625e+01 2.139869880676269531e+01
1.232965850830078125e+01 1.039809188842773438e+02 8.261463165283203125e+01 2.136630630493164062e+01
1.235006713867187500e+01 1.039774017333984375e+02 8.265255737304687500e+01 2.132484436035156250e+01
1.239088439941406250e+01 1.039417572021484375e+02 8.267007446289062500e+01 2.127167510986328125e+01
1.245211124420166016e+01 1.039123840332031250e+02 8.274421691894531250e+01 2.116816902160644531e+01
1.247251892089843750e+01 1.044758300781250000e+02 8.303109741210937500e+01 2.144474220275878906e+01
1.251333618164062500e+01 1.038298110961914062e+02 8.272198486328125000e+01 2.110783004760742188e+01
1.253374481201171875e+01 1.038444213867187500e+02 8.274008178710937500e+01 2.110435867309570312e+01
1.255415344238281250e+01 1.039137344360351562e+02 8.279627227783203125e+01 2.111744689941406250e+01
1.257456302642822266e+01 1.038812713623046875e+02 8.281419372558593750e+01 2.106710052490234375e+01
1.259497165679931641e+01 1.038652648925781250e+02 8.281304168701171875e+01 2.105219459533691406e+01
1.265619850158691406e+01 1.037357330322265625e+02 8.271506500244140625e+01 2.102067375183105469e+01
1.271742343902587891e+01 1.036669006347656250e+02 8.269333648681640625e+01 2.097357368469238281e+01
1.273783206939697266e+01 1.036327056884765625e+02 8.269239807128906250e+01 2.094030189514160156e+01
1.275824069976806641e+01 1.036308517456054688e+02 8.271022033691406250e+01 2.092064476013183594e+01
1.279905796051025391e+01 1.046492538452148438e+02 8.298886108398437500e+01 2.166038894653320312e+01
1.290110301971435547e+01 1.037300109863281250e+02 8.285201263427734375e+01 2.087799835205078125e+01
1.292150974273681641e+01 1.036647567749023438e+02 8.279526519775390625e+01 2.086951637268066406e+01
1.296232795715332031e+01 1.036284790039062500e+02 8.277462768554687500e+01 2.085385322570800781e+01
1.302355384826660156e+01 1.036944580078125000e+02 8.290017700195312500e+01 2.079428863525390625e+01
1.304396247863769531e+01 1.036214065551757812e+02 8.282552337646484375e+01 2.079587936401367188e+01
1.308478069305419922e+01 1.036679992675781250e+02 8.291477203369140625e+01 2.075321197509765625e+01
1.310518932342529297e+01 1.036693115234375000e+02 8.291351318359375000e+01 2.075579452514648438e+01
1.316641426086425781e+01 1.036668701171875000e+02 8.300068664550781250e+01 2.066617202758789062e+01
1.318682289123535156e+01 1.037055206298828125e+02 8.305375671386718750e+01 2.065177917480468750e+01
1.328886699676513672e+01 1.036526641845703125e+02 8.313657379150390625e+01 2.051610946655273438e+01
1.330927658081054688e+01 1.036688308715820312e+02 8.317098236083984375e+01 2.049784469604492188e+01
1.332968521118164062e+01 1.036716156005859375e+02 8.318730926513671875e+01 2.048430824279785156e+01
1.335009384155273438e+01 1.036283111572265625e+02 8.322151947021484375e+01 2.040678024291992188e+01
1.337050247192382812e+01 1.036356277465820312e+02 8.323773193359375000e+01 2.039789390563964844e+01
1.339091014862060547e+01 1.035680999755859375e+02 8.321813964843750000e+01 2.034997367858886719e+01
1.347254562377929688e+01 1.035513916015625000e+02 8.324694824218750000e+01 2.030445098876953125e+01
1.349295425415039062e+01 1.034741134643554688e+02 8.320974731445312500e+01 2.026437187194824219e+01
1.351336288452148438e+01 1.033538360595703125e+02 8.313721466064453125e+01 2.021664047241210938e+01
1.353377151489257812e+01 1.035241088867187500e+02 8.327718353271484375e+01 2.024694442749023438e+01
1.355418109893798828e+01 1.033100128173828125e+02 8.320477294921875000e+01 2.010525703430175781e+01
1.357458972930908203e+01 1.032936325073242188e+02 8.320311737060546875e+01 2.009051132202148438e+01
1.359499835968017578e+01 1.049365692138671875e+02 8.369451904296875000e+01 2.124204063415527344e+01
1.361540508270263672e+01 1.018309478759765625e+02 8.177568817138671875e+01 2.005525207519531250e+01
1.363581562042236328e+01 1.032543716430664062e+02 8.318066406250000000e+01 2.007372093200683594e+01
1.365622234344482422e+01 1.031728286743164062e+02 8.314400482177734375e+01 2.002883148193359375e+01
1.367663288116455078e+01 1.032274627685546875e+02 8.321246337890625000e+01 2.001498413085937500e+01
1.369704055786132812e+01 1.032562561035156250e+02 8.328073883056640625e+01 1.997551536560058594e+01
1.371745109558105469e+01 1.032899093627929688e+02 8.333134460449218750e+01 1.995855712890625000e+01
1.373785781860351562e+01 1.032697982788085938e+02 8.334696197509765625e+01 1.992283821105957031e+01
1.375826835632324219e+01 1.032667007446289062e+02 8.336251068115234375e+01 1.990420341491699219e+01
1.377867507934570312e+01 1.032455139160156250e+02 8.336067199707031250e+01 1.988484001159667969e+01
1.379908561706542969e+01 1.032544937133789062e+02 8.337615966796875000e+01 1.987832832336425781e+01
1.381949329376220703e+01 1.031531448364257812e+02 8.330500030517578125e+01 1.984813880920410156e+01
1.383990383148193359e+01 1.032040939331054688e+02 8.337242126464843750e+01 1.983166694641113281e+01
1.386031055450439453e+01 1.031999359130859375e+02 8.338783264160156250e+01 1.981210899353027344e+01
1.388071823120117188e+01 1.031702117919921875e+02 8.338596343994140625e+01 1.978424835205078125e+01
1.390112876892089844e+01 1.031610107421875000e+02 8.338407135009765625e+01 1.977695274353027344e+01
1.392153549194335938e+01 1.031399459838867188e+02 8.338221740722656250e+01 1.975772666931152344e+01
1.394194602966308594e+01 1.031388244628906250e+02 8.339751434326171875e+01 1.974132728576660156e+01
1.396235370635986328e+01 1.031184387207031250e+02 8.339563751220703125e+01 1.972282218933105469e+01
1.398276424407958984e+01 1.031103134155273438e+02 8.339374542236328125e+01 1.971655082702636719e+01
1.400317096710205078e+01 1.030819854736328125e+02 8.339187622070312500e+01 1.969011116027832031e+01
1.402358150482177734e+01 1.030627136230468750e+02 8.339000701904296875e+01 1.967270278930664062e+01
1.404398918151855469e+01 1.030456848144531250e+02 8.338816070556640625e+01 1.965751457214355469e+01
1.406439971923828125e+01 1.030421295166015625e+02 8.340331268310546875e+01 1.963880920410156250e+01
1.408480644226074219e+01 1.030433731079101562e+02 8.341844940185546875e+01 1.962492561340332031e+01
1.410521411895751953e+01 1.030254058837890625e+02 8.341655731201171875e+01 1.960884666442871094e+01
1.412562465667724609e+01 1.029954605102539062e+02 8.341465759277343750e+01 1.958078956604003906e+01
1.414603137969970703e+01 1.029876174926757812e+02 8.341278076171875000e+01 1.957483482360839844e+01
1.416644191741943359e+01 1.029695892333984375e+02 8.341088867187500000e+01 1.955870628356933594e+01
1.418684959411621094e+01 1.029515686035156250e+02 8.340902709960937500e+01 1.954254341125488281e+01
1.420725917816162109e+01 1.029214172363281250e+02 8.340715026855468750e+01 1.951428794860839844e+01
1.422766685485839844e+01 1.028968276977539062e+02 8.340529632568359375e+01 1.949153709411621094e+01
1.424807739257812500e+01 1.028900680541992188e+02 8.340343475341796875e+01 1.948664283752441406e+01
1.426848411560058594e+01 1.028611145019531250e+02 8.340158843994140625e+01 1.945953369140625000e+01
1.428889465332031250e+01 1.028466262817382812e+02 8.339973449707031250e+01 1.944689369201660156e+01
1.430930233001708984e+01 1.028143539428710938e+02 8.338117218017578125e+01 1.943318748474121094e+01
1.432970905303955078e+01 1.028139343261718750e+02 8.339607238769531250e+01 1.941785621643066406e+01
1.435011959075927734e+01 1.027976837158203125e+02 8.339422607421875000e+01 1.940347290039062500e+01
1.437052726745605469e+01 1.027554397583007812e+02 8.337576293945312500e+01 1.937969207763671875e+01
1.439093780517578125e+01 1.027395477294921875e+02 8.337395477294921875e+01 1.936559295654296875e+01
1.441134452819824219e+01 1.027340316772460938e+02 8.337216949462890625e+01 1.936185836791992188e+01
1.443175506591796875e+01 1.026893539428710938e+02 8.335379028320312500e+01 1.933557701110839844e+01
1.445216274261474609e+01 1.026930236816406250e+02 8.336859130859375000e+01 1.932441902160644531e+01
1.447257328033447266e+01 1.026497879028320312e+02 8.335027313232421875e+01 1.929952430725097656e+01
1.449298000335693359e+01 1.026448364257812500e+02 8.334853363037109375e+01 1.929632377624511719e+01
1.451339054107666016e+01 1.026122283935546875e+02 8.333028411865234375e+01 1.928194999694824219e+01
1.453379821777343750e+01 1.025885620117187500e+02 8.332858276367187500e+01 1.925997352600097656e+01
1.455420494079589844e+01 1.025720672607421875e+02 8.332687377929687500e+01 1.924518203735351562e+01
1.457461547851562500e+01 1.025651092529296875e+02 8.332515716552734375e+01 1.923995780944824219e+01
1.459502315521240234e+01 1.025261459350585938e+02 8.330706024169921875e+01 1.921908950805664062e+01
1.461543273925781250e+01 1.025100250244140625e+02 8.330538177490234375e+01 1.920465469360351562e+01
1.463584041595458984e+01 1.024937896728515625e+02 8.330372619628906250e+01 1.919006729125976562e+01
1.465625095367431641e+01 1.024785079956054688e+02 8.330204772949218750e+01 1.917646217346191406e+01
1.467665767669677734e+01 1.024558410644531250e+02 8.328408813476562500e+01 1.917174148559570312e+01
1.469706821441650391e+01 1.024379806518554688e+02 8.329873657226562500e+01 1.913925743103027344e+01
1.471747589111328125e+01 1.024068374633789062e+02 8.328083038330078125e+01 1.912600517272949219e+01
1.473788642883300781e+01 1.024009857177734375e+02 8.327919769287109375e+01 1.912177658081054688e+01
1.475829315185546875e+01 1.023774719238281250e+02 8.327758026123046875e+01 1.909989547729492188e+01
1.477870082855224609e+01 1.023440399169921875e+02 8.325978088378906250e+01 1.908423423767089844e+01
1.479911136627197266e+01 1.023273086547851562e+02 8.325817871093750000e+01 1.906911849975585938e+01
1.481951808929443359e+01 1.023121719360351562e+02 8.325660705566406250e+01 1.905555534362792969e+01
1.483992862701416016e+01 1.022962570190429688e+02 8.325502014160156250e+01 1.904124832153320312e+01
1.486033630371093750e+01 1.022811431884765625e+02 8.325346374511718750e+01 1.902770042419433594e+01
1.488074684143066406e+01 1.022554321289062500e+02 8.323578643798828125e+01 1.901964569091796875e+01
1.490115356445312500e+01 1.022534790039062500e+02 8.325032043457031250e+01 1.900316429138183594e+01
1.492156410217285156e+01 1.022207260131835938e+02 8.323270416259765625e+01 1.898804092407226562e+01
1.494197177886962891e+01 1.021941375732421875e+02 8.323117828369140625e+01 1.896296119689941406e+01
1.496238231658935547e+01 1.021802291870117188e+02 8.322963714599609375e+01 1.895060157775878906e+01
1.498278903961181641e+01 1.021846237182617188e+02 8.322812652587890625e+01 1.895650672912597656e+01
1.500319957733154297e+01 1.021592559814453125e+02 8.322659301757812500e+01 1.893267250061035156e+01
1.502360725402832031e+01 1.021327285766601562e+02 8.322507476806640625e+01 1.890766525268554688e+01
1.504401397705078125e+01 1.021170654296875000e+02 8.322357177734375000e+01 1.889352226257324219e+01
1.506442451477050781e+01 1.021018447875976562e+02 8.322204589843750000e+01 1.887981414794921875e+01
1.508483123779296875e+01 1.020787429809570312e+02 8.322055053710937500e+01 1.885820579528808594e+01
1.510524177551269531e+01 1.020587768554687500e+02 8.320319366455078125e+01 1.885559463500976562e+01
1.512564945220947266e+01 1.020553741455078125e+02 8.321755981445312500e+01 1.883780479431152344e+01
1.514605998992919922e+01 1.020299530029296875e+02 8.320024871826171875e+01 1.882968711853027344e+01
1.516646671295166016e+01 1.020216827392578125e+02 8.321456909179687500e+01 1.880710411071777344e+01
1.518687725067138672e+01 1.019811935424804688e+02 8.319731140136718750e+01 1.878388023376464844e+01
1.520728492736816406e+01 1.019643707275390625e+02 8.318011474609375000e+01 1.878426551818847656e+01
1.522769546508789062e+01 1.019558944702148438e+02 8.319438934326171875e+01 1.876151466369628906e+01
1.524810218811035156e+01 1.019268493652343750e+02 8.317724609375000000e+01 1.874959564208984375e+01
1.526850986480712891e+01 1.019030227661132812e+02 8.317583465576171875e+01 1.872719573974609375e+01
1.528892040252685547e+01 1.018978805541992188e+02 8.317440032958984375e+01 1.872348022460937500e+01
1.530932712554931641e+01 1.018765487670898438e+02 8.317298126220703125e+01 1.870356941223144531e+01
1.532973766326904297e+01 1.018356628417968750e+02 8.315593719482421875e+01 1.867973327636718750e+01
1.535014533996582031e+01 1.018245849609375000e+02 8.315454864501953125e+01 1.867004585266113281e+01
1.537055587768554688e+01 1.017971038818359375e+02 8.313758087158203125e+01 1.865953445434570312e+01
1.539096260070800781e+01 1.017739486694335938e+02 8.313623046875000000e+01 1.863772010803222656e+01
1.541137313842773438e+01 1.017615509033203125e+02 8.313486480712890625e+01 1.862670707702636719e+01
1.543178081512451172e+01 1.017427139282226562e+02 8.311799621582031250e+01 1.862471389770507812e+01
1.545219039916992188e+01 1.017211456298828125e+02 8.311666107177734375e+01 1.860448646545410156e+01
1.547259807586669922e+01 1.017008514404296875e+02 8.311534118652343750e+01 1.858551025390625000e+01
1.549300575256347656e+01 1.016879882812500000e+02 8.311401367187500000e+01 1.857397079467773438e+01
1.551341533660888672e+01 1.016598587036132812e+02 8.309725189208984375e+01 1.856261825561523438e+01
1.553382301330566406e+01 1.016495742797851562e+02 8.309597015380859375e+01 1.855362129211425781e+01
1.555423355102539062e+01 1.016126861572265625e+02 8.307926940917968750e+01 1.853345108032226562e+01
1.557464027404785156e+01 1.015994949340820312e+02 8.307801055908203125e+01 1.852150535583496094e+01
1.559505081176757812e+01 1.015880203247070312e+02 8.307673645019531250e+01 1.851129531860351562e+01
1.561545848846435547e+01 1.015652999877929688e+02 8.307546997070312500e+01 1.848982238769531250e+01
1.563586902618408203e+01 1.015364761352539062e+02 8.305889892578125000e+01 1.847757339477539062e+01
1.565627574920654297e+01 1.015262603759765625e+02 8.305766296386718750e+01 1.846861457824707031e+01
1.567668342590332031e+01 1.014914321899414062e+02 8.304116821289062500e+01 1.845027351379394531e+01
1.569709396362304688e+01 1.014923095703125000e+02 8.305519866943359375e+01 1.843712997436523438e+01
1.571750068664550781e+01 1.014580764770507812e+02 8.303874206542968750e+01 1.841934967041015625e+01
1.573791122436523438e+01 1.014456100463867188e+02 8.303752899169921875e+01 1.840809059143066406e+01
1.575831890106201172e+01 1.014329376220703125e+02 8.303633117675781250e+01 1.839661026000976562e+01
1.577872943878173828e+01 1.014105072021484375e+02 8.303511810302734375e+01 1.837536811828613281e+01
1.579913616180419922e+01 1.013992080688476562e+02 8.303392791748046875e+01 1.836528968811035156e+01
1.581954383850097656e+01 1.013701400756835938e+02 8.301761627197265625e+01 1.835251617431640625e+01
1.583995437622070312e+01 1.013497924804687500e+02 8.301643371582031250e+01 1.833337020874023438e+01
1.586036109924316406e+01 1.013393859863281250e+02 8.301528167724609375e+01 1.832411384582519531e+01
1.588077163696289062e+01 1.013270721435546875e+02 8.301410675048828125e+01 1.831296157836914062e+01
1.590117931365966797e+01 1.013059616088867188e+02 8.301294708251953125e+01 1.829301834106445312e+01
1.592158889770507812e+01 1.012773284912109375e+02 8.299674987792968750e+01 1.828057289123535156e+01
1.594199657440185547e+01 1.012710876464843750e+02 8.301062774658203125e+01 1.826046943664550781e+01
1.596240711212158203e+01 1.012539978027343750e+02 8.299446868896484375e+01 1.825952339172363281e+01
1.598281383514404297e+01 1.012485733032226562e+02 8.300832366943359375e+01 1.824023437500000000e+01
1.600322532653808594e+01 1.012116851806640625e+02 8.299221038818359375e+01 1.821947860717773438e+01
1.602363204956054688e+01 1.012093658447265625e+02 8.299109649658203125e+01 1.821828460693359375e+01
1.604404258728027344e+01 1.012042160034179688e+02 8.300489807128906250e+01 1.819932174682617188e+01
1.606444931030273438e+01 1.011679763793945312e+02 8.298885345458984375e+01 1.817913055419921875e+01
1.608485603332519531e+01 1.011453247070312500e+02 8.298774719238281250e+01 1.815757369995117188e+01
1.610526657104492188e+01 1.011359481811523438e+02 8.298661804199218750e+01 1.814934158325195312e+01
1.612567520141601562e+01 1.011259231567382812e+02 8.298551940917968750e+01 1.814041709899902344e+01
1.614608573913574219e+01 1.011043777465820312e+02 8.298440551757812500e+01 1.811998367309570312e+01
1.616649246215820312e+01 1.011030349731445312e+02 8.298330688476562500e+01 1.811971282958984375e+01
1.618690299987792969e+01 1.010820236206054688e+02 8.298219299316406250e+01 1.809983825683593750e+01
1.620730972290039062e+01 1.010616302490234375e+02 8.298110198974609375e+01 1.808054161071777344e+01
1.622772026062011719e+01 1.010274887084960938e+02 8.296524810791015625e+01 1.806225204467773438e+01
1.624812698364257812e+01 1.010265045166015625e+02 8.296417236328125000e+01 1.806233787536621094e+01
1.626853752136230469e+01 1.010200576782226562e+02 8.297780609130859375e+01 1.804225349426269531e+01
1.628894615173339844e+01 1.009871978759765625e+02 8.296202850341796875e+01 1.802517509460449219e+01
1.630935287475585938e+01 1.009765167236328125e+02 8.296097564697265625e+01 1.801554107666015625e+01
1.632976341247558594e+01 1.009673995971679688e+02 8.295989990234375000e+01 1.800750732421875000e+01
1.635017013549804688e+01 1.009337234497070312e+02 8.294420623779296875e+01 1.798953247070312500e+01
1.637058067321777344e+01 1.009231491088867188e+02 8.294315338134765625e+01 1.797999763488769531e+01
1.639098739624023438e+01 1.009189376831054688e+02 8.295671844482421875e+01 1.796222686767578125e+01
1.641139793395996094e+01 1.008956375122070312e+02 8.294107055664062500e+01 1.795458412170410156e+01
1.643180465698242188e+01 1.008765563964843750e+02 8.294004821777343750e+01 1.793652153015136719e+01
1.645221519470214844e+01 1.008514404296875000e+02 8.292445373535156250e+01 1.792697715759277344e+01
1.647262382507324219e+01 1.008468093872070312e+02 8.293798828125000000e+01 1.790881729125976562e+01
1.649303436279296875e+01 1.008155059814453125e+02 8.292243957519531250e+01 1.789307594299316406e+01
1.651344108581542969e+01 1.008120803833007812e+02 8.292144012451171875e+01 1.789063835144042969e+01
1.653384780883789062e+01 1.007955780029296875e+02 8.292044830322265625e+01 1.787512397766113281e+01
1.655425834655761719e+01 1.007759933471679688e+02 8.291944122314453125e+01 1.785655403137207031e+01
1.657466506958007812e+01 1.007590484619140625e+02 8.291844940185546875e+01 1.784061813354492188e+01
1.659507560729980469e+01 1.007578506469726562e+02 8.291744995117187500e+01 1.784039306640625000e+01
1.661548423767089844e+01 1.007371978759765625e+02 8.291646575927734375e+01 1.782073402404785156e+01
1.663589477539062500e+01 1.007087097167968750e+02 8.290107727050781250e+01 1.780764007568359375e+01
1.665630149841308594e+01 1.007092971801757812e+02 8.291448211669921875e+01 1.779483032226562500e+01
1.667671203613281250e+01 1.006981735229492188e+02 8.291348266601562500e+01 1.778470802307128906e+01
1.669711875915527344e+01 1.006659469604492188e+02 8.289817047119140625e+01 1.776777648925781250e+01
1.671752929687500000e+01 1.006556701660156250e+02 8.289720153808593750e+01 1.775847244262695312e+01
1.673793601989746094e+01 1.006578750610351562e+02 8.291054534912109375e+01 1.774731636047363281e+01
1.675834465026855469e+01 1.006403732299804688e+02 8.290957641601562500e+01 1.773079872131347656e+01
1.677875518798828125e+01 1.006288986206054688e+02 8.290859985351562500e+01 1.772031211853027344e+01
1.679916191101074219e+01 1.006239700317382812e+02 8.292188262939453125e+01 1.770208740234375000e+01
1.681957244873046875e+01 1.006140136718750000e+02 8.292089843750000000e+01 1.769313621520996094e+01
1.683997917175292969e+01 1.005725631713867188e+02 8.290568542480468750e+01 1.766687393188476562e+01
1.686038970947265625e+01 1.005596466064453125e+02 8.290471649169921875e+01 1.765493202209472656e+01
1.688079643249511719e+01 1.005738677978515625e+02 8.291794586181640625e+01 1.765591049194335938e+01
1.690120697021484375e+01 1.005367126464843750e+02 8.290280151367187500e+01 1.763391876220703125e+01
1.692161369323730469e+01 1.005408477783203125e+02 8.291600036621093750e+01 1.762484359741210938e+01
1.694202423095703125e+01 1.005067214965820312e+02 8.290088653564453125e+01 1.760582542419433594e+01
1.696243286132812500e+01 1.005019378662109375e+02 8.291405487060546875e+01 1.758788299560546875e+01
1.698283958435058594e+01 1.005143737792968750e+02 8.292718505859375000e+01 1.758718872070312500e+01
1.700325012207031250e+01 1.004808502197265625e+02 8.291210937500000000e+01 1.756875038146972656e+01
1.702365684509277344e+01 1.004614105224609375e+02 8.291116333007812500e+01 1.755025291442871094e+01
1.704406738281250000e+01 1.004435577392578125e+02 8.291018676757812500e+01 1.753337287902832031e+01
1.706447410583496094e+01 1.004372940063476562e+02 8.290924835205078125e+01 1.752806282043457031e+01
1.708488464355468750e+01 1.004204177856445312e+02 8.290827941894531250e+01 1.751213836669921875e+01
1.710529327392578125e+01 1.004009017944335938e+02 8.290733337402343750e+01 1.749357223510742188e+01
1.712570381164550781e+01 1.003997879028320312e+02 8.290637969970703125e+01 1.749339866638183594e+01
1.714611053466796875e+01 1.003802566528320312e+02 8.290543365478515625e+01 1.747481727600097656e+01
1.716652107238769531e+01 1.003748092651367188e+02 8.291841888427734375e+01 1.745638656616210938e+01
1.718692779541015625e+01 1.003733596801757812e+02 8.291747283935546875e+01 1.745587348937988281e+01
1.720733833312988281e+01 1.003541717529296875e+02 8.291649627685546875e+01 1.743767547607421875e+01
1.722774505615234375e+01 1.003213272094726562e+02 8.290166473388671875e+01 1.741965103149414062e+01
1.724815368652343750e+01 1.002977371215820312e+02 8.288684844970703125e+01 1.741088294982910156e+01
1.726856231689453125e+01 1.003023834228515625e+02 8.289978027343750000e+01 1.740260505676269531e+01
1.728897094726562500e+01 1.002525100708007812e+02 8.287116241455078125e+01 1.738134956359863281e+01
1.730938148498535156e+01 1.002601928710937500e+02 8.288407897949218750e+01 1.737609863281250000e+01
1.732978820800781250e+01 1.002504730224609375e+02 8.288317871093750000e+01 1.736728286743164062e+01
1.735019874572753906e+01 1.002338638305664062e+02 8.288226318359375000e+01 1.735160255432128906e+01
1.737060546875000000e+01 1.002149658203125000e+02 8.288136291503906250e+01 1.733358764648437500e+01
1.739101600646972656e+01 1.002067413330078125e+02 8.288044738769531250e+01 1.732628059387207031e+01
1.741142272949218750e+01 1.001849060058593750e+02 8.286579895019531250e+01 1.731911468505859375e+01
1.743183326721191406e+01 1.001521682739257812e+02 8.285116577148437500e+01 1.730100440979003906e+01
1.745224189758300781e+01 1.001453781127929688e+02 8.285031127929687500e+01 1.729507827758789062e+01
1.747264862060546875e+01 1.001127777099609375e+02 8.283575439453125000e+01 1.727703285217285156e+01
1.749305915832519531e+01 1.001037673950195312e+02 8.283489227294921875e+01 1.726888656616210938e+01
1.751346588134765625e+01 1.000815734863281250e+02 8.282039642333984375e+01 1.726118469238281250e+01
1.753387641906738281e+01 1.000638198852539062e+02 8.281954956054687500e+01 1.724426651000976562e+01
1.755428314208984375e+01 1.000477600097656250e+02 8.281873321533203125e+01 1.722903823852539062e+01
1.757469367980957031e+01 1.000471649169921875e+02 8.281789398193359375e+01 1.722926330566406250e+01
1.759510231018066406e+01 1.000164718627929688e+02 8.280346679687500000e+01 1.721300125122070312e+01
1.761551284790039062e+01 9.999923706054687500e+01 8.280265808105468750e+01 1.719658660888671875e+01
1.763591957092285156e+01 9.999794769287109375e+01 8.280186462402343750e+01 1.719607734680175781e+01
1.765633010864257812e+01 9.996856689453125000e+01 8.278750610351562500e+01 1.718106460571289062e+01
1.767673683166503906e+01 9.993814086914062500e+01 8.277318572998046875e+01 1.716493797302246094e+01
1.769714355468750000e+01 9.994149017333984375e+01 8.278594970703125000e+01 1.715555000305175781e+01
1.771755409240722656e+01 9.992399597167968750e+01 8.278515625000000000e+01 1.713883781433105469e+01
1.773796081542968750e+01 9.991532135009765625e+01 8.278438568115234375e+01 1.713093185424804688e+01
1.775837135314941406e+01 9.990557098388671875e+01 8.278359985351562500e+01 1.712197303771972656e+01
1.777877998352050781e+01 9.988854980468750000e+01 8.278283691406250000e+01 1.710571479797363281e+01
1.779919052124023438e+01 9.986430358886718750e+01 8.276860809326171875e+01 1.709569931030273438e+01
1.781959724426269531e+01 9.984736633300781250e+01 8.276786804199218750e+01 1.707950973510742188e+01
1.784000778198242188e+01 9.982354736328125000e+01 8.275368499755859375e+01 1.706985473632812500e+01
1.786041450500488281e+01 9.981500244140625000e+01 8.275294494628906250e+01 1.706206703186035156e+01
1.788082504272460938e+01 9.979489898681640625e+01 8.275221252441406250e+01 1.704268646240234375e+01
1.790123176574707031e+01 9.978411102294921875e+01 8.275148010253906250e+01 1.703262519836425781e+01
1.792164039611816406e+01 9.976501464843750000e+01 8.275076293945312500e+01 1.701425743103027344e+01
1.794205093383789062e+01 9.975688171386718750e+01 8.275001525878906250e+01 1.700687217712402344e+01
1.796245765686035156e+01 9.973152160644531250e+01 8.273596954345703125e+01 1.699556159973144531e+01
1.798286819458007812e+01 9.971376800537109375e+01 8.273525238037109375e+01 1.697852706909179688e+01
1.800327491760253906e+01 9.970097351074218750e+01 8.273454284667968750e+01 1.696643829345703125e+01
1.802368545532226562e+01 9.969152069091796875e+01 8.273383331298828125e+01 1.695770454406738281e+01
1.804409217834472656e+01 9.965931701660156250e+01 8.271986389160156250e+01 1.693945884704589844e+01
1.806450271606445312e+01 9.964871978759765625e+01 8.271916961669921875e+01 1.692955970764160156e+01
1.808491134643554688e+01 9.962445068359375000e+01 8.270524597167968750e+01 1.691919708251953125e+01
1.810531997680664062e+01 9.961927795410156250e+01 8.271778869628906250e+01 1.690148162841796875e+01
1.812572860717773438e+01 9.960968017578125000e+01 8.271710968017578125e+01 1.689256668090820312e+01
1.814613533020019531e+01 9.959541320800781250e+01 8.271643829345703125e+01 1.687898635864257812e+01
1.816654586791992188e+01 9.957923126220703125e+01 8.271573638916015625e+01 1.686350250244140625e+01
1.818695259094238281e+01 9.955482482910156250e+01 8.270190429687500000e+01 1.685291290283203125e+01
1.820736312866210938e+01 9.954478454589843750e+01 8.270122528076171875e+01 1.684356689453125000e+01
1.822776985168457031e+01 9.948663330078125000e+01 8.266117858886718750e+01 1.682546615600585938e+01
1.824818038940429688e+01 9.951593017578125000e+01 8.269990539550781250e+01 1.681602478027343750e+01
1.826858901977539062e+01 9.947958374023437500e+01 8.267304992675781250e+01 1.680653953552246094e+01
1.828899955749511719e+01 9.946128082275390625e+01 8.267241668701171875e+01 1.678886032104492188e+01
1.830940628051757812e+01 9.944336700439453125e+01 8.267178344726562500e+01 1.677159881591796875e+01
1.832981681823730469e+01 9.944165802001953125e+01 8.267115783691406250e+01 1.677049446105957031e+01
1.835022354125976562e+01 9.940946197509765625e+01 8.265748596191406250e+01 1.675198173522949219e+01
1.837063026428222656e+01 9.939223480224609375e+01 8.265688323974609375e+01 1.673534774780273438e+01
1.839104080200195312e+01 9.939094543457031250e+01 8.265627288818359375e+01 1.673468017578125000e+01
1.841144943237304688e+01 9.935949707031250000e+01 8.264266967773437500e+01 1.671681404113769531e+01
1.843185997009277344e+01 9.934312438964843750e+01 8.264207458496093750e+01 1.670104980468750000e+01
1.845226669311523438e+01 9.933434295654296875e+01 8.264147949218750000e+01 1.669285964965820312e+01
1.847267723083496094e+01 9.931126403808593750e+01 8.262793731689453125e+01 1.668333244323730469e+01
1.849308395385742188e+01 9.928156280517578125e+01 8.261441802978515625e+01 1.666713905334472656e+01
1.851349449157714844e+01 9.927285766601562500e+01 8.261384582519531250e+01 1.665900802612304688e+01
1.853390121459960938e+01 9.924916076660156250e+01 8.260039520263671875e+01 1.664876556396484375e+01
1.855431175231933594e+01 9.923246765136718750e+01 8.259983825683593750e+01 1.663262939453125000e+01
1.857471847534179688e+01 9.921197509765625000e+01 8.258641815185546875e+01 1.662554740905761719e+01
1.859512901306152344e+01 9.920227813720703125e+01 8.258589172363281250e+01 1.661638641357421875e+01
1.861553764343261719e+01 9.917871856689453125e+01 8.258536529541015625e+01 1.659334182739257812e+01
1.863594436645507812e+01 9.916487884521484375e+01 8.257201385498046875e+01 1.659285736083984375e+01
1.865635490417480469e+01 9.914898681640625000e+01 8.257149505615234375e+01 1.657748794555664062e+01
1.867676162719726562e+01 9.914085388183593750e+01 8.257099914550781250e+01 1.656986045837402344e+01
1.869717216491699219e+01 9.913182830810546875e+01 8.257048034667968750e+01 1.656133079528808594e+01
1.871757888793945312e+01 9.911695098876953125e+01 8.256999206542968750e+01 1.654695701599121094e+01
1.873798942565917969e+01 9.910237121582031250e+01 8.256948089599609375e+01 1.653289222717285156e+01
1.875839805603027344e+01 9.910255432128906250e+01 8.256898498535156250e+01 1.653359222412109375e+01
1.877880859375000000e+01 9.908982086181640625e+01 8.256848144531250000e+01 1.652137374877929688e+01
1.879921531677246094e+01 9.907366943359375000e+01 8.256798553466796875e+01 1.650569343566894531e+01
1.881962585449218750e+01 9.907727813720703125e+01 8.258020019531250000e+01 1.649709701538085938e+01
1.884003257751464844e+01 9.906012725830078125e+01 8.257969665527343750e+01 1.648043823242187500e+01
1.886043930053710938e+01 9.905029296875000000e+01 8.257919311523437500e+01 1.647111701965332031e+01
1.888084983825683594e+01 9.905269622802734375e+01 8.259136199951171875e+01 1.646133041381835938e+01
1.890125846862792969e+01 9.904755401611328125e+01 8.260350799560546875e+01 1.644405555725097656e+01
1.892166900634765625e+01 9.904350280761718750e+01 8.261561584472656250e+01 1.642788314819335938e+01
1.894207572937011719e+01 9.905500793457031250e+01 8.262771606445312500e+01 1.642729187011718750e+01
1.896248626708984375e+01 9.906341552734375000e+01 8.265239715576171875e+01 1.641101837158203125e+01
1.898289299011230469e+01 9.909181213378906250e+01 8.268965911865234375e+01 1.640214920043945312e+01
1.900330352783203125e+01 9.910877227783203125e+01 8.271421813964843750e+01 1.639455795288085938e+01
1.902371025085449219e+01 9.915570831298828125e+01 8.277650451660156250e+01 1.637920951843261719e+01
1.904412078857421875e+01 9.919876861572265625e+01 8.282605743408203125e+01 1.637271690368652344e+01
1.906452751159667969e+01 9.924348449707031250e+01 8.287551879882812500e+01 1.636796379089355469e+01
1.908493614196777344e+01 9.930113220214843750e+01 8.293742370605468750e+01 1.636370468139648438e+01
1.910534667968750000e+01 9.936769866943359375e+01 8.301171112060546875e+01 1.635598945617675781e+01
1.912575340270996094e+01 9.942620086669921875e+01 8.306082153320312500e+01 1.636537361145019531e+01
1.914616394042968750e+01 9.945629119873046875e+01 8.308480834960937500e+01 1.637150192260742188e+01
1.916657066345214844e+01 9.944110107421875000e+01 8.305879974365234375e+01 1.638231277465820312e+01
1.918698120117187500e+01 9.936818695068359375e+01 8.298291778564453125e+01 1.638526725769042969e+01
1.920738792419433594e+01 9.925442504882812500e+01 8.286982727050781250e+01 1.638460350036621094e+01
1.922779846191406250e+01 9.912935638427734375e+01 8.274449920654296875e+01 1.638486671447753906e+01
1.924820709228515625e+01 9.900397491455078125e+01 8.263190460205078125e+01 1.637207221984863281e+01
1.926861763000488281e+01 9.889825439453125000e+01 8.254437255859375000e+01 1.635389709472656250e+01
1.928902435302734375e+01 9.881516265869140625e+01 8.248186492919921875e+01 1.633330154418945312e+01
1.930943107604980469e+01 9.874340057373046875e+01 8.241949462890625000e+01 1.632389450073242188e+01
1.932984161376953125e+01 9.868053436279296875e+01 8.236962127685546875e+01 1.631091308593750000e+01
1.935024833679199219e+01 9.862167358398437500e+01 8.231986236572265625e+01 1.630182075500488281e+01
1.937065887451171875e+01 9.856410980224609375e+01 8.227020263671875000e+01 1.629392051696777344e+01
1.939106750488281250e+01 9.853082275390625000e+01 8.224534606933593750e+01 1.628547859191894531e+01
1.941147613525390625e+01 9.854467773437500000e+01 8.225752258300781250e+01 1.628715324401855469e+01
1.943188476562500000e+01 9.854174804687500000e+01 8.226969909667968750e+01 1.627206420898437500e+01
1.945229530334472656e+01 9.852772521972656250e+01 8.228182983398437500e+01 1.624588394165039062e+01
1.947270202636718750e+01 9.846469879150390625e+01 8.225707244873046875e+01 1.620762252807617188e+01
1.949311256408691406e+01 9.837249755859375000e+01 8.222006988525390625e+01 1.615242576599121094e+01
1.951351928710937500e+01 9.835850524902343750e+01 8.223221588134765625e+01 1.612631034851074219e+01
1.953392601013183594e+01 9.837275695800781250e+01 8.225659942626953125e+01 1.611616325378417969e+01
1.955433654785156250e+01 9.833393859863281250e+01 8.223195648193359375e+01 1.610198783874511719e+01
1.957474517822265625e+01 9.826591491699218750e+01 8.218291473388671875e+01 1.608299255371093750e+01
1.959515571594238281e+01 9.824276733398437500e+01 8.215840148925781250e+01 1.608436965942382812e+01
1.961556243896484375e+01 9.818949127197265625e+01 8.212174987792968750e+01 1.606772232055664062e+01
1.963597297668457031e+01 9.815520477294921875e+01 8.209735107421875000e+01 1.605786132812500000e+01
1.965637969970703125e+01 9.809317016601562500e+01 8.204864501953125000e+01 1.604453468322753906e+01
1.967679023742675781e+01 9.801752471923828125e+01 8.200003814697265625e+01 1.601749038696289062e+01
1.969719696044921875e+01 9.796150207519531250e+01 8.196369171142578125e+01 1.599781131744384766e+01
1.971760749816894531e+01 9.794276428222656250e+01 8.195169067382812500e+01 1.599106884002685547e+01
1.973801612854003906e+01 9.798523712158203125e+01 8.200038146972656250e+01 1.598486900329589844e+01
1.975842666625976562e+01 9.802423095703125000e+01 8.203682708740234375e+01 1.598741436004638672e+01
1.977883338928222656e+01 9.801546478271484375e+01 8.202481079101562500e+01 1.599064159393310547e+01
1.979924011230468750e+01 9.798497009277343750e+01 8.201281738281250000e+01 1.597214317321777344e+01
1.981965065002441406e+01 9.795155334472656250e+01 8.200082397460937500e+01 1.595073604583740234e+01
1.984005737304687500e+01 9.792117309570312500e+01 8.198887634277343750e+01 1.593228244781494141e+01
1.986046791076660156e+01 9.788137054443359375e+01 8.197693634033203125e+01 1.590442276000976562e+01
1.988087463378906250e+01 9.785906219482421875e+01 8.196504211425781250e+01 1.589402580261230469e+01
1.990128517150878906e+01 9.781191253662109375e+01 8.194111633300781250e+01 1.587079048156738281e+01
1.992169380187988281e+01 9.778624725341796875e+01 8.192928314208984375e+01 1.585696220397949219e+01
1.994210433959960938e+01 9.777519989013671875e+01 8.192945861816406250e+01 1.584574222564697266e+01
1.996251106262207031e+01 9.773382568359375000e+01 8.190567016601562500e+01 1.582816028594970703e+01
1.998292160034179688e+01 9.766274261474609375e+01 8.185794830322265625e+01 1.580481052398681641e+01
2.000332832336425781e+01 9.759641265869140625e+01 8.181033325195312500e+01 1.578608989715576172e+01
2.002373504638671875e+01 9.757381439208984375e+01 8.178673553466796875e+01 1.578707408905029297e+01
2.004414558410644531e+01 9.758246612548828125e+01 8.178705596923828125e+01 1.579541015625000000e+01
2.006455421447753906e+01 9.759077453613281250e+01 8.178739166259765625e+01 1.580337905883789062e+01
2.008496475219726562e+01 9.760351562500000000e+01 8.179963684082031250e+01 1.580388450622558594e+01
2.010537147521972656e+01 9.761466979980468750e+01 8.181185913085937500e+01 1.580280113220214844e+01
2.012578201293945312e+01 9.759734344482421875e+01 8.180025482177734375e+01 1.579707622528076172e+01
2.014618873596191406e+01 9.756223297119140625e+01 8.177680969238281250e+01 1.578540706634521484e+01
2.016659927368164062e+01 9.749432373046875000e+01 8.172965240478515625e+01 1.576470088958740234e+01
2.018700599670410156e+01 9.743354797363281250e+01 8.168260955810546875e+01 1.575092506408691406e+01
2.020741653442382812e+01 9.737948608398437500e+01 8.164749908447265625e+01 1.573198890686035156e+01
2.022782516479492188e+01 9.734017181396484375e+01 8.162429809570312500e+01 1.571588039398193359e+01
2.024823188781738281e+01 9.730928802490234375e+01 8.161296844482421875e+01 1.569632625579833984e+01
2.026864242553710938e+01 9.728490447998046875e+01 8.160165405273437500e+01 1.568326473236083984e+01
2.028904914855957031e+01 9.726075744628906250e+01 8.159036254882812500e+01 1.567038345336914062e+01
2.030945968627929688e+01 9.724843597412109375e+01 8.159087371826171875e+01 1.565758419036865234e+01
2.032986640930175781e+01 9.723622131347656250e+01 8.159140777587890625e+01 1.564482021331787109e+01
2.035027694702148438e+01 9.723266601562500000e+01 8.159191894531250000e+01 1.564074134826660156e+01
2.037068367004394531e+01 9.718799591064453125e+01 8.156893920898437500e+01 1.561905097961425781e+01
2.039109420776367188e+01 9.715143585205078125e+01 8.154599761962890625e+01 1.560544300079345703e+01
2.041150283813476562e+01 9.715530395507812500e+01 8.155828857421875000e+01 1.559702110290527344e+01
2.043191337585449219e+01 9.712856292724609375e+01 8.154711151123046875e+01 1.558146476745605469e+01
2.045232009887695312e+01 9.709301757812500000e+01 8.152426910400390625e+01 1.556875038146972656e+01
2.047272682189941406e+01 9.707567596435546875e+01 8.151317596435546875e+01 1.556250190734863281e+01
2.049313735961914062e+01 9.703699493408203125e+01 8.149039459228515625e+01 1.554659271240234375e+01
2.051354408264160156e+01 9.702125549316406250e+01 8.149101257324218750e+01 1.553022289276123047e+01
2.053395462036132812e+01 9.701969909667968750e+01 8.149162292480468750e+01 1.552807807922363281e+01
2.055436325073242188e+01 9.705337524414062500e+01 8.151554107666015625e+01 1.553781795501708984e+01
2.057477378845214844e+01 9.703456115722656250e+01 8.148120880126953125e+01 1.555334949493408203e+01
2.059518051147460938e+01 9.697987365722656250e+01 8.144696807861328125e+01 1.553290557861328125e+01
2.061559104919433594e+01 9.693613433837890625e+01 8.141278076171875000e+01 1.552334117889404297e+01
2.063599777221679688e+01 9.691914367675781250e+01 8.140187835693359375e+01 1.551727962493896484e+01
2.065640830993652344e+01 9.690875244140625000e+01 8.140256500244140625e+01 1.550617980957031250e+01
2.067681503295898438e+01 9.689252471923828125e+01 8.139169311523437500e+01 1.550082778930664062e+01
2.069722366333007812e+01 9.685971069335937500e+01 8.136927032470703125e+01 1.549043369293212891e+01
2.071763229370117188e+01 9.680776977539062500e+01 8.133532714843750000e+01 1.547244548797607422e+01
2.073804092407226562e+01 9.676093292236328125e+01 8.130146789550781250e+01 1.545945644378662109e+01
2.075845146179199219e+01 9.675200653076171875e+01 8.130225372314453125e+01 1.544975757598876953e+01
2.077885818481445312e+01 9.670387268066406250e+01 8.128000640869140625e+01 1.542386531829833984e+01
2.079926872253417969e+01 9.665755462646484375e+01 8.124629211425781250e+01 1.541125202178955078e+01
2.081967544555664062e+01 9.661800384521484375e+01 8.122415161132812500e+01 1.539387607574462891e+01
2.084008598327636719e+01 9.658516693115234375e+01 8.120202636718750000e+01 1.538314628601074219e+01
2.086049270629882812e+01 9.654113006591796875e+01 8.117996978759765625e+01 1.536116981506347656e+01
2.088090324401855469e+01 9.647896575927734375e+01 8.115794372558593750e+01 1.532104206085205078e+01
2.090131187438964844e+01 9.642848205566406250e+01 8.113597106933593750e+01 1.529251098632812500e+01
2.092171859741210938e+01 9.638068389892578125e+01 8.111404418945312500e+01 1.526664352416992188e+01
2.094212913513183594e+01 9.633110046386718750e+01 8.108071136474609375e+01 1.525039291381835938e+01
2.096253585815429688e+01 9.632114410400390625e+01 8.107029724121093750e+01 1.525083351135253906e+01
2.098294639587402344e+01 9.630516052246093750e+01 8.104848480224609375e+01 1.525667190551757812e+01
2.100335311889648438e+01 9.630909729003906250e+01 8.104952239990234375e+01 1.525956344604492188e+01
2.102376365661621094e+01 9.629418182373046875e+01 8.103915405273437500e+01 1.525502490997314453e+01
2.104417228698730469e+01 9.627447509765625000e+01 8.101744842529296875e+01 1.525703048706054688e+01
2.106458282470703125e+01 9.626142120361328125e+01 8.100712585449218750e+01 1.525428581237792969e+01
2.108498954772949219e+01 9.624157714843750000e+01 8.098549652099609375e+01 1.525609207153320312e+01
2.110540008544921875e+01 9.622354888916015625e+01 8.097523498535156250e+01 1.524832248687744141e+01
2.112580680847167969e+01 9.620645141601562500e+01 8.096500396728515625e+01 1.524144554138183594e+01
2.114621734619140625e+01 9.617928314208984375e+01 8.093214416503906250e+01 1.524714660644531250e+01
2.116662406921386719e+01 9.613577270507812500e+01 8.091065216064453125e+01 1.522512054443359375e+01
2.118703079223632812e+01 9.607541656494140625e+01 8.087792205810546875e+01 1.519749259948730469e+01
2.120744132995605469e+01 9.604757690429687500e+01 8.085652160644531250e+01 1.519107151031494141e+01
2.122784996032714844e+01 9.603147125244140625e+01 8.083518218994140625e+01 1.519629001617431641e+01
2.124826049804687500e+01 9.601981353759765625e+01 8.082512664794921875e+01 1.519470119476318359e+01
2.126866722106933594e+01 9.606219482421875000e+01 8.086013031005859375e+01 1.520206165313720703e+01
2.128907775878906250e+01 9.609976196289062500e+01 8.088381195068359375e+01 1.521594715118408203e+01
2.130948448181152344e+01 9.609681701660156250e+01 8.086251831054687500e+01 1.523429107666015625e+01
2.132989501953125000e+01 9.607356262207031250e+01 8.080759429931640625e+01 1.526596736907958984e+01
2.135030174255371094e+01 9.604470062255859375e+01 8.075277709960937500e+01 1.529190921783447266e+01
2.137071228027343750e+01 9.604628753662109375e+01 8.072045898437500000e+01 1.532582569122314453e+01
2.139112091064453125e+01 9.604392242431640625e+01 8.069940948486328125e+01 1.534451389312744141e+01
2.141152763366699219e+01 9.604409027099609375e+01 8.070076751708984375e+01 1.534334087371826172e+01
2.143193817138671875e+01 9.603247833251953125e+01 8.073561096191406250e+01 1.529686737060546875e+01
2.145234489440917969e+01 9.598509216308593750e+01 8.074807739257812500e+01 1.523699665069580078e+01
2.147275543212890625e+01 9.595388031005859375e+01 8.078280639648437500e+01 1.517110157012939453e+01
2.149316215515136719e+01 9.587206268310546875e+01 8.077293395996093750e+01 1.509912967681884766e+01
2.151357269287109375e+01 9.580281829833984375e+01 8.076306152343750000e+01 1.503975200653076172e+01
2.153398132324218750e+01 9.575662994384765625e+01 8.076435089111328125e+01 1.499226188659667969e+01
2.155438995361328125e+01 9.570703887939453125e+01 8.073229980468750000e+01 1.497473049163818359e+01
2.157479858398437500e+01 9.566651153564453125e+01 8.070032501220703125e+01 1.496617794036865234e+01
2.159520912170410156e+01 9.564312744140625000e+01 8.066838836669921875e+01 1.497474575042724609e+01
2.161561584472656250e+01 9.559748077392578125e+01 8.063652801513671875e+01 1.496096992492675781e+01
2.163602256774902344e+01 9.547267150878906250e+01 8.059366607666015625e+01 1.487898731231689453e+01
2.165643310546875000e+01 9.538826751708984375e+01 8.058403015136718750e+01 1.480426120758056641e+01
2.167683982849121094e+01 9.539440917968750000e+01 8.059651947021484375e+01 1.479791450500488281e+01
2.169725036621093750e+01 9.543533325195312500e+01 8.058689880371093750e+01 1.484843730926513672e+01
2.171765899658203125e+01 9.541857147216796875e+01 8.053322601318359375e+01 1.488533306121826172e+01
2.173806953430175781e+01 9.539250183105468750e+01 8.053469848632812500e+01 1.485778808593750000e+01
2.175847625732421875e+01 9.542525482177734375e+01 8.056918334960937500e+01 1.485607814788818359e+01
2.177888679504394531e+01 9.540238189697265625e+01 8.057061767578125000e+01 1.483176708221435547e+01
2.179929351806640625e+01 9.537146759033203125e+01 8.056108093261718750e+01 1.481039142608642578e+01
2.181970405578613281e+01 9.534851074218750000e+01 8.055155181884765625e+01 1.479694271087646484e+01
2.184011077880859375e+01 9.532388305664062500e+01 8.054205322265625000e+01 1.478183364868164062e+01
2.186051940917968750e+01 9.529725646972656250e+01 8.054352569580078125e+01 1.475372409820556641e+01
2.188092994689941406e+01 9.527105712890625000e+01 8.053403472900390625e+01 1.473701095581054688e+01
2.190133666992187500e+01 9.526236724853515625e+01 8.053550720214843750e+01 1.472685432434082031e+01
2.192174720764160156e+01 9.526771545410156250e+01 8.053696441650390625e+01 1.473073959350585938e+01
2.194215393066406250e+01 9.527693176269531250e+01 8.053843688964843750e+01 1.473849010467529297e+01
2.196256446838378906e+01 9.525346374511718750e+01 8.053987884521484375e+01 1.471358203887939453e+01
2.198297119140625000e+01 9.522221374511718750e+01 8.054135131835937500e+01 1.468084812164306641e+01
2.200338172912597656e+01 9.515917205810546875e+01 8.049927520751953125e+01 1.465987491607666016e+01
2.202378845214843750e+01 9.508905029296875000e+01 8.044643402099609375e+01 1.464260959625244141e+01
2.204419898986816406e+01 9.503750610351562500e+01 8.039366149902343750e+01 1.464384937286376953e+01
2.206460762023925781e+01 9.505278015136718750e+01 8.039525604248046875e+01 1.465752029418945312e+01
2.208501434326171875e+01 9.507207489013671875e+01 8.040767669677734375e+01 1.466438961029052734e+01
2.210542488098144531e+01 9.504524993896484375e+01 8.038758850097656250e+01 1.465765094757080078e+01
2.212583160400390625e+01 9.499809265136718750e+01 8.035672760009765625e+01 1.464136409759521484e+01
2.214624214172363281e+01 9.491880798339843750e+01 8.030427551269531250e+01 1.461453723907470703e+01
2.216664886474609375e+01 9.486087036132812500e+01 8.027355957031250000e+01 1.458732223510742188e+01
2.218705940246582031e+01 9.483299255371093750e+01 8.027523803710937500e+01 1.455773353576660156e+01
2.220746803283691406e+01 9.482778167724609375e+01 8.027692413330078125e+01 1.455086517333984375e+01
2.222787857055664062e+01 9.481328582763671875e+01 8.025706481933593750e+01 1.455622863769531250e+01
2.224828529357910156e+01 9.478816223144531250e+01 8.023724365234375000e+01 1.455091476440429688e+01
2.226869583129882812e+01 9.477053070068359375e+01 8.022819519042968750e+01 1.454234027862548828e+01
2.228910255432128906e+01 9.477204132080078125e+01 8.024066925048828125e+01 1.453136634826660156e+01
2.230951309204101562e+01 9.477696990966796875e+01 8.024237823486328125e+01 1.453458786010742188e+01
2.232991981506347656e+01 9.476203918457031250e+01 8.021192169189453125e+01 1.455009746551513672e+01
2.235032844543457031e+01 9.474387359619140625e+01 8.018152618408203125e+01 1.456233787536621094e+01
2.237073898315429688e+01 9.471589660644531250e+01 8.015117645263671875e+01 1.456472110748291016e+01
2.239114570617675781e+01 9.469657135009765625e+01 8.013158416748046875e+01 1.456498908996582031e+01
2.241155624389648438e+01 9.469907379150390625e+01 8.011201477050781250e+01 1.458705997467041016e+01
2.243196296691894531e+01 9.473235321044921875e+01 8.010315704345703125e+01 1.462921428680419922e+01
2.245237350463867188e+01 9.474240112304687500e+01 8.007300567626953125e+01 1.466940593719482422e+01
2.247278022766113281e+01 9.474516296386718750e+01 8.005354309082031250e+01 1.469161891937255859e+01
2.249319076538085938e+01 9.480536651611328125e+01 8.006604766845703125e+01 1.473932075500488281e+01
2.251359748840332031e+01 9.486999511718750000e+01 8.005726623535156250e+01 1.481272315979003906e+01
2.253400802612304688e+01 9.482296752929687500e+01 8.004850006103515625e+01 1.477445983886718750e+01
2.255441665649414062e+01 9.480590820312500000e+01 8.008221435546875000e+01 1.472368907928466797e+01
2.257482337951660156e+01 9.475409698486328125e+01 8.006284332275390625e+01 1.469125556945800781e+01
2.259523391723632812e+01 9.469760131835937500e+01 8.008587646484375000e+01 1.461171722412109375e+01
2.261564064025878906e+01 9.465872955322265625e+01 8.009828948974609375e+01 1.456043529510498047e+01
2.263605117797851562e+01 9.460211944580078125e+01 8.005780029296875000e+01 1.454431056976318359e+01
2.265645790100097656e+01 9.455984497070312500e+01 8.000681304931640625e+01 1.455302906036376953e+01
2.267686843872070312e+01 9.450148773193359375e+01 7.997703552246093750e+01 1.452444744110107422e+01
2.269727706909179688e+01 9.441345214843750000e+01 7.997895812988281250e+01 1.443448352813720703e+01
2.271768760681152344e+01 9.440404510498046875e+01 8.002300262451171875e+01 1.438105106353759766e+01
2.273809432983398438e+01 9.441152954101562500e+01 8.005648040771484375e+01 1.435505104064941406e+01
2.275850486755371094e+01 9.434509277343750000e+01 8.000570678710937500e+01 1.433938789367675781e+01
2.277891159057617188e+01 9.423174285888671875e+01 7.989200592041015625e+01 1.433972454071044922e+01
2.279931831359863281e+01 9.414508819580078125e+01 7.984149169921875000e+01 1.430359458923339844e+01
2.281972885131835938e+01 9.410273742675781250e+01 7.980155181884765625e+01 1.430118274688720703e+01
2.284013748168945312e+01 9.404404449462890625e+01 7.976168823242187500e+01 1.428234386444091797e+01
2.286054801940917969e+01 9.401047515869140625e+01 7.973236083984375000e+01 1.427809906005859375e+01
2.288095474243164062e+01 9.407420349121093750e+01 7.975542449951171875e+01 1.431878566741943359e+01
2.290136528015136719e+01 9.403293609619140625e+01 7.973659515380859375e+01 1.429633140563964844e+01
2.292177200317382812e+01 9.399089813232421875e+01 7.969694519042968750e+01 1.429394435882568359e+01
2.294218254089355469e+01 9.396775817871093750e+01 7.965734863281250000e+01 1.431040668487548828e+01
2.296258926391601562e+01 9.390504455566406250e+01 7.960740661621093750e+01 1.429763984680175781e+01
2.298299980163574219e+01 9.386611938476562500e+01 7.956795501708984375e+01 1.429816722869873047e+01
2.300340652465820312e+01 9.376153564453125000e+01 7.951817321777343750e+01 1.424336814880371094e+01
2.302381515502929688e+01 9.377603912353515625e+01 7.955167388916015625e+01 1.422435760498046875e+01
2.304422569274902344e+01 9.374539184570312500e+01 7.953314971923828125e+01 1.421223354339599609e+01
2.306463241577148438e+01 9.376733398437500000e+01 7.955619812011718750e+01 1.421114730834960938e+01
2.308504295349121094e+01 9.378192901611328125e+01 7.955845642089843750e+01 1.422347259521484375e+01
2.310544967651367188e+01 9.378063964843750000e+01 7.956070709228515625e+01 1.421993255615234375e+01
2.312586021423339844e+01 9.371202850341796875e+01 7.952154541015625000e+01 1.419048786163330078e+01
2.314626693725585938e+01 9.363495635986328125e+01 7.948246002197265625e+01 1.415250015258789062e+01
2.316667747497558594e+01 9.358737945556640625e+01 7.947443389892578125e+01 1.411295223236083984e+01
2.318708610534667969e+01 9.355783843994140625e+01 7.946643066406250000e+01 1.409142208099365234e+01
2.320749664306640625e+01 9.353724670410156250e+01 7.944812774658203125e+01 1.408914947509765625e+01
2.322790336608886719e+01 9.349836730957031250e+01 7.942984771728515625e+01 1.406852340698242188e+01
2.324831008911132812e+01 9.348118591308593750e+01 7.943221282958984375e+01 1.404896450042724609e+01
2.326872062683105469e+01 9.346540832519531250e+01 7.944483947753906250e+01 1.402056312561035156e+01
2.328912734985351562e+01 9.344023132324218750e+01 7.943690490722656250e+01 1.400332927703857422e+01
2.330953788757324219e+01 9.344649505615234375e+01 7.944950103759765625e+01 1.399699211120605469e+01
2.332994651794433594e+01 9.342568969726562500e+01 7.943130493164062500e+01 1.399438571929931641e+01
2.335035514831542969e+01 9.342874908447265625e+01 7.945415496826171875e+01 1.397460365295410156e+01
2.337076377868652344e+01 9.340739440917968750e+01 7.943598937988281250e+01 1.397141456604003906e+01
2.339117431640625000e+01 9.338309478759765625e+01 7.942808532714843750e+01 1.395498752593994141e+01
2.341158103942871094e+01 9.340090942382812500e+01 7.945087432861328125e+01 1.395005607604980469e+01
2.343199157714843750e+01 9.338885498046875000e+01 7.945317840576171875e+01 1.393568420410156250e+01
2.345239830017089844e+01 9.335448455810546875e+01 7.943508148193359375e+01 1.391942214965820312e+01
2.347280502319335938e+01 9.333425140380859375e+01 7.941701507568359375e+01 1.391724681854248047e+01
2.349321556091308594e+01 9.333708953857421875e+01 7.941935729980468750e+01 1.391773414611816406e+01
2.351362419128417969e+01 9.335459136962890625e+01 7.943187713623046875e+01 1.392273044586181641e+01
2.353403472900390625e+01 9.337118530273437500e+01 7.944435882568359375e+01 1.392682838439941406e+01
2.355444145202636719e+01 9.336827850341796875e+01 7.944667053222656250e+01 1.392160987854003906e+01
2.357485198974609375e+01 9.335804748535156250e+01 7.942866516113281250e+01 1.392938995361328125e+01
2.359525871276855469e+01 9.335355377197265625e+01 7.942083740234375000e+01 1.393270874023437500e+01
2.361566925048828125e+01 9.329915618896484375e+01 7.939273834228515625e+01 1.390640163421630859e+01
2.363607597351074219e+01 9.333547210693359375e+01 7.941535949707031250e+01 1.392010879516601562e+01
2.365648651123046875e+01 9.334551239013671875e+01 7.941766357421875000e+01 1.392783641815185547e+01
2.367689514160156250e+01 9.329328918457031250e+01 7.937955474853515625e+01 1.391372966766357422e+01
2.369730567932128906e+01 9.338542938232421875e+01 7.943241119384765625e+01 1.395300388336181641e+01
2.371771240234375000e+01 9.339911651611328125e+01 7.943471527099609375e+01 1.396441650390625000e+01
2.373811912536621094e+01 9.338973236083984375e+01 7.940676116943359375e+01 1.398296451568603516e+01
2.375852966308593750e+01 9.329206085205078125e+01 7.933854675292968750e+01 1.395353126525878906e+01
2.377893638610839844e+01 9.323485565185546875e+01 7.931072998046875000e+01 1.392413330078125000e+01
2.379934692382812500e+01 9.319653320312500000e+01 7.930305480957031250e+01 1.389347553253173828e+01
2.381975364685058594e+01 9.311648559570312500e+01 7.926528167724609375e+01 1.385120201110839844e+01
2.384016418457031250e+01 9.315504455566406250e+01 7.924762725830078125e+01 1.390742206573486328e+01
2.386057281494140625e+01 9.303724670410156250e+01 7.911965179443359375e+01 1.391758155822753906e+01
2.388098335266113281e+01 9.293755340576171875e+01 7.905202484130859375e+01 1.388553428649902344e+01
2.390139007568359375e+01 9.286862182617187500e+01 7.903459930419921875e+01 1.383402061462402344e+01
2.392180061340332031e+01 9.290396118164062500e+01 7.905723571777343750e+01 1.384673690795898438e+01
2.394220733642578125e+01 9.290621948242187500e+01 7.905983734130859375e+01 1.384634971618652344e+01
2.396261405944824219e+01 9.285949707031250000e+01 7.902248382568359375e+01 1.383699226379394531e+01
2.398302459716796875e+01 9.283113861083984375e+01 7.898517608642578125e+01 1.384596347808837891e+01
2.400343322753906250e+01 9.268397521972656250e+01 7.888810729980468750e+01 1.379586219787597656e+01
2.402384376525878906e+01 9.271147918701171875e+01 7.891077423095703125e+01 1.380070686340332031e+01
2.404425048828125000e+01 9.282617950439453125e+01 7.896326446533203125e+01 1.386289882659912109e+01
2.406466102600097656e+01 9.289745330810546875e+01 7.903556060791015625e+01 1.386187934875488281e+01
2.408506774902343750e+01 9.298094940185546875e+01 7.907792663574218750e+01 1.390301132202148438e+01
2.410547828674316406e+01 9.313220977783203125e+01 7.915001678466796875e+01 1.398218441009521484e+01
2.412588500976562500e+01 9.321247100830078125e+01 7.916244506835937500e+01 1.405003356933593750e+01
2.414629554748535156e+01 9.319408416748046875e+01 7.909552764892578125e+01 1.409857368469238281e+01
2.416670417785644531e+01 9.324661254882812500e+01 7.916741180419921875e+01 1.407919788360595703e+01
2.418711090087890625e+01 9.312007904052734375e+01 7.904123687744140625e+01 1.407883834838867188e+01
2.420752143859863281e+01 9.314324951171875000e+01 7.899436187744140625e+01 1.414889621734619141e+01
2.422792816162109375e+01 9.300650787353515625e+01 7.889819335937500000e+01 1.410832118988037109e+01
2.424833869934082031e+01 9.289350891113281250e+01 7.882191467285156250e+01 1.407159805297851562e+01
2.426874542236328125e+01 9.285570526123046875e+01 7.877536010742187500e+01 1.408036041259765625e+01
2.428915596008300781e+01 9.287049102783203125e+01 7.874858093261718750e+01 1.412191009521484375e+01
2.430956268310546875e+01 9.280168914794921875e+01 7.872187042236328125e+01 1.407982158660888672e+01
2.432997322082519531e+01 9.277664184570312500e+01 7.873454284667968750e+01 1.404209995269775391e+01
2.435038185119628906e+01 9.272424316406250000e+01 7.874720764160156250e+01 1.397705078125000000e+01
