# NTRMN  = 67
# NTRANS = 111
13 +1.000000e+00
14 +1.321810e-12
15 +9.794230e-11
16 +0.000000e+00
17 +9.655447e-03
18 +3.678648e-02
19 +9.621156e-15
20 +2.838516e-03
21 +4.483790e-04
22 +4.292986e-03
23 +2.161807e-03
24 +2.852392e-05
25 +9.101777e-05
26 +9.136349e-02
27 +9.052448e-01
28 +4.820239e-02
29 +2.031490e-14
30 +5.050125e-01
31 +1.868894e-03
32 +1.176547e-10
33 +1.028909e-08
34 +2.138139e-09
35 +7.273290e-10
36 +1.051201e-08
37 +3.291325e-09
38 +1.683099e-14
39 +3.043294e-02
40 +1.374260e-13
41 +1.886661e-01
42 +2.267454e-01
43 +1.376630e-07
44 +1.795261e-07
45 +2.286988e-07
46 +2.635187e-02
47 +3.343288e-07
48 +5.009369e-02
49 +3.521983e-05
50 +2.015957e-08
51 +1.990749e-08
52 +9.416675e-15
53 +2.437417e-08
54 +6.345276e-08
55 +4.569739e-08
56 +3.372017e-08
57 +4.113773e-08
