## NTRMN  = 167
## NTRANS = 218
6 +1.000000e+00
7 +0.000000e+00
8 +0.000000e+00
9 +0.000000e+00
10 +0.000000e+00
11 +1.173882e-09
12 +1.304348e-10
13 +2.352875e-10
14 +1.542416e-09
15 +9.204713e-10
16 +8.839132e-01
17 +5.275776e-01
18 +5.125925e-01
19 +0.000000e+00
20 +0.000000e+00
21 +8.186955e-05
22 +3.432900e-01
23 +0.000000e+00
24 +6.035191e-02
25 +2.041929e-04
26 +3.761672e-05
27 +1.803150e-09
28 +4.935165e-05
29 +1.750973e-01
30 +1.201223e-01
31 +7.586126e-05
32 +3.486263e-01
33 +2.440955e-01
34 +1.117897e-01
35 +1.346879e-01
36 +2.720860e-01
37 +8.334753e-02
38 +5.485682e-01
39 +1.470789e-01
40 +8.502321e-07
41 +2.226710e-01
42 +6.809982e-07
43 +2.411959e-02
44 +2.126207e-02
45 +4.195411e-02
46 +4.357535e-05
47 +2.434142e-02
48 +1.536413e-06
49 +5.631397e-06
50 +1.229107e+00
51 +6.525369e-01
52 +0.000000e+00
53 +0.000000e+00
54 +6.261021e-01
55 +2.067344e-01
56 +1.093829e-04
57 +0.000000e+00
