## NTRMN  = 175
## NTRANS = 218
14 +1.000000e+00
15 +5.338733e-10
16 +3.301363e-02
17 +7.129427e-03
18 +1.046107e-02
19 +0.000000e+00
20 +0.000000e+00
21 +2.770969e-05
22 +1.262676e-02
23 +0.000000e+00
24 +1.440658e-03
25 +4.266717e-05
26 +2.876494e-04
27 +0.000000e+00
28 +6.042276e-01
29 +2.178988e-01
30 +3.511266e-02
31 +3.448239e-02
32 +1.439234e-02
33 +8.615093e-03
34 +3.598729e-03
35 +5.834553e-03
36 +1.634223e-02
37 +1.601017e-03
38 +2.140753e-01
39 +1.628376e-03
40 +3.002767e-08
41 +2.740561e-01
42 +2.912051e-08
43 +1.078216e-01
44 +3.531633e-02
45 +1.768136e-01
46 +2.392331e-04
47 +2.925647e-02
48 +9.894932e-08
49 +3.232423e-04
50 +4.924151e-02
51 +7.041041e-02
52 +0.000000e+00
53 +0.000000e+00
54 +1.641755e-01
55 +1.826289e-02
56 +1.187651e-04
57 +0.000000e+00
