## NTRMN  = 162
## NTRANS = 218
1 +1.000000e+00
2 +1.000000e+00
3 +1.000000e+00
4 +1.999983e+00
5 +1.000000e+00
6 +4.065269e-01
7 +0.000000e+00
8 +1.365982e+00
9 +1.550000e+00
10 +4.935196e-01
11 +2.000000e+00
12 +6.630435e-01
13 +1.848716e+00
14 +1.048843e+00
15 +2.000000e+00
16 +2.747586e-09
17 +3.279550e-01
18 +4.953265e-06
19 +0.000000e+00
20 +7.366104e-06
21 +7.182043e-06
22 +4.100278e-07
23 +5.082655e-06
24 +5.645829e-01
25 +9.447737e-01
26 +5.055944e-06
27 +1.735035e-05
28 +4.957411e-06
29 +0.000000e+00
30 +2.189649e-04
31 +9.310251e-01
32 +6.587858e-02
33 +0.000000e+00
34 +5.151831e-01
35 +6.229664e-01
36 +1.086631e-01
37 +1.126782e+00
38 +4.549100e-10
39 +6.303384e-01
40 +0.000000e+00
41 +2.713579e-06
42 +5.875654e-06
43 +2.840140e-01
44 +9.546406e-01
45 +5.181593e-01
46 +9.295266e-06
47 +1.126047e+00
48 +1.143562e-05
49 +9.837812e-01
50 +5.337538e-03
51 +6.416677e-03
52 +0.000000e+00
53 +0.000000e+00
54 +0.000000e+00
55 +1.716308e-03
56 +0.000000e+00
57 +0.000000e+00
