## NTRMN  = 60
## NTRANS = 111
6 +1.000000e+00
7 +0.000000e+00
8 +0.000000e+00
9 +0.000000e+00
10 +0.000000e+00
11 +1.173882e-09
12 +1.304348e-10
13 +2.352875e-10
14 +1.542416e-09
15 +9.204713e-10
16 +8.839132e-01
17 +5.275776e-01
18 +5.125925e-01
19 +0.000000e+00
20 +0.000000e+00
21 +8.186955e-05
22 +3.432900e-01
23 +0.000000e+00
24 +6.035191e-02
25 +2.041929e-04
26 +3.761620e-05
27 +9.015752e-10
28 +4.934846e-05
29 +1.750973e-01
30 +1.201223e-01
31 +7.586126e-05
32 +1.743132e-01
33 +1.220478e-01
34 +5.589486e-02
35 +6.734395e-02
36 +1.360430e-01
37 +4.167377e-02
38 +5.485681e-01
39 +1.470789e-01
40 +4.251160e-07
41 +2.226708e-01
42 +3.404991e-07
43 +1.205980e-02
44 +1.063104e-02
45 +2.097706e-02
46 +4.320727e-05
47 +1.217071e-02
48 +7.682066e-07
49 +5.626501e-06
50 +6.145546e-01
51 +3.262691e-01
52 +0.000000e+00
53 +0.000000e+00
54 +3.130515e-01
55 +1.033674e-01
56 +5.469152e-05
57 +0.000000e+00
