## NTRMN  = 174
## NTRANS = 218
13 +1.000000e+00
14 +0.000000e+00
15 +0.000000e+00
16 +0.000000e+00
17 +9.268255e-03
18 +3.661375e-02
19 +0.000000e+00
20 +2.835197e-03
21 +4.471337e-04
22 +4.340448e-03
23 +2.189066e-03
24 +2.725570e-05
25 +9.142966e-05
26 +8.850751e-02
27 +9.066626e-01
28 +4.833821e-02
29 +0.000000e+00
30 +5.082096e-01
31 +1.862049e-03
32 +5.501317e-03
33 +6.964129e-03
34 +6.839856e-03
35 +5.148554e-03
36 +1.416873e-02
37 +8.135695e-04
38 +4.453210e-09
39 +3.046633e-02
40 +2.576388e-08
41 +1.884136e-01
42 +2.258495e-01
43 +1.045022e-01
44 +5.311214e-01
45 +1.497758e-01
46 +2.677452e-02
47 +4.106666e-01
48 +4.972893e-02
49 +3.607196e-05
50 +2.060309e-02
51 +4.053036e-02
52 +0.000000e+00
53 +5.682764e-02
54 +7.430806e-02
55 +2.145213e-02
56 +5.008932e-02
57 +9.552717e-02
