## NTRMN  = 66
## NTRANS = 111
12 +1.000000e+00
13 +0.000000e+00
14 +0.000000e+00
15 +1.840943e-10
16 +1.277947e-02
17 +2.067534e-03
18 +6.172032e-03
19 +0.000000e+00
20 +0.000000e+00
21 +1.322508e-02
22 +5.129620e-04
23 +0.000000e+00
24 +3.309621e-03
25 +1.554304e-03
26 +7.744407e-01
27 +0.000000e+00
28 +1.963740e-03
29 +5.058365e-01
30 +4.250480e-02
31 +1.827567e-02
32 +1.208367e-03
33 +4.122632e-04
34 +4.497769e-03
35 +1.116154e-02
36 +1.222698e-03
37 +1.302113e-03
38 +5.753274e-02
39 +2.101126e-02
40 +1.679722e-09
41 +2.226707e-02
42 +1.234364e-08
43 +1.891642e-01
44 +1.988136e-02
45 +7.855361e-02
46 +3.070142e-01
47 +1.736104e-02
48 +9.174909e-09
49 +3.654046e-04
50 +1.305386e-02
51 +3.943717e-03
52 +0.000000e+00
53 +0.000000e+00
54 +5.771891e-03
55 +3.922653e-02
56 +1.189774e-01
57 +0.000000e+00
