## NTRMN  = 63
## NTRANS = 111
9 +1.000000e+00
10 +0.000000e+00
11 +2.826013e-10
12 +3.804348e-10
13 +0.000000e+00
14 +2.442159e-10
15 +1.178203e-09
16 +7.028708e-02
17 +1.711063e-02
18 +4.393650e-02
19 +0.000000e+00
20 +0.000000e+00
21 +6.234681e-01
22 +1.183759e-02
23 +0.000000e+00
24 +7.397976e-02
25 +3.352421e-02
26 +2.821177e-02
27 +0.000000e+00
28 +3.524661e-02
29 +1.011673e-01
30 +4.620090e-04
31 +1.034472e-03
32 +1.182050e-02
33 +5.299476e-03
34 +4.148125e-02
35 +7.722328e-02
36 +1.229391e-02
37 +2.754372e-02
38 +1.337971e-01
39 +4.464896e-03
40 +2.049239e-08
41 +1.267512e-02
42 +1.352096e-07
43 +1.561102e-02
44 +1.698939e-03
45 +1.775185e-03
46 +6.425892e-02
47 +5.041168e-04
48 +1.152407e-07
49 +2.763959e-03
50 +5.011540e-02
51 +2.422049e-02
52 +0.000000e+00
53 +0.000000e+00
54 +3.149151e-02
55 +1.336414e-01
56 +4.139983e-01
57 +0.000000e+00
