## NTRMN  = 172
## NTRANS = 218
11 +1.000000e+00
12 +0.000000e+00
13 +0.000000e+00
14 +0.000000e+00
15 +0.000000e+00
16 +0.000000e+00
17 +2.566594e-02
18 +0.000000e+00
19 +0.000000e+00
20 +0.000000e+00
21 +0.000000e+00
22 +0.000000e+00
23 +0.000000e+00
24 +3.114937e-02
25 +1.615257e-02
26 +0.000000e+00
27 +0.000000e+00
28 +0.000000e+00
29 +2.230149e-10
30 +5.544104e-02
31 +3.172380e-03
32 +6.374093e-03
33 +0.000000e+00
34 +2.098191e-02
35 +2.152506e-02
36 +4.094884e-03
37 +2.493975e-02
38 +0.000000e+00
39 +7.353941e-02
40 +0.000000e+00
41 +1.178453e-08
42 +5.083971e-08
43 +9.997344e-03
44 +3.801300e-02
45 +1.688098e-02
46 +7.875664e-08
47 +4.606819e-02
48 +7.411353e-08
49 +2.764131e-05
50 +2.228055e-02
51 +3.133455e-02
52 +0.000000e+00
53 +0.000000e+00
54 +0.000000e+00
55 +2.478645e-02
56 +0.000000e+00
57 +0.000000e+00
