## NTRMN  = 170
## NTRANS = 218
9 +1.000000e+00
10 +0.000000e+00
11 +2.826013e-10
12 +3.804348e-10
13 +0.000000e+00
14 +2.442159e-10
15 +1.178203e-09
16 +7.028708e-02
17 +1.711063e-02
18 +4.393650e-02
19 +0.000000e+00
20 +0.000000e+00
21 +6.234681e-01
22 +1.183759e-02
23 +0.000000e+00
24 +7.397976e-02
25 +3.352421e-02
26 +2.821177e-02
27 +0.000000e+00
28 +3.524661e-02
29 +1.011673e-01
30 +4.620093e-04
31 +1.034472e-03
32 +2.364097e-02
33 +1.059893e-02
34 +8.296235e-02
35 +1.544465e-01
36 +2.458776e-02
37 +5.508744e-02
38 +1.337971e-01
39 +4.464899e-03
40 +4.098477e-08
41 +1.267515e-02
42 +2.704192e-07
43 +3.122203e-02
44 +3.397872e-03
45 +3.550352e-03
46 +6.425905e-02
47 +1.008234e-03
48 +2.304813e-07
49 +2.763963e-03
50 +1.002304e-01
51 +4.844075e-02
52 +0.000000e+00
53 +0.000000e+00
54 +6.298279e-02
55 +2.672818e-01
56 +8.279952e-01
57 +0.000000e+00
