## NTRMN  = 168
## NTRANS = 218
7 +1.000000e+00
8 +0.000000e+00
9 +0.000000e+00
10 +0.000000e+00
11 +0.000000e+00
12 +0.000000e+00
13 +2.464917e-09
14 +0.000000e+00
15 +0.000000e+00
16 +0.000000e+00
17 +0.000000e+00
18 +1.987603e-05
19 +9.999941e-01
20 +1.590476e-01
21 +2.015250e-02
22 +4.735034e-01
23 +1.832706e-01
24 +0.000000e+00
25 +0.000000e+00
26 +8.850753e-03
27 +7.999966e-02
28 +7.552846e-03
29 +0.000000e+00
30 +5.786829e-09
31 +0.000000e+00
32 +3.518608e-01
33 +5.039989e-01
34 +1.113274e-01
35 +5.793269e-02
36 +2.002181e-01
37 +0.000000e+00
38 +3.937076e-07
39 +1.457462e-07
40 +7.715100e-01
41 +4.625114e-03
42 +3.127233e-02
43 +9.783909e-04
44 +2.530818e-03
45 +2.575974e-03
46 +5.360253e-04
47 +0.000000e+00
48 +4.144199e-02
49 +1.996387e-09
50 +2.637406e-03
51 +1.232950e-02
52 +1.955657e+00
53 +3.045672e-01
54 +6.200356e-02
55 +1.617727e-02
56 +9.121788e-02
57 +3.249684e-01
