## NTRMN  = 6
## NTRANS = 56
1.142887115478515625e+01 0.000000000000000000e+00 0.000000000000000000e+00 0.000000000000000000e+00
1.144927978515625000e+01 0.000000000000000000e+00 0.000000000000000000e+00 0.000000000000000000e+00
1.146968936920166016e+01 0.000000000000000000e+00 0.000000000000000000e+00 0.000000000000000000e+00
1.149009799957275391e+01 0.000000000000000000e+00 0.000000000000000000e+00 0.000000000000000000e+00
1.151050662994384766e+01 0.000000000000000000e+00 0.000000000000000000e+00 0.000000000000000000e+00
1.153091526031494141e+01 0.000000000000000000e+00 0.000000000000000000e+00 0.000000000000000000e+00
1.157173252105712891e+01 0.000000000000000000e+00 0.000000000000000000e+00 0.000000000000000000e+00
1.159214115142822266e+01 0.000000000000000000e+00 0.000000000000000000e+00 0.000000000000000000e+00
1.161254978179931641e+01 0.000000000000000000e+00 0.000000000000000000e+00 0.000000000000000000e+00
1.165336799621582031e+01 0.000000000000000000e+00 0.000000000000000000e+00 0.000000000000000000e+00
1.167377567291259766e+01 0.000000000000000000e+00 0.000000000000000000e+00 0.000000000000000000e+00
1.169418430328369141e+01 0.000000000000000000e+00 0.000000000000000000e+00 0.000000000000000000e+00
1.171459388732910156e+01 0.000000000000000000e+00 0.000000000000000000e+00 0.000000000000000000e+00
1.175541114807128906e+01 0.000000000000000000e+00 0.000000000000000000e+00 0.000000000000000000e+00
1.177581882476806641e+01 0.000000000000000000e+00 0.000000000000000000e+00 0.000000000000000000e+00
1.179622840881347656e+01 0.000000000000000000e+00 0.000000000000000000e+00 0.000000000000000000e+00
1.181663703918457031e+01 0.000000000000000000e+00 0.000000000000000000e+00 0.000000000000000000e+00
1.183704566955566406e+01 0.000000000000000000e+00 0.000000000000000000e+00 0.000000000000000000e+00
1.185745429992675781e+01 0.000000000000000000e+00 0.000000000000000000e+00 0.000000000000000000e+00
1.187786388397216797e+01 0.000000000000000000e+00 0.000000000000000000e+00 0.000000000000000000e+00
1.193908882141113281e+01 0.000000000000000000e+00 0.000000000000000000e+00 0.000000000000000000e+00
1.195949840545654297e+01 0.000000000000000000e+00 0.000000000000000000e+00 0.000000000000000000e+00
1.197990703582763672e+01 0.000000000000000000e+00 0.000000000000000000e+00 0.000000000000000000e+00
1.200031566619873047e+01 0.000000000000000000e+00 0.000000000000000000e+00 0.000000000000000000e+00
1.202072334289550781e+01 0.000000000000000000e+00 0.000000000000000000e+00 0.000000000000000000e+00
1.204113292694091797e+01 0.000000000000000000e+00 0.000000000000000000e+00 0.000000000000000000e+00
1.206154155731201172e+01 0.000000000000000000e+00 0.000000000000000000e+00 0.000000000000000000e+00
1.208195018768310547e+01 0.000000000000000000e+00 0.000000000000000000e+00 0.000000000000000000e+00
1.210235881805419922e+01 0.000000000000000000e+00 0.000000000000000000e+00 0.000000000000000000e+00
1.212276744842529297e+01 0.000000000000000000e+00 0.000000000000000000e+00 0.000000000000000000e+00
1.214317607879638672e+01 0.000000000000000000e+00 0.000000000000000000e+00 0.000000000000000000e+00
1.216358470916748047e+01 0.000000000000000000e+00 0.000000000000000000e+00 0.000000000000000000e+00
1.218399333953857422e+01 0.000000000000000000e+00 0.000000000000000000e+00 0.000000000000000000e+00
1.220440292358398438e+01 0.000000000000000000e+00 0.000000000000000000e+00 0.000000000000000000e+00
1.222481155395507812e+01 0.000000000000000000e+00 0.000000000000000000e+00 0.000000000000000000e+00
1.224521923065185547e+01 0.000000000000000000e+00 0.000000000000000000e+00 0.000000000000000000e+00
1.226562786102294922e+01 0.000000000000000000e+00 0.000000000000000000e+00 0.000000000000000000e+00
1.228603744506835938e+01 0.000000000000000000e+00 0.000000000000000000e+00 0.000000000000000000e+00
1.230644607543945312e+01 0.000000000000000000e+00 0.000000000000000000e+00 0.000000000000000000e+00
1.232685470581054688e+01 0.000000000000000000e+00 0.000000000000000000e+00 0.000000000000000000e+00
1.234726333618164062e+01 0.000000000000000000e+00 0.000000000000000000e+00 0.000000000000000000e+00
1.236767196655273438e+01 0.000000000000000000e+00 0.000000000000000000e+00 0.000000000000000000e+00
1.238808059692382812e+01 0.000000000000000000e+00 0.000000000000000000e+00 0.000000000000000000e+00
1.240848922729492188e+01 0.000000000000000000e+00 0.000000000000000000e+00 0.000000000000000000e+00
1.242889785766601562e+01 0.000000000000000000e+00 0.000000000000000000e+00 0.000000000000000000e+00
1.244930744171142578e+01 0.000000000000000000e+00 0.000000000000000000e+00 0.000000000000000000e+00
1.246971511840820312e+01 0.000000000000000000e+00 0.000000000000000000e+00 0.000000000000000000e+00
1.249012374877929688e+01 0.000000000000000000e+00 0.000000000000000000e+00 0.000000000000000000e+00
1.251053237915039062e+01 0.000000000000000000e+00 0.000000000000000000e+00 0.000000000000000000e+00
1.253094196319580078e+01 0.000000000000000000e+00 0.000000000000000000e+00 0.000000000000000000e+00
1.255135059356689453e+01 0.000000000000000000e+00 0.000000000000000000e+00 0.000000000000000000e+00
1.257175922393798828e+01 0.000000000000000000e+00 0.000000000000000000e+00 0.000000000000000000e+00
1.259216690063476562e+01 0.000000000000000000e+00 0.000000000000000000e+00 0.000000000000000000e+00
1.261257648468017578e+01 0.000000000000000000e+00 0.000000000000000000e+00 0.000000000000000000e+00
1.263298511505126953e+01 0.000000000000000000e+00 0.000000000000000000e+00 0.000000000000000000e+00
1.265339374542236328e+01 0.000000000000000000e+00 0.000000000000000000e+00 0.000000000000000000e+00
1.267380237579345703e+01 0.000000000000000000e+00 0.000000000000000000e+00 0.000000000000000000e+00
1.269421100616455078e+01 0.000000000000000000e+00 0.000000000000000000e+00 0.000000000000000000e+00
1.271461963653564453e+01 0.000000000000000000e+00 0.000000000000000000e+00 0.000000000000000000e+00
1.273502826690673828e+01 0.000000000000000000e+00 0.000000000000000000e+00 0.000000000000000000e+00
1.275543689727783203e+01 0.000000000000000000e+00 0.000000000000000000e+00 0.000000000000000000e+00
1.277584648132324219e+01 0.000000000000000000e+00 0.000000000000000000e+00 0.000000000000000000e+00
1.279625511169433594e+01 0.000000000000000000e+00 0.000000000000000000e+00 0.000000000000000000e+00
1.281666278839111328e+01 0.000000000000000000e+00 0.000000000000000000e+00 0.000000000000000000e+00
1.283707141876220703e+01 0.000000000000000000e+00 0.000000000000000000e+00 0.000000000000000000e+00
1.285748100280761719e+01 0.000000000000000000e+00 0.000000000000000000e+00 0.000000000000000000e+00
1.287788963317871094e+01 0.000000000000000000e+00 0.000000000000000000e+00 0.000000000000000000e+00
1.289829826354980469e+01 0.000000000000000000e+00 0.000000000000000000e+00 0.000000000000000000e+00
1.295952415466308594e+01 0.000000000000000000e+00 0.000000000000000000e+00 0.000000000000000000e+00
1.297993278503417969e+01 0.000000000000000000e+00 0.000000000000000000e+00 0.000000000000000000e+00
1.300034141540527344e+01 0.000000000000000000e+00 0.000000000000000000e+00 0.000000000000000000e+00
1.302075004577636719e+01 0.000000000000000000e+00 0.000000000000000000e+00 0.000000000000000000e+00
1.304115962982177734e+01 0.000000000000000000e+00 0.000000000000000000e+00 0.000000000000000000e+00
1.312279415130615234e+01 7.332534790039062500e-01 7.332534790039062500e-01 0.000000000000000000e+00
1.314320278167724609e+01 9.617033600807189941e-01 9.617033600807189941e-01 0.000000000000000000e+00
1.320442867279052734e+01 9.572441577911376953e-01 9.572441577911376953e-01 0.000000000000000000e+00
1.322483730316162109e+01 1.288837194442749023e+00 1.288837194442749023e+00 0.000000000000000000e+00
1.324524593353271484e+01 1.227207899093627930e+00 1.227207899093627930e+00 0.000000000000000000e+00
1.326565456390380859e+01 1.255095601081848145e+00 1.255095601081848145e+00 0.000000000000000000e+00
1.336769866943359375e+01 1.624273061752319336e+00 1.624273061752319336e+00 3.039190676901171173e-09
1.338810729980468750e+01 1.646830201148986816e+00 1.646830201148986816e+00 3.243913804240605714e-09
1.340851497650146484e+01 1.679138541221618652e+00 1.679138541221618652e+00 3.434811546298988105e-09
1.342892456054687500e+01 1.729174971580505371e+00 1.729174971580505371e+00 3.539443405031761358e-09
1.344933319091796875e+01 1.808428525924682617e+00 1.808428525924682617e+00 3.588915609142873109e-09
1.346974182128906250e+01 1.640404105186462402e+00 1.640404105186462402e+00 3.664522019164451194e-09
1.349015045166015625e+01 1.637922406196594238e+00 1.637922406196594238e+00 3.604301523907338378e-09
1.351055908203125000e+01 1.515846014022827148e+00 1.515846014022827148e+00 3.443809015735155299e-09
1.353096771240234375e+01 1.503829121589660645e+00 1.503829121589660645e+00 3.305605567049951787e-09
1.355137634277343750e+01 1.501564264297485352e+00 1.501564264297485352e+00 3.226602762751440423e-09
1.361260223388671875e+01 1.528223991394042969e+00 1.528223991394042969e+00 3.212090593507355152e-09
1.363301086425781250e+01 1.561933636665344238e+00 1.561933636665344238e+00 3.296012351938770735e-09
1.365341949462890625e+01 1.610445857048034668e+00 1.610445857048034668e+00 3.492051092734982376e-09
1.367382907867431641e+01 1.646558165550231934e+00 1.646558165550231934e+00 3.665928449692046343e-09
1.369423770904541016e+01 1.675570249557495117e+00 1.675570249557495117e+00 3.768188427955010411e-09
1.371464633941650391e+01 1.707987308502197266e+00 1.707987308502197266e+00 3.801304604422739430e-09
1.373505496978759766e+01 1.749022364616394043e+00 1.749022364616394043e+00 3.787063551641267622e-09
1.375546360015869141e+01 1.816911101341247559e+00 1.816911101341247559e+00 3.755706412533754701e-09
1.377587318420410156e+01 1.709084987640380859e+00 1.709084987640380859e+00 3.818676930222864030e-09
1.383709812164306641e+01 1.701522827148437500e+00 1.701522827148437500e+00 3.938243509082894889e-09
1.387791538238525391e+01 1.652534842491149902e+00 1.652531385421752930e+00 3.466667521934141405e-06
1.397995948791503906e+01 1.624920845031738281e+00 1.487210035324096680e+00 1.377108097076416016e-01
1.402077770233154297e+01 1.696354866027832031e+00 1.482880473136901855e+00 2.134743481874465942e-01
1.404118442535400391e+01 1.810802340507507324e+00 1.480725288391113281e+00 3.300770521163940430e-01
1.410241127014160156e+01 2.301338434219360352e+00 1.511641979217529297e+00 7.896963953971862793e-01
1.414322853088378906e+01 2.601206064224243164e+00 1.651998400688171387e+00 9.492080211639404297e-01
1.416363716125488281e+01 2.801718473434448242e+00 1.791593432426452637e+00 1.010125041007995605e+00
1.426568031311035156e+01 2.875566959381103516e+00 1.751928687095642090e+00 1.123638153076171875e+00
1.430649757385253906e+01 3.013501644134521484e+00 1.840635418891906738e+00 1.172866225242614746e+00
1.432690715789794922e+01 3.114419460296630859e+00 1.963332414627075195e+00 1.151087164878845215e+00
1.434731578826904297e+01 3.262299776077270508e+00 2.054812431335449219e+00 1.207487344741821289e+00
1.436772441864013672e+01 3.068614244461059570e+00 1.919432759284973145e+00 1.149181365966796875e+00
1.438813304901123047e+01 2.810243844985961914e+00 1.710397481918334961e+00 1.099846363067626953e+00
1.440854167938232422e+01 2.834946155548095703e+00 1.747018933296203613e+00 1.087926983833312988e+00
1.442895126342773438e+01 3.091716289520263672e+00 1.875617265701293945e+00 1.216098904609680176e+00
1.444935989379882812e+01 3.271167516708374023e+00 1.925156116485595703e+00 1.346010804176330566e+00
1.446976852416992188e+01 3.337653875350952148e+00 1.936503291130065918e+00 1.401150345802307129e+00
1.457181072235107422e+01 3.502978086471557617e+00 1.796443939208984375e+00 1.706534504890441895e+00
1.459222030639648438e+01 3.563573598861694336e+00 1.839046239852905273e+00 1.724527239799499512e+00
1.461262893676757812e+01 3.635223150253295898e+00 1.934772729873657227e+00 1.700450062751770020e+00
1.485753345489501953e+01 3.541227579116821289e+00 1.852126598358154297e+00 1.689100742340087891e+00
1.487794208526611328e+01 3.724758625030517578e+00 1.895443320274353027e+00 1.829314589500427246e+00
1.497998523712158203e+01 4.059833526611328125e+00 1.877737641334533691e+00 2.182095766067504883e+00
1.516366481781005859e+01 4.152167797088623047e+00 1.856571078300476074e+00 2.295598506927490234e+00
1.518407344818115234e+01 4.128464698791503906e+00 1.869841575622558594e+00 2.258623123168945312e+00
1.540856838226318359e+01 4.410825729370117188e+00 1.924163937568664551e+00 2.486662149429321289e+00
1.544938468933105469e+01 4.429629802703857422e+00 1.913657426834106445e+00 2.515974283218383789e+00
1.546979331970214844e+01 4.461771965026855469e+00 1.938213467597961426e+00 2.523558378219604492e+00
1.557183837890625000e+01 4.705797195434570312e+00 1.944728732109069824e+00 2.761066675186157227e+00
1.559224700927734375e+01 4.731051445007324219e+00 1.949859857559204102e+00 2.781193494796752930e+00
1.569428920745849609e+01 5.019012451171875000e+00 2.085902929306030273e+00 2.933108329772949219e+00
1.583715152740478516e+01 5.129377841949462891e+00 2.041389703750610352e+00 3.087987899780273438e+00
1.593919372558593750e+01 5.317246913909912109e+00 2.060611724853515625e+00 3.256634950637817383e+00
1.595960235595703125e+01 5.347211837768554688e+00 2.046726703643798828e+00 3.300484657287597656e+00
1.598001194000244141e+01 5.384382724761962891e+00 2.066583633422851562e+00 3.317800521850585938e+00
1.600041961669921875e+01 5.445852756500244141e+00 2.097611427307128906e+00 3.348241090774536133e+00
1.602083015441894531e+01 5.455073356628417969e+00 2.103157520294189453e+00 3.351915597915649414e+00
1.604123878479003906e+01 5.484426021575927734e+00 2.114659070968627930e+00 3.369765996932983398e+00
1.616368865966796875e+01 5.797336578369140625e+00 2.251186609268188477e+00 3.546149492263793945e+00
1.632695960998535156e+01 5.852289676666259766e+00 2.166359424591064453e+00 3.685928821563720703e+00
1.649022865295410156e+01 6.330519676208496094e+00 2.277016639709472656e+00 4.053502559661865234e+00
1.653104782104492188e+01 6.422238826751708984e+00 2.282255649566650391e+00 4.139984130859375000e+00
1.655145645141601562e+01 6.460876941680908203e+00 2.294627904891967773e+00 4.166249275207519531e+00
1.657186508178710938e+01 6.480125904083251953e+00 2.296858072280883789e+00 4.183268070220947266e+00
1.659227180480957031e+01 6.469266414642333984e+00 2.278883695602416992e+00 4.190382480621337891e+00
1.663308906555175781e+01 6.668715476989746094e+00 2.342375040054321289e+00 4.326340675354003906e+00
1.665349769592285156e+01 6.724032878875732422e+00 2.358910799026489258e+00 4.365122318267822266e+00
1.667390823364257812e+01 6.799170494079589844e+00 2.368227005004882812e+00 4.430943489074707031e+00
1.669431686401367188e+01 6.694944381713867188e+00 2.327331781387329102e+00 4.367612361907958984e+00
1.671472549438476562e+01 6.726055622100830078e+00 2.328070640563964844e+00 4.397984504699707031e+00
1.673513412475585938e+01 6.813030719757080078e+00 2.343827486038208008e+00 4.469202995300292969e+00
1.675554275512695312e+01 6.860471248626708984e+00 2.351688146591186523e+00 4.508784294128417969e+00
1.677595138549804688e+01 6.852241992950439453e+00 2.337411403656005859e+00 4.514830589294433594e+00
1.683717727661132812e+01 7.029933452606201172e+00 2.345973491668701172e+00 4.683960437774658203e+00
1.685758590698242188e+01 7.028003215789794922e+00 2.314731597900390625e+00 4.713270664215087891e+00
1.687799453735351562e+01 7.040341377258300781e+00 2.311932563781738281e+00 4.728409290313720703e+00
1.689840316772460938e+01 7.146767139434814453e+00 2.328265190124511719e+00 4.818501949310302734e+00
1.691881179809570312e+01 7.175086021423339844e+00 2.330409049987792969e+00 4.844676971435546875e+00
1.693922042846679688e+01 7.210993766784667969e+00 2.324774980545043945e+00 4.886219024658203125e+00
1.704126548767089844e+01 7.312380313873291016e+00 2.348782777786254883e+00 4.963597774505615234e+00
1.714330673217773438e+01 7.356688976287841797e+00 2.447911500930786133e+00 4.908777713775634766e+00
1.716371536254882812e+01 7.387400627136230469e+00 2.474290370941162109e+00 4.913109779357910156e+00
1.720453453063964844e+01 7.426422119140625000e+00 2.495553493499755859e+00 4.930868625640869141e+00
1.722494316101074219e+01 7.423678874969482422e+00 2.496766090393066406e+00 4.926912784576416016e+00
1.724535179138183594e+01 7.435932159423828125e+00 2.509080886840820312e+00 4.926851272583007812e+00
1.734739494323730469e+01 7.500336647033691406e+00 2.526061296463012695e+00 4.974275112152099609e+00
1.736780357360839844e+01 7.494771957397460938e+00 2.534809112548828125e+00 4.959963321685791016e+00
1.738821220397949219e+01 7.522180080413818359e+00 2.534587144851684570e+00 4.987593173980712891e+00
1.742902946472167969e+01 7.530754089355468750e+00 2.539639711380004883e+00 4.991114139556884766e+00
1.744943809509277344e+01 7.564153671264648438e+00 2.549702405929565430e+00 5.014451980590820312e+00
1.746984672546386719e+01 7.540189743041992188e+00 2.546723842620849609e+00 4.993465900421142578e+00
1.751066398620605469e+01 7.595430850982666016e+00 2.560610771179199219e+00 5.034819602966308594e+00
1.753107261657714844e+01 7.574473381042480469e+00 2.555581569671630859e+00 5.018891811370849609e+00
1.755148124694824219e+01 7.558095932006835938e+00 2.506917953491210938e+00 5.051177024841308594e+00
1.757188987731933594e+01 7.585715770721435547e+00 2.504687786102294922e+00 5.081027984619140625e+00
1.765352439880371094e+01 7.630962371826171875e+00 2.533786773681640625e+00 5.097175598144531250e+00
1.767393493652343750e+01 7.697557449340820312e+00 2.536278724670410156e+00 5.161279678344726562e+00
1.769434356689453125e+01 7.737949848175048828e+00 2.546882629394531250e+00 5.191066265106201172e+00
1.771475219726562500e+01 7.816801548004150391e+00 2.552056789398193359e+00 5.264744758605957031e+00
1.773516082763671875e+01 7.744611263275146484e+00 2.493777513504028320e+00 5.250833988189697266e+00
1.775556755065917969e+01 7.801192283630371094e+00 2.509787082672119141e+00 5.291405677795410156e+00
1.777597618103027344e+01 7.821426391601562500e+00 2.506232261657714844e+00 5.315194129943847656e+00
1.783720397949218750e+01 7.987122058868408203e+00 2.588891744613647461e+00 5.398230075836181641e+00
1.785761260986328125e+01 8.015926361083984375e+00 2.602689743041992188e+00 5.413236141204833984e+00
1.787802124023437500e+01 8.013628005981445312e+00 2.558878421783447266e+00 5.454749584197998047e+00
1.789842987060546875e+01 8.035671234130859375e+00 2.574685573577880859e+00 5.460986137390136719e+00
1.800047302246093750e+01 8.131131172180175781e+00 2.629245758056640625e+00 5.501885890960693359e+00
1.806169891357421875e+01 8.170701980590820312e+00 2.621658563613891602e+00 5.549042701721191406e+00
1.808210754394531250e+01 8.184147834777832031e+00 2.613403558731079102e+00 5.570743083953857422e+00
1.814333343505859375e+01 8.169281959533691406e+00 2.594688415527343750e+00 5.574592590332031250e+00
1.818415260314941406e+01 8.137066841125488281e+00 2.579649209976196289e+00 5.557417392730712891e+00
1.820456123352050781e+01 8.144440650939941406e+00 2.572811841964721680e+00 5.571628570556640625e+00
1.822496795654296875e+01 8.262777328491210938e+00 2.573214769363403320e+00 5.689561843872070312e+00
1.824537658691406250e+01 8.083466529846191406e+00 2.534254789352416992e+00 5.549211978912353516e+00
1.826578521728515625e+01 8.106585502624511719e+00 2.546495199203491211e+00 5.560091018676757812e+00
1.832701301574707031e+01 8.158999443054199219e+00 2.543865919113159180e+00 5.615133762359619141e+00
1.834742164611816406e+01 8.158169746398925781e+00 2.552126646041870117e+00 5.606042861938476562e+00
1.849028205871582031e+01 8.217988967895507812e+00 2.533703088760375977e+00 5.684285640716552734e+00
1.851069068908691406e+01 8.196084022521972656e+00 2.536082506179809570e+00 5.660000324249267578e+00
1.853109931945800781e+01 8.211303710937500000e+00 2.531997680664062500e+00 5.679305076599121094e+00
1.855150794982910156e+01 8.244468688964843750e+00 2.540825843811035156e+00 5.703641414642333984e+00
1.857191658020019531e+01 8.252299308776855469e+00 2.545123100280761719e+00 5.707176208496093750e+00
1.859232521057128906e+01 8.258108139038085938e+00 2.550054788589477539e+00 5.708050727844238281e+00
1.861273384094238281e+01 8.295487403869628906e+00 2.521535396575927734e+00 5.773952007293701172e+00
1.865355110168457031e+01 8.292719841003417969e+00 2.550026655197143555e+00 5.742693901062011719e+00
1.867395973205566406e+01 8.314534187316894531e+00 2.565828084945678711e+00 5.748705387115478516e+00
1.869436836242675781e+01 8.306137084960937500e+00 2.563027143478393555e+00 5.743111610412597656e+00
1.871477699279785156e+01 8.292466163635253906e+00 2.560871839523315430e+00 5.731594562530517578e+00
1.873518562316894531e+01 8.368644714355468750e+00 2.559359788894653320e+00 5.809285163879394531e+00
1.875559425354003906e+01 8.387553215026855469e+00 2.550192832946777344e+00 5.837358951568603516e+00
1.877600288391113281e+01 8.391932487487792969e+00 2.555070877075195312e+00 5.836861610412597656e+00
1.879641151428222656e+01 8.412607192993164062e+00 2.563759088516235352e+00 5.848847389221191406e+00
1.881682205200195312e+01 8.422908782958984375e+00 2.561614513397216797e+00 5.861293315887451172e+00
1.883723068237304688e+01 8.425772666931152344e+00 2.566464185714721680e+00 5.859309673309326172e+00
1.885763931274414062e+01 8.414972305297851562e+00 2.560513019561767578e+00 5.854461669921875000e+00
1.887804794311523438e+01 8.445860862731933594e+00 2.557744741439819336e+00 5.888115406036376953e+00
1.889845657348632812e+01 8.466520309448242188e+00 2.558782815933227539e+00 5.907737731933593750e+00
1.891886329650878906e+01 8.439538002014160156e+00 2.553492069244384766e+00 5.886044502258300781e+00
1.893927192687988281e+01 8.463503837585449219e+00 2.558956384658813477e+00 5.904550075531005859e+00
1.895968055725097656e+01 8.505619049072265625e+00 2.556201934814453125e+00 5.949416637420654297e+00
1.898009109497070312e+01 8.482601165771484375e+00 2.557867765426635742e+00 5.924735546112060547e+00
1.904131698608398438e+01 8.539353370666503906e+00 2.575416088104248047e+00 5.963935852050781250e+00
1.906172561645507812e+01 8.502867698669433594e+00 2.542517662048339844e+00 5.960349559783935547e+00
1.908213424682617188e+01 8.507011413574218750e+00 2.540425539016723633e+00 5.966587543487548828e+00
1.910254287719726562e+01 8.538208007812500000e+00 2.538337945938110352e+00 5.999868869781494141e+00
1.912295150756835938e+01 8.516714096069335938e+00 2.536880731582641602e+00 5.979833602905273438e+00
1.914336013793945312e+01 8.521044731140136719e+00 2.532925844192504883e+00 5.988118648529052734e+00
1.916376876831054688e+01 8.502086639404296875e+00 2.531477689743041992e+00 5.970609188079833984e+00
1.918417739868164062e+01 8.487982749938964844e+00 2.528784513473510742e+00 5.959199905395507812e+00
1.920458602905273438e+01 8.497417449951171875e+00 2.526720523834228516e+00 5.970696449279785156e+00
1.922499465942382812e+01 8.479735374450683594e+00 2.512831211090087891e+00 5.966903686523437500e+00
1.924540328979492188e+01 8.490477561950683594e+00 2.512654304504394531e+00 5.977823257446289062e+00
1.926581192016601562e+01 8.492621421813964844e+00 2.512477874755859375e+00 5.980144500732421875e+00
1.928622055053710938e+01 8.486106872558593750e+00 2.509819030761718750e+00 5.976287841796875000e+00
1.930663108825683594e+01 8.492462158203125000e+00 2.512745618820190430e+00 5.979716777801513672e+00
1.932703971862792969e+01 8.494968414306640625e+00 2.509473085403442383e+00 5.985493183135986328e+00
1.934744834899902344e+01 8.498930931091308594e+00 2.506825923919677734e+00 5.992105007171630859e+00
1.936785507202148438e+01 8.497598648071289062e+00 2.504184484481811523e+00 5.993413448333740234e+00
1.938826370239257812e+01 8.510270118713378906e+00 2.504017829895019531e+00 6.006252288818359375e+00
1.940867233276367188e+01 8.527293205261230469e+00 2.504468441009521484e+00 6.022823333740234375e+00
1.942908096313476562e+01 8.538147926330566406e+00 2.509230375289916992e+00 6.028917312622070312e+00
1.944948959350585938e+01 8.530970573425292969e+00 2.504135847091674805e+00 6.026832580566406250e+00
1.951071739196777344e+01 8.607625961303710938e+00 2.528178691864013672e+00 6.079448699951171875e+00
1.953112602233886719e+01 8.617374420166015625e+00 2.522472620010375977e+00 6.094903945922851562e+00
1.955153465270996094e+01 8.598852157592773438e+00 2.509432077407836914e+00 6.089420318603515625e+00
1.957194328308105469e+01 8.655267715454101562e+00 2.506815433502197266e+00 6.148452281951904297e+00
1.959235191345214844e+01 8.632444381713867188e+00 2.501149654388427734e+00 6.131293773651123047e+00
1.961275863647460938e+01 8.630310058593750000e+00 2.498547315597534180e+00 6.131762981414794922e+00
1.963316917419433594e+01 8.652108192443847656e+00 2.499607801437377930e+00 6.152502059936523438e+00
1.969439506530761719e+01 8.752487182617187500e+00 2.502776861190795898e+00 6.249708652496337891e+00
1.971480369567871094e+01 8.683904647827148438e+00 2.491685867309570312e+00 6.192218303680419922e+00
1.973521232604980469e+01 8.715293884277343750e+00 2.490928649902343750e+00 6.224365711212158203e+00
1.975562095642089844e+01 8.714708328247070312e+00 2.478661298751831055e+00 6.236049652099609375e+00
1.989848136901855469e+01 8.671729087829589844e+00 2.402517318725585938e+00 6.269211769104003906e+00
1.993929862976074219e+01 8.646496772766113281e+00 2.388594627380371094e+00 6.257901668548583984e+00
1.995970916748046875e+01 8.618478775024414062e+00 2.386152267456054688e+00 6.232327461242675781e+00
2.000052642822265625e+01 8.644610404968261719e+00 2.393251895904541016e+00 6.251359939575195312e+00
2.002093505859375000e+01 8.573126792907714844e+00 2.374072313308715820e+00 6.199056148529052734e+00
2.012297821044921875e+01 8.599699020385742188e+00 2.377498865127563477e+00 6.222202777862548828e+00
2.014338684082031250e+01 8.652827262878417969e+00 2.382814884185791016e+00 6.270014762878417969e+00
2.016379547119140625e+01 8.639624595642089844e+00 2.376841545104980469e+00 6.262781620025634766e+00
2.018420410156250000e+01 8.633480072021484375e+00 2.372658967971801758e+00 6.260821342468261719e+00
2.020461273193359375e+01 8.639275550842285156e+00 2.375001668930053711e+00 6.264273643493652344e+00
2.022502136230468750e+01 8.634895324707031250e+00 2.374380588531494141e+00 6.260516166687011719e+00
2.024542999267578125e+01 8.647751808166503906e+00 2.375534534454345703e+00 6.272215843200683594e+00
2.026583862304687500e+01 8.659107208251953125e+00 2.378457784652709961e+00 6.280646800994873047e+00
2.028624725341796875e+01 8.801891326904296875e+00 2.450408935546875000e+00 6.351482391357421875e+00
2.030665588378906250e+01 8.661656379699707031e+00 2.381339788436889648e+00 6.280317783355712891e+00
2.032706451416015625e+01 8.660325050354003906e+00 2.377182245254516602e+00 6.283144950866699219e+00
2.034747314453125000e+01 8.681098937988281250e+00 2.380092382431030273e+00 6.301003932952880859e+00
2.042910766601562500e+01 8.701597213745117188e+00 2.391088247299194336e+00 6.310508728027343750e+00
2.049033546447753906e+01 8.764238357543945312e+00 2.389200687408447266e+00 6.375039577484130859e+00
2.053115081787109375e+01 8.804594039916992188e+00 2.396111011505126953e+00 6.408485412597656250e+00
2.055155944824218750e+01 8.796863555908203125e+00 2.391984224319458008e+00 6.404881954193115234e+00
2.059237670898437500e+01 8.921444892883300781e+00 2.387243032455444336e+00 6.534204483032226562e+00
2.061278724670410156e+01 8.806972503662109375e+00 2.383717775344848633e+00 6.423255443572998047e+00
2.075564765930175781e+01 8.805595397949218750e+00 2.377691030502319336e+00 6.427904129028320312e+00
2.077605628967285156e+01 8.791355133056640625e+00 2.372475147247314453e+00 6.418880939483642578e+00
2.079646492004394531e+01 8.794347763061523438e+00 2.369571208953857422e+00 6.424777030944824219e+00
2.081687355041503906e+01 8.816573143005371094e+00 2.368397951126098633e+00 6.448175907135009766e+00
2.083728218078613281e+01 8.819007873535156250e+00 2.381587982177734375e+00 6.437418937683105469e+00
2.087809944152832031e+01 8.760402679443359375e+00 2.360306024551391602e+00 6.400096416473388672e+00
2.100055122375488281e+01 8.781949043273925781e+00 2.349963188171386719e+00 6.431984424591064453e+00
2.102095985412597656e+01 8.768928527832031250e+00 2.354514598846435547e+00 6.414416313171386719e+00
2.104136848449707031e+01 8.734548568725585938e+00 2.344835519790649414e+00 6.389710903167724609e+00
2.106177711486816406e+01 8.741777420043945312e+00 2.341426849365234375e+00 6.400350093841552734e+00
2.108218574523925781e+01 8.753550529479980469e+00 2.351650953292846680e+00 6.401898860931396484e+00
2.110259437561035156e+01 8.733523368835449219e+00 2.345406055450439453e+00 6.388117313385009766e+00
2.112300491333007812e+01 8.717411041259765625e+00 2.345406770706176758e+00 6.372003555297851562e+00
2.114341354370117188e+01 8.730137825012207031e+00 2.342576503753662109e+00 6.387562274932861328e+00
2.116382217407226562e+01 8.714478492736816406e+00 2.334661960601806641e+00 6.379817008972167969e+00
2.118423080444335938e+01 8.705187797546386719e+00 2.332977771759033203e+00 6.372209548950195312e+00
2.120463943481445312e+01 8.703251838684082031e+00 2.334119081497192383e+00 6.369131088256835938e+00
2.122504615783691406e+01 8.700539588928222656e+00 2.328491449356079102e+00 6.372049808502197266e+00
2.124545478820800781e+01 8.684033393859863281e+00 2.328508138656616211e+00 6.355526447296142578e+00
2.126586532592773438e+01 8.688678741455078125e+00 2.325710535049438477e+00 6.362964630126953125e+00
2.128627395629882812e+01 8.679304122924804688e+00 2.331915378570556641e+00 6.347391128540039062e+00
2.130668258666992188e+01 8.671773910522460938e+00 2.322378873825073242e+00 6.349395275115966797e+00
2.132709121704101562e+01 8.660012245178222656e+00 2.315105438232421875e+00 6.344905376434326172e+00
2.134749984741210938e+01 8.651554107666015625e+00 2.317377567291259766e+00 6.334177017211914062e+00
2.136790847778320312e+01 8.657553672790527344e+00 2.315164089202880859e+00 6.342392921447753906e+00
2.138831710815429688e+01 8.659717559814453125e+00 2.311835765838623047e+00 6.347880840301513672e+00
2.140872573852539062e+01 8.642511367797851562e+00 2.306277513504028320e+00 6.336234569549560547e+00
2.142913436889648438e+01 8.630166053771972656e+00 2.310783624649047852e+00 6.319382190704345703e+00
2.144954490661621094e+01 8.616098403930664062e+00 2.307468891143798828e+00 6.308629989624023438e+00
2.146995162963867188e+01 8.606310844421386719e+00 2.304718255996704102e+00 6.301590919494628906e+00
2.149036026000976562e+01 8.605448722839355469e+00 2.303086280822753906e+00 6.302361965179443359e+00
2.151076889038085938e+01 8.594528198242187500e+00 2.302570581436157227e+00 6.291957855224609375e+00
2.153117752075195312e+01 8.598176002502441406e+00 2.305947303771972656e+00 6.292229652404785156e+00
2.155158615112304688e+01 8.590147018432617188e+00 2.308206796646118164e+00 6.281939983367919922e+00
2.157199478149414062e+01 8.570984840393066406e+00 2.301584005355834961e+00 6.269399642944335938e+00
2.159240341186523438e+01 8.560724258422851562e+00 2.306060552597045898e+00 6.254665374755859375e+00
2.161281394958496094e+01 8.549852371215820312e+00 2.303883075714111328e+00 6.245970249176025391e+00
2.163322257995605469e+01 8.546152114868164062e+00 2.302816390991210938e+00 6.243334770202636719e+00
2.165363121032714844e+01 8.534223556518554688e+00 2.303409576416015625e+00 6.230812549591064453e+00
2.167403984069824219e+01 8.510325431823730469e+00 2.304002046585083008e+00 6.206323623657226562e+00
2.169444656372070312e+01 8.502393722534179688e+00 2.295765638351440430e+00 6.206628322601318359e+00
2.171485519409179688e+01 8.492266654968261719e+00 2.300773620605468750e+00 6.191493034362792969e+00
2.173526382446289062e+01 8.476425170898437500e+00 2.300816059112548828e+00 6.175610065460205078e+00
2.175567245483398438e+01 8.468332290649414062e+00 2.299207925796508789e+00 6.169125080108642578e+00
2.177608299255371094e+01 8.470481872558593750e+00 2.299251794815063477e+00 6.171229839324951172e+00
2.179649162292480469e+01 8.442232131958007812e+00 2.299295425415039062e+00 6.142937183380126953e+00
2.181690025329589844e+01 8.413443565368652344e+00 2.291109561920166016e+00 6.122335433959960938e+00
2.185771751403808594e+01 8.430524826049804688e+00 2.303807258605957031e+00 6.126717090606689453e+00
2.187812614440917969e+01 8.395328521728515625e+00 2.298922538757324219e+00 6.096405506134033203e+00
2.189853477478027344e+01 8.353176116943359375e+00 2.289127826690673828e+00 6.064047336578369141e+00
2.191894340515136719e+01 8.334033012390136719e+00 2.284811973571777344e+00 6.049223423004150391e+00
2.193935203552246094e+01 8.326478004455566406e+00 2.285960197448730469e+00 6.040516853332519531e+00
2.195976066589355469e+01 8.318181991577148438e+00 2.281110286712646484e+00 6.037069797515869141e+00
2.198016929626464844e+01 8.287314414978027344e+00 2.275724887847900391e+00 6.011588573455810547e+00
2.200057792663574219e+01 8.281546592712402344e+00 2.273069620132446289e+00 6.008475780487060547e+00
2.202098655700683594e+01 8.257275581359863281e+00 2.271506786346435547e+00 5.985766887664794922e+00
2.204139518737792969e+01 8.250228881835937500e+00 2.268317222595214844e+00 5.981913089752197266e+00
2.206180381774902344e+01 8.238015174865722656e+00 2.268388986587524414e+00 5.969625949859619141e+00
2.208221244812011719e+01 8.222697257995605469e+00 2.265750408172607422e+00 5.956949234008789062e+00
2.210262298583984375e+01 8.199467658996582031e+00 2.257159948348999023e+00 5.942309856414794922e+00
2.212303161621093750e+01 8.185273170471191406e+00 2.257241725921630859e+00 5.928032398223876953e+00
2.214344024658203125e+01 8.191229820251464844e+00 2.248674631118774414e+00 5.942555427551269531e+00
2.216384696960449219e+01 8.171345710754394531e+00 2.247144460678100586e+00 5.924201965332031250e+00
2.218425559997558594e+01 8.167538642883300781e+00 2.247235298156738281e+00 5.920304298400878906e+00
2.220466423034667969e+01 8.161983489990234375e+00 2.248943090438842773e+00 5.913038730621337891e+00
2.222507286071777344e+01 8.153934478759765625e+00 2.241492509841918945e+00 5.912441253662109375e+00
2.224548149108886719e+01 8.149001121520996094e+00 2.245354890823364258e+00 5.903646945953369141e+00
2.226589202880859375e+01 8.149323463439941406e+00 2.241683959960937500e+00 5.907637596130371094e+00
2.228630065917968750e+01 8.134547233581542969e+00 2.236945629119873047e+00 5.897601604461669922e+00
2.230670928955078125e+01 8.131669998168945312e+00 2.236508846282958984e+00 5.895160198211669922e+00
2.232711791992187500e+01 8.131494522094726562e+00 2.232856273651123047e+00 5.898638248443603516e+00
2.234752655029296875e+01 8.128961563110351562e+00 2.235637426376342773e+00 5.893324375152587891e+00
2.236793518066406250e+01 8.135861396789550781e+00 2.236808300018310547e+00 5.899053573608398438e+00
2.238834190368652344e+01 8.136937141418457031e+00 2.233700275421142578e+00 5.903235435485839844e+00
2.240875053405761719e+01 8.134272575378417969e+00 2.235939025878906250e+00 5.898334503173828125e+00
2.242916107177734375e+01 8.147108078002929688e+00 2.238707304000854492e+00 5.908401012420654297e+00
2.244956970214843750e+01 8.152205467224121094e+00 2.237738609313964844e+00 5.914468288421630859e+00
2.246997833251953125e+01 8.159729003906250000e+00 2.240500211715698242e+00 5.919228553771972656e+00
2.249038696289062500e+01 8.171565055847167969e+00 2.245385885238647461e+00 5.926177501678466797e+00
2.251079559326171875e+01 8.174257278442382812e+00 2.244945526123046875e+00 5.929311752319335938e+00
2.253120422363281250e+01 8.186594009399414062e+00 2.249286890029907227e+00 5.937307357788085938e+00
2.255161285400390625e+01 8.199403762817382812e+00 2.250966548919677734e+00 5.948435306549072266e+00
2.257202148437500000e+01 8.207074165344238281e+00 2.253173828125000000e+00 5.953900337219238281e+00
2.259243011474609375e+01 8.221444129943847656e+00 2.256436347961425781e+00 5.965008258819580078e+00
2.261283874511718750e+01 8.237134933471679688e+00 2.262339830398559570e+00 5.974794864654541016e+00
2.263324737548828125e+01 8.247154235839843750e+00 2.262943983078002930e+00 5.984211921691894531e+00
2.265365600585937500e+01 8.254801750183105469e+00 2.265132427215576172e+00 5.989666938781738281e+00
2.267406463623046875e+01 8.278511047363281250e+00 2.280514240264892578e+00 5.997996330261230469e+00
2.269447326660156250e+01 8.276691436767578125e+00 2.273716449737548828e+00 6.002975940704345703e+00
2.271488189697265625e+01 8.295722007751464844e+00 2.280631780624389648e+00 6.015090465545654297e+00
2.273529052734375000e+01 8.309496879577636719e+00 2.278584718704223633e+00 6.030911445617675781e+00
2.275570106506347656e+01 8.315761566162109375e+00 2.284430980682373047e+00 6.031331062316894531e+00
2.277610969543457031e+01 8.327509880065917969e+00 2.283960580825805664e+00 6.043547630310058594e+00
2.279651832580566406e+01 8.335368156433105469e+00 2.285591125488281250e+00 6.049775600433349609e+00
2.281692695617675781e+01 8.338413238525390625e+00 2.292989492416381836e+00 6.045425891876220703e+00
2.283733558654785156e+01 8.346848487854003906e+00 2.287795782089233398e+00 6.059053421020507812e+00
2.285774230957031250e+01 8.346459388732910156e+00 2.287847757339477539e+00 6.058612346649169922e+00
2.287815093994140625e+01 8.355215072631835938e+00 2.292608261108398438e+00 6.062607765197753906e+00
2.289855957031250000e+01 8.346385955810546875e+00 2.285860300064086914e+00 6.060526847839355469e+00
2.291897010803222656e+01 8.345875740051269531e+00 2.284869432449340820e+00 6.061008453369140625e+00
2.293937873840332031e+01 8.354653358459472656e+00 2.289098024368286133e+00 6.065554618835449219e+00
2.295978736877441406e+01 8.336782455444335938e+00 2.283414125442504883e+00 6.053369998931884766e+00
2.298019599914550781e+01 8.336645126342773438e+00 2.287115573883056641e+00 6.049528598785400391e+00
2.300060462951660156e+01 8.331417083740234375e+00 2.286127090454101562e+00 6.045289039611816406e+00
2.302101325988769531e+01 8.315009117126464844e+00 2.277860879898071289e+00 6.037149906158447266e+00
2.304142189025878906e+01 8.301031112670898438e+00 2.278960227966308594e+00 6.022069931030273438e+00
2.316387367248535156e+01 8.376326560974121094e+00 2.380077838897705078e+00 5.996249198913574219e+00
2.318428230285644531e+01 8.220973968505859375e+00 2.275243282318115234e+00 5.945729255676269531e+00
2.320469093322753906e+01 8.200875282287597656e+00 2.278400182723999023e+00 5.922472000122070312e+00
2.328632736206054688e+01 8.158522605895996094e+00 2.272982835769653320e+00 5.885540962219238281e+00
2.334755134582519531e+01 8.090668678283691406e+00 2.264971494674682617e+00 5.825696468353271484e+00
2.336795997619628906e+01 8.101107597351074219e+00 2.268115758895874023e+00 5.832991123199462891e+00
2.338836860656738281e+01 8.056795120239257812e+00 2.263577699661254883e+00 5.793217658996582031e+00
2.342918777465820312e+01 8.057751655578613281e+00 2.264231920242309570e+00 5.793520927429199219e+00
2.357204818725585938e+01 8.009450912475585938e+00 2.250509500503540039e+00 5.758941650390625000e+00
2.359245681762695312e+01 8.210471153259277344e+00 2.325679540634155273e+00 5.884790420532226562e+00
2.361286544799804688e+01 8.044317245483398438e+00 2.259799003601074219e+00 5.784520149230957031e+00
2.369449996948242188e+01 7.979890823364257812e+00 2.242415189743041992e+00 5.737476348876953125e+00
2.371490859985351562e+01 7.974316120147705078e+00 2.240485191345214844e+00 5.733829975128173828e+00
2.373531723022460938e+01 7.995603561401367188e+00 2.236037254333496094e+00 5.759566783905029297e+00
2.375572776794433594e+01 8.003762245178222656e+00 2.236131668090820312e+00 5.767630577087402344e+00
2.377613449096679688e+01 8.065030097961425781e+00 2.234715938568115234e+00 5.830315589904785156e+00
2.379654312133789062e+01 7.976139068603515625e+00 2.227769136428833008e+00 5.748370170593261719e+00
2.381695175170898438e+01 7.985327720642089844e+00 2.228875637054443359e+00 5.756451606750488281e+00
2.383736038208007812e+01 7.985947132110595703e+00 2.228976011276245117e+00 5.756970882415771484e+00
2.387817764282226562e+01 7.889464378356933594e+00 2.210628747940063477e+00 5.678834915161132812e+00
2.389858627319335938e+01 7.901032447814941406e+00 2.214751243591308594e+00 5.686281681060791016e+00
2.393940544128417969e+01 7.851719856262207031e+00 2.183475017547607422e+00 5.668244361877441406e+00
2.400063133239746094e+01 7.884844779968261719e+00 2.185385942459106445e+00 5.699459075927734375e+00
2.402103805541992188e+01 7.872585773468017578e+00 2.176054716110229492e+00 5.696530818939208984e+00
2.406185722351074219e+01 7.897359371185302734e+00 2.196240901947021484e+00 5.701118469238281250e+00
2.408226585388183594e+01 7.946078777313232422e+00 2.208793640136718750e+00 5.737285614013671875e+00
2.410267448425292969e+01 7.974262714385986328e+00 2.204936742782592773e+00 5.769326210021972656e+00
2.412308311462402344e+01 7.988362789154052734e+00 2.209025621414184570e+00 5.779337406158447266e+00
2.414349174499511719e+01 7.973705768585205078e+00 2.200217485427856445e+00 5.773488521575927734e+00
2.420471763610839844e+01 7.917551040649414062e+00 2.191684961318969727e+00 5.725865840911865234e+00
2.426594352722167969e+01 7.922420501708984375e+00 2.192567586898803711e+00 5.729852676391601562e+00
2.428635215759277344e+01 7.923770904541015625e+00 2.188753843307495117e+00 5.735017299652099609e+00
2.430676078796386719e+01 7.957087993621826172e+00 2.210060358047485352e+00 5.747026920318603516e+00
2.434757804870605469e+01 8.005426406860351562e+00 2.195539951324462891e+00 5.809885978698730469e+00
2.444962310791015625e+01 7.935298919677734375e+00 2.181970357894897461e+00 5.753328323364257812e+00
2.447002983093261719e+01 7.912364006042480469e+00 2.179172754287719727e+00 5.733191013336181641e+00
2.451084709167480469e+01 7.909854888916015625e+00 2.177496910095214844e+00 5.732357501983642578e+00
2.457207489013671875e+01 7.815578460693359375e+00 2.162815809249877930e+00 5.652762889862060547e+00
2.459248352050781250e+01 7.901947021484375000e+00 2.170268774032592773e+00 5.731678485870361328e+00
2.463330078125000000e+01 7.837905406951904297e+00 2.155982494354248047e+00 5.681922912597656250e+00
2.465370941162109375e+01 7.811726570129394531e+00 2.137690305709838867e+00 5.674036502838134766e+00
2.471493530273437500e+01 7.778800487518310547e+00 2.130457639694213867e+00 5.648342609405517578e+00
2.473534393310546875e+01 7.737483501434326172e+00 2.110795497894287109e+00 5.626688003540039062e+00
2.483738708496093750e+01 7.681551933288574219e+00 2.082846403121948242e+00 5.598705291748046875e+00
2.485779571533203125e+01 7.676270961761474609e+00 2.085951566696166992e+00 5.590319156646728516e+00
2.487820434570312500e+01 7.642396450042724609e+00 2.077504634857177734e+00 5.564891338348388672e+00
2.489861488342285156e+01 7.625905513763427734e+00 2.076282262802124023e+00 5.549623489379882812e+00
2.491902351379394531e+01 7.652212142944335938e+00 2.069298028945922852e+00 5.582914352416992188e+00
2.493943023681640625e+01 7.644206523895263672e+00 2.066165208816528320e+00 5.578041553497314453e+00
2.502106475830078125e+01 7.629619121551513672e+00 2.058467149734497070e+00 5.571151733398437500e+00
2.504147338867187500e+01 7.623460292816162109e+00 2.054877519607543945e+00 5.568582057952880859e+00
2.506188392639160156e+01 7.599248886108398438e+00 2.053204298019409180e+00 5.546045303344726562e+00
2.508229255676269531e+01 7.608806610107421875e+00 2.059646129608154297e+00 5.549159049987792969e+00
2.510270118713378906e+01 7.583806514739990234e+00 2.045097351074218750e+00 5.538709163665771484e+00
2.512310981750488281e+01 7.605443000793457031e+00 2.043436050415039062e+00 5.562007427215576172e+00
2.514351844787597656e+01 7.632108688354492188e+00 2.047490119934082031e+00 5.584618568420410156e+00
2.516392517089843750e+01 7.614757061004638672e+00 2.045829534530639648e+00 5.568928718566894531e+00
2.518433380126953125e+01 7.611146450042724609e+00 2.046548128128051758e+00 5.564598083496093750e+00
2.520474243164062500e+01 7.606296062469482422e+00 2.045365810394287109e+00 5.560930252075195312e+00
2.522515296936035156e+01 7.600061416625976562e+00 2.044660091400146484e+00 5.555401325225830078e+00
2.524556159973144531e+01 7.606616973876953125e+00 2.048222541809082031e+00 5.558394432067871094e+00
2.526597023010253906e+01 7.605257034301757812e+00 2.045620441436767578e+00 5.559636116027832031e+00
2.528637886047363281e+01 7.605852603912353516e+00 2.048703193664550781e+00 5.557149410247802734e+00
2.530678749084472656e+01 7.613489627838134766e+00 2.050834655761718750e+00 5.562654495239257812e+00
2.532719612121582031e+01 7.610635757446289062e+00 2.053908109664916992e+00 5.556726455688476562e+00
2.534760475158691406e+01 7.616842269897460938e+00 2.053671121597290039e+00 5.563170909881591797e+00
2.536801338195800781e+01 7.648074626922607422e+00 2.056737184524536133e+00 5.591337680816650391e+00
2.538842201232910156e+01 7.624537944793701172e+00 2.058855533599853516e+00 5.565681934356689453e+00
2.540883064270019531e+01 7.628772735595703125e+00 2.059086322784423828e+00 5.569686412811279297e+00
2.542923927307128906e+01 7.625734806060791016e+00 2.058845996856689453e+00 5.566889286041259766e+00
2.544964790344238281e+01 7.631076812744140625e+00 2.060487031936645508e+00 5.570589542388916016e+00
2.547005653381347656e+01 7.630457401275634766e+00 2.061185598373413086e+00 5.569272041320800781e+00
2.549046516418457031e+01 7.627322196960449219e+00 2.046857118606567383e+00 5.580465316772460938e+00
2.551087379455566406e+01 7.636048316955566406e+00 2.065864086151123047e+00 5.570183277130126953e+00
2.553128242492675781e+01 7.633752346038818359e+00 2.066556930541992188e+00 5.567196369171142578e+00
2.555169296264648438e+01 7.635342597961425781e+00 2.065843105316162109e+00 5.569499492645263672e+00
2.557210159301757812e+01 7.607038497924804688e+00 2.063726186752319336e+00 5.543312549591064453e+00
2.559251022338867188e+01 7.619175910949707031e+00 2.066289663314819336e+00 5.552886009216308594e+00
2.561291885375976562e+01 7.622323513031005859e+00 2.066512823104858398e+00 5.555810451507568359e+00
2.563332557678222656e+01 7.629498958587646484e+00 2.070470809936523438e+00 5.559028625488281250e+00
2.565373420715332031e+01 7.623878955841064453e+00 2.071156740188598633e+00 5.552722930908203125e+00
2.567414283752441406e+01 7.620857238769531250e+00 2.071375131607055664e+00 5.549482345581054688e+00
2.569455146789550781e+01 7.614463806152343750e+00 2.070661544799804688e+00 5.543801307678222656e+00
2.571496200561523438e+01 7.607429981231689453e+00 2.069949150085449219e+00 5.537481307983398438e+00
2.573537063598632812e+01 7.601341724395751953e+00 2.067842245101928711e+00 5.533500194549560547e+00
2.575577926635742188e+01 7.589533329010009766e+00 2.066203832626342773e+00 5.523328781127929688e+00
2.577618789672851562e+01 7.587404251098632812e+00 2.067818403244018555e+00 5.519586086273193359e+00
2.579659652709960938e+01 7.575052261352539062e+00 2.066646575927734375e+00 5.508406639099121094e+00
2.581700515747070312e+01 7.561675071716308594e+00 2.065940141677856445e+00 5.495734691619873047e+00
2.583741378784179688e+01 7.554204463958740234e+00 2.065234899520874023e+00 5.488969326019287109e+00
2.585782241821289062e+01 7.544843196868896484e+00 2.064067602157592773e+00 5.480775356292724609e+00
2.587823104858398438e+01 7.527446269989013672e+00 2.061052322387695312e+00 5.466394424438476562e+00
2.589863967895507812e+01 7.509067535400390625e+00 2.058041572570800781e+00 5.451026916503906250e+00
2.591904830932617188e+01 7.500513076782226562e+00 2.055959463119506836e+00 5.444554328918457031e+00
2.593945693969726562e+01 7.488277912139892578e+00 2.053418874740600586e+00 5.434858798980712891e+00
2.595986557006835938e+01 7.469705104827880859e+00 2.054110050201416016e+00 5.415594577789306641e+00
2.598027420043945312e+01 7.461449146270751953e+00 2.053417682647705078e+00 5.408030986785888672e+00
2.600068283081054688e+01 7.446423530578613281e+00 2.052726745605468750e+00 5.393696308135986328e+00
2.602109146118164062e+01 7.431022167205810547e+00 2.050656795501708984e+00 5.380364894866943359e+00
2.604150009155273438e+01 7.409936904907226562e+00 2.049968719482421875e+00 5.359967708587646484e+00
2.606191062927246094e+01 7.410384178161621094e+00 2.046526432037353516e+00 5.363857746124267578e+00
2.608231925964355469e+01 7.397559165954589844e+00 2.047219753265380859e+00 5.350338935852050781e+00
2.610272598266601562e+01 7.383381843566894531e+00 2.046536207199096680e+00 5.336845874786376953e+00
2.612313461303710938e+01 7.370783805847167969e+00 2.044021129608154297e+00 5.326763153076171875e+00
2.614354324340820312e+01 7.359653472900390625e+00 2.045172452926635742e+00 5.314481258392333984e+00
2.616395187377929688e+01 7.338827133178710938e+00 2.044034481048583984e+00 5.294792652130126953e+00
2.618436050415039062e+01 7.337072849273681641e+00 2.043355703353881836e+00 5.293716907501220703e+00
2.620477104187011719e+01 7.331829547882080078e+00 2.044048070907592773e+00 5.287782192230224609e+00
2.622517967224121094e+01 7.320971488952636719e+00 2.044282913208007812e+00 5.276687622070312500e+00
2.624558830261230469e+01 7.312028408050537109e+00 2.044517517089843750e+00 5.267511844635009766e+00
2.626599693298339844e+01 7.310559749603271484e+00 2.043384552001953125e+00 5.267175674438476562e+00
2.628640556335449219e+01 7.303483963012695312e+00 2.043619394302368164e+00 5.259863853454589844e+00
2.630681419372558594e+01 7.298294067382812500e+00 2.045674085617065430e+00 5.252620220184326172e+00
2.632722091674804688e+01 7.295047760009765625e+00 2.044997692108154297e+00 5.250049591064453125e+00
2.634762954711914062e+01 7.293062210083007812e+00 2.046593666076660156e+00 5.246468544006347656e+00
2.636804008483886719e+01 7.290948390960693359e+00 2.046371459960937500e+00 5.244577407836914062e+00
2.638844871520996094e+01 7.293387413024902344e+00 2.047964096069335938e+00 5.245422840118408203e+00
2.640885734558105469e+01 7.292011737823486328e+00 2.049100637435913086e+00 5.242911815643310547e+00
2.642926597595214844e+01 7.288790702819824219e+00 2.050235748291015625e+00 5.238555431365966797e+00
2.644967460632324219e+01 7.289388656616210938e+00 2.051368951797485352e+00 5.238020420074462891e+00
2.647008323669433594e+01 7.294310569763183594e+00 2.052500486373901367e+00 5.241809844970703125e+00
2.649049186706542969e+01 7.295185089111328125e+00 2.054082155227661133e+00 5.241103649139404297e+00
2.651090049743652344e+01 7.293729782104492188e+00 2.054758548736572266e+00 5.238971710205078125e+00
2.653130912780761719e+01 7.301513671875000000e+00 2.056787014007568359e+00 5.244726657867431641e+00
2.655171966552734375e+01 7.306322097778320312e+00 2.057910919189453125e+00 5.248410224914550781e+00
2.657212638854980469e+01 7.306003093719482422e+00 2.059033155441284180e+00 5.246969699859619141e+00
2.659253501892089844e+01 7.314731121063232422e+00 2.061954021453857422e+00 5.252777099609375000e+00
2.661294364929199219e+01 7.321521282196044922e+00 2.062171697616577148e+00 5.259349822998046875e+00
2.663335227966308594e+01 7.326247215270996094e+00 2.065984487533569336e+00 5.260262966156005859e+00
2.665376091003417969e+01 7.326206207275390625e+00 2.062606334686279297e+00 5.263599872589111328e+00
2.667416954040527344e+01 7.341255187988281250e+00 2.065515518188476562e+00 5.275739669799804688e+00
2.669458007812500000e+01 7.337736129760742188e+00 2.067523717880249023e+00 5.270213127136230469e+00
2.671498870849609375e+01 7.352817535400390625e+00 2.069976329803466797e+00 5.282840728759765625e+00
2.673539733886718750e+01 7.347135066986083984e+00 2.071082592010498047e+00 5.276051998138427734e+00
2.675580596923828125e+01 7.352148056030273438e+00 2.070844650268554688e+00 5.281303405761718750e+00
2.677621459960937500e+01 7.355072498321533203e+00 2.073736667633056641e+00 5.281335353851318359e+00
2.679662132263183594e+01 7.362023353576660156e+00 2.073497533798217773e+00 5.288526058197021484e+00
2.681702995300292969e+01 7.362128257751464844e+00 2.072365760803222656e+00 5.289762973785400391e+00
2.683743858337402344e+01 7.365752220153808594e+00 2.075249671936035156e+00 5.290501594543457031e+00
2.685784912109375000e+01 7.364561080932617188e+00 2.075455427169799805e+00 5.289105892181396484e+00
2.687825775146484375e+01 7.367153167724609375e+00 2.076106309890747070e+00 5.291047096252441406e+00
2.689866638183593750e+01 7.366800785064697266e+00 2.075865983963012695e+00 5.290934085845947266e+00
2.691907501220703125e+01 7.366189479827880859e+00 2.076960086822509766e+00 5.289229869842529297e+00
2.693948364257812500e+01 7.367468357086181641e+00 2.076719522476196289e+00 5.290749549865722656e+00
2.695989227294921875e+01 7.364362239837646484e+00 2.076035261154174805e+00 5.288326740264892578e+00
2.698030090332031250e+01 7.361351966857910156e+00 2.076239585876464844e+00 5.285112380981445312e+00
2.700070953369140625e+01 7.357944011688232422e+00 2.076443433761596680e+00 5.281501293182373047e+00
2.702111816406250000e+01 7.352271080017089844e+00 2.075761079788208008e+00 5.276509284973144531e+00
2.704152679443359375e+01 7.345706462860107422e+00 2.074637413024902344e+00 5.271070003509521484e+00
2.706193542480468750e+01 7.341173648834228516e+00 2.076168775558471680e+00 5.265004634857177734e+00
2.708234405517578125e+01 7.330534458160400391e+00 2.073278188705444336e+00 5.257256507873535156e+00
2.710275268554687500e+01 7.319525718688964844e+00 2.071275234222412109e+00 5.248250007629394531e+00
2.712316131591796875e+01 7.309955120086669922e+00 2.069275617599487305e+00 5.240680217742919922e+00
2.714356994628906250e+01 7.303763866424560547e+00 2.069483518600463867e+00 5.234280109405517578e+00
2.716397857666015625e+01 7.288922786712646484e+00 2.067047357559204102e+00 5.221875667572021484e+00
2.718438720703125000e+01 7.279956340789794922e+00 2.065936088562011719e+00 5.214020252227783203e+00
2.720479774475097656e+01 7.258296012878417969e+00 2.061306238174438477e+00 5.196990489959716797e+00
2.722520446777343750e+01 7.247531890869140625e+00 2.059761285781860352e+00 5.187770843505859375e+00
2.724561500549316406e+01 7.229202747344970703e+00 2.055142879486083984e+00 5.174060821533203125e+00
2.726602172851562500e+01 7.214105606079101562e+00 2.054482698440551758e+00 5.159623146057128906e+00
2.728643226623535156e+01 7.196460247039794922e+00 2.051191329956054688e+00 5.145268440246582031e+00
2.730683898925781250e+01 7.178808689117431641e+00 2.048343181610107422e+00 5.130465030670166016e+00
2.732724952697753906e+01 7.160099506378173828e+00 2.045061349868774414e+00 5.115037441253662109e+00
2.734765815734863281e+01 7.139219284057617188e+00 2.041784763336181641e+00 5.097435474395751953e+00
2.736806488037109375e+01 7.122883796691894531e+00 2.038512706756591797e+00 5.084370613098144531e+00
2.738847541809082031e+01 7.102692127227783203e+00 2.036993503570556641e+00 5.065698623657226562e+00
2.740888214111328125e+01 7.083306312561035156e+00 2.031109809875488281e+00 5.052196979522705078e+00
2.742929267883300781e+01 7.064488410949707031e+00 2.028725624084472656e+00 5.035762786865234375e+00
2.744969940185546875e+01 7.047642230987548828e+00 2.025909185409545898e+00 5.021733760833740234e+00
2.747010993957519531e+01 7.021970272064208984e+00 2.018739700317382812e+00 5.003230094909667969e+00
2.749051666259765625e+01 7.007041931152343750e+00 2.015934944152832031e+00 4.991106986999511719e+00
2.751092720031738281e+01 6.987236976623535156e+00 2.012698888778686523e+00 4.974537849426269531e+00
2.753133583068847656e+01 6.972010612487792969e+00 2.008598327636718750e+00 4.963411808013916016e+00
2.755174636840820312e+01 6.954478263854980469e+00 2.004938125610351562e+00 4.949540138244628906e+00
2.757215309143066406e+01 6.936145305633544922e+00 2.000415563583374023e+00 4.935729503631591797e+00
2.759256362915039062e+01 6.922430515289306641e+00 1.997200608253479004e+00 4.925231456756591797e+00
2.761297035217285156e+01 6.915621280670166016e+00 1.994424104690551758e+00 4.921195507049560547e+00
2.763337707519531250e+01 6.890974521636962891e+00 1.989052653312683105e+00 4.901922225952148438e+00
2.765378761291503906e+01 6.879908561706542969e+00 1.986286282539367676e+00 4.893623352050781250e+00
2.767419624328613281e+01 6.869975566864013672e+00 1.982658982276916504e+00 4.887316703796386719e+00
2.769460678100585938e+01 6.849777698516845703e+00 1.973418235778808594e+00 4.876359939575195312e+00
2.771501350402832031e+01 6.846924304962158203e+00 1.976715683937072754e+00 4.870209217071533203e+00
2.773542404174804688e+01 6.835189819335937500e+00 1.972671866416931152e+00 4.862517833709716797e+00
2.775583076477050781e+01 6.825251579284667969e+00 1.968202710151672363e+00 4.857048988342285156e+00
2.777624130249023438e+01 6.818429946899414062e+00 1.966325521469116211e+00 4.852103710174560547e+00
2.779664802551269531e+01 6.814345359802246094e+00 1.962298154830932617e+00 4.852047920227050781e+00
2.781705856323242188e+01 6.804244518280029297e+00 1.959567666053771973e+00 4.844676971435546875e+00
2.783746528625488281e+01 6.798148632049560547e+00 1.956410884857177734e+00 4.841737270355224609e+00
2.785787391662597656e+01 6.790793895721435547e+00 1.952829480171203613e+00 4.837964534759521484e+00
2.787828445434570312e+01 6.784395217895507812e+00 1.950970530509948730e+00 4.833424568176269531e+00
2.789869117736816406e+01 6.780386924743652344e+00 1.946969151496887207e+00 4.833417892456054688e+00
2.791910171508789062e+01 6.777451992034912109e+00 1.946403384208679199e+00 4.831048965454101562e+00
2.793950843811035156e+01 6.770274162292480469e+00 1.942411184310913086e+00 4.827862739562988281e+00
2.795991897583007812e+01 6.774360656738281250e+00 1.940993189811706543e+00 4.833367347717285156e+00
2.798032569885253906e+01 6.767879486083984375e+00 1.938722014427185059e+00 4.829156875610351562e+00
2.800073623657226562e+01 6.769253730773925781e+00 1.935598850250244141e+00 4.833654403686523438e+00
2.802114486694335938e+01 6.766127586364746094e+00 1.934189200401306152e+00 4.831938743591308594e+00
2.804155540466308594e+01 6.766736507415771484e+00 1.929793477058410645e+00 4.836943149566650391e+00
2.806196212768554688e+01 6.760081291198730469e+00 1.929669737815856934e+00 4.830411434173583984e+00
2.808236885070800781e+01 6.757765769958496094e+00 1.927841186523437500e+00 4.829924106597900391e+00
2.810277938842773438e+01 6.754058361053466797e+00 1.926015138626098633e+00 4.828044414520263672e+00
2.812318611145019531e+01 6.754197597503662109e+00 1.924191832542419434e+00 4.830005645751953125e+00
2.814359664916992188e+01 6.754204273223876953e+00 1.922796368598937988e+00 4.831408977508544922e+00
2.816400527954101562e+01 6.750277996063232422e+00 1.920553207397460938e+00 4.829726219177246094e+00
2.818441581726074219e+01 6.751408100128173828e+00 1.917888283729553223e+00 4.833519458770751953e+00
2.820482254028320312e+01 6.755742073059082031e+00 1.916500568389892578e+00 4.839241981506347656e+00
2.822523307800292969e+01 6.747830867767333984e+00 1.915114760398864746e+00 4.832715511322021484e+00
2.824563980102539062e+01 6.743815898895263672e+00 1.912883520126342773e+00 4.830932140350341797e+00
2.826605033874511719e+01 6.741232872009277344e+00 1.911078929901123047e+00 4.830154418945312500e+00
2.828645706176757812e+01 6.732458591461181641e+00 1.909700155258178711e+00 4.822758674621582031e+00
2.830686378479003906e+01 6.740495204925537109e+00 1.908746123313903809e+00 4.831749916076660156e+00
2.832727432250976562e+01 6.734929084777832031e+00 1.906103253364562988e+00 4.828825473785400391e+00
2.834768295288085938e+01 6.730713844299316406e+00 1.903886675834655762e+00 4.826827526092529297e+00
2.836809349060058594e+01 6.724666118621826172e+00 1.901672959327697754e+00 4.822992324829101562e+00
2.838850021362304688e+01 6.722830295562744141e+00 1.901570796966552734e+00 4.821259498596191406e+00
2.840891075134277344e+01 6.709948062896728516e+00 1.898097872734069824e+00 4.811850547790527344e+00
2.842931747436523438e+01 6.712887287139892578e+00 1.895051360130310059e+00 4.817836284637451172e+00
2.844972801208496094e+01 6.705265045166015625e+00 1.893271088600158691e+00 4.811994552612304688e+00
2.847013473510742188e+01 6.701457500457763672e+00 1.891073226928710938e+00 4.810383319854736328e+00
2.849054527282714844e+01 6.696701049804687500e+00 1.884676933288574219e+00 4.812023162841796875e+00
2.851095390319824219e+01 6.688697338104248047e+00 1.883327960968017578e+00 4.805370807647705078e+00
2.853136062622070312e+01 6.676908969879150391e+00 1.880302667617797852e+00 4.796606063842773438e+00
2.855177116394042969e+01 6.670258522033691406e+00 1.877700924873352051e+00 4.792557716369628906e+00
2.857217788696289062e+01 6.659771442413330078e+00 1.873427391052246094e+00 4.786343574523925781e+00
2.859258842468261719e+01 6.656145095825195312e+00 1.874183058738708496e+00 4.781960487365722656e+00
2.861299514770507812e+01 6.641570568084716797e+00 1.865734815597534180e+00 4.775834560394287109e+00
2.863340568542480469e+01 6.638019561767578125e+00 1.866077065467834473e+00 4.771942138671875000e+00
2.865381431579589844e+01 6.620211601257324219e+00 1.859317541122436523e+00 4.760894775390625000e+00
2.867422294616699219e+01 6.612251281738281250e+00 1.856741786003112793e+00 4.755508899688720703e+00
2.869463157653808594e+01 6.596123218536376953e+00 1.851249933242797852e+00 4.744873523712158203e+00
2.871504211425781250e+01 6.585239887237548828e+00 1.847016215324401855e+00 4.738224506378173828e+00
2.873544883728027344e+01 6.566513061523437500e+00 1.839456319808959961e+00 4.727056503295898438e+00
2.875585937500000000e+01 6.556321620941162109e+00 1.837318181991577148e+00 4.719003677368164062e+00
2.877626609802246094e+01 6.541952133178710938e+00 1.832687616348266602e+00 4.709265708923339844e+00
2.879667282104492188e+01 6.526560306549072266e+00 1.831388831138610840e+00 4.695172309875488281e+00
2.881708335876464844e+01 6.514726161956787109e+00 1.823861360549926758e+00 4.690865516662597656e+00
2.883749198913574219e+01 6.500777244567871094e+00 1.818419814109802246e+00 4.682357311248779297e+00
2.885790252685546875e+01 6.484097003936767578e+00 1.814645171165466309e+00 4.669452190399169922e+00
2.887830924987792969e+01 6.466159343719482422e+00 1.807145595550537109e+00 4.659014225006103516e+00
2.889871978759765625e+01 6.450050830841064453e+00 1.802969813346862793e+00 4.647081375122070312e+00
2.891912651062011719e+01 6.443119525909423828e+00 1.798800349235534668e+00 4.644319534301757812e+00
2.893953704833984375e+01 6.422298908233642578e+00 1.794222831726074219e+00 4.628075599670410156e+00
2.895994377136230469e+01 6.407062530517578125e+00 1.787998676300048828e+00 4.619063377380371094e+00
2.898035430908203125e+01 6.389334678649902344e+00 1.783435225486755371e+00 4.605898857116699219e+00
2.900076293945312500e+01 6.376193523406982422e+00 1.778465628623962402e+00 4.597727298736572266e+00
2.902116966247558594e+01 6.361354827880859375e+00 1.774740457534790039e+00 4.586614608764648438e+00
2.904158020019531250e+01 6.345869541168212891e+00 1.768959522247314453e+00 4.576910018920898438e+00
2.906198692321777344e+01 6.330827236175537109e+00 1.764010548591613770e+00 4.566815853118896484e+00
2.908239746093750000e+01 6.317748546600341797e+00 1.761126279830932617e+00 4.556623458862304688e+00
2.910280418395996094e+01 6.301741600036621094e+00 1.755367159843444824e+00 4.546373844146728516e+00
2.912321472167968750e+01 6.290667533874511719e+00 1.749615907669067383e+00 4.541051387786865234e+00
2.914362144470214844e+01 6.277393817901611328e+00 1.745515823364257812e+00 4.531878471374511719e+00
2.916403198242187500e+01 6.265497207641601562e+00 1.741421222686767578e+00 4.524075508117675781e+00
2.918444061279296875e+01 6.256877422332763672e+00 1.739383339881896973e+00 4.517494678497314453e+00
2.920485115051269531e+01 6.244618892669677734e+00 1.733659386634826660e+00 4.510959625244140625e+00
2.922525787353515625e+01 6.234173774719238281e+00 1.729581832885742188e+00 4.504592418670654297e+00
2.924566459655761719e+01 6.224819660186767578e+00 1.725919365882873535e+00 4.498900890350341797e+00
2.926607513427734375e+01 6.216791629791259766e+00 1.722261786460876465e+00 4.494529724121093750e+00
2.928648185729980469e+01 6.207602500915527344e+00 1.718609452247619629e+00 4.488993167877197266e+00
2.930689239501953125e+01 6.201615810394287109e+00 1.715778946876525879e+00 4.485838413238525391e+00
2.932730102539062500e+01 6.187815666198730469e+00 1.711319804191589355e+00 4.476495742797851562e+00
2.934771156311035156e+01 6.185778141021728516e+00 1.708906173706054688e+00 4.476871490478515625e+00
2.936811828613281250e+01 6.178782463073730469e+00 1.704865574836730957e+00 4.473916053771972656e+00
2.938852882385253906e+01 6.180993556976318359e+00 1.704496145248413086e+00 4.476498126983642578e+00
2.940893554687500000e+01 6.174963474273681641e+00 1.701685309410095215e+00 4.473278999328613281e+00
2.942934608459472656e+01 6.171016693115234375e+00 1.699691772460937500e+00 4.471324443817138672e+00
2.944975280761718750e+01 6.167687892913818359e+00 1.696888089179992676e+00 4.470800399780273438e+00
2.947016143798828125e+01 6.166325569152832031e+00 1.693276166915893555e+00 4.473048686981201172e+00
2.949057197570800781e+01 6.164370536804199219e+00 1.692104220390319824e+00 4.472266197204589844e+00
2.951097869873046875e+01 6.161812305450439453e+00 1.690528631210327148e+00 4.471283435821533203e+00
2.953138923645019531e+01 6.161294460296630859e+00 1.688144207000732422e+00 4.473149776458740234e+00
2.955179595947265625e+01 6.159905433654785156e+00 1.685358285903930664e+00 4.474547386169433594e+00
2.957220649719238281e+01 6.155615329742431641e+00 1.683790326118469238e+00 4.471825599670410156e+00
2.959261322021484375e+01 6.157091140747070312e+00 1.682224750518798828e+00 4.474865913391113281e+00
2.961302375793457031e+01 6.156658172607421875e+00 1.680660963058471680e+00 4.475997447967529297e+00
2.963343048095703125e+01 6.154879570007324219e+00 1.678695797920227051e+00 4.476183414459228516e+00
2.965384101867675781e+01 6.153535842895507812e+00 1.676733136177062988e+00 4.476801872253417969e+00
2.967424964904785156e+01 6.149940967559814453e+00 1.674369931221008301e+00 4.475571155548095703e+00
2.969465637207031250e+01 6.146886825561523438e+00 1.670800685882568359e+00 4.476086616516113281e+00
2.971506690979003906e+01 6.145124912261962891e+00 1.669653058052062988e+00 4.475471973419189453e+00
2.973547363281250000e+01 6.143872261047363281e+00 1.667702078819274902e+00 4.476170063018798828e+00
2.975588417053222656e+01 6.142132759094238281e+00 1.664949178695678711e+00 4.477183341979980469e+00
2.977629089355468750e+01 6.138051986694335938e+00 1.662200093269348145e+00 4.475852966308593750e+00
2.979670143127441406e+01 6.132763385772705078e+00 1.659052968025207520e+00 4.473711013793945312e+00
2.981711006164550781e+01 6.128705501556396484e+00 1.656311750411987305e+00 4.472393989562988281e+00
2.983752059936523438e+01 6.124763488769531250e+00 1.653975248336791992e+00 4.470788002014160156e+00
2.985792732238769531e+01 6.119393348693847656e+00 1.650840520858764648e+00 4.468552589416503906e+00
2.987833786010742188e+01 6.111875057220458984e+00 1.646908521652221680e+00 4.464966297149658203e+00
2.989874458312988281e+01 6.104081153869628906e+00 1.642982006072998047e+00 4.461100101470947266e+00
2.991915130615234375e+01 6.103216648101806641e+00 1.640661120414733887e+00 4.462555885314941406e+00
2.993956184387207031e+01 6.089582920074462891e+00 1.636344313621520996e+00 4.453238964080810547e+00
2.995997047424316406e+01 6.082483768463134766e+00 1.633232116699218750e+00 4.449250698089599609e+00
2.998037910461425781e+01 6.067625045776367188e+00 1.626929998397827148e+00 4.440695762634277344e+00
3.000078773498535156e+01 6.061175346374511719e+00 1.624227404594421387e+00 4.436948776245117188e+00
3.002119827270507812e+01 6.051224708557128906e+00 1.619933724403381348e+00 4.431291103363037109e+00
3.004160499572753906e+01 6.041246891021728516e+00 1.616442441940307617e+00 4.424803733825683594e+00
3.006201553344726562e+01 6.034172058105468750e+00 1.615743279457092285e+00 4.418427467346191406e+00
3.008242225646972656e+01 6.017184257507324219e+00 1.607087254524230957e+00 4.410096168518066406e+00
3.010283279418945312e+01 6.005312442779541016e+00 1.602816581726074219e+00 4.402495861053466797e+00
3.012323951721191406e+01 5.990826606750488281e+00 1.599346637725830078e+00 4.391479015350341797e+00
3.014365005493164062e+01 5.988810062408447266e+00 1.595087051391601562e+00 4.393723964691162109e+00
3.016405868530273438e+01 5.963955879211425781e+00 1.589642882347106934e+00 4.374312400817871094e+00
3.018446540832519531e+01 5.950412273406982422e+00 1.584999322891235352e+00 4.365413188934326172e+00
3.020487594604492188e+01 5.941687583923339844e+00 1.581550598144531250e+00 4.360137462615966797e+00
3.022528266906738281e+01 5.930607318878173828e+00 1.577314615249633789e+00 4.353292465209960938e+00
3.024569320678710938e+01 5.913772583007812500e+00 1.574667215347290039e+00 4.339105606079101562e+00
3.026609992980957031e+01 5.898942470550537109e+00 1.567277789115905762e+00 4.331665515899658203e+00
3.028651046752929688e+01 5.887392997741699219e+00 1.564245581626892090e+00 4.323148250579833984e+00
3.030691909790039062e+01 5.879792690277099609e+00 1.561217665672302246e+00 4.318575859069824219e+00
3.032732963562011719e+01 5.873941898345947266e+00 1.558588147163391113e+00 4.315352916717529297e+00
3.034773635864257812e+01 5.850327968597412109e+00 1.552018284797668457e+00 4.298309326171875000e+00
3.036814689636230469e+01 5.829606056213378906e+00 1.545851349830627441e+00 4.283755302429199219e+00
3.038855361938476562e+01 5.826751708984375000e+00 1.545994877815246582e+00 4.280756950378417969e+00
3.040896034240722656e+01 5.818281173706054688e+00 1.541414737701416016e+00 4.276867389678955078e+00
3.042937088012695312e+01 5.810275554656982422e+00 1.539200663566589355e+00 4.271074771881103516e+00
3.044977760314941406e+01 5.800973892211914062e+00 1.535810589790344238e+00 4.265163898468017578e+00
3.047018814086914062e+01 5.766102313995361328e+00 1.527710914611816406e+00 4.238391399383544922e+00
3.049059677124023438e+01 5.756248474121093750e+00 1.526296019554138184e+00 4.229951858520507812e+00
3.051100730895996094e+01 5.768294811248779297e+00 1.527236342430114746e+00 4.241059303283691406e+00
3.053141403198242188e+01 5.743905544281005859e+00 1.519942998886108398e+00 4.223963260650634766e+00
3.055182456970214844e+01 5.732561588287353516e+00 1.516185045242309570e+00 4.216375827789306641e+00
3.057223129272460938e+01 5.719710350036621094e+00 1.512040853500366211e+00 4.207669734954833984e+00
3.059264183044433594e+01 5.709702014923095703e+00 1.508293271064758301e+00 4.201408863067626953e+00
3.061304855346679688e+01 5.700791835784912109e+00 1.505723834037780762e+00 4.195068836212158203e+00
3.063345718383789062e+01 5.689789295196533203e+00 1.501204133033752441e+00 4.188585281372070312e+00
3.065386772155761719e+01 5.680622577667236328e+00 1.497471332550048828e+00 4.183151245117187500e+00
3.067427444458007812e+01 5.670772075653076172e+00 1.492963194847106934e+00 4.177808761596679688e+00
3.069468498229980469e+01 5.662424087524414062e+00 1.488850712776184082e+00 4.173573017120361328e+00
3.071509170532226562e+01 5.653100490570068359e+00 1.484354257583618164e+00 4.168746471405029297e+00
3.073550224304199219e+01 5.644920825958251953e+00 1.480253100395202637e+00 4.164667129516601562e+00
3.075590896606445312e+01 5.635874271392822266e+00 1.475768208503723145e+00 4.160107135772705078e+00
3.077631950378417969e+01 5.629666328430175781e+00 1.472455859184265137e+00 4.157210826873779297e+00
3.079672813415527344e+01 5.620321750640869141e+00 1.466427803039550781e+00 4.153893947601318359e+00
3.081713676452636719e+01 5.616021633148193359e+00 1.462737560272216797e+00 4.153284072875976562e+00
3.083754539489746094e+01 5.610116481781005859e+00 1.459052562713623047e+00 4.151063919067382812e+00
3.085795211791992188e+01 5.606112003326416016e+00 1.456148147583007812e+00 4.149964332580566406e+00
3.087836265563964844e+01 5.603657245635986328e+00 1.455960988998413086e+00 4.147696018218994141e+00
3.089876937866210938e+01 5.602674484252929688e+00 1.457710981369018555e+00 4.144963264465332031e+00
3.091917991638183594e+01 5.602300167083740234e+00 1.460620045661926270e+00 4.141680240631103516e+00
3.093958663940429688e+01 5.603430271148681641e+00 1.465072751045227051e+00 4.138357639312744141e+00
3.095999717712402344e+01 5.600396156311035156e+00 1.467586398124694824e+00 4.132810115814208984e+00
3.098040580749511719e+01 5.597681999206542969e+00 1.473187804222106934e+00 4.124494552612304688e+00
3.100081634521484375e+01 5.588416099548339844e+00 1.473376274108886719e+00 4.115040779113769531e+00
3.102122306823730469e+01 5.571102142333984375e+00 1.455429434776306152e+00 4.115672588348388672e+00
3.104163360595703125e+01 5.561098098754882812e+00 1.442904710769653320e+00 4.118194103240966797e+00
3.106204032897949219e+01 5.576299667358398438e+00 1.453131556510925293e+00 4.123167991638183594e+00
3.108244705200195312e+01 5.592391967773437500e+00 1.471047043800354004e+00 4.121345043182373047e+00
3.110285758972167969e+01 5.570430755615234375e+00 1.468157529830932617e+00 4.102272510528564453e+00
3.112326622009277344e+01 5.555709838867187500e+00 1.459118485450744629e+00 4.096590518951416016e+00
3.114367675781250000e+01 5.540820598602294922e+00 1.448553919792175293e+00 4.092266559600830078e+00
3.116408348083496094e+01 5.528094768524169922e+00 1.436467051506042480e+00 4.091627597808837891e+00
3.118449401855468750e+01 5.514430999755859375e+00 1.424779534339904785e+00 4.089651584625244141e+00
3.120490074157714844e+01 5.503007411956787109e+00 1.412724018096923828e+00 4.090283393859863281e+00
3.122531127929687500e+01 5.488806247711181641e+00 1.401067376136779785e+00 4.087739467620849609e+00
3.124571800231933594e+01 5.468360424041748047e+00 1.384829163551330566e+00 4.083530902862548828e+00
3.126612854003906250e+01 5.561421394348144531e+00 1.369760513305664062e+00 4.191661357879638672e+00
3.128653526306152344e+01 5.526849746704101562e+00 1.384170174598693848e+00 4.142680168151855469e+00
3.130694580078125000e+01 5.523293972015380859e+00 1.396649241447448730e+00 4.126645088195800781e+00
3.132735443115234375e+01 5.533648967742919922e+00 1.410640716552734375e+00 4.123009204864501953e+00
3.134776115417480469e+01 5.534270286560058594e+00 1.417358875274658203e+00 4.116911888122558594e+00
3.136817169189453125e+01 5.535169601440429688e+00 1.421015620231628418e+00 4.114153861999511719e+00
3.138857841491699219e+01 5.541492938995361328e+00 1.417422533035278320e+00 4.124070644378662109e+00
3.140898895263671875e+01 5.525582790374755859e+00 1.417263627052307129e+00 4.108318805694580078e+00
3.142939567565917969e+01 5.511085510253906250e+00 1.410249948501586914e+00 4.100835800170898438e+00
3.144980621337890625e+01 5.495481967926025391e+00 1.403245210647583008e+00 4.092236518859863281e+00
3.147021484375000000e+01 5.476515769958496094e+00 1.388262391090393066e+00 4.088253974914550781e+00
3.149062538146972656e+01 5.458207130432128906e+00 1.368357539176940918e+00 4.089849472045898438e+00
3.151103210449218750e+01 5.458100795745849609e+00 1.336703419685363770e+00 4.121397018432617188e+00
3.153144264221191406e+01 5.542462825775146484e+00 1.317996621131896973e+00 4.224465847015380859e+00
3.155184936523437500e+01 5.467936515808105469e+00 1.369496107101440430e+00 4.098439693450927734e+00
3.157225608825683594e+01 5.360893249511718750e+00 1.361786723136901855e+00 3.999103784561157227e+00
3.159266662597656250e+01 5.307086467742919922e+00 1.344994425773620605e+00 3.962094068527221680e+00
3.161307525634765625e+01 5.260150909423828125e+00 1.321029782295227051e+00 3.939120531082153320e+00
3.163348579406738281e+01 5.228949069976806641e+00 1.286501526832580566e+00 3.942447185516357422e+00
3.165389251708984375e+01 5.200020313262939453e+00 1.252774000167846680e+00 3.947247266769409180e+00
3.167430305480957031e+01 5.215561389923095703e+00 1.233449816703796387e+00 3.982112407684326172e+00
3.169470977783203125e+01 5.271867275238037109e+00 1.238698124885559082e+00 4.033168792724609375e+00
3.171512031555175781e+01 5.336120128631591797e+00 1.259790778160095215e+00 4.076328754425048828e+00
3.173552703857421875e+01 5.386231899261474609e+00 1.282364845275878906e+00 4.103866577148437500e+00
3.175593757629394531e+01 5.415767192840576172e+00 1.300386786460876465e+00 4.115381717681884766e+00
3.177634429931640625e+01 5.428658962249755859e+00 1.310852169990539551e+00 4.117807388305664062e+00
3.179675292968750000e+01 5.436623096466064453e+00 1.316033840179443359e+00 4.120589256286621094e+00
3.181716346740722656e+01 5.438033580780029297e+00 1.317070603370666504e+00 4.120963096618652344e+00
3.183757019042968750e+01 5.443309783935546875e+00 1.311714887619018555e+00 4.131594657897949219e+00
3.185798072814941406e+01 5.461518764495849609e+00 1.298475861549377441e+00 4.163042545318603516e+00
3.187838745117187500e+01 5.502247333526611328e+00 1.267606616020202637e+00 4.234640121459960938e+00
3.189879798889160156e+01 5.619954586029052734e+00 1.219515800476074219e+00 4.400437831878662109e+00
3.191920471191406250e+01 5.763093471527099609e+00 1.199236392974853516e+00 4.563858032226562500e+00
3.193961524963378906e+01 5.667553901672363281e+00 1.259930014610290527e+00 4.407623767852783203e+00
3.196002388000488281e+01 5.478005409240722656e+00 1.296577215194702148e+00 4.181428432464599609e+00
3.198043441772460938e+01 5.349069595336914062e+00 1.294626832008361816e+00 4.054441928863525391e+00
3.200083923339843750e+01 5.261919021606445312e+00 1.281083941459655762e+00 3.980834722518920898e+00
3.202124786376953125e+01 5.196719169616699219e+00 1.262698888778686523e+00 3.934019804000854492e+00
3.204166030883789062e+01 5.144932270050048828e+00 1.251808404922485352e+00 3.893123149871826172e+00
3.206206512451171875e+01 5.105954647064208984e+00 1.236825227737426758e+00 3.869127988815307617e+00
3.208247756958007812e+01 5.085094451904296875e+00 1.221487998962402344e+00 3.863605976104736328e+00
3.210288238525390625e+01 5.052126407623291016e+00 1.199831843376159668e+00 3.852296829223632812e+00
3.212329483032226562e+01 5.066585063934326172e+00 1.210620522499084473e+00 3.855965137481689453e+00
3.214369964599609375e+01 5.111351013183593750e+00 1.256399035453796387e+00 3.854953527450561523e+00
3.216411209106445312e+01 5.145403385162353516e+00 1.291699528694152832e+00 3.853704452514648438e+00
3.218451690673828125e+01 5.150898456573486328e+00 1.308359861373901367e+00 3.842538595199584961e+00
3.220492935180664062e+01 5.134796142578125000e+00 1.313105702400207520e+00 3.821690559387207031e+00
3.222533798217773438e+01 5.105834484100341797e+00 1.306702613830566406e+00 3.799132823944091797e+00
3.224574279785156250e+01 5.108483791351318359e+00 1.301421403884887695e+00 3.807062387466430664e+00
3.226615524291992188e+01 5.089569568634033203e+00 1.310614109039306641e+00 3.778955459594726562e+00
3.228656005859375000e+01 5.085129737854003906e+00 1.317200303077697754e+00 3.767930269241333008e+00
3.230697250366210938e+01 5.075474739074707031e+00 1.316368103027343750e+00 3.759105920791625977e+00
3.232737731933593750e+01 5.044255256652832031e+00 1.298134922981262207e+00 3.746120929718017578e+00
3.234778976440429688e+01 5.013042926788330078e+00 1.252172589302062988e+00 3.760871171951293945e+00
3.236819839477539062e+01 5.031976222991943359e+00 1.272461175918579102e+00 3.759514808654785156e+00
3.238860702514648438e+01 5.031020164489746094e+00 1.276094079017639160e+00 3.754926919937133789e+00
3.240901565551757812e+01 5.056359291076660156e+00 1.266057372093200684e+00 3.790301561355590820e+00
3.242942428588867188e+01 5.078589439392089844e+00 1.248282074928283691e+00 3.830307722091674805e+00
3.244983291625976562e+01 5.142182350158691406e+00 1.250079154968261719e+00 3.892104625701904297e+00
3.247023773193359375e+01 5.291707038879394531e+00 1.205057621002197266e+00 4.086649894714355469e+00
3.249065017700195312e+01 5.360824584960937500e+00 1.127673506736755371e+00 4.233150482177734375e+00
3.251105880737304688e+01 5.296458721160888672e+00 1.181086421012878418e+00 4.115372180938720703e+00
3.253146743774414062e+01 5.236436843872070312e+00 1.227073550224304199e+00 4.009363174438476562e+00
3.255187606811523438e+01 5.171341419219970703e+00 1.247263669967651367e+00 3.924077510833740234e+00
3.257228469848632812e+01 5.114966392517089844e+00 1.249054431915283203e+00 3.865912437438964844e+00
3.259269332885742188e+01 5.047997951507568359e+00 1.224034070968627930e+00 3.823965549468994141e+00
3.261310195922851562e+01 4.987276077270507812e+00 1.196475744247436523e+00 3.790799617767333984e+00
3.263351058959960938e+01 4.975287437438964844e+00 1.196094274520874023e+00 3.779193401336669922e+00
3.265391921997070312e+01 5.014856338500976562e+00 1.219539642333984375e+00 3.795316457748413086e+00
3.267432785034179688e+01 5.052982807159423828e+00 1.250282168388366699e+00 3.802699804306030273e+00
3.269473648071289062e+01 5.046460151672363281e+00 1.249501585960388184e+00 3.796958446502685547e+00
3.271514511108398438e+01 5.023550510406494141e+00 1.234819173812866211e+00 3.788730382919311523e+00
3.273555374145507812e+01 4.986190319061279297e+00 1.220886111259460449e+00 3.765304327011108398e+00
3.275596237182617188e+01 4.952874660491943359e+00 1.209893703460693359e+00 3.742980718612670898e+00
3.277637100219726562e+01 4.945597648620605469e+00 1.224478363990783691e+00 3.721119642257690430e+00
3.279677963256835938e+01 4.932505130767822266e+00 1.241599321365356445e+00 3.690905570983886719e+00
3.281718826293945312e+01 4.830490589141845703e+00 1.178092956542968750e+00 3.652396678924560547e+00
3.283759689331054688e+01 4.681210994720458984e+00 1.056708574295043945e+00 3.624503135681152344e+00
3.285800552368164062e+01 4.607219219207763672e+00 9.879315495491027832e-01 3.619288206100463867e+00
3.287841796875000000e+01 4.675179004669189453e+00 1.028456568717956543e+00 3.646721839904785156e+00
3.289882278442382812e+01 4.782503604888916016e+00 1.102403759956359863e+00 3.680099964141845703e+00
3.291923522949218750e+01 4.849038124084472656e+00 1.153715610504150391e+00 3.695323467254638672e+00
3.293964004516601562e+01 4.884801864624023438e+00 1.181707739830017090e+00 3.703093767166137695e+00
3.296004867553710938e+01 4.908533573150634766e+00 1.192596912384033203e+00 3.715936899185180664e+00
3.298045730590820312e+01 4.934669017791748047e+00 1.197665810585021973e+00 3.737002849578857422e+00
3.300086593627929688e+01 4.890542507171630859e+00 1.217599391937255859e+00 3.672942876815795898e+00
3.302127456665039062e+01 4.870075225830078125e+00 1.233520865440368652e+00 3.636554956436157227e+00
3.304168319702148438e+01 4.862844944000244141e+00 1.249060630798339844e+00 3.613784551620483398e+00
3.306209564208984375e+01 4.862039566040039062e+00 1.259150385856628418e+00 3.602890014648437500e+00
3.308250045776367188e+01 4.870890617370605469e+00 1.262353539466857910e+00 3.608537912368774414e+00
3.310291290283203125e+01 4.906255245208740234e+00 1.269530177116394043e+00 3.636725902557373047e+00
3.312331771850585938e+01 5.005146980285644531e+00 1.281757235527038574e+00 3.723388195037841797e+00
3.314373016357421875e+01 5.038669109344482422e+00 1.304803133010864258e+00 3.733867168426513672e+00
3.316413497924804688e+01 4.929713249206542969e+00 1.291368126869201660e+00 3.638343572616577148e+00
3.318454360961914062e+01 4.812637805938720703e+00 1.244404673576354980e+00 3.568233489990234375e+00
3.320495605468750000e+01 4.870130538940429688e+00 1.240395426750183105e+00 3.629733800888061523e+00
3.322536087036132812e+01 4.794299602508544922e+00 1.175148248672485352e+00 3.619151115417480469e+00
3.324577331542968750e+01 4.806379318237304688e+00 1.172266483306884766e+00 3.634111881256103516e+00
3.326617813110351562e+01 4.854717731475830078e+00 1.212925791740417480e+00 3.641790628433227539e+00
3.328659057617187500e+01 4.912817955017089844e+00 1.217576026916503906e+00 3.695241212844848633e+00
3.330699539184570312e+01 4.843154907226562500e+00 1.109377980232238770e+00 3.733777523040771484e+00
3.332740783691406250e+01 4.975848197937011719e+00 1.080325722694396973e+00 3.895521879196166992e+00
3.334781646728515625e+01 4.931757926940917969e+00 1.095457553863525391e+00 3.836300849914550781e+00
3.336822509765625000e+01 4.968938827514648438e+00 1.097657203674316406e+00 3.871281147003173828e+00
3.338863372802734375e+01 5.042641639709472656e+00 1.134627938270568848e+00 3.908012628555297852e+00
3.340903854370117188e+01 5.032155036926269531e+00 1.186242818832397461e+00 3.845911741256713867e+00
3.342945098876953125e+01 4.961408138275146484e+00 1.165467500686645508e+00 3.795939683914184570e+00
3.344985580444335938e+01 4.943954944610595703e+00 1.153305768966674805e+00 3.790650367736816406e+00
3.347026824951171875e+01 4.926865100860595703e+00 1.174417018890380859e+00 3.752448081970214844e+00
3.349067306518554688e+01 4.920941352844238281e+00 1.207297086715698242e+00 3.713643074035644531e+00
3.351108551025390625e+01 4.937882900238037109e+00 1.224420785903930664e+00 3.713460683822631836e+00
3.353149414062500000e+01 4.787519931793212891e+00 1.169773936271667480e+00 3.617745399475097656e+00
3.355190277099609375e+01 4.750067710876464844e+00 1.151224970817565918e+00 3.598843097686767578e+00
3.357231140136718750e+01 4.818603992462158203e+00 1.150881767272949219e+00 3.667721748352050781e+00
3.359272003173828125e+01 4.874800682067871094e+00 1.163009762763977051e+00 3.711790561676025391e+00
3.361312866210937500e+01 4.806458473205566406e+00 1.165152549743652344e+00 3.641306638717651367e+00
3.363353347778320312e+01 4.821373939514160156e+00 1.179748415946960449e+00 3.641626119613647461e+00
3.365394592285156250e+01 4.676414966583251953e+00 1.141332387924194336e+00 3.535083293914794922e+00
3.367435455322265625e+01 4.642189025878906250e+00 1.166588664054870605e+00 3.475601673126220703e+00
3.369476318359375000e+01 4.633831501007080078e+00 1.199274063110351562e+00 3.434556245803833008e+00
3.371517181396484375e+01 4.657985210418701172e+00 1.227304816246032715e+00 3.430681467056274414e+00
3.373558044433593750e+01 4.689716339111328125e+00 1.225497961044311523e+00 3.464218616485595703e+00
3.375598907470703125e+01 4.831022739410400391e+00 1.222274780273437500e+00 3.608747720718383789e+00
3.377639770507812500e+01 4.946804523468017578e+00 1.237483143806457520e+00 3.709321022033691406e+00
3.379680633544921875e+01 4.819870948791503906e+00 1.216194629669189453e+00 3.603675842285156250e+00
3.381721496582031250e+01 4.835094451904296875e+00 1.225724935531616211e+00 3.609369039535522461e+00
3.383762359619140625e+01 4.828475952148437500e+00 1.232767939567565918e+00 3.595708608627319336e+00
3.385803222656250000e+01 4.865563869476318359e+00 1.205510616302490234e+00 3.660053968429565430e+00
3.387844085693359375e+01 4.833520412445068359e+00 1.180406212806701660e+00 3.653112888336181641e+00
3.389884948730468750e+01 4.794151306152343750e+00 1.178989291191101074e+00 3.615162372589111328e+00
3.391925811767578125e+01 4.741396427154541016e+00 1.174751043319702148e+00 3.566644430160522461e+00
3.393966674804687500e+01 4.726281642913818359e+00 1.170870661735534668e+00 3.555410623550415039e+00
3.396007537841796875e+01 4.722956180572509766e+00 1.164880156517028809e+00 3.558076143264770508e+00
3.398048400878906250e+01 4.718052864074707031e+00 1.155022144317626953e+00 3.563030958175659180e+00
3.400089263916015625e+01 4.682280063629150391e+00 1.154680728912353516e+00 3.527599573135375977e+00
3.402130126953125000e+01 4.661190509796142578e+00 1.160320878028869629e+00 3.500868797302246094e+00
3.404171371459960938e+01 4.647442817687988281e+00 1.164547801017761230e+00 3.482895374298095703e+00
3.406211853027343750e+01 4.638920783996582031e+00 1.162795901298522949e+00 3.476124763488769531e+00
3.408253097534179688e+01 4.603866577148437500e+00 1.163504362106323242e+00 3.440361738204956055e+00
3.410293579101562500e+01 4.574534893035888672e+00 1.160351157188415527e+00 3.414182901382446289e+00
3.412334442138671875e+01 4.536867141723632812e+00 1.127736926078796387e+00 3.409129619598388672e+00
3.414375305175781250e+01 4.501616001129150391e+00 1.134775280952453613e+00 3.366841554641723633e+00
3.416416168212890625e+01 4.471036434173583984e+00 1.179293036460876465e+00 3.291743993759155273e+00
3.418457412719726562e+01 4.481860637664794922e+00 1.157580256462097168e+00 3.324279785156250000e+00
3.420497894287109375e+01 4.554782867431640625e+00 1.145691633224487305e+00 3.409092903137207031e+00
3.422539138793945312e+01 4.508265018463134766e+00 1.155150532722473145e+00 3.353113651275634766e+00
3.424579620361328125e+01 4.494525432586669922e+00 1.143277525901794434e+00 3.351248979568481445e+00
3.426620864868164062e+01 4.497215747833251953e+00 1.135261058807373047e+00 3.361952781677246094e+00
3.428661346435546875e+01 4.495452404022216797e+00 1.141916513442993164e+00 3.353536367416381836e+00
3.430702590942382812e+01 4.602288722991943359e+00 1.174731016159057617e+00 3.427557468414306641e+00
3.432743072509765625e+01 4.532919883728027344e+00 1.124170303344726562e+00 3.408749103546142578e+00
3.434783935546875000e+01 4.641135215759277344e+00 1.161138296127319336e+00 3.479997396469116211e+00
3.436825180053710938e+01 4.549901962280273438e+00 1.118307471275329590e+00 3.431594371795654297e+00
3.438865661621093750e+01 4.461017131805419922e+00 1.126693844795227051e+00 3.334324121475219727e+00
3.440906906127929688e+01 4.484755516052246094e+00 1.128460407257080078e+00 3.356294155120849609e+00
3.442947387695312500e+01 4.572981834411621094e+00 1.164643049240112305e+00 3.408339500427246094e+00
3.444988632202148438e+01 4.605625629425048828e+00 1.141716241836547852e+00 3.463909864425659180e+00
3.447029113769531250e+01 4.558719158172607422e+00 1.166389107704162598e+00 3.392329216003417969e+00
3.449070358276367188e+01 4.475762844085693359e+00 1.176110029220581055e+00 3.299653053283691406e+00
3.451111221313476562e+01 4.615044116973876953e+00 1.196918129920959473e+00 3.418125867843627930e+00
3.453152084350585938e+01 4.648006916046142578e+00 1.179919123649597168e+00 3.468087911605834961e+00
3.455192947387695312e+01 4.704354286193847656e+00 1.179222226142883301e+00 3.525131940841674805e+00
3.457233428955078125e+01 4.634698867797851562e+00 1.151521205902099609e+00 3.483178138732910156e+00
3.459274673461914062e+01 4.809258460998535156e+00 1.182329177856445312e+00 3.626929521560668945e+00
3.461315155029296875e+01 4.815955162048339844e+00 1.178519606590270996e+00 3.637434959411621094e+00
3.463356399536132812e+01 4.816453456878662109e+00 1.201671957969665527e+00 3.614782094955444336e+00
3.465397262573242188e+01 4.879203319549560547e+00 1.228251099586486816e+00 3.650952339172363281e+00
3.467438125610351562e+01 4.849333763122558594e+00 1.207851767539978027e+00 3.641482591629028320e+00
3.469478988647460938e+01 4.832069873809814453e+00 1.164706707000732422e+00 3.667362928390502930e+00
3.471519851684570312e+01 4.726755619049072266e+00 1.148851037025451660e+00 3.577904939651489258e+00
3.473560714721679688e+01 4.721253395080566406e+00 1.162648916244506836e+00 3.558604955673217773e+00
3.475601577758789062e+01 4.634582042694091797e+00 1.138892173767089844e+00 3.495690107345581055e+00
3.477642440795898438e+01 4.572650432586669922e+00 1.125833153724670410e+00 3.446818590164184570e+00
3.479682922363281250e+01 4.520573139190673828e+00 1.135836362838745117e+00 3.384736776351928711e+00
3.481724166870117188e+01 4.516212940216064453e+00 1.128294944763183594e+00 3.387917041778564453e+00
3.483765029907226562e+01 4.516306877136230469e+00 1.139659285545349121e+00 3.376647472381591797e+00
3.485805892944335938e+01 4.491932392120361328e+00 1.147233128547668457e+00 3.344698190689086914e+00
3.487846755981445312e+01 4.566277027130126953e+00 1.146905064582824707e+00 3.419372081756591797e+00
3.489887619018554688e+01 4.502252578735351562e+00 1.142118573188781738e+00 3.360135078430175781e+00
3.491928482055664062e+01 4.507033348083496094e+00 1.123626589775085449e+00 3.383407831192016602e+00
3.493969345092773438e+01 4.518910884857177734e+00 1.120229482650756836e+00 3.398681640625000000e+00
3.496010208129882812e+01 4.459576606750488281e+00 1.101429700851440430e+00 3.358146190643310547e+00
3.498051071166992188e+01 4.563337802886962891e+00 1.119606852531433105e+00 3.443731307983398438e+00
3.500091934204101562e+01 4.528707981109619141e+00 1.112114429473876953e+00 3.416593551635742188e+00
3.502132797241210938e+01 4.534555435180664062e+00 1.094377398490905762e+00 3.440179347991943359e+00
3.504173660278320312e+01 4.505055427551269531e+00 1.093056917190551758e+00 3.411998987197875977e+00
3.506214523315429688e+01 4.465375423431396484e+00 1.091055035591125488e+00 3.374320268630981445e+00
3.508255386352539062e+01 4.360454559326171875e+00 1.084961533546447754e+00 3.275491952896118164e+00
3.510296249389648438e+01 4.390962600708007812e+00 1.107517719268798828e+00 3.283444643020629883e+00
3.512337112426757812e+01 4.440770149230957031e+00 1.156288027763366699e+00 3.284482240676879883e+00
3.514377975463867188e+01 4.487292289733886719e+00 1.168218374252319336e+00 3.319074869155883789e+00
3.516418838500976562e+01 4.483900547027587891e+00 1.153924822807312012e+00 3.329975128173828125e+00
3.518459701538085938e+01 4.455983638763427734e+00 1.147472262382507324e+00 3.308511257171630859e+00
3.520500946044921875e+01 4.548361301422119141e+00 1.144426941871643066e+00 3.403934240341186523e+00
3.522541427612304688e+01 4.525881767272949219e+00 1.124395370483398438e+00 3.401486635208129883e+00
3.524582672119140625e+01 4.450694084167480469e+00 1.099632501602172852e+00 3.351062059402465820e+00
3.526623153686523438e+01 4.432868480682373047e+00 1.084401726722717285e+00 3.348466157913208008e+00
3.528664016723632812e+01 4.412999629974365234e+00 1.097682118415832520e+00 3.315316915512084961e+00
3.530704879760742188e+01 4.479879379272460938e+00 1.132644057273864746e+00 3.347235441207885742e+00
3.532745742797851562e+01 4.466488838195800781e+00 1.136394381523132324e+00 3.330093860626220703e+00
3.534786987304687500e+01 4.489825725555419922e+00 1.153685212135314941e+00 3.336141109466552734e+00
3.536827468872070312e+01 4.475574016571044922e+00 1.121884226799011230e+00 3.353689670562744141e+00
3.538868713378906250e+01 4.473997592926025391e+00 1.133751749992370605e+00 3.340246200561523438e+00
3.540909194946289062e+01 4.435780048370361328e+00 1.115520477294921875e+00 3.320259571075439453e+00
3.542950439453125000e+01 4.457474231719970703e+00 1.146634936332702637e+00 3.310839176177978516e+00
3.544990921020507812e+01 4.410929203033447266e+00 1.123352527618408203e+00 3.287575483322143555e+00
3.547032165527343750e+01 4.336448669433593750e+00 1.098409414291381836e+00 3.238039731979370117e+00
3.549073028564453125e+01 4.198850154876708984e+00 1.040781140327453613e+00 3.158067941665649414e+00
3.551113510131835938e+01 4.224332332611083984e+00 1.062429428100585938e+00 3.161901712417602539e+00
3.553154754638671875e+01 4.216747760772705078e+00 1.091126799583435059e+00 3.125620841979980469e+00
3.555195236206054688e+01 4.174548149108886719e+00 1.062892913818359375e+00 3.111655473709106445e+00
3.557236480712890625e+01 4.206605911254882812e+00 1.051179051399230957e+00 3.155426502227783203e+00
3.559276962280273438e+01 4.194137573242187500e+00 1.055284500122070312e+00 3.138852834701538086e+00
3.561318206787109375e+01 4.163503170013427734e+00 1.062746047973632812e+00 3.100757837295532227e+00
3.563358688354492188e+01 4.218003273010253906e+00 1.025187611579895020e+00 3.192815780639648438e+00
3.565399932861328125e+01 4.172213554382324219e+00 1.028965115547180176e+00 3.143250226974487305e+00
3.567440795898437500e+01 4.116612911224365234e+00 1.024685740470886230e+00 3.091927766799926758e+00
3.569481658935546875e+01 4.093217372894287109e+00 9.754768013954162598e-01 3.117741107940673828e+00
3.571522521972656250e+01 4.102566242218017578e+00 9.776006340980529785e-01 3.124965429306030273e+00
3.573563003540039062e+01 4.155518531799316406e+00 1.024604916572570801e+00 3.130913972854614258e+00
3.575604248046875000e+01 4.161255836486816406e+00 1.057830333709716797e+00 3.103425502777099609e+00
3.577644729614257812e+01 4.296199321746826172e+00 1.086334228515625000e+00 3.209865093231201172e+00
3.579685974121093750e+01 4.332787513732910156e+00 1.013155579566955566e+00 3.319631338119506836e+00
3.581726837158203125e+01 4.159324645996093750e+00 9.387235641479492188e-01 3.220600128173828125e+00
3.583767700195312500e+01 4.140697002410888672e+00 9.465387463569641113e-01 3.194159507751464844e+00
3.585808563232421875e+01 4.042585849761962891e+00 9.246365427970886230e-01 3.117949247360229492e+00
3.587849426269531250e+01 4.065302848815917969e+00 8.780719041824340820e-01 3.187230348587036133e+00
3.589890289306640625e+01 4.156262397766113281e+00 9.049136042594909668e-01 3.251348972320556641e+00
