# NTRMN  = 7
# NTRANS = 56
1.142887115478515625e+01 0.000000000000000000e+00 0.000000000000000000e+00 0.000000000000000000e+00
1.144927978515625000e+01 0.000000000000000000e+00 0.000000000000000000e+00 0.000000000000000000e+00
1.146968936920166016e+01 0.000000000000000000e+00 0.000000000000000000e+00 0.000000000000000000e+00
1.149009799957275391e+01 0.000000000000000000e+00 0.000000000000000000e+00 0.000000000000000000e+00
1.151050662994384766e+01 0.000000000000000000e+00 0.000000000000000000e+00 0.000000000000000000e+00
1.153091526031494141e+01 0.000000000000000000e+00 0.000000000000000000e+00 0.000000000000000000e+00
1.157173252105712891e+01 0.000000000000000000e+00 0.000000000000000000e+00 0.000000000000000000e+00
1.159214115142822266e+01 0.000000000000000000e+00 0.000000000000000000e+00 0.000000000000000000e+00
1.161254978179931641e+01 0.000000000000000000e+00 0.000000000000000000e+00 0.000000000000000000e+00
1.165336799621582031e+01 0.000000000000000000e+00 0.000000000000000000e+00 0.000000000000000000e+00
1.167377567291259766e+01 0.000000000000000000e+00 0.000000000000000000e+00 0.000000000000000000e+00
1.169418430328369141e+01 0.000000000000000000e+00 0.000000000000000000e+00 0.000000000000000000e+00
1.171459388732910156e+01 0.000000000000000000e+00 0.000000000000000000e+00 0.000000000000000000e+00
1.175541114807128906e+01 0.000000000000000000e+00 0.000000000000000000e+00 0.000000000000000000e+00
1.177581882476806641e+01 0.000000000000000000e+00 0.000000000000000000e+00 0.000000000000000000e+00
1.179622840881347656e+01 0.000000000000000000e+00 0.000000000000000000e+00 0.000000000000000000e+00
1.181663703918457031e+01 0.000000000000000000e+00 0.000000000000000000e+00 0.000000000000000000e+00
1.183704566955566406e+01 0.000000000000000000e+00 0.000000000000000000e+00 0.000000000000000000e+00
1.185745429992675781e+01 0.000000000000000000e+00 0.000000000000000000e+00 0.000000000000000000e+00
1.187786388397216797e+01 0.000000000000000000e+00 0.000000000000000000e+00 0.000000000000000000e+00
1.193908882141113281e+01 0.000000000000000000e+00 0.000000000000000000e+00 0.000000000000000000e+00
1.195949840545654297e+01 0.000000000000000000e+00 0.000000000000000000e+00 0.000000000000000000e+00
1.197990703582763672e+01 0.000000000000000000e+00 0.000000000000000000e+00 0.000000000000000000e+00
1.200031566619873047e+01 0.000000000000000000e+00 0.000000000000000000e+00 0.000000000000000000e+00
1.202072334289550781e+01 0.000000000000000000e+00 0.000000000000000000e+00 0.000000000000000000e+00
1.204113292694091797e+01 0.000000000000000000e+00 0.000000000000000000e+00 0.000000000000000000e+00
1.206154155731201172e+01 0.000000000000000000e+00 0.000000000000000000e+00 0.000000000000000000e+00
1.208195018768310547e+01 0.000000000000000000e+00 0.000000000000000000e+00 0.000000000000000000e+00
1.210235881805419922e+01 0.000000000000000000e+00 0.000000000000000000e+00 0.000000000000000000e+00
1.212276744842529297e+01 0.000000000000000000e+00 0.000000000000000000e+00 0.000000000000000000e+00
1.214317607879638672e+01 0.000000000000000000e+00 0.000000000000000000e+00 0.000000000000000000e+00
1.216358470916748047e+01 0.000000000000000000e+00 0.000000000000000000e+00 0.000000000000000000e+00
1.218399333953857422e+01 0.000000000000000000e+00 0.000000000000000000e+00 0.000000000000000000e+00
1.220440292358398438e+01 0.000000000000000000e+00 0.000000000000000000e+00 0.000000000000000000e+00
1.222481155395507812e+01 0.000000000000000000e+00 0.000000000000000000e+00 0.000000000000000000e+00
1.224521923065185547e+01 0.000000000000000000e+00 0.000000000000000000e+00 0.000000000000000000e+00
1.226562786102294922e+01 0.000000000000000000e+00 0.000000000000000000e+00 0.000000000000000000e+00
1.228603744506835938e+01 0.000000000000000000e+00 0.000000000000000000e+00 0.000000000000000000e+00
1.230644607543945312e+01 0.000000000000000000e+00 0.000000000000000000e+00 0.000000000000000000e+00
1.232685470581054688e+01 0.000000000000000000e+00 0.000000000000000000e+00 0.000000000000000000e+00
1.234726333618164062e+01 0.000000000000000000e+00 0.000000000000000000e+00 0.000000000000000000e+00
1.236767196655273438e+01 0.000000000000000000e+00 0.000000000000000000e+00 0.000000000000000000e+00
1.238808059692382812e+01 0.000000000000000000e+00 0.000000000000000000e+00 0.000000000000000000e+00
1.240848922729492188e+01 0.000000000000000000e+00 0.000000000000000000e+00 0.000000000000000000e+00
1.242889785766601562e+01 0.000000000000000000e+00 0.000000000000000000e+00 0.000000000000000000e+00
1.244930744171142578e+01 0.000000000000000000e+00 0.000000000000000000e+00 0.000000000000000000e+00
1.246971511840820312e+01 0.000000000000000000e+00 0.000000000000000000e+00 0.000000000000000000e+00
1.249012374877929688e+01 0.000000000000000000e+00 0.000000000000000000e+00 0.000000000000000000e+00
1.251053237915039062e+01 0.000000000000000000e+00 0.000000000000000000e+00 0.000000000000000000e+00
1.253094196319580078e+01 0.000000000000000000e+00 0.000000000000000000e+00 0.000000000000000000e+00
1.255135059356689453e+01 0.000000000000000000e+00 0.000000000000000000e+00 0.000000000000000000e+00
1.257175922393798828e+01 0.000000000000000000e+00 0.000000000000000000e+00 0.000000000000000000e+00
1.259216690063476562e+01 0.000000000000000000e+00 0.000000000000000000e+00 0.000000000000000000e+00
1.261257648468017578e+01 0.000000000000000000e+00 0.000000000000000000e+00 0.000000000000000000e+00
1.263298511505126953e+01 0.000000000000000000e+00 0.000000000000000000e+00 0.000000000000000000e+00
1.265339374542236328e+01 0.000000000000000000e+00 0.000000000000000000e+00 0.000000000000000000e+00
1.267380237579345703e+01 0.000000000000000000e+00 0.000000000000000000e+00 0.000000000000000000e+00
1.269421100616455078e+01 0.000000000000000000e+00 0.000000000000000000e+00 0.000000000000000000e+00
1.271461963653564453e+01 0.000000000000000000e+00 0.000000000000000000e+00 0.000000000000000000e+00
1.273502826690673828e+01 0.000000000000000000e+00 0.000000000000000000e+00 0.000000000000000000e+00
1.275543689727783203e+01 0.000000000000000000e+00 0.000000000000000000e+00 0.000000000000000000e+00
1.277584648132324219e+01 0.000000000000000000e+00 0.000000000000000000e+00 0.000000000000000000e+00
1.279625511169433594e+01 0.000000000000000000e+00 0.000000000000000000e+00 0.000000000000000000e+00
1.281666278839111328e+01 0.000000000000000000e+00 0.000000000000000000e+00 0.000000000000000000e+00
1.283707141876220703e+01 0.000000000000000000e+00 0.000000000000000000e+00 0.000000000000000000e+00
1.285748100280761719e+01 0.000000000000000000e+00 0.000000000000000000e+00 0.000000000000000000e+00
1.287788963317871094e+01 0.000000000000000000e+00 0.000000000000000000e+00 0.000000000000000000e+00
1.289829826354980469e+01 0.000000000000000000e+00 0.000000000000000000e+00 0.000000000000000000e+00
1.295952415466308594e+01 0.000000000000000000e+00 0.000000000000000000e+00 0.000000000000000000e+00
1.297993278503417969e+01 0.000000000000000000e+00 0.000000000000000000e+00 0.000000000000000000e+00
1.300034141540527344e+01 0.000000000000000000e+00 0.000000000000000000e+00 0.000000000000000000e+00
1.302075004577636719e+01 0.000000000000000000e+00 0.000000000000000000e+00 0.000000000000000000e+00
1.304115962982177734e+01 0.000000000000000000e+00 0.000000000000000000e+00 0.000000000000000000e+00
1.312279415130615234e+01 7.129132151603698730e-01 7.129132151603698730e-01 0.000000000000000000e+00
1.314320278167724609e+01 7.980498671531677246e-01 7.980498671531677246e-01 0.000000000000000000e+00
1.320442867279052734e+01 7.944400906562805176e-01 7.944400906562805176e-01 0.000000000000000000e+00
1.322483730316162109e+01 7.933046221733093262e-01 7.933046221733093262e-01 0.000000000000000000e+00
1.324524593353271484e+01 1.184734582901000977e+00 1.184734582901000977e+00 0.000000000000000000e+00
1.326565456390380859e+01 1.182911872863769531e+00 1.182911872863769531e+00 0.000000000000000000e+00
1.336769866943359375e+01 1.127320766448974609e+00 1.127320766448974609e+00 0.000000000000000000e+00
1.338810729980468750e+01 1.222159028053283691e+00 1.222159028053283691e+00 0.000000000000000000e+00
1.340851497650146484e+01 1.310459971427917480e+00 1.310459971427917480e+00 0.000000000000000000e+00
1.342892456054687500e+01 1.402057647705078125e+00 1.402057647705078125e+00 0.000000000000000000e+00
1.344933319091796875e+01 1.508507132530212402e+00 1.508507132530212402e+00 0.000000000000000000e+00
1.346974182128906250e+01 1.434242844581604004e+00 1.434242844581604004e+00 0.000000000000000000e+00
1.349015045166015625e+01 1.432072997093200684e+00 1.432072997093200684e+00 0.000000000000000000e+00
1.351055908203125000e+01 1.351060986518859863e+00 1.351060986518859863e+00 0.000000000000000000e+00
1.353096771240234375e+01 1.374676704406738281e+00 1.374676704406738281e+00 0.000000000000000000e+00
1.355137634277343750e+01 1.362007021903991699e+00 1.362007021903991699e+00 0.000000000000000000e+00
1.361260223388671875e+01 1.355881094932556152e+00 1.355881094932556152e+00 0.000000000000000000e+00
1.363301086425781250e+01 1.382824897766113281e+00 1.382824897766113281e+00 0.000000000000000000e+00
1.365341949462890625e+01 1.422838091850280762e+00 1.422838091850280762e+00 0.000000000000000000e+00
1.367382907867431641e+01 1.460105895996093750e+00 1.460105895996093750e+00 0.000000000000000000e+00
1.369423770904541016e+01 1.497262358665466309e+00 1.497262358665466309e+00 0.000000000000000000e+00
1.371464633941650391e+01 1.530817389488220215e+00 1.530817389488220215e+00 0.000000000000000000e+00
1.373505496978759766e+01 1.559915304183959961e+00 1.559915304183959961e+00 0.000000000000000000e+00
1.375546360015869141e+01 1.588056802749633789e+00 1.588056802749633789e+00 0.000000000000000000e+00
1.377587318420410156e+01 1.629148125648498535e+00 1.629148125648498535e+00 0.000000000000000000e+00
1.383709812164306641e+01 1.739005327224731445e+00 1.738719105720520020e+00 2.862401306629180908e-04
1.387791538238525391e+01 1.621889829635620117e+00 1.617169141769409180e+00 4.720681346952915192e-03
1.397995948791503906e+01 1.676165342330932617e+00 1.499196887016296387e+00 1.769683808088302612e-01
1.402077770233154297e+01 1.753383994102478027e+00 1.494832396507263184e+00 2.585515677928924561e-01
1.404118442535400391e+01 1.769152998924255371e+00 1.502889156341552734e+00 2.662637829780578613e-01
1.410241127014160156e+01 1.992169260978698730e+00 1.482784152030944824e+00 5.093849897384643555e-01
1.414322853088378906e+01 2.067427396774291992e+00 1.442959785461425781e+00 6.244676113128662109e-01
1.416363716125488281e+01 2.281822681427001953e+00 1.596377372741699219e+00 6.854454278945922852e-01
1.426568031311035156e+01 2.436138868331909180e+00 1.561465263366699219e+00 8.746735453605651855e-01
1.430649757385253906e+01 2.572097301483154297e+00 1.656571745872497559e+00 9.155254960060119629e-01
1.432690715789794922e+01 2.648732662200927734e+00 1.755302667617797852e+00 8.934299945831298828e-01
1.434731578826904297e+01 2.759140968322753906e+00 1.911317586898803711e+00 8.478234410285949707e-01
1.436772441864013672e+01 2.727973937988281250e+00 1.921098828315734863e+00 8.068754673004150391e-01
1.438813304901123047e+01 2.706899881362915039e+00 1.920869588851928711e+00 7.860301733016967773e-01
1.440854167938232422e+01 2.771097183227539062e+00 1.864151477813720703e+00 9.069457054138183594e-01
1.442895126342773438e+01 2.788681030273437500e+00 1.861514806747436523e+00 9.271662831306457520e-01
1.444935989379882812e+01 2.736853837966918945e+00 1.754509687423706055e+00 9.823440313339233398e-01
1.446976852416992188e+01 2.797855377197265625e+00 1.834756255149841309e+00 9.630993008613586426e-01
1.457181072235107422e+01 2.982638835906982422e+00 1.787408351898193359e+00 1.195230841636657715e+00
1.459222030639648438e+01 3.026027679443359375e+00 1.807055711746215820e+00 1.218972086906433105e+00
1.461262893676757812e+01 3.001014709472656250e+00 1.822552680969238281e+00 1.178462386131286621e+00
1.485753345489501953e+01 3.058402776718139648e+00 1.766730546951293945e+00 1.291671514511108398e+00
1.487794208526611328e+01 3.144442319869995117e+00 1.790856242179870605e+00 1.353587269783020020e+00
1.497998523712158203e+01 3.400665760040283203e+00 1.836187839508056641e+00 1.564478754997253418e+00
1.516366481781005859e+01 3.565398693084716797e+00 1.879462242126464844e+00 1.685936450958251953e+00
1.518407344818115234e+01 3.647573709487915039e+00 1.960495829582214355e+00 1.687077641487121582e+00
1.540856838226318359e+01 3.854511499404907227e+00 1.958343744277954102e+00 1.896168351173400879e+00
1.544938468933105469e+01 3.923025608062744141e+00 2.015150785446166992e+00 1.907873988151550293e+00
1.546979331970214844e+01 3.972983121871948242e+00 2.055821657180786133e+00 1.917161583900451660e+00
1.557183837890625000e+01 4.021762847900390625e+00 2.026976108551025391e+00 1.994787096977233887e+00
1.559224700927734375e+01 4.106150627136230469e+00 2.066544532775878906e+00 2.039605855941772461e+00
1.569428920745849609e+01 4.299736499786376953e+00 2.153780460357666016e+00 2.145957469940185547e+00
1.583715152740478516e+01 4.455738067626953125e+00 2.211442708969116211e+00 2.244295835494995117e+00
1.593919372558593750e+01 4.558771610260009766e+00 2.204794406890869141e+00 2.353977441787719727e+00
1.595960235595703125e+01 4.564064025878906250e+00 2.195975065231323242e+00 2.368090391159057617e+00
1.598001194000244141e+01 4.561681270599365234e+00 2.176691770553588867e+00 2.384990930557250977e+00
1.600041961669921875e+01 4.599908828735351562e+00 2.197853803634643555e+00 2.402054548263549805e+00
1.602083015441894531e+01 4.611752033233642578e+00 2.203272342681884766e+00 2.408479928970336914e+00
1.604123878479003906e+01 4.655402660369873047e+00 2.226585388183593750e+00 2.428819179534912109e+00
1.616368865966796875e+01 4.838556766510009766e+00 2.408917665481567383e+00 2.429639577865600586e+00
1.632695960998535156e+01 4.932754039764404297e+00 2.422217130661010742e+00 2.510535478591918945e+00
1.649022865295410156e+01 5.101442337036132812e+00 2.411300659179687500e+00 2.690141677856445312e+00
1.653104782104492188e+01 5.208783626556396484e+00 2.477029323577880859e+00 2.731754302978515625e+00
1.655145645141601562e+01 5.248828411102294922e+00 2.495670080184936523e+00 2.753158569335937500e+00
1.657186508178710938e+01 5.238142013549804688e+00 2.464427709579467773e+00 2.773714065551757812e+00
1.659227180480957031e+01 5.244411468505859375e+00 2.466446161270141602e+00 2.777966260910034180e+00
1.663308906555175781e+01 5.369732379913330078e+00 2.551066160202026367e+00 2.818666458129882812e+00
1.665349769592285156e+01 5.420135498046875000e+00 2.570939540863037109e+00 2.849195957183837891e+00
1.667390823364257812e+01 5.450860977172851562e+00 2.582867860794067383e+00 2.867993831634521484e+00
1.669431686401367188e+01 5.365933895111083984e+00 2.527370452880859375e+00 2.838562965393066406e+00
1.671472549438476562e+01 5.414570808410644531e+00 2.550780534744262695e+00 2.863791942596435547e+00
1.673513412475585938e+01 5.461540222167968750e+00 2.571272611618041992e+00 2.890267133712768555e+00
1.675554275512695312e+01 5.477394104003906250e+00 2.576712846755981445e+00 2.900681495666503906e+00
1.677595138549804688e+01 5.495334625244140625e+00 2.582854032516479492e+00 2.912478685379028320e+00
1.683717727661132812e+01 5.591594696044921875e+00 2.594788789749145508e+00 2.996806144714355469e+00
1.685758590698242188e+01 5.625761032104492188e+00 2.598037719726562500e+00 3.027723789215087891e+00
1.687799453735351562e+01 5.643576145172119141e+00 2.600569486618041992e+00 3.043006181716918945e+00
1.689840316772460938e+01 5.669206619262695312e+00 2.588220596313476562e+00 3.080986738204956055e+00
1.691881179809570312e+01 5.709518432617187500e+00 2.597832918167114258e+00 3.111684083938598633e+00
1.693922042846679688e+01 5.717145919799804688e+00 2.603182315826416016e+00 3.113962650299072266e+00
1.704126548767089844e+01 5.820492744445800781e+00 2.608666181564331055e+00 3.211826324462890625e+00
1.714330673217773438e+01 5.929323196411132812e+00 2.692981958389282227e+00 3.236340761184692383e+00
1.716371536254882812e+01 5.909568309783935547e+00 2.696056127548217773e+00 3.213512182235717773e+00
1.720453453063964844e+01 5.907696723937988281e+00 2.704965829849243164e+00 3.202730178833007812e+00
1.722494316101074219e+01 5.903184413909912109e+00 2.703845500946044922e+00 3.199339151382446289e+00
1.724535179138183594e+01 5.891467094421386719e+00 2.711750745773315430e+00 3.179716587066650391e+00
1.734739494323730469e+01 5.874950885772705078e+00 2.743408918380737305e+00 3.131540060043334961e+00
1.736780357360839844e+01 5.861589908599853516e+00 2.725023269653320312e+00 3.136565685272216797e+00
1.738821220397949219e+01 5.869761943817138672e+00 2.742475986480712891e+00 3.127285957336425781e+00
1.742902946472167969e+01 5.876217842102050781e+00 2.751161813735961914e+00 3.125055551528930664e+00
1.744943809509277344e+01 5.895124912261962891e+00 2.753431797027587891e+00 3.141692876815795898e+00
1.746984672546386719e+01 5.887340545654296875e+00 2.750215053558349609e+00 3.137125492095947266e+00
1.751066398620605469e+01 5.916190147399902344e+00 2.756792306900024414e+00 3.159398555755615234e+00
1.753107261657714844e+01 5.919898509979248047e+00 2.763141632080078125e+00 3.156758069992065430e+00
1.755148124694824219e+01 5.916634559631347656e+00 2.741515159606933594e+00 3.175119161605834961e+00
1.757188987731933594e+01 5.922316551208496094e+00 2.745824098587036133e+00 3.176492691040039062e+00
1.765352439880371094e+01 5.979526042938232422e+00 2.754823684692382812e+00 3.224703073501586914e+00
1.767393493652343750e+01 5.998570919036865234e+00 2.747578859329223633e+00 3.250992059707641602e+00
1.769434356689453125e+01 6.014248371124267578e+00 2.752527475357055664e+00 3.261719226837158203e+00
1.771475219726562500e+01 6.037856578826904297e+00 2.739221096038818359e+00 3.298636198043823242e+00
1.773516082763671875e+01 6.023443698883056641e+00 2.729320049285888672e+00 3.294122695922851562e+00
1.775556755065917969e+01 6.050467491149902344e+00 2.738317251205444336e+00 3.312148571014404297e+00
1.777597618103027344e+01 6.069216728210449219e+00 2.740560293197631836e+00 3.328656196594238281e+00
1.783720397949218750e+01 6.157386779785156250e+00 2.789534091949462891e+00 3.367852687835693359e+00
1.785761260986328125e+01 6.157632350921630859e+00 2.782994508743286133e+00 3.374638795852661133e+00
1.787802124023437500e+01 6.168919086456298828e+00 2.785173654556274414e+00 3.383743524551391602e+00
1.789842987060546875e+01 6.195661544799804688e+00 2.800723075866699219e+00 3.394937515258789062e+00
1.800047302246093750e+01 6.256285667419433594e+00 2.851341724395751953e+00 3.404944896697998047e+00
1.806169891357421875e+01 6.262762546539306641e+00 2.852279424667358398e+00 3.410482883453369141e+00
1.808210754394531250e+01 6.273572921752929688e+00 2.854355812072753906e+00 3.419215917587280273e+00
1.814333343505859375e+01 6.240879058837890625e+00 2.828230381011962891e+00 3.412649154663085938e+00
1.818415260314941406e+01 6.222474575042724609e+00 2.817274332046508789e+00 3.405199289321899414e+00
1.820456123352050781e+01 6.212684631347656250e+00 2.812143325805664062e+00 3.400541067123413086e+00
1.822496795654296875e+01 6.310131072998046875e+00 2.871387243270874023e+00 3.438742399215698242e+00
1.824537658691406250e+01 6.192545413970947266e+00 2.793387889862060547e+00 3.399156332015991211e+00
1.826578521728515625e+01 6.206489086151123047e+00 2.798785448074340820e+00 3.407702684402465820e+00
1.832701301574707031e+01 6.224039554595947266e+00 2.803150653839111328e+00 3.420889616012573242e+00
1.834742164611816406e+01 6.206635475158691406e+00 2.792856454849243164e+00 3.413777351379394531e+00
1.849028205871582031e+01 6.279090404510498047e+00 2.804292678833007812e+00 3.474797964096069336e+00
1.851069068908691406e+01 6.246848106384277344e+00 2.801200866699218750e+00 3.445648193359375000e+00
1.853109931945800781e+01 6.283768177032470703e+00 2.823306560516357422e+00 3.460460901260375977e+00
1.855150794982910156e+01 6.284003257751464844e+00 2.812458038330078125e+00 3.471544981002807617e+00
1.857191658020019531e+01 6.300461292266845703e+00 2.821612834930419922e+00 3.478850126266479492e+00
1.859232521057128906e+01 6.300408363342285156e+00 2.822378396987915039e+00 3.478030204772949219e+00
1.861273384094238281e+01 6.309677124023437500e+00 2.831502199172973633e+00 3.478172540664672852e+00
1.865355110168457031e+01 6.318531990051269531e+00 2.835573196411132812e+00 3.482958555221557617e+00
1.867395973205566406e+01 6.343737125396728516e+00 2.844653129577636719e+00 3.499082326889038086e+00
1.869436836242675781e+01 6.336783885955810547e+00 2.841547489166259766e+00 3.495238304138183594e+00
1.871477699279785156e+01 6.339711666107177734e+00 2.835890293121337891e+00 3.503821134567260742e+00
1.873518562316894531e+01 6.339160442352294922e+00 2.832801103591918945e+00 3.506359338760375977e+00
1.875559425354003906e+01 6.351624488830566406e+00 2.857160568237304688e+00 3.494464397430419922e+00
1.877600288391113281e+01 6.365653038024902344e+00 2.859792470932006836e+00 3.505860328674316406e+00
1.879641151428222656e+01 6.368194580078125000e+00 2.861781597137451172e+00 3.506413221359252930e+00
1.881682205200195312e+01 6.378953933715820312e+00 2.861858367919921875e+00 3.517096996307373047e+00
1.883723068237304688e+01 6.367029190063476562e+00 2.865112066268920898e+00 3.501916646957397461e+00
1.885763931274414062e+01 6.376954555511474609e+00 2.860106945037841797e+00 3.516845941543579102e+00
1.887804794311523438e+01 6.366994857788085938e+00 2.858283042907714844e+00 3.508711576461791992e+00
1.889845657348632812e+01 6.372293949127197266e+00 2.862796783447265625e+00 3.509497404098510742e+00
1.891886329650878906e+01 6.356542587280273438e+00 2.849585771560668945e+00 3.506956815719604492e+00
1.893927192687988281e+01 6.359673976898193359e+00 2.849042892456054688e+00 3.510632038116455078e+00
1.895968055725097656e+01 6.398276329040527344e+00 2.859865188598632812e+00 3.538410186767578125e+00
1.898009109497070312e+01 6.357975959777832031e+00 2.847961187362670898e+00 3.510014772415161133e+00
1.904131698608398438e+01 6.342924118041992188e+00 2.828117132186889648e+00 3.514806270599365234e+00
1.906172561645507812e+01 6.339089393615722656e+00 2.828856706619262695e+00 3.510233163833618164e+00
1.908213424682617188e+01 6.338292121887207031e+00 2.827713012695312500e+00 3.510579109191894531e+00
1.910254287719726562e+01 6.336819648742675781e+00 2.826571941375732422e+00 3.510247945785522461e+00
1.912295150756835938e+01 6.333476066589355469e+00 2.817921876907348633e+00 3.515553236007690430e+00
1.914336013793945312e+01 6.346751213073730469e+00 2.819294929504394531e+00 3.527455806732177734e+00
1.916376876831054688e+01 6.330907344818115234e+00 2.816916942596435547e+00 3.513990402221679688e+00
1.918417739868164062e+01 6.328307628631591797e+00 2.812048435211181641e+00 3.516259431838989258e+00
1.920458602905273438e+01 6.334314823150634766e+00 2.809060096740722656e+00 3.525253057479858398e+00
1.922499465942382812e+01 6.320368766784667969e+00 2.806077957153320312e+00 3.514290571212768555e+00
1.924540328979492188e+01 6.318787574768066406e+00 2.805589914321899414e+00 3.513196229934692383e+00
1.926581192016601562e+01 6.313470840454101562e+00 2.797026395797729492e+00 3.516442537307739258e+00
1.928622055053710938e+01 6.315070629119873047e+00 2.802755355834960938e+00 3.512315988540649414e+00
1.930663108825683594e+01 6.329226493835449219e+00 2.802892446517944336e+00 3.526335000991821289e+00
1.932703971862792969e+01 6.313417434692382812e+00 2.798074722290039062e+00 3.515343189239501953e+00
1.934744834899902344e+01 6.324174880981445312e+00 2.800072431564331055e+00 3.524102449417114258e+00
1.936785507202148438e+01 6.333275318145751953e+00 2.800212383270263672e+00 3.533064126968383789e+00
1.938826370239257812e+01 6.333086967468261719e+00 2.802820920944213867e+00 3.530264616012573242e+00
1.940867233276367188e+01 6.337035179138183594e+00 2.812207698822021484e+00 3.524827003479003906e+00
1.942908096313476562e+01 6.341329574584960938e+00 2.807405471801757812e+00 3.533925056457519531e+00
1.944948959350585938e+01 6.352122306823730469e+00 2.811844825744628906e+00 3.540277719497680664e+00
1.951071739196777344e+01 6.377027034759521484e+00 2.828174114227294922e+00 3.548852205276489258e+00
1.953112602233886719e+01 6.373660564422607422e+00 2.825218677520751953e+00 3.548442125320434570e+00
1.955153465270996094e+01 6.371108055114746094e+00 2.822269678115844727e+00 3.548838615417480469e+00
1.957194328308105469e+01 6.425073146820068359e+00 2.827276945114135742e+00 3.597796201705932617e+00
1.959235191345214844e+01 6.402075290679931641e+00 2.824331760406494141e+00 3.577745199203491211e+00
1.961275863647460938e+01 6.408320903778076172e+00 2.832378387451171875e+00 3.575942039489746094e+00
1.963316917419433594e+01 6.412793636322021484e+00 2.826995372772216797e+00 3.585799932479858398e+00
1.969439506530761719e+01 6.419449329376220703e+00 2.821245670318603516e+00 3.598202466964721680e+00
1.971480369567871094e+01 6.429030418395996094e+00 2.817110776901245117e+00 3.611919879913330078e+00
1.973521232604980469e+01 6.433496952056884766e+00 2.816623687744140625e+00 3.616872787475585938e+00
1.975562095642089844e+01 6.444736957550048828e+00 2.827649116516113281e+00 3.617087364196777344e+00
1.989848136901855469e+01 6.456558704376220703e+00 2.790505170822143555e+00 3.666052579879760742e+00
1.993929862976074219e+01 6.461920738220214844e+00 2.784792900085449219e+00 3.677128314971923828e+00
1.995970916748046875e+01 6.457719802856445312e+00 2.781945228576660156e+00 3.675776004791259766e+00
2.000052642822265625e+01 6.458235740661621094e+00 2.790032625198364258e+00 3.668202400207519531e+00
2.002093505859375000e+01 6.467370986938476562e+00 2.794960498809814453e+00 3.672409057617187500e+00
2.012297821044921875e+01 6.463877201080322266e+00 2.817071437835693359e+00 3.646804332733154297e+00
2.014338684082031250e+01 6.479868412017822266e+00 2.840957164764404297e+00 3.638913154602050781e+00
2.016379547119140625e+01 6.464791774749755859e+00 2.832145452499389648e+00 3.632646083831787109e+00
2.018420410156250000e+01 6.455212593078613281e+00 2.818607330322265625e+00 3.636606216430664062e+00
2.020461273193359375e+01 6.448861598968505859e+00 2.817537546157836914e+00 3.631324291229248047e+00
2.022502136230468750e+01 6.441362380981445312e+00 2.814102649688720703e+00 3.627261161804199219e+00
2.024542999267578125e+01 6.435089588165283203e+00 2.810674667358398438e+00 3.624415159225463867e+00
2.026583862304687500e+01 6.423905849456787109e+00 2.806662797927856445e+00 3.617244482040405273e+00
2.028624725341796875e+01 6.452588558197021484e+00 2.812099933624267578e+00 3.640488147735595703e+00
2.030665588378906250e+01 6.418480396270751953e+00 2.802789926528930664e+00 3.615691184997558594e+00
2.032706451416015625e+01 6.412804603576660156e+00 2.802920103073120117e+00 3.609884977340698242e+00
2.034747314453125000e+01 6.405327320098876953e+00 2.795402526855468750e+00 3.609924077987670898e+00
2.042910766601562500e+01 6.382298469543457031e+00 2.776615381240844727e+00 3.605683803558349609e+00
2.049033546447753906e+01 6.385977745056152344e+00 2.765981912612915039e+00 3.619997739791870117e+00
2.053115081787109375e+01 6.401850700378417969e+00 2.763398170471191406e+00 3.638451099395751953e+00
2.055155944824218750e+01 6.436475276947021484e+00 2.760653972625732422e+00 3.675820589065551758e+00
2.059237670898437500e+01 6.522806644439697266e+00 2.767969369888305664e+00 3.754837512969970703e+00
2.061278724670410156e+01 6.437493324279785156e+00 2.756518602371215820e+00 3.680974245071411133e+00
2.075564765930175781e+01 6.460072517395019531e+00 2.757153034210205078e+00 3.702922105789184570e+00
2.077605628967285156e+01 6.463755130767822266e+00 2.757901191711425781e+00 3.705854415893554688e+00
2.079646492004394531e+01 6.460760593414306641e+00 2.763828516006469727e+00 3.696932077407836914e+00
2.081687355041503906e+01 6.468039989471435547e+00 2.759968757629394531e+00 3.708071231842041016e+00
2.083728218078613281e+01 6.469906330108642578e+00 2.767605304718017578e+00 3.702301502227783203e+00
2.087809944152832031e+01 6.468574047088623047e+00 2.765634059906005859e+00 3.702941656112670898e+00
2.100055122375488281e+01 6.461362838745117188e+00 2.767177104949951172e+00 3.694187402725219727e+00
2.102095985412597656e+01 6.462446689605712891e+00 2.757657289505004883e+00 3.704787969589233398e+00
2.104136848449707031e+01 6.451374053955078125e+00 2.757258415222167969e+00 3.694114923477172852e+00
2.106177711486816406e+01 6.447625637054443359e+00 2.761406183242797852e+00 3.686219453811645508e+00
2.108218574523925781e+01 6.433084487915039062e+00 2.759300708770751953e+00 3.673784255981445312e+00
2.110259437561035156e+01 6.427793502807617188e+00 2.756632089614868164e+00 3.671161890029907227e+00
2.112300491333007812e+01 6.420151710510253906e+00 2.753968715667724609e+00 3.666182518005371094e+00
2.114341354370117188e+01 6.424567699432373047e+00 2.754140853881835938e+00 3.670428991317749023e+00
2.116382217407226562e+01 6.417500019073486328e+00 2.753181695938110352e+00 3.664319038391113281e+00
2.118423080444335938e+01 6.415433883666992188e+00 2.749964237213134766e+00 3.665470123291015625e+00
2.120463943481445312e+01 6.406746387481689453e+00 2.750704526901245117e+00 3.656041383743286133e+00
2.122504615783691406e+01 6.402929306030273438e+00 2.748623609542846680e+00 3.654303789138793945e+00
2.124545478820800781e+01 6.400616645812988281e+00 2.747110128402709961e+00 3.653507947921752930e+00
2.126586532592773438e+01 6.394714832305908203e+00 2.748413562774658203e+00 3.646301746368408203e+00
2.128627395629882812e+01 6.403812885284423828e+00 2.751401662826538086e+00 3.652409553527832031e+00
2.130668258666992188e+01 6.388574600219726562e+00 2.744271755218505859e+00 3.644301652908325195e+00
2.132709121704101562e+01 6.387336730957031250e+00 2.742768287658691406e+00 3.644567489624023438e+00
2.134749984741210938e+01 6.370977401733398438e+00 2.739585399627685547e+00 3.631394386291503906e+00
2.136790847778320312e+01 6.382177829742431641e+00 2.742570638656616211e+00 3.639608621597290039e+00
2.138831710815429688e+01 6.380878925323486328e+00 2.742751836776733398e+00 3.638126373291015625e+00
2.140872573852539062e+01 6.364477157592773438e+00 2.736223459243774414e+00 3.628253936767578125e+00
2.142913436889648438e+01 6.359095096588134766e+00 2.738085746765136719e+00 3.621010541915893555e+00
2.144954490661621094e+01 6.350991249084472656e+00 2.734922885894775391e+00 3.616069555282592773e+00
2.146995162963867188e+01 6.337536811828613281e+00 2.729535579681396484e+00 3.608001470565795898e+00
2.149036026000976562e+01 6.334239482879638672e+00 2.732512950897216797e+00 3.601726055145263672e+00
2.151076889038085938e+01 6.326763629913330078e+00 2.722686767578125000e+00 3.604076623916625977e+00
2.153117752075195312e+01 6.316780090332031250e+00 2.723997354507446289e+00 3.592782735824584961e+00
2.155158615112304688e+01 6.302178859710693359e+00 2.717530250549316406e+00 3.584649324417114258e+00
2.157199478149414062e+01 6.296580791473388672e+00 2.717733621597290039e+00 3.578846693038940430e+00
2.159240341186523438e+01 6.286969184875488281e+00 2.710730075836181641e+00 3.576239585876464844e+00
2.161281394958496094e+01 6.278131008148193359e+00 2.708724021911621094e+00 3.569408178329467773e+00
2.163322257995605469e+01 6.265338420867919922e+00 2.705615282058715820e+00 3.559721946716308594e+00
2.165363121032714844e+01 6.255726337432861328e+00 2.703065395355224609e+00 3.552661895751953125e+00
2.167403984069824219e+01 6.243412017822265625e+00 2.697206735610961914e+00 3.546206235885620117e+00
2.169444656372070312e+01 6.222471714019775391e+00 2.691910743713378906e+00 3.530558824539184570e+00
2.171485519409179688e+01 6.204729080200195312e+00 2.685522079467773438e+00 3.519207239151000977e+00
2.173526382446289062e+01 6.192165374755859375e+00 2.684652566909790039e+00 3.507511377334594727e+00
2.175567245483398438e+01 6.186928272247314453e+00 2.682134151458740234e+00 3.504793643951416016e+00
2.177608299255371094e+01 6.169387340545654297e+00 2.675772666931152344e+00 3.493614196777343750e+00
2.179649162292480469e+01 6.148318290710449219e+00 2.670521497726440430e+00 3.477797269821166992e+00
2.181690025329589844e+01 6.139049053192138672e+00 2.664182901382446289e+00 3.474865674972534180e+00
2.185771751403808594e+01 6.124901294708251953e+00 2.655374526977539062e+00 3.469526529312133789e+00
2.187812614440917969e+01 6.109344005584716797e+00 2.654538869857788086e+00 3.454804897308349609e+00
2.189853477478027344e+01 6.082210540771484375e+00 2.642772674560546875e+00 3.439438343048095703e+00
2.191894340515136719e+01 6.067613601684570312e+00 2.639219999313354492e+00 3.428392648696899414e+00
2.193935203552246094e+01 6.062516689300537109e+00 2.632400512695312500e+00 3.430117130279541016e+00
2.195976066589355469e+01 6.055515289306640625e+00 2.631588935852050781e+00 3.423927307128906250e+00
2.198016929626464844e+01 6.036129474639892578e+00 2.628056287765502930e+00 3.408073663711547852e+00
2.200057792663574219e+01 6.027882099151611328e+00 2.622898101806640625e+00 3.404983520507812500e+00
2.202098655700683594e+01 6.014712810516357422e+00 2.618836879730224609e+00 3.395874977111816406e+00
2.204139518737792969e+01 6.006767272949218750e+00 2.613696575164794922e+00 3.393071413040161133e+00
2.206180381774902344e+01 5.997010707855224609e+00 2.609108448028564453e+00 3.387902736663818359e+00
2.208221244812011719e+01 5.991604328155517578e+00 2.605612993240356445e+00 3.385990619659423828e+00
2.210262298583984375e+01 5.977066040039062500e+00 2.603207111358642578e+00 3.373857975006103516e+00
2.212303161621093750e+01 5.977547645568847656e+00 2.602428674697875977e+00 3.375117301940917969e+00
2.214344024658203125e+01 5.975938796997070312e+00 2.601651906967163086e+00 3.374286413192749023e+00
2.216384696960449219e+01 5.956589221954345703e+00 2.594395875930786133e+00 3.362193346023559570e+00
2.218425559997558594e+01 5.955750942230224609e+00 2.593088150024414062e+00 3.362663269042968750e+00
2.220466423034667969e+01 5.945908546447753906e+00 2.591243982315063477e+00 3.354665040969848633e+00
2.222507286071777344e+01 5.948802947998046875e+00 2.589941501617431641e+00 3.358860492706298828e+00
2.224548149108886719e+01 5.936646938323974609e+00 2.583799123764038086e+00 3.352849006652832031e+00
2.226589202880859375e+01 5.940600395202636719e+00 2.587344169616699219e+00 3.353258132934570312e+00
2.228630065917968750e+01 5.929753303527832031e+00 2.582826375961303711e+00 3.346927165985107422e+00
2.230670928955078125e+01 5.933534622192382812e+00 2.583682775497436523e+00 3.349849462509155273e+00
2.232711791992187500e+01 5.927494049072265625e+00 2.579712867736816406e+00 3.347781658172607422e+00
2.234752655029296875e+01 5.924932003021240234e+00 2.577356815338134766e+00 3.347574234008789062e+00
2.236793518066406250e+01 5.923655509948730469e+00 2.573399782180786133e+00 3.350255250930786133e+00
2.238834190368652344e+01 5.932201862335205078e+00 2.577469587326049805e+00 3.354731321334838867e+00
2.240875053405761719e+01 5.930530071258544922e+00 2.575656652450561523e+00 3.354874372482299805e+00
2.242916107177734375e+01 5.934153079986572266e+00 2.575447559356689453e+00 3.358705520629882812e+00
2.244956970214843750e+01 5.934823513031005859e+00 2.575772047042846680e+00 3.359050512313842773e+00
2.246997833251953125e+01 5.936701297760009766e+00 2.573432445526123047e+00 3.363269090652465820e+00
2.249038696289062500e+01 5.942707061767578125e+00 2.574822664260864258e+00 3.367885351181030273e+00
2.251079559326171875e+01 5.941548824310302734e+00 2.573551893234252930e+00 3.367996692657470703e+00
2.253120422363281250e+01 5.954823493957519531e+00 2.577064275741577148e+00 3.377760171890258789e+00
2.255161285400390625e+01 5.957926750183105469e+00 2.577386140823364258e+00 3.380541324615478516e+00
2.257202148437500000e+01 5.962830543518066406e+00 2.577707290649414062e+00 3.385120630264282227e+00
2.259243011474609375e+01 5.966847896575927734e+00 2.578027486801147461e+00 3.388820648193359375e+00
2.261283874511718750e+01 5.979118824005126953e+00 2.579935550689697266e+00 3.399182558059692383e+00
2.263324737548828125e+01 5.981068611145019531e+00 2.578666925430297852e+00 3.402401208877563477e+00
2.265365600585937500e+01 5.986811161041259766e+00 2.577929019927978516e+00 3.408881187438964844e+00
2.267406463623046875e+01 5.994058609008789062e+00 2.576664447784423828e+00 3.417393207550048828e+00
2.269447326660156250e+01 5.997326374053955078e+00 2.580676078796386719e+00 3.416651487350463867e+00
2.271488189697265625e+01 6.011312961578369141e+00 2.583626747131347656e+00 3.427685260772705078e+00
2.273529052734375000e+01 6.005881786346435547e+00 2.579728126525878906e+00 3.426152944564819336e+00
2.275570106506347656e+01 6.021497726440429688e+00 2.583200693130493164e+00 3.438296079635620117e+00
2.277610969543457031e+01 6.022717475891113281e+00 2.584038972854614258e+00 3.438678026199340820e+00
2.279651832580566406e+01 6.023173809051513672e+00 2.581200838088989258e+00 3.441974401473999023e+00
2.281692695617675781e+01 6.040461540222167969e+00 2.588334560394287109e+00 3.452127933502197266e+00
2.283733558654785156e+01 6.028339862823486328e+00 2.581828594207763672e+00 3.446511745452880859e+00
2.285774230957031250e+01 6.035587310791015625e+00 2.585283517837524414e+00 3.450303554534912109e+00
2.287815093994140625e+01 6.043369770050048828e+00 2.587162733078002930e+00 3.456205368041992188e+00
2.289855957031250000e+01 6.036277770996093750e+00 2.584334135055541992e+00 3.451943159103393555e+00
2.291897010803222656e+01 6.036347866058349609e+00 2.582555294036865234e+00 3.453792333602905273e+00
2.293937873840332031e+01 6.036019325256347656e+00 2.583910226821899414e+00 3.452108860015869141e+00
2.295978736877441406e+01 6.030239582061767578e+00 2.580570697784423828e+00 3.449668884277343750e+00
2.298019599914550781e+01 6.025489330291748047e+00 2.580362081527709961e+00 3.445128202438354492e+00
2.300060462951660156e+01 6.031901359558105469e+00 2.584837913513183594e+00 3.447063446044921875e+00
2.302101325988769531e+01 6.029675960540771484e+00 2.582546234130859375e+00 3.447130203247070312e+00
2.304142189025878906e+01 6.023667335510253906e+00 2.584414720535278320e+00 3.439253330230712891e+00
2.316387367248535156e+01 5.966838836669921875e+00 2.564552068710327148e+00 3.402285575866699219e+00
2.318428230285644531e+01 5.967582225799560547e+00 2.578299045562744141e+00 3.389281749725341797e+00
2.320469093322753906e+01 5.963253021240234375e+00 2.577062845230102539e+00 3.386188745498657227e+00
2.328632736206054688e+01 5.930728912353515625e+00 2.573682785034179688e+00 3.357045888900756836e+00
2.334755134582519531e+01 5.894688606262207031e+00 2.567446470260620117e+00 3.327240705490112305e+00
2.336795997619628906e+01 5.906530380249023438e+00 2.568789720535278320e+00 3.337738990783691406e+00
2.338836860656738281e+01 5.883714675903320312e+00 2.571153879165649414e+00 3.312560319900512695e+00
2.342918777465820312e+01 5.865298271179199219e+00 2.566674470901489258e+00 3.298624038696289062e+00
2.357204818725585938e+01 5.802871704101562500e+00 2.524206399917602539e+00 3.278663158416748047e+00
2.359245681762695312e+01 5.820366859436035156e+00 2.522022962570190430e+00 3.298343896865844727e+00
2.361286544799804688e+01 5.794194221496582031e+00 2.533529520034790039e+00 3.260663986206054688e+00
2.369449996948242188e+01 5.766604423522949219e+00 2.524800539016723633e+00 3.241804122924804688e+00
2.371490859985351562e+01 5.776160717010498047e+00 2.527675151824951172e+00 3.248484611511230469e+00
2.373531723022460938e+01 5.764645099639892578e+00 2.523484468460083008e+00 3.241161346435546875e+00
2.375572776794433594e+01 5.753841876983642578e+00 2.519301414489746094e+00 3.234541416168212891e+00
2.377613449096679688e+01 5.800766468048095703e+00 2.522676467895507812e+00 3.278091192245483398e+00
2.379654312133789062e+01 5.755899429321289062e+00 2.518501043319702148e+00 3.237399101257324219e+00
2.381695175170898438e+01 5.752783298492431641e+00 2.516845464706420898e+00 3.235936880111694336e+00
2.383736038208007812e+01 5.754194259643554688e+00 2.516699314117431641e+00 3.237495899200439453e+00
2.387817764282226562e+01 5.725495815277099609e+00 2.501368999481201172e+00 3.224127531051635742e+00
2.389858627319335938e+01 5.727835655212402344e+00 2.500234603881835938e+00 3.227599859237670898e+00
2.393940544128417969e+01 5.729115962982177734e+00 2.498471736907958984e+00 3.230643272399902344e+00
2.400063133239746094e+01 5.738858699798583984e+00 2.504565954208374023e+00 3.234291791915893555e+00
2.402103805541992188e+01 5.741597652435302734e+00 2.492970466613769531e+00 3.248625040054321289e+00
2.406185722351074219e+01 5.736033916473388672e+00 2.509136915206909180e+00 3.226896286010742188e+00
2.408226585388183594e+01 5.742707252502441406e+00 2.504028081893920898e+00 3.238679885864257812e+00
2.410267448425292969e+01 5.766169071197509766e+00 2.510350227355957031e+00 3.255819082260131836e+00
2.412308311462402344e+01 5.763573169708251953e+00 2.509218692779541016e+00 3.254354238510131836e+00
2.414349174499511719e+01 5.768114566802978516e+00 2.511559724807739258e+00 3.256553888320922852e+00
2.420471763610839844e+01 5.756425857543945312e+00 2.505206584930419922e+00 3.251219749450683594e+00
2.426594352722167969e+01 5.764907360076904297e+00 2.505298137664794922e+00 3.259609937667846680e+00
2.428635215759277344e+01 5.775771617889404297e+00 2.510585546493530273e+00 3.265185594558715820e+00
2.430676078796386719e+01 5.766132831573486328e+00 2.507985353469848633e+00 3.258147001266479492e+00
2.434757804870605469e+01 5.800266265869140625e+00 2.525903224945068359e+00 3.274361371994018555e+00
2.444962310791015625e+01 5.799461364746093750e+00 2.523194074630737305e+00 3.276268005371093750e+00
2.447002983093261719e+01 5.771858692169189453e+00 2.517176628112792969e+00 3.254682540893554688e+00
2.451084709167480469e+01 5.774060726165771484e+00 2.520309925079345703e+00 3.253750324249267578e+00
2.457207489013671875e+01 5.764416217803955078e+00 2.519388437271118164e+00 3.245029449462890625e+00
2.459248352050781250e+01 5.809358119964599609e+00 2.511943578720092773e+00 3.297415256500244141e+00
2.463330078125000000e+01 5.764810085296630859e+00 2.517013549804687500e+00 3.247797727584838867e+00
2.465370941162109375e+01 5.744687080383300781e+00 2.506676197052001953e+00 3.238011360168457031e+00
2.471493530273437500e+01 5.725675582885742188e+00 2.491264820098876953e+00 3.234411954879760742e+00
2.473534393310546875e+01 5.728999614715576172e+00 2.504694223403930664e+00 3.224304914474487305e+00
2.483738708496093750e+01 5.697740554809570312e+00 2.496331453323364258e+00 3.201407194137573242e+00
2.485779571533203125e+01 5.689564228057861328e+00 2.495244979858398438e+00 3.194319009780883789e+00
2.487820434570312500e+01 5.694010734558105469e+00 2.501377105712890625e+00 3.192633867263793945e+00
2.489861488342285156e+01 5.680257797241210938e+00 2.491635084152221680e+00 3.188622236251831055e+00
2.491902351379394531e+01 5.674224376678466797e+00 2.489594459533691406e+00 3.184629440307617188e+00
2.493943023681640625e+01 5.664216041564941406e+00 2.487077236175537109e+00 3.177138566970825195e+00
2.502106475830078125e+01 5.654983520507812500e+00 2.480876445770263672e+00 3.174106597900390625e+00
2.504147338867187500e+01 5.645125389099121094e+00 2.471684455871582031e+00 3.173439025878906250e+00
2.506188392639160156e+01 5.638171195983886719e+00 2.470149517059326172e+00 3.168022394180297852e+00
2.508229255676269531e+01 5.654415607452392578e+00 2.477683782577514648e+00 3.176733493804931641e+00
2.510270118713378906e+01 5.645007610321044922e+00 2.476145982742309570e+00 3.168860912322998047e+00
2.512310981750488281e+01 5.646202087402343750e+00 2.475087404251098633e+00 3.171113491058349609e+00
2.514351844787597656e+01 5.665610790252685547e+00 2.477838993072509766e+00 3.187771081924438477e+00
2.516392517089843750e+01 5.646955490112304688e+00 2.476305246353149414e+00 3.170651197433471680e+00
2.518433380126953125e+01 5.643864154815673828e+00 2.475724458694458008e+00 3.168139934539794922e+00
2.520474243164062500e+01 5.649132251739501953e+00 2.477043867111206055e+00 3.172087669372558594e+00
2.522515296936035156e+01 5.642499923706054688e+00 2.476463317871093750e+00 3.166035890579223633e+00
2.524556159973144531e+01 5.646842956542968750e+00 2.477306127548217773e+00 3.169535875320434570e+00
2.526597023010253906e+01 5.649862766265869141e+00 2.477673530578613281e+00 3.172190427780151367e+00
2.528637886047363281e+01 5.649243831634521484e+00 2.478514194488525391e+00 3.170729160308837891e+00
2.530678749084472656e+01 5.650928974151611328e+00 2.479353189468383789e+00 3.171577453613281250e+00
2.532719612121582031e+01 5.651262760162353516e+00 2.480663537979125977e+00 3.170598745346069336e+00
2.534760475158691406e+01 5.653720855712890625e+00 2.481499433517456055e+00 3.172223091125488281e+00
2.536801338195800781e+01 5.678655624389648438e+00 2.483277797698974609e+00 3.195377826690673828e+00
2.538842201232910156e+01 5.658782005310058594e+00 2.481753110885620117e+00 3.177029371261596680e+00
2.540883064270019531e+01 5.658452987670898438e+00 2.483057498931884766e+00 3.175396203994750977e+00
2.542923927307128906e+01 5.659718036651611328e+00 2.484359502792358398e+00 3.175357818603515625e+00
2.544964790344238281e+01 5.664373874664306641e+00 2.485659599304199219e+00 3.178714513778686523e+00
2.547005653381347656e+01 5.662331581115722656e+00 2.484607696533203125e+00 3.177723169326782227e+00
2.549046516418457031e+01 5.659811496734619141e+00 2.483088016510009766e+00 3.176723718643188477e+00
2.551087379455566406e+01 5.657184123992919922e+00 2.485324144363403320e+00 3.171859741210937500e+00
2.553128242492675781e+01 5.662703990936279297e+00 2.485681533813476562e+00 3.177023887634277344e+00
2.555169296264648438e+01 5.657395362854003906e+00 2.486038446426391602e+00 3.171357870101928711e+00
2.557210159301757812e+01 5.657104492187500000e+00 2.487798929214477539e+00 3.169305801391601562e+00
2.559251022338867188e+01 5.654077053070068359e+00 2.485347270965576172e+00 3.168729543685913086e+00
2.561291885375976562e+01 5.662885665893554688e+00 2.488974571228027344e+00 3.173910617828369141e+00
2.563332557678222656e+01 5.657951354980468750e+00 2.487460374832153320e+00 3.170490264892578125e+00
2.565373420715332031e+01 5.651829242706298828e+00 2.486414432525634766e+00 3.165415048599243164e+00
2.567414283752441406e+01 5.651053905487060547e+00 2.486302852630615234e+00 3.164750337600708008e+00
2.569455146789550781e+01 5.648824214935302734e+00 2.485725402832031250e+00 3.163099050521850586e+00
2.571496200561523438e+01 5.642320632934570312e+00 2.484683752059936523e+00 3.157636165618896484e+00
2.573537063598632812e+01 5.639436244964599609e+00 2.484108686447143555e+00 3.155328512191772461e+00
2.575577926635742188e+01 5.637865066528320312e+00 2.485393047332763672e+00 3.152472019195556641e+00
2.577618789672851562e+01 5.631864547729492188e+00 2.484818458557128906e+00 3.147047758102416992e+00
2.579659652709960938e+01 5.622814178466796875e+00 2.481924772262573242e+00 3.140888690948486328e+00
2.581700515747070312e+01 5.616591930389404297e+00 2.482280731201171875e+00 3.134311437606811523e+00
2.583741378784179688e+01 5.609564781188964844e+00 2.478003978729248047e+00 3.131561040878295898e+00
2.585782241821289062e+01 5.607105255126953125e+00 2.480676889419555664e+00 3.126428365707397461e+00
2.587823104858398438e+01 5.599383354187011719e+00 2.481033325195312500e+00 3.118350982666015625e+00
2.589863967895507812e+01 5.594707965850830078e+00 2.480926752090454102e+00 3.113782167434692383e+00
2.591904830932617188e+01 5.582637786865234375e+00 2.478511810302734375e+00 3.104127168655395508e+00
2.593945693969726562e+01 5.579143524169921875e+00 2.476100206375122070e+00 3.103043556213378906e+00
2.595986557006835938e+01 5.569907188415527344e+00 2.476919889450073242e+00 3.092986583709716797e+00
2.598027420043945312e+01 5.563833236694335938e+00 2.476356267929077148e+00 3.087477445602416992e+00
2.600068283081054688e+01 5.557762622833251953e+00 2.476253986358642578e+00 3.081509590148925781e+00
2.602109146118164062e+01 5.559591770172119141e+00 2.477531909942626953e+00 3.082059860229492188e+00
2.604150009155273438e+01 5.543716907501220703e+00 2.476509332656860352e+00 3.067208051681518555e+00
2.606191062927246094e+01 5.540408611297607422e+00 2.475029468536376953e+00 3.065377473831176758e+00
2.608231925964355469e+01 5.535080432891845703e+00 2.476305007934570312e+00 3.058776617050170898e+00
2.610272598266601562e+01 5.526539802551269531e+00 2.475286245346069336e+00 3.051253080368041992e+00
2.612313461303710938e+01 5.528813362121582031e+00 2.475184917449951172e+00 3.053629159927368164e+00
2.614354324340820312e+01 5.519986152648925781e+00 2.475084304809570312e+00 3.044902324676513672e+00
2.616395187377929688e+01 5.518657207489013672e+00 2.479100942611694336e+00 3.039555788040161133e+00
2.618436050415039062e+01 5.506186485290527344e+00 2.476254463195800781e+00 3.029931545257568359e+00
2.620477104187011719e+01 5.508952617645263672e+00 2.476152896881103516e+00 3.032801628112792969e+00
2.622517967224121094e+01 5.502355575561523438e+00 2.478790044784545898e+00 3.023565530776977539e+00
2.624558830261230469e+01 5.502369403839111328e+00 2.475950241088867188e+00 3.026418685913085938e+00
2.626599693298339844e+01 5.497904777526855469e+00 2.478127956390380859e+00 3.019776821136474609e+00
2.628640556335449219e+01 5.494968414306640625e+00 2.481667995452880859e+00 3.013301849365234375e+00
2.630681419372558594e+01 5.491108417510986328e+00 2.479742765426635742e+00 3.011364698410034180e+00
2.632722091674804688e+01 5.492153167724609375e+00 2.480093955993652344e+00 3.012061834335327148e+00
2.634762954711914062e+01 5.491965770721435547e+00 2.482261419296264648e+00 3.009704351425170898e+00
2.636804008483886719e+01 5.492899417877197266e+00 2.482609987258911133e+00 3.010290622711181641e+00
2.638844871520996094e+01 5.490685939788818359e+00 2.483411550521850586e+00 3.007275581359863281e+00
2.640885734558105469e+01 5.490508556365966797e+00 2.484211444854736328e+00 3.006295919418334961e+00
2.642926597595214844e+01 5.490352630615234375e+00 2.484557867050170898e+00 3.005795240402221680e+00
2.644967460632324219e+01 5.490546226501464844e+00 2.485355854034423828e+00 3.005189895629882812e+00
2.647008323669433594e+01 5.495063781738281250e+00 2.487057447433471680e+00 3.008004903793334961e+00
2.649049186706542969e+01 5.494289875030517578e+00 2.486948490142822266e+00 3.007341861724853516e+00
2.651090049743652344e+01 5.498722076416015625e+00 2.489548921585083008e+00 3.009173870086669922e+00
2.653130912780761719e+01 5.499669551849365234e+00 2.488987445831298828e+00 3.010680913925170898e+00
2.655171966552734375e+01 5.500805854797363281e+00 2.491582155227661133e+00 3.009222984313964844e+00
2.657212638854980469e+01 5.504718303680419922e+00 2.490569591522216797e+00 3.014148235321044922e+00
2.659253501892089844e+01 5.507288455963134766e+00 2.489558458328247070e+00 3.017730236053466797e+00
2.661294364929199219e+01 5.512430191040039062e+00 2.493496417999267578e+00 3.018932342529296875e+00
2.663335227966308594e+01 5.513321399688720703e+00 2.492933750152587891e+00 3.020385980606079102e+00
2.665376091003417969e+01 5.516020298004150391e+00 2.492821216583251953e+00 3.023198366165161133e+00
2.667416954040527344e+01 5.520924091339111328e+00 2.496747255325317383e+00 3.024176836013793945e+00
2.669458007812500000e+01 5.523562908172607422e+00 2.493941783905029297e+00 3.029620647430419922e+00
2.671498870849609375e+01 5.526469707489013672e+00 2.496965169906616211e+00 3.029505252838134766e+00
2.673539733886718750e+01 5.528789997100830078e+00 2.495506763458251953e+00 3.033283710479736328e+00
2.675580596923828125e+01 5.533143997192382812e+00 2.494050502777099609e+00 3.039093732833862305e+00
2.677621459960937500e+01 5.536152839660644531e+00 2.496172666549682617e+00 3.039980649948120117e+00
2.679662132263183594e+01 5.538353443145751953e+00 2.496951818466186523e+00 3.041399955749511719e+00
2.681702995300292969e+01 5.538748741149902344e+00 2.496390581130981445e+00 3.042357444763183594e+00
2.683743858337402344e+01 5.540533542633056641e+00 2.496722221374511719e+00 3.043810367584228516e+00
2.685784912109375000e+01 5.546918392181396484e+00 2.495270490646362305e+00 3.051647424697875977e+00
2.687825775146484375e+01 5.548024654388427734e+00 2.498274564743041992e+00 3.049750566482543945e+00
2.689866638183593750e+01 5.545586585998535156e+00 2.498158693313598633e+00 3.047425746917724609e+00
2.691907501220703125e+01 5.547439575195312500e+00 2.497154474258422852e+00 3.050286054611206055e+00
2.693948364257812500e+01 5.548149585723876953e+00 2.497039794921875000e+00 3.051108837127685547e+00
2.695989227294921875e+01 5.541839122772216797e+00 2.494261503219604492e+00 3.047577619552612305e+00
2.698030090332031250e+01 5.546928405761718750e+00 2.496811151504516602e+00 3.050116300582885742e+00
2.700070953369140625e+01 5.548884391784667969e+00 2.497583866119384766e+00 3.051300287246704102e+00
2.702111816406250000e+01 5.546022891998291016e+00 2.496583223342895508e+00 3.049440383911132812e+00
2.704152679443359375e+01 5.545528411865234375e+00 2.496469974517822266e+00 3.049058437347412109e+00
2.706193542480468750e+01 5.544175624847412109e+00 2.497683048248291016e+00 3.046491384506225586e+00
2.708234405517578125e+01 5.540047645568847656e+00 2.495800971984863281e+00 3.044246435165405273e+00
2.710275268554687500e+01 5.537746429443359375e+00 2.494804859161376953e+00 3.042942285537719727e+00
2.712316131591796875e+01 5.532373905181884766e+00 2.493810176849365234e+00 3.038562774658203125e+00
2.714356994628906250e+01 5.533135890960693359e+00 2.494139909744262695e+00 3.038995504379272461e+00
2.716397857666015625e+01 5.527732849121093750e+00 2.494469165802001953e+00 3.033265352249145508e+00
2.718438720703125000e+01 5.528389453887939453e+00 2.494357824325561523e+00 3.034033060073852539e+00
2.720479774475097656e+01 5.515166282653808594e+00 2.492926597595214844e+00 3.022238492965698242e+00
2.722520446777343750e+01 5.513206481933593750e+00 2.491937160491943359e+00 3.021270036697387695e+00
2.724561500549316406e+01 5.519361019134521484e+00 2.492706537246704102e+00 3.026654243469238281e+00
2.726602172851562500e+01 5.506101131439208984e+00 2.491279840469360352e+00 3.014822721481323242e+00
2.728643226623535156e+01 5.502013206481933594e+00 2.492925405502319336e+00 3.009087562561035156e+00
2.730683898925781250e+01 5.495236873626708984e+00 2.491062402725219727e+00 3.004174470901489258e+00
2.732724952697753906e+01 5.490983963012695312e+00 2.490515947341918945e+00 3.000469684600830078e+00
2.734765815734863281e+01 5.484843730926513672e+00 2.490845918655395508e+00 2.993997097015380859e+00
2.736806488037109375e+01 5.479239940643310547e+00 2.489863395690917969e+00 2.989377260208129883e+00
2.738847541809082031e+01 5.472525596618652344e+00 2.490630149841308594e+00 2.981895446777343750e+00
2.740888214111328125e+01 5.465732574462890625e+00 2.488775730133056641e+00 2.976955413818359375e+00
2.742929267883300781e+01 5.459340095520019531e+00 2.488669157028198242e+00 2.970672130584716797e+00
2.744969940185546875e+01 5.455826759338378906e+00 2.489871501922607422e+00 2.965953826904296875e+00
2.747010993957519531e+01 5.445488452911376953e+00 2.485842704772949219e+00 2.959645509719848633e+00
2.749051666259765625e+01 5.442272663116455078e+00 2.487480640411376953e+00 2.954792499542236328e+00
2.751092720031738281e+01 5.434960365295410156e+00 2.486070394515991211e+00 2.948889017105102539e+00
2.753133583068847656e+01 5.428647994995117188e+00 2.485531806945800781e+00 2.943116426467895508e+00
2.755174636840820312e+01 5.422166347503662109e+00 2.484559535980224609e+00 2.937605857849121094e+00
2.757215309143066406e+01 5.417284011840820312e+00 2.483588695526123047e+00 2.933695793151855469e+00
2.759256362915039062e+01 5.411173820495605469e+00 2.482619047164916992e+00 2.928555011749267578e+00
2.761297035217285156e+01 5.412494659423828125e+00 2.482084751129150391e+00 2.930410385131835938e+00
2.763337707519531250e+01 5.399738311767578125e+00 2.480684995651245117e+00 2.919052600860595703e+00
2.765378761291503906e+01 5.395993709564208984e+00 2.479286909103393555e+00 2.916707277297973633e+00
2.767419624328613281e+01 5.394142150878906250e+00 2.479188442230224609e+00 2.914953231811523438e+00
2.769460678100585938e+01 5.382703304290771484e+00 2.479522466659545898e+00 2.903180599212646484e+00
2.771501350402832031e+01 5.387054443359375000e+00 2.477265119552612305e+00 2.909789562225341797e+00
2.773542404174804688e+01 5.385627746582031250e+00 2.476305007934570312e+00 2.909325122833251953e+00
2.775583076477050781e+01 5.384422779083251953e+00 2.476209402084350586e+00 2.908214569091796875e+00
2.777624130249023438e+01 5.379867076873779297e+00 2.475682497024536133e+00 2.904185771942138672e+00
2.779664802551269531e+01 5.375577926635742188e+00 2.472142696380615234e+00 2.903435468673706055e+00
2.781705856323242188e+01 5.372633934020996094e+00 2.471189260482788086e+00 2.901443958282470703e+00
2.783746528625488281e+01 5.370440959930419922e+00 2.470237731933593750e+00 2.900202274322509766e+00
2.785787391662597656e+01 5.364861011505126953e+00 2.467139005661010742e+00 2.897720813751220703e+00
2.787828445434570312e+01 5.368562698364257812e+00 2.468338251113891602e+00 2.900225639343261719e+00
2.789869117736816406e+01 5.365133285522460938e+00 2.467819690704345703e+00 2.897315025329589844e+00
2.791910171508789062e+01 5.364059448242187500e+00 2.464729547500610352e+00 2.899330615997314453e+00
2.793950843811035156e+01 5.361556053161621094e+00 2.463357686996459961e+00 2.898197412490844727e+00
2.795991897583007812e+01 5.363039970397949219e+00 2.461987733840942383e+00 2.901051521301269531e+00
2.798032569885253906e+01 5.365532398223876953e+00 2.462331056594848633e+00 2.903200864791870117e+00
2.800073623657226562e+01 5.366549491882324219e+00 2.461818456649780273e+00 2.904731988906860352e+00
2.802114486694335938e+01 5.364430427551269531e+00 2.460025548934936523e+00 2.904406547546386719e+00
2.804155540466308594e+01 5.367629051208496094e+00 2.460796117782592773e+00 2.906833410263061523e+00
2.806196212768554688e+01 5.367282390594482422e+00 2.459859609603881836e+00 2.907424688339233398e+00
2.808236885070800781e+01 5.367171287536621094e+00 2.459777116775512695e+00 2.907394647598266602e+00
2.810277938842773438e+01 5.369376182556152344e+00 2.460119962692260742e+00 2.909255266189575195e+00
2.812318611145019531e+01 5.370945930480957031e+00 2.459186315536499023e+00 2.911760330200195312e+00
2.814359664916992188e+01 5.372234821319580078e+00 2.459103822708129883e+00 2.913131475448608398e+00
2.816400527954101562e+01 5.373894691467285156e+00 2.459022045135498047e+00 2.914871692657470703e+00
2.818441581726074219e+01 5.375226497650146484e+00 2.459364652633666992e+00 2.915862560272216797e+00
2.820482254028320312e+01 5.377295970916748047e+00 2.459707260131835938e+00 2.917587757110595703e+00
2.822523307800292969e+01 5.379734039306640625e+00 2.460473060607910156e+00 2.919263124465942383e+00
2.824563980102539062e+01 5.380352973937988281e+00 2.460814237594604492e+00 2.919538259506225586e+00
2.826605033874511719e+01 5.381488323211669922e+00 2.461577892303466797e+00 2.919909477233886719e+00
2.828645706176757812e+01 5.378928661346435547e+00 2.461494684219360352e+00 2.917433500289916992e+00
2.830686378479003906e+01 5.385712623596191406e+00 2.463103055953979492e+00 2.922610521316528320e+00
2.832727432250976562e+01 5.385538578033447266e+00 2.463441133499145508e+00 2.922097921371459961e+00
2.834768295288085938e+01 5.385111331939697266e+00 2.463778734207153320e+00 2.921332836151123047e+00
2.836809349060058594e+01 5.386323928833007812e+00 2.464537620544433594e+00 2.921787500381469727e+00
2.838850021362304688e+01 5.386033058166503906e+00 2.464030981063842773e+00 2.922002315521240234e+00
2.840891075134277344e+01 5.387122154235839844e+00 2.466474056243896484e+00 2.920646429061889648e+00
2.842931747436523438e+01 5.387213706970214844e+00 2.465966463088989258e+00 2.921248674392700195e+00
2.844972801208496094e+01 5.386130332946777344e+00 2.467983961105346680e+00 2.918145418167114258e+00
2.847013473510742188e+01 5.385595321655273438e+00 2.465794324874877930e+00 2.919800758361816406e+00
2.849054527282714844e+01 5.384005069732666016e+00 2.465288639068603516e+00 2.918715476989746094e+00
2.851095390319824219e+01 5.389335632324218750e+00 2.468141794204711914e+00 2.921194553375244141e+00
2.853136062622070312e+01 5.380731582641601562e+00 2.466376543045043945e+00 2.914354324340820312e+00
2.855177116394042969e+01 5.374573707580566406e+00 2.464613437652587891e+00 2.909959793090820312e+00
2.857217788696289062e+01 5.376063346862792969e+00 2.464947700500488281e+00 2.911114215850830078e+00
2.859258842468261719e+01 5.373724460601806641e+00 2.463606834411621094e+00 2.910117864608764648e+00
2.861299514770507812e+01 5.369637489318847656e+00 2.462268114089965820e+00 2.907369375228881836e+00
2.863340568542480469e+01 5.368151664733886719e+00 2.461767196655273438e+00 2.906383275985717773e+00
2.865381431579589844e+01 5.360454559326171875e+00 2.460013866424560547e+00 2.900439262390136719e+00
2.867422294616699219e+01 5.361989498138427734e+00 2.459514856338500977e+00 2.902474164962768555e+00
2.869463157653808594e+01 5.347679615020751953e+00 2.456097364425659180e+00 2.891580820083618164e+00
2.871504211425781250e+01 5.343715667724609375e+00 2.453517913818359375e+00 2.890197753906250000e+00
2.873544883728027344e+01 5.334016799926757812e+00 2.454691171646118164e+00 2.879325151443481445e+00
2.875585937500000000e+01 5.330386161804199219e+00 2.447953939437866211e+00 2.882434844970703125e+00
2.877626609802246094e+01 5.323887825012207031e+00 2.445801973342895508e+00 2.878086328506469727e+00
2.879667282104492188e+01 5.317781448364257812e+00 2.446562767028808594e+00 2.871218681335449219e+00
2.881708335876464844e+01 5.310883522033691406e+00 2.440676212310791016e+00 2.870206594467163086e+00
2.883749198913574219e+01 5.303246021270751953e+00 2.437703609466552734e+00 2.865542650222778320e+00
2.885790252685546875e+01 5.294241905212402344e+00 2.433905839920043945e+00 2.860337018966674805e+00
2.887830924987792969e+01 5.285838603973388672e+00 2.430527925491333008e+00 2.855310678482055664e+00
2.889871978759765625e+01 5.277094364166259766e+00 2.426326036453247070e+00 2.850767850875854492e+00
2.891912651062011719e+01 5.274289608001708984e+00 2.422958374023437500e+00 2.851331949234008789e+00
2.893953704833984375e+01 5.262979030609130859e+00 2.419595003128051758e+00 2.843384265899658203e+00
2.895994377136230469e+01 5.257086277008056641e+00 2.416650056838989258e+00 2.840436220169067383e+00
2.898035430908203125e+01 5.247073173522949219e+00 2.412883043289184570e+00 2.834189653396606445e+00
2.900076293945312500e+01 5.238888263702392578e+00 2.408295869827270508e+00 2.830591201782226562e+00
2.902116966247558594e+01 5.229192733764648438e+00 2.403715133666992188e+00 2.825478076934814453e+00
2.904158020019531250e+01 5.222747802734375000e+00 2.400789499282836914e+00 2.821959257125854492e+00
2.906198692321777344e+01 5.215626239776611328e+00 2.397456169128417969e+00 2.818171262741088867e+00
2.908239746093750000e+01 5.206549167633056641e+00 2.394127368927001953e+00 2.812420368194580078e+00
2.910280418395996094e+01 5.200777530670166016e+00 2.391214609146118164e+00 2.809563159942626953e+00
2.912321472167968750e+01 5.193149566650390625e+00 2.386250972747802734e+00 2.806899309158325195e+00
2.914362144470214844e+01 5.186949253082275391e+00 2.383758544921875000e+00 2.803190946578979492e+00
2.916403198242187500e+01 5.180665016174316406e+00 2.380038261413574219e+00 2.800625801086425781e+00
2.918444061279296875e+01 5.177736282348632812e+00 2.376323223114013672e+00 2.801413297653198242e+00
2.920485115051269531e+01 5.169082641601562500e+00 2.374252796173095703e+00 2.794829368591308594e+00
2.922525787353515625e+01 5.164911270141601562e+00 2.372185468673706055e+00 2.792725086212158203e+00
2.924566459655761719e+01 5.159476757049560547e+00 2.368892908096313477e+00 2.790584564208984375e+00
2.926607513427734375e+01 5.151601314544677734e+00 2.365195751190185547e+00 2.786406278610229492e+00
2.928648185729980469e+01 5.149770259857177734e+00 2.363956451416015625e+00 2.785813808441162109e+00
2.930689239501953125e+01 5.146288394927978516e+00 2.361493349075317383e+00 2.784794330596923828e+00
2.932730102539062500e+01 5.139305114746093750e+00 2.359849929809570312e+00 2.779456377029418945e+00
2.934771156311035156e+01 5.138492107391357422e+00 2.357393026351928711e+00 2.781100988388061523e+00
2.936811828613281250e+01 5.136374950408935547e+00 2.356570243835449219e+00 2.779803752899169922e+00
2.938852882385253906e+01 5.134834766387939453e+00 2.353711605072021484e+00 2.781124591827392578e+00
2.940893554687500000e+01 5.131165981292724609e+00 2.352078437805175781e+00 2.779086828231811523e+00
2.942934608459472656e+01 5.136437416076660156e+00 2.353700876235961914e+00 2.782737255096435547e+00
2.944975280761718750e+01 5.131103038787841797e+00 2.351257085800170898e+00 2.779844999313354492e+00
2.947016143798828125e+01 5.126912593841552734e+00 2.350441217422485352e+00 2.776472091674804688e+00
2.949057197570800781e+01 5.131682395935058594e+00 2.349626302719116211e+00 2.782055616378784180e+00
2.951097869873046875e+01 5.127593517303466797e+00 2.347595930099487305e+00 2.779997587203979492e+00
2.953138923645019531e+01 5.130058288574218750e+00 2.347189188003540039e+00 2.782868623733520508e+00
2.955179595947265625e+01 5.127175807952880859e+00 2.345973491668701172e+00 2.781202316284179688e+00
2.957220649719238281e+01 5.125039577484130859e+00 2.344758987426757812e+00 2.780279636383056641e+00
2.959261322021484375e+01 5.126186370849609375e+00 2.343950986862182617e+00 2.782237768173217773e+00
2.961302375793457031e+01 5.126970291137695312e+00 2.343548059463500977e+00 2.783421754837036133e+00
2.963343048095703125e+01 5.127008914947509766e+00 2.342741966247558594e+00 2.784265756607055664e+00
2.965384101867675781e+01 5.126140594482421875e+00 2.341533184051513672e+00 2.784607648849487305e+00
2.967424964904785156e+01 5.124222278594970703e+00 2.340326070785522461e+00 2.783896684646606445e+00
2.969465637207031250e+01 5.117765903472900391e+00 2.339120864868164062e+00 2.778645515441894531e+00
2.971506690979003906e+01 5.121900081634521484e+00 2.337514162063598633e+00 2.784387588500976562e+00
2.973547363281250000e+01 5.122015953063964844e+00 2.336312532424926758e+00 2.785705327987670898e+00
2.975588417053222656e+01 5.120850086212158203e+00 2.335112333297729492e+00 2.785736560821533203e+00
2.977629089355468750e+01 5.119235038757324219e+00 2.333109855651855469e+00 2.786124706268310547e+00
2.979670143127441406e+01 5.116775035858154297e+00 2.330708265304565430e+00 2.786068439483642578e+00
2.981711006164550781e+01 5.114324092864990234e+00 2.328711748123168945e+00 2.785612106323242188e+00
2.983752059936523438e+01 5.113266468048095703e+00 2.327118873596191406e+00 2.786147594451904297e+00
2.985792732238769531e+01 5.108054637908935547e+00 2.324325561523437500e+00 2.783729314804077148e+00
2.987833786010742188e+01 5.103804111480712891e+00 2.321135282516479492e+00 2.782669544219970703e+00
2.989874458312988281e+01 5.094767093658447266e+00 2.319951534271240234e+00 2.774815082550048828e+00
2.991915130615234375e+01 5.095692157745361328e+00 2.315968751907348633e+00 2.779722929000854492e+00
2.993956184387207031e+01 5.090134143829345703e+00 2.312390804290771484e+00 2.777742862701416016e+00
2.995997047424316406e+01 5.084817409515380859e+00 2.308418750762939453e+00 2.776398420333862305e+00
2.998037910461425781e+01 5.076422691345214844e+00 2.304851055145263672e+00 2.771570682525634766e+00
3.000078773498535156e+01 5.071040630340576172e+00 2.301288127899169922e+00 2.769753456115722656e+00
3.002119827270507812e+01 5.064427375793457031e+00 2.298527479171752930e+00 2.765898942947387695e+00
3.004160499572753906e+01 5.057256221771240234e+00 2.293380260467529297e+00 2.763876199722290039e+00
3.006201553344726562e+01 5.049372196197509766e+00 2.288239717483520508e+00 2.761132478713989258e+00
3.008242225646972656e+01 5.042583942413330078e+00 2.286289453506469727e+00 2.756293296813964844e+00
3.010283279418945312e+01 5.035626411437988281e+00 2.282353639602661133e+00 2.753273487091064453e+00
3.012323951721191406e+01 5.026224613189697266e+00 2.278820514678955078e+00 2.747405290603637695e+00
3.014365005493164062e+01 5.021790504455566406e+00 2.274895191192626953e+00 2.746896266937255859e+00
3.016405868530273438e+01 5.010053634643554688e+00 2.270578384399414062e+00 2.739476203918457031e+00
3.018446540832519531e+01 5.003385066986083984e+00 2.266664028167724609e+00 2.736721038818359375e+00
3.020487594604492188e+01 4.994742870330810547e+00 2.263150930404663086e+00 2.731591939926147461e+00
3.022528266906738281e+01 4.986851215362548828e+00 2.260038852691650391e+00 2.726813554763793945e+00
3.024569320678710938e+01 4.976678371429443359e+00 2.256535053253173828e+00 2.720142126083374023e+00
3.026609992980957031e+01 4.967869281768798828e+00 2.252244949340820312e+00 2.715624094009399414e+00
3.028651046752929688e+01 4.960256576538085938e+00 2.248751401901245117e+00 2.711506366729736328e+00
3.030691909790039062e+01 4.952553272247314453e+00 2.245657205581665039e+00 2.706895828247070312e+00
3.032732963562011719e+01 4.948307037353515625e+00 2.241777896881103516e+00 2.706531047821044922e+00
3.034773635864257812e+01 4.933594703674316406e+00 2.239876031875610352e+00 2.693719863891601562e+00
3.036814689636230469e+01 4.924251079559326172e+00 2.235611677169799805e+00 2.688638448715209961e+00
3.038855361938476562e+01 4.906462192535400391e+00 2.232928514480590820e+00 2.673535346984863281e+00
3.040896034240722656e+01 4.914066314697265625e+00 2.231036424636840820e+00 2.683029413223266602e+00
3.042937088012695312e+01 4.910945415496826172e+00 2.229146718978881836e+00 2.681798696517944336e+00
3.044977760314941406e+01 4.899033069610595703e+00 2.228438854217529297e+00 2.670594215393066406e+00
3.047018814086914062e+01 4.894992351531982422e+00 2.227339029312133789e+00 2.667654037475585938e+00
3.049059677124023438e+01 4.876197814941406250e+00 2.223492860794067383e+00 2.652705907821655273e+00
3.051100730895996094e+01 4.891675472259521484e+00 2.224751472473144531e+00 2.666923046112060547e+00
3.053141403198242188e+01 4.885462284088134766e+00 2.225224494934082031e+00 2.660237312316894531e+00
3.055182456970214844e+01 4.880447387695312500e+00 2.224913597106933594e+00 2.655532598495483398e+00
3.057223129272460938e+01 4.875818729400634766e+00 2.224211215972900391e+00 2.651605844497680664e+00
3.059264183044433594e+01 4.872257709503173828e+00 2.223901271820068359e+00 2.648355960845947266e+00
3.061304855346679688e+01 4.869552135467529297e+00 2.223982810974121094e+00 2.645570516586303711e+00
3.063345718383789062e+01 4.867202758789062500e+00 2.223673343658447266e+00 2.643528699874877930e+00
3.065386772155761719e+01 4.864471912384033203e+00 2.223364353179931641e+00 2.641108989715576172e+00
3.067427444458007812e+01 4.862315654754638672e+00 2.222665548324584961e+00 2.639650106430053711e+00
3.069468498229980469e+01 4.861223220825195312e+00 2.222747087478637695e+00 2.638477802276611328e+00
3.071509170532226562e+01 4.858647823333740234e+00 2.221660137176513672e+00 2.636986732482910156e+00
3.073550224304199219e+01 4.856705188751220703e+00 2.220963716506958008e+00 2.635741949081420898e+00
3.075590896606445312e+01 4.854568481445312500e+00 2.219490051269531250e+00 2.635079860687255859e+00
3.077631950378417969e+01 4.854216575622558594e+00 2.219573736190795898e+00 2.634641647338867188e+00
3.079672813415527344e+01 4.850302696228027344e+00 2.216159582138061523e+00 2.634142637252807617e+00
3.081713676452636719e+01 4.847575664520263672e+00 2.213915109634399414e+00 2.633662223815917969e+00
3.083754539489746094e+01 4.844211101531982422e+00 2.210897445678710938e+00 2.633313655853271484e+00
3.085795211791992188e+01 4.840913772583007812e+00 2.208271741867065430e+00 2.632641077041625977e+00
3.087836265563964844e+01 4.837855339050292969e+00 2.205261468887329102e+00 2.632592439651489258e+00
3.089876937866210938e+01 4.836761474609375000e+00 2.204967021942138672e+00 2.631794214248657227e+00
3.091917991638183594e+01 4.837568283081054688e+00 2.207769870758056641e+00 2.629799365997314453e+00
3.093958663940429688e+01 4.843568801879882812e+00 2.215211629867553711e+00 2.628355503082275391e+00
3.095999717712402344e+01 4.852452754974365234e+00 2.226896047592163086e+00 2.625555276870727539e+00
3.098040580749511719e+01 4.867327690124511719e+00 2.243588209152221680e+00 2.623740196228027344e+00
3.100081634521484375e+01 4.871113777160644531e+00 2.250991582870483398e+00 2.620121717453002930e+00
3.102122306823730469e+01 4.858042240142822266e+00 2.236006021499633789e+00 2.622035980224609375e+00
3.104163360595703125e+01 4.839463233947753906e+00 2.214484453201293945e+00 2.624977111816406250e+00
3.106204032897949219e+01 4.851181030273437500e+00 2.221121788024902344e+00 2.630059480667114258e+00
3.108244705200195312e+01 4.866800308227539062e+00 2.245079755783081055e+00 2.621722459793090820e+00
3.110285758972167969e+01 4.876698017120361328e+00 2.253227233886718750e+00 2.623470306396484375e+00
3.112326622009277344e+01 4.879269599914550781e+00 2.254057407379150391e+00 2.625213146209716797e+00
3.114367675781250000e+01 4.880767345428466797e+00 2.254117250442504883e+00 2.626650333404541016e+00
3.116408348083496094e+01 4.876476764678955078e+00 2.251105070114135742e+00 2.625370740890502930e+00
3.118449401855468750e+01 4.869450569152832031e+00 2.244258165359497070e+00 2.625191450119018555e+00
3.120490074157714844e+01 4.857596397399902344e+00 2.230515956878662109e+00 2.627079486846923828e+00
3.122531127929687500e+01 4.852539062500000000e+00 2.217941284179687500e+00 2.634597063064575195e+00
3.124571800231933594e+01 4.875939846038818359e+00 2.212661981582641602e+00 2.663278818130493164e+00
3.126612854003906250e+01 4.948513031005859375e+00 2.204709529876708984e+00 2.743803262710571289e+00
3.128653526306152344e+01 4.889976978302001953e+00 2.206331968307495117e+00 2.683645009994506836e+00
3.130694580078125000e+01 4.898399829864501953e+00 2.228598117828369141e+00 2.669801235198974609e+00
3.132735443115234375e+01 4.895422935485839844e+00 2.229820728302001953e+00 2.665601015090942383e+00
3.134776115417480469e+01 4.895167827606201172e+00 2.226078271865844727e+00 2.669089078903198242e+00
3.136817169189453125e+01 4.890511035919189453e+00 2.225011348724365234e+00 2.665501594543457031e+00
3.138857841491699219e+01 4.879948139190673828e+00 2.224327325820922852e+00 2.655620813369750977e+00
3.140898895263671875e+01 4.891409397125244141e+00 2.230122804641723633e+00 2.661286592483520508e+00
3.142939567565917969e+01 4.901356220245361328e+00 2.237053394317626953e+00 2.664301872253417969e+00
3.144980621337890625e+01 4.903699398040771484e+00 2.242451906204223633e+00 2.661247014999389648e+00
3.147021484375000000e+01 4.923306941986083984e+00 2.255831480026245117e+00 2.667474269866943359e+00
3.149062538146972656e+01 4.953289985656738281e+00 2.269193172454833984e+00 2.684096574783325195e+00
3.151103210449218750e+01 5.012985706329345703e+00 2.283297538757324219e+00 2.729688405990600586e+00
3.153144264221191406e+01 5.022127151489257812e+00 2.253349065780639648e+00 2.768778085708618164e+00
3.155184936523437500e+01 4.818905353546142578e+00 2.171846151351928711e+00 2.647059679031372070e+00
3.157225608825683594e+01 4.768350601196289062e+00 2.188640117645263672e+00 2.579708576202392578e+00
3.159266662597656250e+01 4.781819820404052734e+00 2.216398954391479492e+00 2.565421104431152344e+00
3.161307525634765625e+01 4.816684246063232422e+00 2.252831220626831055e+00 2.563852071762084961e+00
3.163348579406738281e+01 4.868007659912109375e+00 2.294513225555419922e+00 2.573494195938110352e+00
3.165389251708984375e+01 4.908733367919921875e+00 2.321394443511962891e+00 2.587338447570800781e+00
3.167430305480957031e+01 4.931938171386718750e+00 2.316875219345092773e+00 2.615064382553100586e+00
3.169470977783203125e+01 4.922992229461669922e+00 2.279884338378906250e+00 2.643109321594238281e+00
3.171512031555175781e+01 4.898951053619384766e+00 2.235392570495605469e+00 2.663559913635253906e+00
3.173552703857421875e+01 4.876808166503906250e+00 2.200009822845458984e+00 2.676798582077026367e+00
3.175593757629394531e+01 4.862456798553466797e+00 2.177865266799926758e+00 2.684591770172119141e+00
3.177634429931640625e+01 4.849911212921142578e+00 2.165919542312622070e+00 2.683992862701416016e+00
3.179675292968750000e+01 4.849929809570312500e+00 2.163776636123657227e+00 2.686152458190917969e+00
3.181716346740722656e+01 4.856889724731445312e+00 2.169912576675415039e+00 2.686976909637451172e+00
3.183757019042968750e+01 4.877228736877441406e+00 2.184687614440917969e+00 2.692541837692260742e+00
3.185798072814941406e+01 4.924634456634521484e+00 2.209964036941528320e+00 2.714670181274414062e+00
3.187838745117187500e+01 5.017126083374023438e+00 2.247974157333374023e+00 2.769151449203491211e+00
3.189879798889160156e+01 5.195071697235107422e+00 2.301320075988769531e+00 2.893752336502075195e+00
3.191920471191406250e+01 5.311061382293701172e+00 2.315223693847656250e+00 2.995838403701782227e+00
3.193961524963378906e+01 5.120158195495605469e+00 2.222303867340087891e+00 2.897853612899780273e+00
3.196002388000488281e+01 4.918550491333007812e+00 2.166579723358154297e+00 2.751969337463378906e+00
3.198043441772460938e+01 4.826141834259033203e+00 2.154343128204345703e+00 2.671798229217529297e+00
3.200083923339843750e+01 4.779397487640380859e+00 2.153343200683593750e+00 2.626054763793945312e+00
3.202124786376953125e+01 4.749269485473632812e+00 2.153092145919799805e+00 2.596175432205200195e+00
3.204166030883789062e+01 4.730838298797607422e+00 2.156203508377075195e+00 2.574634552001953125e+00
3.206206512451171875e+01 4.719843864440917969e+00 2.161550998687744141e+00 2.558292865753173828e+00
3.208247756958007812e+01 4.723900318145751953e+00 2.171741485595703125e+00 2.552158832550048828e+00
3.210288238525390625e+01 4.748471736907958984e+00 2.184156417846679688e+00 2.564313888549804688e+00
3.212329483032226562e+01 4.760227203369140625e+00 2.177179336547851562e+00 2.583049535751342773e+00
3.214369964599609375e+01 4.726286888122558594e+00 2.141538619995117188e+00 2.584748268127441406e+00
3.216411209106445312e+01 4.687434196472167969e+00 2.107431173324584961e+00 2.580003023147583008e+00
3.218451690673828125e+01 4.662317752838134766e+00 2.086012125015258789e+00 2.576306104660034180e+00
3.220492935180664062e+01 4.646412849426269531e+00 2.076513290405273438e+00 2.569899559020996094e+00
3.222533798217773438e+01 4.643870830535888672e+00 2.076312780380249023e+00 2.567558050155639648e+00
3.224574279785156250e+01 4.658909797668457031e+00 2.086876869201660156e+00 2.572033405303955078e+00
3.226615524291992188e+01 4.610709190368652344e+00 2.090008497238159180e+00 2.520702123641967773e+00
3.228656005859375000e+01 4.585978984832763672e+00 2.083497285842895508e+00 2.502481937408447266e+00
3.230697250366210938e+01 4.584232330322265625e+00 2.079587459564208984e+00 2.504644870758056641e+00
3.232737731933593750e+01 4.591979026794433594e+00 2.077163934707641602e+00 2.514817476272583008e+00
3.234778976440429688e+01 4.578732013702392578e+00 2.042550802230834961e+00 2.536181211471557617e+00
3.236819839477539062e+01 4.576425552368164062e+00 2.037195205688476562e+00 2.539230823516845703e+00
3.238860702514648438e+01 4.609587669372558594e+00 2.060672283172607422e+00 2.548914909362792969e+00
3.240901565551757812e+01 4.668128013610839844e+00 2.098892688751220703e+00 2.569236040115356445e+00
3.242942428588867188e+01 4.743931293487548828e+00 2.142601490020751953e+00 2.601331233978271484e+00
3.244983291625976562e+01 4.829188823699951172e+00 2.197690010070800781e+00 2.631498813629150391e+00
3.247023773193359375e+01 4.971035003662109375e+00 2.236489772796630859e+00 2.734545707702636719e+00
3.249065017700195312e+01 4.951834201812744141e+00 2.150721073150634766e+00 2.801114320755004883e+00
3.251105880737304688e+01 4.778327465057373047e+00 2.063219547271728516e+00 2.715107440948486328e+00
3.253146743774414062e+01 4.707259178161621094e+00 2.051254987716674805e+00 2.656004667282104492e+00
3.255187606811523438e+01 4.649420261383056641e+00 2.041879415512084961e+00 2.607541084289550781e+00
3.257228469848632812e+01 4.594510555267333984e+00 2.042069911956787109e+00 2.552439928054809570e+00
3.259269332885742188e+01 4.558674335479736328e+00 2.034547805786132812e+00 2.524127006530761719e+00
3.261310195922851562e+01 4.567248344421386719e+00 2.049423456192016602e+00 2.517824888229370117e+00
3.263351058959960938e+01 4.585317134857177734e+00 2.070148944854736328e+00 2.515167236328125000e+00
3.265391921997070312e+01 4.587165355682373047e+00 2.070688009262084961e+00 2.516477108001708984e+00
3.267432785034179688e+01 4.593396663665771484e+00 2.073057889938354492e+00 2.520336151123046875e+00
3.269473648071289062e+01 4.605012416839599609e+00 2.083478927612304688e+00 2.521533966064453125e+00
3.271514511108398438e+01 4.608430862426757812e+00 2.097179889678955078e+00 2.511251449584960938e+00
3.273555374145507812e+01 4.621123790740966797e+00 2.115983247756958008e+00 2.505139589309692383e+00
3.275596237182617188e+01 4.655654430389404297e+00 2.158514499664306641e+00 2.497139930725097656e+00
3.277637100219726562e+01 4.689350605010986328e+00 2.207566738128662109e+00 2.481783151626586914e+00
3.279677963256835938e+01 4.687370777130126953e+00 2.215682029724121094e+00 2.471688270568847656e+00
3.281718826293945312e+01 4.694182395935058594e+00 2.223787307739257812e+00 2.470394611358642578e+00
3.283759689331054688e+01 4.759462833404541016e+00 2.292026042938232422e+00 2.467436075210571289e+00
3.285800552368164062e+01 4.810672760009765625e+00 2.340873479843139648e+00 2.469799280166625977e+00
3.287841796875000000e+01 4.763958454132080078e+00 2.303378820419311523e+00 2.460579156875610352e+00
3.289882278442382812e+01 4.692387104034423828e+00 2.226637363433837891e+00 2.465749263763427734e+00
3.291923522949218750e+01 4.626410484313964844e+00 2.158353567123413086e+00 2.468056678771972656e+00
3.293964004516601562e+01 4.578381538391113281e+00 2.104326248168945312e+00 2.474056005477905273e+00
3.296004867553710938e+01 4.541588306427001953e+00 2.065255641937255859e+00 2.476332187652587891e+00
3.298045730590820312e+01 4.513746738433837891e+00 2.046194076538085938e+00 2.467552661895751953e+00
3.300086593627929688e+01 4.456334590911865234e+00 2.022440910339355469e+00 2.433894157409667969e+00
3.302127456665039062e+01 4.423702239990234375e+00 2.007054090499877930e+00 2.416647672653198242e+00
3.304168319702148438e+01 4.406216621398925781e+00 1.997120380401611328e+00 2.409095525741577148e+00
3.306209564208984375e+01 4.403153419494628906e+00 1.995887398719787598e+00 2.407265186309814453e+00
3.308250045776367188e+01 4.414826393127441406e+00 2.001530647277832031e+00 2.413296461105346680e+00
3.310291290283203125e+01 4.448391914367675781e+00 2.004273891448974609e+00 2.444118499755859375e+00
3.312331771850585938e+01 4.547081947326660156e+00 2.008821010589599609e+00 2.538262605667114258e+00
3.314373016357421875e+01 4.556706905364990234e+00 1.978331565856933594e+00 2.578377008438110352e+00
3.316413497924804688e+01 4.489405155181884766e+00 1.977114200592041016e+00 2.512292146682739258e+00
3.318454360961914062e+01 4.440331935882568359e+00 2.008721590042114258e+00 2.431608676910400391e+00
3.320495605468750000e+01 4.511703968048095703e+00 2.019743204116821289e+00 2.491960763931274414e+00
3.322536087036132812e+01 4.452912330627441406e+00 1.983557939529418945e+00 2.469355583190917969e+00
3.324577331542968750e+01 4.405889987945556641e+00 1.940216541290283203e+00 2.465672016143798828e+00
3.326617813110351562e+01 4.443321228027343750e+00 1.955217719078063965e+00 2.488103628158569336e+00
3.328659057617187500e+01 4.503566741943359375e+00 1.971279263496398926e+00 2.532288074493408203e+00
3.330699539184570312e+01 4.514220714569091797e+00 1.963602542877197266e+00 2.550619125366210938e+00
3.332740783691406250e+01 4.572485923767089844e+00 1.920020222663879395e+00 2.652466058731079102e+00
3.334781646728515625e+01 4.546096324920654297e+00 1.938586592674255371e+00 2.607509374618530273e+00
3.336822509765625000e+01 4.583572387695312500e+00 2.003403663635253906e+00 2.580168962478637695e+00
3.338863372802734375e+01 4.599570274353027344e+00 2.035877704620361328e+00 2.563692331314086914e+00
3.340903854370117188e+01 4.545691490173339844e+00 2.009912967681884766e+00 2.535778284072875977e+00
3.342945098876953125e+01 4.493270397186279297e+00 1.983621954917907715e+00 2.509648561477661133e+00
3.344985580444335938e+01 4.487577915191650391e+00 1.995651721954345703e+00 2.491927146911621094e+00
3.347026824951171875e+01 4.472704410552978516e+00 2.000872135162353516e+00 2.471832275390625000e+00
3.349067306518554688e+01 4.458625316619873047e+00 1.992147445678710938e+00 2.466477155685424805e+00
3.351108551025390625e+01 4.445705413818359375e+00 1.971646070480346680e+00 2.474058151245117188e+00
3.353149414062500000e+01 4.326888084411621094e+00 1.930466175079345703e+00 2.396420955657958984e+00
3.355190277099609375e+01 4.317174434661865234e+00 1.942491650581359863e+00 2.374682903289794922e+00
3.357231140136718750e+01 4.411362648010253906e+00 1.976250648498535156e+00 2.435111999511718750e+00
3.359272003173828125e+01 4.450912475585937500e+00 1.959372282028198242e+00 2.491539955139160156e+00
3.361312866210937500e+01 4.396594047546386719e+00 1.935748457908630371e+00 2.460844993591308594e+00
3.363353347778320312e+01 4.378277301788330078e+00 1.925677061080932617e+00 2.452601909637451172e+00
3.365394592285156250e+01 4.323701381683349609e+00 1.956874728202819824e+00 2.366827964782714844e+00
3.367435455322265625e+01 4.263263702392578125e+00 1.942537188529968262e+00 2.320726156234741211e+00
3.369476318359375000e+01 4.215789318084716797e+00 1.920401573181152344e+00 2.295388936996459961e+00
3.371517181396484375e+01 4.213560581207275391e+00 1.909298539161682129e+00 2.304260969161987305e+00
3.373558044433593750e+01 4.221014022827148438e+00 1.894660830497741699e+00 2.326353549957275391e+00
3.375598907470703125e+01 4.272184371948242188e+00 1.903089404106140137e+00 2.369095325469970703e+00
3.377639770507812500e+01 4.359609127044677734e+00 1.914696931838989258e+00 2.444913864135742188e+00
3.379680633544921875e+01 4.283580303192138672e+00 1.897603392601013184e+00 2.385976552963256836e+00
3.381721496582031250e+01 4.293491840362548828e+00 1.895396232604980469e+00 2.398095607757568359e+00
3.383762359619140625e+01 4.300299644470214844e+00 1.888239741325378418e+00 2.412060022354125977e+00
3.385803222656250000e+01 4.289117336273193359e+00 1.875435233116149902e+00 2.413681507110595703e+00
3.387844085693359375e+01 4.280659198760986328e+00 1.878191828727722168e+00 2.402468919754028320e+00
3.389884948730468750e+01 4.278588771820068359e+00 1.892597436904907227e+00 2.385989904403686523e+00
3.391925811767578125e+01 4.249382019042968750e+00 1.885459423065185547e+00 2.363923311233520508e+00
3.393966674804687500e+01 4.252276897430419922e+00 1.887500047683715820e+00 2.364777088165283203e+00
3.396007537841796875e+01 4.260704517364501953e+00 1.897291779518127441e+00 2.363410949707031250e+00
3.398048400878906250e+01 4.270780086517333984e+00 1.906015396118164062e+00 2.364764928817749023e+00
3.400089263916015625e+01 4.258244991302490234e+00 1.903111100196838379e+00 2.355134725570678711e+00
3.402130126953125000e+01 4.263457775115966797e+00 1.905839443206787109e+00 2.357617616653442383e+00
3.404171371459960938e+01 4.256103515625000000e+00 1.909267783164978027e+00 2.346835374832153320e+00
3.406211853027343750e+01 4.248095035552978516e+00 1.911638021469116211e+00 2.336457490921020508e+00
3.408253097534179688e+01 4.245584011077880859e+00 1.916112303733825684e+00 2.329471588134765625e+00
3.410293579101562500e+01 4.243729114532470703e+00 1.905840039253234863e+00 2.337889432907104492e+00
3.412334442138671875e+01 4.213685989379882812e+00 1.895580291748046875e+00 2.318105220794677734e+00
3.414375305175781250e+01 4.192191600799560547e+00 1.913026928901672363e+00 2.279164314270019531e+00
3.416416168212890625e+01 4.154018402099609375e+00 1.926248669624328613e+00 2.227770328521728516e+00
3.418457412719726562e+01 4.135128021240234375e+00 1.894986152648925781e+00 2.240142345428466797e+00
3.420497894287109375e+01 4.206391811370849609e+00 1.888256549835205078e+00 2.318136692047119141e+00
3.422539138793945312e+01 4.188485145568847656e+00 1.883982896804809570e+00 2.304503202438354492e+00
3.424579620361328125e+01 4.183872222900390625e+00 1.898239135742187500e+00 2.285633802413940430e+00
3.426620864868164062e+01 4.216835021972656250e+00 1.901300311088562012e+00 2.315535783767700195e+00
3.428661346435546875e+01 4.211560726165771484e+00 1.891091942787170410e+00 2.320470333099365234e+00
3.430702590942382812e+01 4.229272365570068359e+00 1.862753033638000488e+00 2.366520404815673828e+00
3.432743072509765625e+01 4.181091308593750000e+00 1.841421723365783691e+00 2.339668750762939453e+00
3.434783935546875000e+01 4.280573368072509766e+00 1.876569509506225586e+00 2.404002904891967773e+00
3.436825180053710938e+01 4.215468406677246094e+00 1.851424217224121094e+00 2.364043951034545898e+00
3.438865661621093750e+01 4.186854839324951172e+00 1.886176586151123047e+00 2.300679206848144531e+00
3.440906906127929688e+01 4.192005157470703125e+00 1.874273896217346191e+00 2.317731380462646484e+00
3.442947387695312500e+01 4.210114479064941406e+00 1.867252945899963379e+00 2.342861175537109375e+00
3.444988632202148438e+01 4.207715034484863281e+00 1.856070756912231445e+00 2.351643562316894531e+00
3.447029113769531250e+01 4.175429821014404297e+00 1.850457549095153809e+00 2.324973106384277344e+00
3.449070358276367188e+01 4.129767417907714844e+00 1.833745837211608887e+00 2.296020984649658203e+00
3.451111221313476562e+01 4.227525711059570312e+00 1.843413352966308594e+00 2.384111404418945312e+00
3.453152084350585938e+01 4.283975124359130859e+00 1.869360685348510742e+00 2.414615869522094727e+00
3.455192947387695312e+01 4.337196350097656250e+00 1.855439066886901855e+00 2.481757164001464844e+00
3.457233428955078125e+01 4.201900005340576172e+00 1.828031182289123535e+00 2.373868703842163086e+00
3.459274673461914062e+01 4.298853397369384766e+00 1.864322066307067871e+00 2.434531211853027344e+00
3.461315155029296875e+01 4.294070243835449219e+00 1.831408500671386719e+00 2.462662458419799805e+00
3.463356399536132812e+01 4.272490501403808594e+00 1.808901786804199219e+00 2.463588953018188477e+00
3.465397262573242188e+01 4.304057121276855469e+00 1.818543910980224609e+00 2.485513210296630859e+00
3.467438125610351562e+01 4.280654907226562500e+00 1.804701089859008789e+00 2.475953102111816406e+00
3.469478988647460938e+01 4.261468887329101562e+00 1.800879478454589844e+00 2.460588932037353516e+00
3.471519851684570312e+01 4.222926139831542969e+00 1.800510287284851074e+00 2.422415018081665039e+00
3.473560714721679688e+01 4.228890895843505859e+00 1.817026734352111816e+00 2.411863327026367188e+00
3.475601577758789062e+01 4.177436351776123047e+00 1.808383107185363770e+00 2.369053363800048828e+00
3.477642440795898438e+01 4.136104583740234375e+00 1.799061417579650879e+00 2.337043523788452148e+00
3.479682922363281250e+01 4.064800739288330078e+00 1.784590840339660645e+00 2.280210494995117188e+00
3.481724166870117188e+01 4.051652431488037109e+00 1.773575067520141602e+00 2.278077125549316406e+00
3.483765029907226562e+01 4.047374248504638672e+00 1.771161913871765137e+00 2.276212930679321289e+00
3.485805892944335938e+01 4.013430595397949219e+00 1.765317440032958984e+00 2.248113632202148438e+00
3.487846755981445312e+01 4.038539409637451172e+00 1.780413866043090820e+00 2.258125066757202148e+00
3.489887619018554688e+01 3.997900485992431641e+00 1.773541927337646484e+00 2.224359273910522461e+00
3.491928482055664062e+01 4.040333271026611328e+00 1.793414950370788574e+00 2.246919393539428711e+00
3.493969345092773438e+01 4.043922424316406250e+00 1.790654540061950684e+00 2.253268957138061523e+00
3.496010208129882812e+01 4.032480239868164062e+00 1.796799302101135254e+00 2.235681295394897461e+00
3.498051071166992188e+01 4.058464527130126953e+00 1.784801006317138672e+00 2.273663282394409180e+00
3.500091934204101562e+01 4.055288314819335938e+00 1.791625976562500000e+00 2.263662338256835938e+00
3.502132797241210938e+01 4.081050872802734375e+00 1.792632699012756348e+00 2.288417100906372070e+00
3.504173660278320312e+01 4.111934661865234375e+00 1.825063228607177734e+00 2.286872148513793945e+00
3.506214523315429688e+01 4.109310626983642578e+00 1.831170201301574707e+00 2.278139829635620117e+00
3.508255386352539062e+01 4.042586326599121094e+00 1.823963403701782227e+00 2.218622684478759766e+00
3.510296249389648438e+01 4.076204776763916016e+00 1.832109689712524414e+00 2.244095563888549805e+00
3.512337112426757812e+01 4.105464935302734375e+00 1.849788427352905273e+00 2.255677223205566406e+00
3.514377975463867188e+01 4.126591205596923828e+00 1.838496565818786621e+00 2.288095235824584961e+00
3.516418838500976562e+01 4.093825340270996094e+00 1.808155775070190430e+00 2.285669803619384766e+00
3.518459701538085938e+01 4.073099613189697266e+00 1.802004098892211914e+00 2.271095514297485352e+00
3.520500946044921875e+01 4.113925933837890625e+00 1.795179486274719238e+00 2.318746089935302734e+00
3.522541427612304688e+01 4.118842124938964844e+00 1.808411121368408203e+00 2.310432195663452148e+00
3.524582672119140625e+01 4.081519603729248047e+00 1.811778664588928223e+00 2.269739866256713867e+00
3.526623153686523438e+01 4.105977058410644531e+00 1.823967099189758301e+00 2.282009124755859375e+00
3.528664016723632812e+01 4.145958423614501953e+00 1.857172369956970215e+00 2.288786649703979492e+00
3.530704879760742188e+01 4.171450614929199219e+00 1.856098771095275879e+00 2.315350294113159180e+00
3.532745742797851562e+01 4.127485752105712891e+00 1.813690781593322754e+00 2.313794851303100586e+00
3.534786987304687500e+01 4.113996982574462891e+00 1.818738698959350586e+00 2.295258998870849609e+00
3.536827468872070312e+01 4.141105651855468750e+00 1.838671803474426270e+00 2.302432775497436523e+00
3.538868713378906250e+01 4.172076225280761719e+00 1.869066834449768066e+00 2.303010225296020508e+00
3.540909194946289062e+01 4.185141086578369141e+00 1.865961432456970215e+00 2.319177865982055664e+00
3.542950439453125000e+01 4.249164104461669922e+00 1.878400087356567383e+00 2.370763778686523438e+00
3.544990921020507812e+01 4.166870594024658203e+00 1.810464739799499512e+00 2.356407642364501953e+00
3.547032165527343750e+01 4.158822536468505859e+00 1.835069417953491211e+00 2.323752880096435547e+00
3.549073028564453125e+01 4.099253177642822266e+00 1.836375117301940918e+00 2.262879133224487305e+00
3.551113510131835938e+01 4.071474552154541016e+00 1.852847099304199219e+00 2.218627452850341797e+00
3.553154754638671875e+01 4.135190010070800781e+00 1.920504450798034668e+00 2.214684486389160156e+00
3.555195236206054688e+01 4.120512485504150391e+00 1.889101147651672363e+00 2.231410026550292969e+00
3.557236480712890625e+01 4.025469779968261719e+00 1.787408113479614258e+00 2.238061666488647461e+00
3.559276962280273438e+01 4.029072284698486328e+00 1.816986083984375000e+00 2.212085247039794922e+00
3.561318206787109375e+01 4.061024188995361328e+00 1.843168616294860840e+00 2.217854976654052734e+00
3.563358688354492188e+01 4.119786739349365234e+00 1.822630643844604492e+00 2.297154664993286133e+00
3.565399932861328125e+01 4.101748466491699219e+00 1.813194274902343750e+00 2.288554191589355469e+00
3.567440795898437500e+01 4.145287990570068359e+00 1.872886538505554199e+00 2.272400617599487305e+00
3.569481658935546875e+01 4.080218791961669922e+00 1.805755376815795898e+00 2.274463891983032227e+00
3.571522521972656250e+01 3.972852945327758789e+00 1.696808934211730957e+00 2.276043653488159180e+00
3.573563003540039062e+01 3.990842103958129883e+00 1.693495512008666992e+00 2.297346353530883789e+00
3.575604248046875000e+01 4.092397212982177734e+00 1.755128145217895508e+00 2.337267160415649414e+00
3.577644729614257812e+01 4.118281841278076172e+00 1.743755578994750977e+00 2.374526023864746094e+00
3.579685974121093750e+01 4.182855606079101562e+00 1.709323763847351074e+00 2.473532199859619141e+00
3.581726837158203125e+01 3.996352434158325195e+00 1.630818963050842285e+00 2.365533590316772461e+00
3.583767700195312500e+01 3.931465387344360352e+00 1.634566187858581543e+00 2.296899557113647461e+00
3.585808563232421875e+01 3.900891780853271484e+00 1.641981124877929688e+00 2.258910655975341797e+00
3.587849426269531250e+01 4.015038013458251953e+00 1.615024924278259277e+00 2.400013208389282227e+00
3.589890289306640625e+01 4.051987171173095703e+00 1.653450965881347656e+00 2.398536443710327148e+00
