# NTRMN  = 1
# NTRANS = 56
1.142887115478515625e+01 0.000000000000000000e+00 0.000000000000000000e+00 0.000000000000000000e+00
1.144927978515625000e+01 0.000000000000000000e+00 0.000000000000000000e+00 0.000000000000000000e+00
1.146968936920166016e+01 0.000000000000000000e+00 0.000000000000000000e+00 0.000000000000000000e+00
1.149009799957275391e+01 0.000000000000000000e+00 0.000000000000000000e+00 0.000000000000000000e+00
1.151050662994384766e+01 0.000000000000000000e+00 0.000000000000000000e+00 0.000000000000000000e+00
1.153091526031494141e+01 0.000000000000000000e+00 0.000000000000000000e+00 0.000000000000000000e+00
1.157173252105712891e+01 1.000348687171936035e+00 1.000348687171936035e+00 0.000000000000000000e+00
1.159214115142822266e+01 1.847247600555419922e+00 1.847247600555419922e+00 0.000000000000000000e+00
1.161254978179931641e+01 1.844001054763793945e+00 1.844001054763793945e+00 0.000000000000000000e+00
1.165336799621582031e+01 1.786185264587402344e+00 1.786185264587402344e+00 2.263882692421503862e-10
1.167377567291259766e+01 1.783062696456909180e+00 1.783062696456909180e+00 2.259925024894471335e-10
1.169418430328369141e+01 1.779950857162475586e+00 1.779950857162475586e+00 2.255980957599490466e-10
1.171459388732910156e+01 1.604171633720397949e+00 1.604171633720397949e+00 1.724543147174628643e-10
1.175541114807128906e+01 1.748286604881286621e+00 1.748279690742492676e+00 6.903343546582618728e-06
1.177581882476806641e+01 1.823523402214050293e+00 1.823516488075256348e+00 6.892287274240516126e-06
1.179622840881347656e+01 2.032438755035400391e+00 2.032432794570922852e+00 6.006897365296026692e-06
1.181663703918457031e+01 1.934724807739257812e+00 1.934718847274780273e+00 5.995675564918201417e-06
1.183704566955566406e+01 1.931388378143310547e+00 1.931383132934570312e+00 5.186767339182551950e-06
1.185745429992675781e+01 1.928063511848449707e+00 1.928058862686157227e+00 4.670312591770198196e-06
1.187786388397216797e+01 1.924750328063964844e+00 1.924746036529541016e+00 4.345134129835059866e-06
1.193908882141113281e+01 1.914878010749816895e+00 1.914875626564025879e+00 2.430328549962723628e-06
1.195949840545654297e+01 1.944637894630432129e+00 1.944635748863220215e+00 2.199275286329793744e-06
1.197990703582763672e+01 2.080204963684082031e+00 2.080202817916870117e+00 2.164602847187779844e-06
1.200031566619873047e+01 2.252216100692749023e+00 2.252213954925537109e+00 2.246873236799729057e-06
1.202072334289550781e+01 2.426630973815917969e+00 2.426628589630126953e+00 2.383013224971364252e-06
1.204113292694091797e+01 2.593496084213256836e+00 2.593493461608886719e+00 2.532830876589287072e-06
1.206154155731201172e+01 2.753841876983642578e+00 2.753839254379272461e+00 2.682973899936769158e-06
1.208195018768310547e+01 2.914636850357055664e+00 2.914633989334106445e+00 2.839241915353341028e-06
1.210235881805419922e+01 3.082801818847656250e+00 3.082798719406127930e+00 3.009876763826468959e-06
1.212276744842529297e+01 3.264223575592041016e+00 3.264220476150512695e+00 3.202240577593329363e-06
1.214317607879638672e+01 3.459821462631225586e+00 3.459818124771118164e+00 3.415399305595201440e-06
1.216358470916748047e+01 3.670507192611694336e+00 3.670503616333007812e+00 3.644307525973999873e-06
1.218399333953857422e+01 3.894240856170654297e+00 3.894237041473388672e+00 3.883134468196658418e-06
1.220440292358398438e+01 4.129976272583007812e+00 4.129971981048583984e+00 4.126907697354909033e-06
1.222481155395507812e+01 4.373736381530761719e+00 4.373732089996337891e+00 4.373145202407613397e-06
1.224521923065185547e+01 4.620594501495361328e+00 4.620589733123779297e+00 4.621017069439403713e-06
1.226562786102294922e+01 4.868582725524902344e+00 4.868577957153320312e+00 4.872148110734997317e-06
1.228603744506835938e+01 5.110875606536865234e+00 5.110870361328125000e+00 5.128966222400777042e-06
1.230644607543945312e+01 5.343611240386962891e+00 5.343605995178222656e+00 5.391443210100987926e-06
1.232685470581054688e+01 5.562952995300292969e+00 5.562947273254394531e+00 5.660363967763260007e-06
1.234726333618164062e+01 5.767027854919433594e+00 5.767022132873535156e+00 5.934884484304348007e-06
1.236767196655273438e+01 5.953978061676025391e+00 5.953971862792968750e+00 6.214167569851269946e-06
1.238808059692382812e+01 6.122919559478759766e+00 6.122912883758544922e+00 6.497380127257201821e-06
1.240848922729492188e+01 6.275870800018310547e+00 6.275864124298095703e+00 6.783694971090881154e-06
1.242889785766601562e+01 6.413875102996826172e+00 6.413867950439453125e+00 7.070682841003872454e-06
1.244930744171142578e+01 6.537965774536132812e+00 6.537958621978759766e+00 7.355118668783688918e-06
1.246971511840820312e+01 6.650131702423095703e+00 6.650124073028564453e+00 7.633805580553598702e-06
1.249012374877929688e+01 6.752347946166992188e+00 6.752339839935302734e+00 7.903564437583554536e-06
1.251053237915039062e+01 6.841792583465576172e+00 6.841784477233886719e+00 8.157234333339147270e-06
1.253094196319580078e+01 6.921394348144531250e+00 6.921385765075683594e+00 8.391697519982699305e-06
1.255135059356689453e+01 6.986431598663330078e+00 6.986423015594482422e+00 8.609441465523559600e-06
1.257175922393798828e+01 7.036976337432861328e+00 7.036967754364013672e+00 8.794618224783334881e-06
1.259216690063476562e+01 7.067396640777587891e+00 7.067387580871582031e+00 8.947382411861326545e-06
1.261257648468017578e+01 7.074940681457519531e+00 7.074931621551513672e+00 9.059955118573270738e-06
1.263298511505126953e+01 7.052141189575195312e+00 7.052132129669189453e+00 9.140454494627192616e-06
1.265339374542236328e+01 6.993469238281250000e+00 6.993460178375244141e+00 9.165297342406120151e-06
1.267380237579345703e+01 6.885875225067138672e+00 6.885866165161132812e+00 9.142650014837272465e-06
1.269421100616455078e+01 6.707908153533935547e+00 6.707899093627929688e+00 9.033305104821920395e-06
1.271461963653564453e+01 6.362002372741699219e+00 6.361993789672851562e+00 8.719555808056611568e-06
1.273502826690673828e+01 4.592324733734130859e+00 4.592318058013916016e+00 6.651702278759330511e-06
1.275543689727783203e+01 4.004113674163818359e+00 4.004106998443603516e+00 6.458100415329681709e-06
1.277584648132324219e+01 3.997717142105102539e+00 3.997710704803466797e+00 6.448637577705085278e-06
1.279625511169433594e+01 3.991341352462768555e+00 3.991334915161132812e+00 6.439110620704013854e-06
1.281666278839111328e+01 3.984985828399658203e+00 3.984979391098022461e+00 6.429807399399578571e-06
1.283707141876220703e+01 3.868624448776245117e+00 3.868618011474609375e+00 6.418792054319055751e-06
1.285748100280761719e+01 2.887786626815795898e+00 2.887781620025634766e+00 5.062032869318500161e-06
1.287788963317871094e+01 2.883210182189941406e+00 2.883205175399780273e+00 5.054862413089722395e-06
1.289829826354980469e+01 3.599701881408691406e+00 3.599695444107055664e+00 6.460558779508573934e-06
1.295952415466308594e+01 6.067301273345947266e+00 3.582689046859741211e+00 2.484612226486206055e+00
1.297993278503417969e+01 6.057761669158935547e+00 3.577055931091308594e+00 2.480705738067626953e+00
1.300034141540527344e+01 9.195251464843750000e+00 6.718433380126953125e+00 2.476817846298217773e+00
1.302075004577636719e+01 7.783802509307861328e+00 6.707902908325195312e+00 1.075899720191955566e+00
1.304115962982177734e+01 7.737253665924072266e+00 6.575333595275878906e+00 1.161919832229614258e+00
1.312279415130615234e+01 5.585205078125000000e+00 3.472441911697387695e+00 2.112762689590454102e+00
1.314320278167724609e+01 5.752264499664306641e+00 3.385997056961059570e+00 2.366266965866088867e+00
1.320442867279052734e+01 6.457667350769042969e+00 3.460038423538208008e+00 2.997629165649414062e+00
1.322483730316162109e+01 6.611631393432617188e+00 3.492712497711181641e+00 3.118918657302856445e+00
1.324524593353271484e+01 7.026651859283447266e+00 3.698793649673461914e+00 3.327857971191406250e+00
1.326565456390380859e+01 7.118384838104248047e+00 3.797769784927368164e+00 3.320615768432617188e+00
1.336769866943359375e+01 7.743649959564208984e+00 3.936221122741699219e+00 3.807429313659667969e+00
1.338810729980468750e+01 7.947969913482666016e+00 4.078631877899169922e+00 3.869338274002075195e+00
1.340851497650146484e+01 8.127268791198730469e+00 4.153658390045166016e+00 3.973609685897827148e+00
1.342892456054687500e+01 8.301552772521972656e+00 4.197260379791259766e+00 4.104292869567871094e+00
1.344933319091796875e+01 8.540674209594726562e+00 4.240729331970214844e+00 4.299943923950195312e+00
1.346974182128906250e+01 8.769944190979003906e+00 4.396922588348388672e+00 4.373020648956298828e+00
1.349015045166015625e+01 9.068579673767089844e+00 4.688396930694580078e+00 4.380182266235351562e+00
1.351055908203125000e+01 8.794784545898437500e+00 4.576774597167968750e+00 4.218009471893310547e+00
1.353096771240234375e+01 8.677590370178222656e+00 4.471679687500000000e+00 4.205910205841064453e+00
1.355137634277343750e+01 8.371910095214843750e+00 4.364252567291259766e+00 4.007656097412109375e+00
1.361260223388671875e+01 8.594822883605957031e+00 4.607533931732177734e+00 3.987289190292358398e+00
1.363301086425781250e+01 8.613942146301269531e+00 4.578686714172363281e+00 4.035254478454589844e+00
1.365341949462890625e+01 8.729652404785156250e+00 4.564829349517822266e+00 4.164823055267333984e+00
1.367382907867431641e+01 8.768897056579589844e+00 4.557140827178955078e+00 4.211756706237792969e+00
1.369423770904541016e+01 8.820727348327636719e+00 4.549475193023681641e+00 4.271252155303955078e+00
1.371464633941650391e+01 8.877078056335449219e+00 4.539213657379150391e+00 4.337863922119140625e+00
1.373505496978759766e+01 8.930900573730468750e+00 4.522011756896972656e+00 4.408888816833496094e+00
1.375546360015869141e+01 8.996582984924316406e+00 4.493547916412353516e+00 4.503034114837646484e+00
1.377587318420410156e+01 8.768643379211425781e+00 4.363510608673095703e+00 4.405133247375488281e+00
1.383709812164306641e+01 8.454763412475585938e+00 4.019815444946289062e+00 4.434947967529296875e+00
1.387791538238525391e+01 8.454170227050781250e+00 4.056291103363037109e+00 4.397878170013427734e+00
1.397995948791503906e+01 8.618656158447265625e+00 4.284397602081298828e+00 4.334259986877441406e+00
1.402077770233154297e+01 8.852658271789550781e+00 4.363271236419677734e+00 4.489387512207031250e+00
1.404118442535400391e+01 8.731880187988281250e+00 4.235027790069580078e+00 4.496853351593017578e+00
1.410241127014160156e+01 9.474830627441406250e+00 4.098663330078125000e+00 5.376166343688964844e+00
1.414322853088378906e+01 9.966447830200195312e+00 4.062291622161865234e+00 5.904154300689697266e+00
1.416363716125488281e+01 1.007144832611083984e+01 3.920378208160400391e+00 6.151068687438964844e+00
1.426568031311035156e+01 1.057019138336181641e+01 4.213690757751464844e+00 6.356498241424560547e+00
1.430649757385253906e+01 1.099590015411376953e+01 4.374019145965576172e+00 6.621882438659667969e+00
1.432690715789794922e+01 1.122920131683349609e+01 4.465537071228027344e+00 6.763662338256835938e+00
1.434731578826904297e+01 1.154444217681884766e+01 4.580988407135009766e+00 6.963452816009521484e+00
1.436772441864013672e+01 1.134050369262695312e+01 4.502835750579833984e+00 6.837668418884277344e+00
1.438813304901123047e+01 1.107986164093017578e+01 4.354193210601806641e+00 6.725667476654052734e+00
1.440854167938232422e+01 1.132699775695800781e+01 4.619673728942871094e+00 6.707324981689453125e+00
1.442895126342773438e+01 1.156084346771240234e+01 4.592400550842285156e+00 6.968439579010009766e+00
1.444935989379882812e+01 1.163089847564697266e+01 4.455858230590820312e+00 7.175042152404785156e+00
1.446976852416992188e+01 1.122677421569824219e+01 3.993779420852661133e+00 7.232996940612792969e+00
1.457181072235107422e+01 1.209288024902343750e+01 4.188416481018066406e+00 7.904462337493896484e+00
1.459222030639648438e+01 1.223493957519531250e+01 4.335949420928955078e+00 7.898986816406250000e+00
1.461262893676757812e+01 1.243705654144287109e+01 4.517473220825195312e+00 7.919581890106201172e+00
1.485753345489501953e+01 1.234786796569824219e+01 4.669388771057128906e+00 7.678480148315429688e+00
1.487794208526611328e+01 1.242264556884765625e+01 4.505298614501953125e+00 7.917348861694335938e+00
1.497998523712158203e+01 1.287444686889648438e+01 4.409087181091308594e+00 8.465361595153808594e+00
1.516366481781005859e+01 1.303823089599609375e+01 4.394358158111572266e+00 8.643870353698730469e+00
1.518407344818115234e+01 1.319822120666503906e+01 4.524827003479003906e+00 8.673393249511718750e+00
1.540856838226318359e+01 1.384011459350585938e+01 4.632908821105957031e+00 9.207204818725585938e+00
1.544938468933105469e+01 1.389475917816162109e+01 4.587354183197021484e+00 9.307404518127441406e+00
1.546979331970214844e+01 1.402128124237060547e+01 4.644748210906982422e+00 9.376532554626464844e+00
1.557183837890625000e+01 1.453114604949951172e+01 4.754977226257324219e+00 9.776167869567871094e+00
1.559224700927734375e+01 1.467130565643310547e+01 4.830125331878662109e+00 9.841179847717285156e+00
1.569428920745849609e+01 1.509522914886474609e+01 4.848294258117675781e+00 1.024693489074707031e+01
1.583715152740478516e+01 1.555808639526367188e+01 4.909614562988281250e+00 1.064847087860107422e+01
1.593919372558593750e+01 1.580874347686767578e+01 4.948020935058593750e+00 1.086072444915771484e+01
1.595960235595703125e+01 1.586732959747314453e+01 4.962693691253662109e+00 1.090463733673095703e+01
1.598001194000244141e+01 1.590728378295898438e+01 4.956355571746826172e+00 1.095092868804931641e+01
1.600041961669921875e+01 1.598975181579589844e+01 4.952277660369873047e+00 1.103747463226318359e+01
1.602083015441894531e+01 1.600367164611816406e+01 4.978095054626464844e+00 1.102557754516601562e+01
1.604123878479003906e+01 1.607725906372070312e+01 4.969523429870605469e+00 1.110773372650146484e+01
1.616368865966796875e+01 1.648456192016601562e+01 4.948907852172851562e+00 1.153565216064453125e+01
1.632695960998535156e+01 1.672445106506347656e+01 5.020382404327392578e+00 1.170406913757324219e+01
1.649022865295410156e+01 1.741472244262695312e+01 5.030922412872314453e+00 1.238380432128906250e+01
1.653104782104492188e+01 1.755617523193359375e+01 5.019224166870117188e+00 1.253695201873779297e+01
1.655145645141601562e+01 1.763939285278320312e+01 5.033284187316894531e+00 1.260610294342041016e+01
1.657186508178710938e+01 1.800347328186035156e+01 5.257493019104003906e+00 1.274597644805908203e+01
1.659227180480957031e+01 1.773215866088867188e+01 5.088713645935058594e+00 1.264344310760498047e+01
1.663308906555175781e+01 1.804963111877441406e+01 5.097095489501953125e+00 1.295253658294677734e+01
1.665349769592285156e+01 1.814459037780761719e+01 5.120316982269287109e+00 1.302427864074707031e+01
1.667390823364257812e+01 1.830728912353515625e+01 5.131995677947998047e+00 1.317529487609863281e+01
1.669431686401367188e+01 1.818803596496582031e+01 5.164439678192138672e+00 1.302359771728515625e+01
1.671472549438476562e+01 1.830039787292480469e+01 5.186061859130859375e+00 1.311433696746826172e+01
1.673513412475585938e+01 1.842625427246093750e+01 5.184029102325439453e+00 1.324222373962402344e+01
1.675554275512695312e+01 1.855282592773437500e+01 5.210575103759765625e+00 1.334225082397460938e+01
1.677595138549804688e+01 1.854599571228027344e+01 5.183545112609863281e+00 1.336244964599609375e+01
1.683717727661132812e+01 1.886349487304687500e+01 5.239340782165527344e+00 1.362415695190429688e+01
1.685758590698242188e+01 1.888455390930175781e+01 5.233707904815673828e+00 1.365083694458007812e+01
1.687799453735351562e+01 1.900921630859375000e+01 5.301134109497070312e+00 1.370807933807373047e+01
1.689840316772460938e+01 1.909746170043945312e+01 5.278439998626708984e+00 1.381902694702148438e+01
1.691881179809570312e+01 1.917035293579101562e+01 5.289051532745361328e+00 1.388129711151123047e+01
1.693922042846679688e+01 1.920757102966308594e+01 5.300345420837402344e+00 1.390722370147705078e+01
1.704126548767089844e+01 1.919448661804199219e+01 5.105652809143066406e+00 1.408883476257324219e+01
1.714330673217773438e+01 1.914819908142089844e+01 5.018009185791015625e+00 1.413019180297851562e+01
1.716371536254882812e+01 1.919035720825195312e+01 5.019713401794433594e+00 1.417063713073730469e+01
1.720453453063964844e+01 1.921541023254394531e+01 5.023805618286132812e+00 1.419160079956054688e+01
1.722494316101074219e+01 1.923497200012207031e+01 5.018548011779785156e+00 1.421641826629638672e+01
1.724535179138183594e+01 1.925716590881347656e+01 5.039678096771240234e+00 1.421748161315917969e+01
1.734739494323730469e+01 1.937462615966796875e+01 5.061092376708984375e+00 1.431353378295898438e+01
1.736780357360839844e+01 1.940761566162109375e+01 5.080645084381103516e+00 1.432697296142578125e+01
1.738821220397949219e+01 1.945895767211914062e+01 5.099462985992431641e+00 1.435949134826660156e+01
1.742902946472167969e+01 1.952496528625488281e+01 5.117051124572753906e+00 1.440790939331054688e+01
1.744943809509277344e+01 1.960707092285156250e+01 5.119297504425048828e+00 1.448777008056640625e+01
1.746984672546386719e+01 1.961037635803222656e+01 5.118798255920410156e+00 1.449158096313476562e+01
1.751066398620605469e+01 1.969879531860351562e+01 5.121904850006103516e+00 1.457688903808593750e+01
1.753107261657714844e+01 1.972447776794433594e+01 5.127549648284912109e+00 1.459692382812500000e+01
1.755148124694824219e+01 1.965266990661621094e+01 5.128406524658203125e+00 1.452426433563232422e+01
1.757188987731933594e+01 1.968759918212890625e+01 5.106102466583251953e+00 1.458150005340576172e+01
1.765352439880371094e+01 1.975681304931640625e+01 5.058081150054931641e+00 1.469873332977294922e+01
1.767393493652343750e+01 1.984456443786621094e+01 5.066462039947509766e+00 1.477809333801269531e+01
1.769434356689453125e+01 1.988110351562500000e+01 5.055883407592773438e+00 1.482521438598632812e+01
1.771475219726562500e+01 1.999903869628906250e+01 5.058166980743408203e+00 1.494086647033691406e+01
1.773516082763671875e+01 1.993704795837402344e+01 5.083391666412353516e+00 1.485365295410156250e+01
1.775556755065917969e+01 1.997060775756835938e+01 5.055302619934082031e+00 1.491529655456542969e+01
1.777597618103027344e+01 2.001337623596191406e+01 5.052865505218505859e+00 1.496050930023193359e+01
1.783720397949218750e+01 2.023527717590332031e+01 5.059008598327636719e+00 1.517626857757568359e+01
1.785761260986328125e+01 2.029170227050781250e+01 5.071993827819824219e+00 1.521971321105957031e+01
1.787802124023437500e+01 2.028894805908203125e+01 5.071560382843017578e+00 1.521738338470458984e+01
1.789842987060546875e+01 2.033540725708007812e+01 5.079152107238769531e+00 1.525625133514404297e+01
1.800047302246093750e+01 2.051745986938476562e+01 5.105550765991210938e+00 1.541191005706787109e+01
1.806169891357421875e+01 2.059196662902832031e+01 5.117402553558349609e+00 1.547456645965576172e+01
1.808210754394531250e+01 2.061822700500488281e+01 5.120893955230712891e+00 1.549732875823974609e+01
1.814333343505859375e+01 2.064344215393066406e+01 5.126043796539306641e+00 1.551740074157714844e+01
1.818415260314941406e+01 2.060732650756835938e+01 5.118487358093261719e+00 1.548884296417236328e+01
1.820456123352050781e+01 2.058946037292480469e+01 5.108146190643310547e+00 1.548130893707275391e+01
1.822496795654296875e+01 2.083841705322265625e+01 5.109650611877441406e+00 1.572876262664794922e+01
1.824537658691406250e+01 2.053870201110839844e+01 5.091470718383789062e+00 1.544723129272460938e+01
1.826578521728515625e+01 2.055330276489257812e+01 5.076607227325439453e+00 1.547669696807861328e+01
1.832701301574707031e+01 2.061319160461425781e+01 5.038095474243164062e+00 1.557509040832519531e+01
1.834742164611816406e+01 2.062110328674316406e+01 5.020748138427734375e+00 1.560035705566406250e+01
1.849028205871582031e+01 2.055780410766601562e+01 4.890680789947509766e+00 1.566712188720703125e+01
1.851069068908691406e+01 2.053017616271972656e+01 4.881409168243408203e+00 1.564876842498779297e+01
1.853109931945800781e+01 2.053656578063964844e+01 4.859239578247070312e+00 1.567732620239257812e+01
1.855150794982910156e+01 2.055113983154296875e+01 4.852602958679199219e+00 1.569853687286376953e+01
1.857191658020019531e+01 2.055241584777832031e+01 4.837603569030761719e+00 1.571481513977050781e+01
1.859232521057128906e+01 2.055248641967773438e+01 4.836155891418457031e+00 1.571633338928222656e+01
1.861273384094238281e+01 2.057274055480957031e+01 4.824422359466552734e+00 1.574831295013427734e+01
1.865355110168457031e+01 2.061195182800292969e+01 4.821565151214599609e+00 1.579038715362548828e+01
1.867395973205566406e+01 2.065719032287597656e+01 4.817577838897705078e+00 1.583961582183837891e+01
1.869436836242675781e+01 2.090178298950195312e+01 5.078673839569091797e+00 1.582310581207275391e+01
1.871477699279785156e+01 2.068128967285156250e+01 4.828176975250244141e+00 1.585311031341552734e+01
1.873518562316894531e+01 2.074255943298339844e+01 4.822917461395263672e+00 1.591963958740234375e+01
1.875559425354003906e+01 2.072891616821289062e+01 4.820860385894775391e+00 1.590805912017822266e+01
1.877600288391113281e+01 2.076893806457519531e+01 4.830282211303710938e+00 1.593865299224853516e+01
1.879641151428222656e+01 2.080345344543457031e+01 4.836500167846679688e+00 1.596695137023925781e+01
1.881682205200195312e+01 2.081860160827636719e+01 4.835071563720703125e+00 1.598352622985839844e+01
1.883723068237304688e+01 2.084397125244140625e+01 4.842541217803955078e+00 1.600142288208007812e+01
1.885763931274414062e+01 2.085956573486328125e+01 4.841743469238281250e+00 1.601781845092773438e+01
1.887804794311523438e+01 2.089601707458496094e+01 4.852360248565673828e+00 1.604365539550781250e+01
1.889845657348632812e+01 2.093021583557128906e+01 4.853453636169433594e+00 1.607675743103027344e+01
1.891886329650878906e+01 2.091001319885253906e+01 4.848851680755615234e+00 1.606116104125976562e+01
1.893927192687988281e+01 2.096283531188964844e+01 4.861321926116943359e+00 1.610151672363281250e+01
1.895968055725097656e+01 2.105848693847656250e+01 4.854825973510742188e+00 1.620365905761718750e+01
1.898009109497070312e+01 2.099197959899902344e+01 4.855912685394287109e+00 1.613606834411621094e+01
1.904131698608398438e+01 2.103929710388183594e+01 4.835898399353027344e+00 1.620340156555175781e+01
1.906172561645507812e+01 2.101531410217285156e+01 4.830092906951904297e+00 1.618522644042968750e+01
1.908213424682617188e+01 2.103179931640625000e+01 4.833081245422363281e+00 1.619871711730957031e+01
1.910254287719726562e+01 2.105601692199707031e+01 4.813506126403808594e+00 1.624251174926757812e+01
1.912295150756835938e+01 2.104841995239257812e+01 4.815879821777343750e+00 1.623254013061523438e+01
1.914336013793945312e+01 2.107649230957031250e+01 4.815122604370117188e+00 1.626136970520019531e+01
1.916376876831054688e+01 2.103616523742675781e+01 4.793130874633789062e+00 1.624303245544433594e+01
1.918417739868164062e+01 2.101662063598632812e+01 4.788655757904052734e+00 1.622796630859375000e+01
1.920458602905273438e+01 2.106413078308105469e+01 4.787929534912109375e+00 1.627620697021484375e+01
1.922499465942382812e+01 2.102618789672851562e+01 4.771017551422119141e+00 1.625517272949218750e+01
1.924540328979492188e+01 2.103947257995605469e+01 4.762226104736328125e+00 1.627724647521972656e+01
1.926581192016601562e+01 2.104101181030273438e+01 4.749726295471191406e+00 1.629128074645996094e+01
1.928622055053710938e+01 2.102563858032226562e+01 4.739735126495361328e+00 1.628590393066406250e+01
1.930663108825683594e+01 2.105790138244628906e+01 4.749603748321533203e+00 1.630830001831054688e+01
1.932703971862792969e+01 2.103620147705078125e+01 4.715480804443359375e+00 1.632072067260742188e+01
1.934744834899902344e+01 2.105259895324707031e+01 4.712981224060058594e+00 1.633961868286132812e+01
1.936785507202148438e+01 2.104647827148437500e+01 4.701217174530029297e+00 1.634525871276855469e+01
1.938826370239257812e+01 2.105103874206542969e+01 4.682068824768066406e+00 1.636897468566894531e+01
1.940867233276367188e+01 2.107142639160156250e+01 4.678995609283447266e+00 1.639243316650390625e+01
1.942908096313476562e+01 2.107090759277343750e+01 4.661143302917480469e+00 1.640976333618164062e+01
1.944948959350585938e+01 2.106662368774414062e+01 4.656867504119873047e+00 1.640975761413574219e+01
1.951071739196777344e+01 2.107676124572753906e+01 4.599309921264648438e+00 1.647745132446289062e+01
1.953112602233886719e+01 2.106587600708007812e+01 4.582859992980957031e+00 1.648301506042480469e+01
1.955153465270996094e+01 2.102230834960937500e+01 4.556648731231689453e+00 1.646565818786621094e+01
1.957194328308105469e+01 2.114201354980468750e+01 4.551285743713378906e+00 1.659072685241699219e+01
1.959235191345214844e+01 2.106288337707519531e+01 4.527606010437011719e+00 1.653527069091796875e+01
1.961275863647460938e+01 2.105822181701660156e+01 4.522284984588623047e+00 1.653593826293945312e+01
1.963316917419433594e+01 2.105692100524902344e+01 4.504780769348144531e+00 1.655214309692382812e+01
1.969439506530761719e+01 2.111522483825683594e+01 4.474974155426025391e+00 1.664024543762207031e+01
1.971480369567871094e+01 2.102887916564941406e+01 4.463663578033447266e+00 1.656521415710449219e+01
1.973521232604980469e+01 2.105270004272460938e+01 4.454195499420166016e+00 1.659850502014160156e+01
1.975562095642089844e+01 2.105791664123535156e+01 4.441717624664306641e+00 1.661619567871093750e+01
1.989848136901855469e+01 2.090928268432617188e+01 4.382157802581787109e+00 1.652712440490722656e+01
1.993929862976074219e+01 2.083744430541992188e+01 4.353977680206298828e+00 1.648346710205078125e+01
1.995970916748046875e+01 2.079859542846679688e+01 4.350125312805175781e+00 1.644847297668457031e+01
2.000052642822265625e+01 2.081884765625000000e+01 4.345436573028564453e+00 1.647341346740722656e+01
2.002093505859375000e+01 2.071942520141601562e+01 4.330245971679687500e+00 1.638917160034179688e+01
2.012297821044921875e+01 2.072655487060546875e+01 4.299364566802978516e+00 1.642719268798828125e+01
2.014338684082031250e+01 2.079034042358398438e+01 4.294414520263671875e+00 1.649593162536621094e+01
2.016379547119140625e+01 2.077722930908203125e+01 4.289474487304687500e+00 1.648776054382324219e+01
2.018420410156250000e+01 2.076694869995117188e+01 4.291067600250244141e+00 1.647588539123535156e+01
2.020461273193359375e+01 2.076997184753417969e+01 4.280808925628662109e+00 1.648916816711425781e+01
2.022502136230468750e+01 2.077215385437011719e+01 4.279448509216308594e+00 1.649271011352539062e+01
2.024542999267578125e+01 2.078303909301757812e+01 4.275725364685058594e+00 1.650730895996093750e+01
2.026583862304687500e+01 2.080146026611328125e+01 4.276144981384277344e+00 1.652532005310058594e+01
2.028624725341796875e+01 2.098438262939453125e+01 4.273022651672363281e+00 1.671136474609375000e+01
2.030665588378906250e+01 2.081150627136230469e+01 4.267549991607666016e+00 1.654395866394042969e+01
2.032706451416015625e+01 2.081447982788085938e+01 4.263853549957275391e+00 1.655062294006347656e+01
2.034747314453125000e+01 2.083993721008300781e+01 4.257812023162841797e+00 1.658212661743164062e+01
2.042910766601562500e+01 2.089216232299804688e+01 4.244313240051269531e+00 1.664785194396972656e+01
2.049033546447753906e+01 2.091436767578125000e+01 4.213522434234619141e+00 1.670084762573242188e+01
2.053115081787109375e+01 2.094719696044921875e+01 4.195817470550537109e+00 1.675137519836425781e+01
2.055155944824218750e+01 2.102475547790527344e+01 4.158453464508056641e+00 1.686630058288574219e+01
2.059237670898437500e+01 2.110509872436523438e+01 4.149629592895507812e+00 1.695547294616699219e+01
2.061278724670410156e+01 2.087866401672363281e+01 4.142036914825439453e+00 1.673662567138671875e+01
2.075564765930175781e+01 2.071575927734375000e+01 4.050667762756347656e+00 1.666508865356445312e+01
2.077605628967285156e+01 2.067684555053710938e+01 4.035742282867431641e+00 1.664110755920410156e+01
2.079646492004394531e+01 2.064343452453613281e+01 4.025451183319091797e+00 1.661798286437988281e+01
2.081687355041503906e+01 2.066615295410156250e+01 4.016903877258300781e+00 1.664925003051757812e+01
2.083728218078613281e+01 2.064632797241210938e+01 4.004353523254394531e+00 1.664197540283203125e+01
2.087809944152832031e+01 2.056041717529296875e+01 3.985058784484863281e+00 1.657536125183105469e+01
2.100055122375488281e+01 2.050680732727050781e+01 3.954982757568359375e+00 1.655182456970214844e+01
2.102095985412597656e+01 2.048264312744140625e+01 3.949434995651245117e+00 1.653320693969726562e+01
2.104136848449707031e+01 2.042679595947265625e+01 3.948448657989501953e+00 1.647833633422851562e+01
2.106177711486816406e+01 2.042321968078613281e+01 3.941212177276611328e+00 1.648200798034667969e+01
2.108218574523925781e+01 2.042954635620117188e+01 3.940803766250610352e+00 1.648874664306640625e+01
2.110259437561035156e+01 2.038917732238769531e+01 3.934723615646362305e+00 1.645445823669433594e+01
2.112300491333007812e+01 2.036615562438964844e+01 3.936588764190673828e+00 1.642956542968750000e+01
2.114341354370117188e+01 2.037137413024902344e+01 3.929958343505859375e+00 1.644141197204589844e+01
2.116382217407226562e+01 2.034422111511230469e+01 3.926168680191040039e+00 1.641805648803710938e+01
2.118423080444335938e+01 2.033453941345214844e+01 3.922950744628906250e+00 1.641158676147460938e+01
2.120463943481445312e+01 2.031313705444335938e+01 3.914659261703491211e+00 1.639847183227539062e+01
2.122504615783691406e+01 2.030155754089355469e+01 3.910331487655639648e+00 1.639122390747070312e+01
2.124545478820800781e+01 2.028244400024414062e+01 3.905448436737060547e+00 1.637699699401855469e+01
2.126586532592773438e+01 2.027069473266601562e+01 3.898323297500610352e+00 1.637236976623535156e+01
2.128627395629882812e+01 2.025342941284179688e+01 3.895148038864135742e+00 1.635828018188476562e+01
2.130668258666992188e+01 2.023882102966308594e+01 3.887484788894653320e+00 1.635133552551269531e+01
2.132709121704101562e+01 2.021728897094726562e+01 3.879274368286132812e+00 1.633800888061523438e+01
2.134749984741210938e+01 2.019388008117675781e+01 3.877248048782348633e+00 1.631663322448730469e+01
2.136790847778320312e+01 2.019479560852050781e+01 3.870183706283569336e+00 1.632461166381835938e+01
2.138831710815429688e+01 2.017314338684082031e+01 3.859775304794311523e+00 1.631336593627929688e+01
2.140872573852539062e+01 2.015659141540527344e+01 3.851063728332519531e+00 1.630552864074707031e+01
2.142913436889648438e+01 2.013508605957031250e+01 3.850747585296630859e+00 1.628434181213378906e+01
2.144954490661621094e+01 2.011055755615234375e+01 3.835922956466674805e+00 1.627462959289550781e+01
2.146995162963867188e+01 2.008645248413085938e+01 3.829489231109619141e+00 1.625696563720703125e+01
2.149036026000976562e+01 2.007785797119140625e+01 3.818611621856689453e+00 1.625924682617187500e+01
2.151076889038085938e+01 2.005469512939453125e+01 3.810537338256835938e+00 1.624415588378906250e+01
2.153117752075195312e+01 2.004081344604492188e+01 3.806925296783447266e+00 1.623388862609863281e+01
2.155158615112304688e+01 2.002357482910156250e+01 3.798321723937988281e+00 1.622525405883789062e+01
2.157199478149414062e+01 1.998724174499511719e+01 3.788069963455200195e+00 1.619916725158691406e+01
2.159240341186523438e+01 1.996633529663085938e+01 3.786706924438476562e+00 1.617962455749511719e+01
2.161281394958496094e+01 1.993503952026367188e+01 3.773162364959716797e+00 1.616188049316406250e+01
2.163322257995605469e+01 1.991931533813476562e+01 3.766836166381835938e+00 1.615247726440429688e+01
2.165363121032714844e+01 1.989549255371093750e+01 3.761074781417846680e+00 1.613442039489746094e+01
2.167403984069824219e+01 1.985327720642089844e+01 3.752563238143920898e+00 1.610071754455566406e+01
2.169444656372070312e+01 1.982838821411132812e+01 3.745171070098876953e+00 1.608321571350097656e+01
2.171485519409179688e+01 1.979451560974121094e+01 3.739446401596069336e+00 1.605507278442382812e+01
2.173526382446289062e+01 1.977183341979980469e+01 3.738137722015380859e+00 1.603369903564453125e+01
2.175567245483398438e+01 1.974169349670410156e+01 3.730229854583740234e+00 1.601146697998046875e+01
2.177608299255371094e+01 1.972657775878906250e+01 3.730581283569335938e+00 1.599599647521972656e+01
2.179649162292480469e+01 1.967675971984863281e+01 3.724342346191406250e+00 1.595241546630859375e+01
2.181690025329589844e+01 1.963510704040527344e+01 3.718663930892944336e+00 1.591644382476806641e+01
2.185771751403808594e+01 1.962778472900390625e+01 3.718291282653808594e+00 1.590949153900146484e+01
2.187812614440917969e+01 1.958899497985839844e+01 3.714822530746459961e+00 1.587417221069335938e+01
2.189853477478027344e+01 1.951067543029785156e+01 3.710267066955566406e+00 1.580041027069091797e+01
2.191894340515136719e+01 1.947493934631347656e+01 3.709543228149414062e+00 1.576539516448974609e+01
2.193935203552246094e+01 1.945803642272949219e+01 3.707183599472045898e+00 1.575085449218750000e+01
2.195976066589355469e+01 1.945113372802734375e+01 3.709734201431274414e+00 1.574139499664306641e+01
2.198016929626464844e+01 1.938389205932617188e+01 3.703566789627075195e+00 1.568031787872314453e+01
2.200057792663574219e+01 1.937304687500000000e+01 3.707203626632690430e+00 1.566584587097167969e+01
2.202098655700683594e+01 1.933350944519042969e+01 3.702681064605712891e+00 1.563082695007324219e+01
2.204139518737792969e+01 1.931794357299804688e+01 3.700338363647460938e+00 1.561760807037353516e+01
2.206180381774902344e+01 1.929110145568847656e+01 3.700170755386352539e+00 1.559092903137207031e+01
2.208221244812011719e+01 1.925932502746582031e+01 3.697834730148315430e+00 1.556148815155029297e+01
2.210262298583984375e+01 1.922230911254882812e+01 3.695503711700439453e+00 1.552680683135986328e+01
2.212303161621093750e+01 1.920192909240722656e+01 3.693176507949829102e+00 1.550874805450439453e+01
2.214344024658203125e+01 1.920721435546875000e+01 3.696799516677856445e+00 1.551042175292968750e+01
2.216384696960449219e+01 1.916306686401367188e+01 3.688535451889038086e+00 1.547453403472900391e+01
2.218425559997558594e+01 1.915557670593261719e+01 3.687839984893798828e+00 1.546773242950439453e+01
2.220466423034667969e+01 1.913727951049804688e+01 3.686606407165527344e+00 1.545067310333251953e+01
2.222507286071777344e+01 1.911939430236816406e+01 3.681066989898681641e+00 1.543833255767822266e+01
2.224548149108886719e+01 1.910997581481933594e+01 3.682532310485839844e+00 1.542744541168212891e+01
2.226589202880859375e+01 1.910533142089843750e+01 3.678619384765625000e+00 1.542671775817871094e+01
2.228630065917968750e+01 1.907902908325195312e+01 3.679547786712646484e+00 1.539947509765625000e+01
2.230670928955078125e+01 1.907365036010742188e+01 3.673498153686523438e+00 1.540014934539794922e+01
2.232711791992187500e+01 1.906871414184570312e+01 3.673356771469116211e+00 1.539535140991210938e+01
2.234752655029296875e+01 1.905801010131835938e+01 3.665716886520385742e+00 1.539229297637939453e+01
2.236793518066406250e+01 1.905757141113281250e+01 3.662372350692749023e+00 1.539520168304443359e+01
2.238834190368652344e+01 1.906512641906738281e+01 3.661172628402709961e+00 1.540395259857177734e+01
2.240875053405761719e+01 1.905769729614257812e+01 3.654099464416503906e+00 1.540359592437744141e+01
2.242916107177734375e+01 1.906763458251953125e+01 3.653442859649658203e+00 1.541418838500976562e+01
2.244956970214843750e+01 1.906735420227050781e+01 3.649054765701293945e+00 1.541830062866210938e+01
2.246997833251953125e+01 1.907405662536621094e+01 3.646806240081787109e+00 1.542724895477294922e+01
2.249038696289062500e+01 1.908358383178710938e+01 3.640835762023925781e+00 1.544274044036865234e+01
2.251079559326171875e+01 1.908802413940429688e+01 3.638066530227661133e+00 1.544995689392089844e+01
2.253120422363281250e+01 1.910787582397460938e+01 3.636896371841430664e+00 1.547097396850585938e+01
2.255161285400390625e+01 1.911687850952148438e+01 3.635196924209594727e+00 1.548168277740478516e+01
2.257202148437500000e+01 1.912364387512207031e+01 3.630319595336914062e+00 1.549332714080810547e+01
2.259243011474609375e+01 1.913975715637207031e+01 3.629159212112426758e+00 1.551060104370117188e+01
2.261283874511718750e+01 1.915713310241699219e+01 3.625354528427124023e+00 1.553178215026855469e+01
2.263324737548828125e+01 1.917616653442382812e+01 3.628431558609008789e+00 1.554772949218750000e+01
2.265365600585937500e+01 1.918142509460449219e+01 3.626219749450683594e+00 1.555520343780517578e+01
2.267406463623046875e+01 1.920689392089843750e+01 3.622955799102783203e+00 1.558393955230712891e+01
2.269447326660156250e+01 1.920609474182128906e+01 3.624971628189086914e+00 1.558112239837646484e+01
2.271488189697265625e+01 1.923664474487304688e+01 3.624876737594604492e+00 1.561176872253417969e+01
2.273529052734375000e+01 1.923945617675781250e+01 3.624781608581542969e+00 1.561467742919921875e+01
2.275570106506347656e+01 1.925930595397949219e+01 3.624686479568481445e+00 1.563461494445800781e+01
2.277610969543457031e+01 1.927268981933593750e+01 3.629847049713134766e+00 1.564284133911132812e+01
2.279651832580566406e+01 1.928026580810546875e+01 3.630798101425170898e+00 1.564946556091308594e+01
2.281692695617675781e+01 1.929308509826660156e+01 3.632271528244018555e+00 1.566081809997558594e+01
2.283733558654785156e+01 1.929840087890625000e+01 3.635839223861694336e+00 1.566256618499755859e+01
2.285774230957031250e+01 1.929316139221191406e+01 3.634687900543212891e+00 1.565847587585449219e+01
2.287815093994140625e+01 1.930315780639648438e+01 3.636154174804687500e+00 1.566699981689453125e+01
2.289855957031250000e+01 1.929360198974609375e+01 3.638663053512573242e+00 1.565493965148925781e+01
2.291897010803222656e+01 1.928770065307617188e+01 3.638556480407714844e+00 1.564914226531982422e+01
2.293937873840332031e+01 1.929804420471191406e+01 3.640015602111816406e+00 1.565802955627441406e+01
2.295978736877441406e+01 1.927040672302246094e+01 3.638865232467651367e+00 1.563154506683349609e+01
2.298019599914550781e+01 1.927035140991210938e+01 3.640321254730224609e+00 1.563002204895019531e+01
2.300060462951660156e+01 1.925624656677246094e+01 3.640733957290649414e+00 1.561550331115722656e+01
2.302101325988769531e+01 1.923886680603027344e+01 3.634386777877807617e+00 1.560447502136230469e+01
2.304142189025878906e+01 1.921555519104003906e+01 3.633245706558227539e+00 1.558230972290039062e+01
2.316387367248535156e+01 1.932553291320800781e+01 3.671396970748901367e+00 1.565413761138916016e+01
2.318428230285644531e+01 1.908759307861328125e+01 3.617569208145141602e+00 1.547002124786376953e+01
2.320469093322753906e+01 1.905302619934082031e+01 3.616966724395751953e+00 1.543605422973632812e+01
2.328632736206054688e+01 1.900752258300781250e+01 3.599660396575927734e+00 1.540785980224609375e+01
2.334755134582519531e+01 1.891474151611328125e+01 3.585094451904296875e+00 1.532964420318603516e+01
2.336795997619628906e+01 1.893787384033203125e+01 3.585548639297485352e+00 1.535232639312744141e+01
2.338836860656738281e+01 1.885838699340820312e+01 3.581396579742431641e+00 1.527699565887451172e+01
2.342918777465820312e+01 1.885107612609863281e+01 3.572091817855834961e+00 1.527898693084716797e+01
2.357204818725585938e+01 1.872959518432617188e+01 3.550950765609741211e+00 1.517864322662353516e+01
2.359245681762695312e+01 1.905128860473632812e+01 3.570202350616455078e+00 1.548108959197998047e+01
2.361286544799804688e+01 1.883757400512695312e+01 3.564074754714965820e+00 1.527350425720214844e+01
2.369449996948242188e+01 1.871170616149902344e+01 3.552300691604614258e+00 1.515940189361572266e+01
2.371490859985351562e+01 1.874068069458007812e+01 3.569937467575073242e+00 1.517074298858642578e+01
2.373531723022460938e+01 1.876010894775390625e+01 3.569389343261718750e+00 1.519071197509765625e+01
2.375572776794433594e+01 1.878577041625976562e+01 3.579422712326049805e+00 1.520634555816650391e+01
2.377613449096679688e+01 1.891152763366699219e+01 3.580881834030151367e+00 1.533064270019531250e+01
2.379654312133789062e+01 1.875783348083496094e+01 3.576301336288452148e+00 1.518152809143066406e+01
2.381695175170898438e+01 1.876704406738281250e+01 3.577759981155395508e+00 1.518928527832031250e+01
2.383736038208007812e+01 1.877004623413085938e+01 3.578713893890380859e+00 1.519133377075195312e+01
2.387817764282226562e+01 1.867668914794921875e+01 3.583624362945556641e+00 1.509306240081787109e+01
2.389858627319335938e+01 1.870384407043457031e+01 3.578560829162597656e+00 1.512528038024902344e+01
2.393940544128417969e+01 1.864471054077148438e+01 3.580459356307983398e+00 1.506425285339355469e+01
2.400063133239746094e+01 1.866000175476074219e+01 3.572821617126464844e+00 1.508718490600585938e+01
2.402103805541992188e+01 1.866988754272460938e+01 3.575765609741210938e+00 1.509412384033203125e+01
2.406185722351074219e+01 1.869320869445800781e+01 3.566217899322509766e+00 1.512699222564697266e+01
2.408226585388183594e+01 1.874727630615234375e+01 3.567171573638916016e+00 1.518010616302490234e+01
2.410267448425292969e+01 1.874751281738281250e+01 3.558192014694213867e+00 1.518931293487548828e+01
2.412308311462402344e+01 1.876078987121582031e+01 3.555181741714477539e+00 1.520560741424560547e+01
2.414349174499511719e+01 1.874788284301757812e+01 3.550193548202514648e+00 1.519769096374511719e+01
2.420471763610839844e+01 1.868513488769531250e+01 3.546652555465698242e+00 1.513848304748535156e+01
2.426594352722167969e+01 1.865719604492187500e+01 3.531785011291503906e+00 1.512541484832763672e+01
2.428635215759277344e+01 1.866728210449218750e+01 3.525859832763671875e+00 1.514142799377441406e+01
2.430676078796386719e+01 1.870071792602539062e+01 3.522899389266967773e+00 1.517782115936279297e+01
2.434757804870605469e+01 1.874174499511718750e+01 3.507652997970581055e+00 1.523409080505371094e+01
2.444962310791015625e+01 1.860231399536132812e+01 3.485180139541625977e+00 1.511713504791259766e+01
2.447002983093261719e+01 1.856889724731445312e+01 3.482273578643798828e+00 1.508662700653076172e+01
2.451084709167480469e+01 1.855213546752929688e+01 3.473544836044311523e+00 1.507858562469482422e+01
2.457207489013671875e+01 1.840418624877929688e+01 3.456121444702148438e+00 1.494806671142578125e+01
2.459248352050781250e+01 1.852449226379394531e+01 3.458607196807861328e+00 1.506588268280029297e+01
2.463330078125000000e+01 1.839564132690429688e+01 3.448988676071166992e+00 1.494665336608886719e+01
2.465370941162109375e+01 1.834194564819335938e+01 3.442249774932861328e+00 1.489969635009765625e+01
2.471493530273437500e+01 1.828780364990234375e+01 3.446798801422119141e+00 1.484101009368896484e+01
2.473534393310546875e+01 1.825573539733886719e+01 3.445890188217163086e+00 1.480984783172607422e+01
2.483738708496093750e+01 1.817085075378417969e+01 3.445708513259887695e+00 1.472514820098876953e+01
2.485779571533203125e+01 1.816095924377441406e+01 3.448176383972167969e+00 1.471279048919677734e+01
2.487820434570312500e+01 1.814182281494140625e+01 3.450158596038818359e+00 1.469166374206542969e+01
2.489861488342285156e+01 1.812460708618164062e+01 3.452138185501098633e+00 1.467246913909912109e+01
2.491902351379394531e+01 1.812901878356933594e+01 3.452672958374023438e+00 1.467634773254394531e+01
2.493943023681640625e+01 1.812427520751953125e+01 3.455127239227294922e+00 1.466915321350097656e+01
2.502106475830078125e+01 1.813804244995117188e+01 3.463468313217163086e+00 1.467457294464111328e+01
2.504147338867187500e+01 1.813599014282226562e+01 3.468292951583862305e+00 1.466769790649414062e+01
2.506188392639160156e+01 1.810140228271484375e+01 3.465946435928344727e+00 1.463545417785644531e+01
2.508229255676269531e+01 1.813638114929199219e+01 3.470284223556518555e+00 1.466609859466552734e+01
2.510270118713378906e+01 1.809074211120605469e+01 3.467939615249633789e+00 1.462280178070068359e+01
2.512310981750488281e+01 1.811617279052734375e+01 3.469410419464111328e+00 1.464676284790039062e+01
2.514351844787597656e+01 1.818156242370605469e+01 3.473258972167968750e+00 1.470830440521240234e+01
2.516392517089843750e+01 1.813897514343261719e+01 3.470918178558349609e+00 1.466805744171142578e+01
2.518433380126953125e+01 1.814804458618164062e+01 3.477610826492309570e+00 1.467043209075927734e+01
2.520474243164062500e+01 1.814832496643066406e+01 3.477169513702392578e+00 1.467115402221679688e+01
2.522515296936035156e+01 1.815431976318359375e+01 3.480999469757080078e+00 1.467332363128662109e+01
2.524556159973144531e+01 1.816769409179687500e+01 3.482926368713378906e+00 1.468476486206054688e+01
2.526597023010253906e+01 1.816977691650390625e+01 3.483903169631958008e+00 1.468587589263916016e+01
2.528637886047363281e+01 1.818153190612792969e+01 3.487244606018066406e+00 1.469428825378417969e+01
2.530678749084472656e+01 1.820033264160156250e+01 3.492000341415405273e+00 1.470832920074462891e+01
2.532719612121582031e+01 1.820415115356445312e+01 3.495330095291137695e+00 1.470881938934326172e+01
2.534760475158691406e+01 1.821917152404785156e+01 3.496293544769287109e+00 1.472288036346435547e+01
2.536801338195800781e+01 1.827146148681640625e+01 3.497727155685424805e+00 1.477373027801513672e+01
2.538842201232910156e+01 1.824576568603515625e+01 3.504816055297851562e+00 1.474094963073730469e+01
2.540883064270019531e+01 1.825838661193847656e+01 3.508596181869506836e+00 1.474978828430175781e+01
2.542923927307128906e+01 1.826715087890625000e+01 3.512370347976684570e+00 1.475478267669677734e+01
2.544964790344238281e+01 1.827832221984863281e+01 3.517078876495361328e+00 1.476124382019042969e+01
2.547005653381347656e+01 1.828740501403808594e+01 3.521780014038085938e+00 1.476562309265136719e+01
2.549046516418457031e+01 1.829096794128417969e+01 3.528820753097534180e+00 1.476214408874511719e+01
2.551087379455566406e+01 1.831084823608398438e+01 3.530220746994018555e+00 1.478062248229980469e+01
2.553128242492675781e+01 1.831718444824218750e+01 3.535368680953979492e+00 1.478181743621826172e+01
2.555169296264648438e+01 1.832056427001953125e+01 3.540508508682250977e+00 1.478005599975585938e+01
2.557210159301757812e+01 1.829288673400878906e+01 3.543767690658569336e+00 1.474911785125732422e+01
2.559251022338867188e+01 1.832273864746093750e+01 3.551231145858764648e+00 1.477150535583496094e+01
2.561291885375976562e+01 1.832931900024414062e+01 3.554009199142456055e+00 1.477531337738037109e+01
2.563332557678222656e+01 1.834346008300781250e+01 3.559118032455444336e+00 1.478434371948242188e+01
2.565373420715332031e+01 1.833595275878906250e+01 3.562818765640258789e+00 1.477313995361328125e+01
2.567414283752441406e+01 1.833969879150390625e+01 3.567912340164184570e+00 1.477179145812988281e+01
2.569455146789550781e+01 1.833346939086914062e+01 3.569736480712890625e+00 1.476373291015625000e+01
2.571496200561523438e+01 1.832491111755371094e+01 3.572023391723632812e+00 1.475288677215576172e+01
2.573537063598632812e+01 1.831844139099121094e+01 3.575702428817749023e+00 1.474274158477783203e+01
2.575577926635742188e+01 1.830756568908691406e+01 3.574263095855712891e+00 1.473329830169677734e+01
2.577618789672851562e+01 1.830194854736328125e+01 3.577469825744628906e+00 1.472448062896728516e+01
2.579659652709960938e+01 1.828520011901855469e+01 3.577887773513793945e+00 1.470731258392333984e+01
2.581700515747070312e+01 1.826762580871582031e+01 3.577841043472290039e+00 1.468978404998779297e+01
2.583741378784179688e+01 1.825187110900878906e+01 3.575941324234008789e+00 1.467593002319335938e+01
2.585782241821289062e+01 1.824360084533691406e+01 3.578673839569091797e+00 1.466492271423339844e+01
2.587823104858398438e+01 1.821764945983886719e+01 3.575389146804809570e+00 1.464225673675537109e+01
2.589863967895507812e+01 1.819079780578613281e+01 3.571647405624389648e+00 1.461914825439453125e+01
2.591904830932617188e+01 1.817041206359863281e+01 3.570220470428466797e+00 1.460019016265869141e+01
2.593945693969726562e+01 1.815386009216308594e+01 3.567411422729492188e+00 1.458644866943359375e+01
2.595986557006835938e+01 1.812601852416992188e+01 3.561840057373046875e+00 1.456418132781982422e+01
2.598027420043945312e+01 1.810667610168457031e+01 3.557199716567993164e+00 1.454947948455810547e+01
2.600068283081054688e+01 1.808046340942382812e+01 3.551645278930664062e+00 1.452881431579589844e+01
2.602109146118164062e+01 1.805864715576171875e+01 3.547019720077514648e+00 1.451162433624267578e+01
2.604150009155273438e+01 1.802106857299804688e+01 3.538724422454833984e+00 1.448233890533447266e+01
2.606191062927246094e+01 1.801140594482421875e+01 3.532278537750244141e+00 1.447912216186523438e+01
2.608231925964355469e+01 1.798963546752929688e+01 3.526761293411254883e+00 1.446286582946777344e+01
2.610272598266601562e+01 1.796025085449218750e+01 3.518043041229248047e+00 1.444221019744873047e+01
2.612313461303710938e+01 1.794266700744628906e+01 3.512087106704711914e+00 1.443058109283447266e+01
2.614354324340820312e+01 1.791541290283203125e+01 3.502477884292602539e+00 1.441293621063232422e+01
2.616395187377929688e+01 1.788703727722167969e+01 3.493798494338989258e+00 1.439323997497558594e+01
2.618436050415039062e+01 1.786793327331542969e+01 3.486504077911376953e+00 1.438143634796142578e+01
2.620477104187011719e+01 1.785019683837890625e+01 3.475566864013671875e+00 1.437462711334228516e+01
2.622517967224121094e+01 1.782841491699218750e+01 3.469667196273803711e+00 1.435874843597412109e+01
2.624558830261230469e+01 1.781280326843261719e+01 3.462864637374877930e+00 1.434994029998779297e+01
2.626599693298339844e+01 1.779640197753906250e+01 3.451971292495727539e+00 1.434443569183349609e+01
2.628640556335449219e+01 1.777593612670898438e+01 3.442460536956787109e+00 1.433347415924072266e+01
2.630681419372558594e+01 1.776083755493164062e+01 3.434329986572265625e+00 1.432650566101074219e+01
2.632722091674804688e+01 1.774889755249023438e+01 3.425302982330322266e+00 1.432359313964843750e+01
2.634762954711914062e+01 1.773574638366699219e+01 3.416743755340576172e+00 1.431900310516357422e+01
2.636804008483886719e+01 1.772716903686523438e+01 3.409560203552246094e+00 1.431761360168457031e+01
2.638844871520996094e+01 1.771699905395507812e+01 3.401026248931884766e+00 1.431597995758056641e+01
2.640885734558105469e+01 1.770879364013671875e+01 3.393412351608276367e+00 1.431538391113281250e+01
2.642926597595214844e+01 1.769791221618652344e+01 3.386263132095336914e+00 1.431165504455566406e+01
2.644967460632324219e+01 1.769162368774414062e+01 3.379124879837036133e+00 1.431250095367431641e+01
2.647008323669433594e+01 1.769235420227050781e+01 3.373354196548461914e+00 1.431900215148925781e+01
2.649049186706542969e+01 1.768700790405273438e+01 3.367140293121337891e+00 1.431986713409423828e+01
2.651090049743652344e+01 1.768028450012207031e+01 3.360033273696899414e+00 1.432025527954101562e+01
2.653130912780761719e+01 1.768232727050781250e+01 3.355643987655639648e+00 1.432668304443359375e+01
2.655171966552734375e+01 1.768415641784667969e+01 3.349909067153930664e+00 1.433425235748291016e+01
2.657212638854980469e+01 1.768407630920410156e+01 3.345985174179077148e+00 1.433809757232666016e+01
2.659253501892089844e+01 1.768694877624511719e+01 3.342066764831542969e+00 1.434488487243652344e+01
2.661294364929199219e+01 1.769228363037109375e+01 3.338154554367065430e+00 1.435412502288818359e+01
2.663335227966308594e+01 1.769188499450683594e+01 3.333349466323852539e+00 1.435853958129882812e+01
2.665376091003417969e+01 1.769206619262695312e+01 3.329449892044067383e+00 1.436261367797851562e+01
2.667416954040527344e+01 1.770644760131835938e+01 3.326004981994628906e+00 1.438044738769531250e+01
2.669458007812500000e+01 1.770472335815429688e+01 3.324807643890380859e+00 1.437991428375244141e+01
2.671498870849609375e+01 1.771695709228515625e+01 3.324059247970581055e+00 1.439290618896484375e+01
2.673539733886718750e+01 1.771288871765136719e+01 3.320178985595703125e+00 1.439271450042724609e+01
2.675580596923828125e+01 1.771669769287109375e+01 3.317646503448486328e+00 1.439905643463134766e+01
2.677621459960937500e+01 1.772253036499023438e+01 3.316458463668823242e+00 1.440607166290283203e+01
2.679662132263183594e+01 1.772868728637695312e+01 3.314379453659057617e+00 1.441431140899658203e+01
2.681702995300292969e+01 1.772740936279296875e+01 3.312303781509399414e+00 1.441511154174804688e+01
2.683743858337402344e+01 1.773110961914062500e+01 3.312014818191528320e+00 1.441909599304199219e+01
2.685784912109375000e+01 1.773286628723144531e+01 3.311726331710815430e+00 1.442114353179931641e+01
2.687825775146484375e+01 1.773243331909179688e+01 3.310102462768554688e+00 1.442233085632324219e+01
2.689866638183593750e+01 1.772869300842285156e+01 3.308035850524902344e+00 1.442065906524658203e+01
2.691907501220703125e+01 1.772819900512695312e+01 3.305972576141357422e+00 1.442222595214843750e+01
2.693948364257812500e+01 1.772966957092285156e+01 3.305245399475097656e+00 1.442442417144775391e+01
2.695989227294921875e+01 1.771948432922363281e+01 3.301411390304565430e+00 1.441807842254638672e+01
2.698030090332031250e+01 1.771947669982910156e+01 3.302019357681274414e+00 1.441745853424072266e+01
2.700070953369140625e+01 1.771367835998535156e+01 3.300853490829467773e+00 1.441282844543457031e+01
2.702111816406250000e+01 1.770216941833496094e+01 3.298360586166381836e+00 1.440381908416748047e+01
2.704152679443359375e+01 1.769107055664062500e+01 3.295871257781982422e+00 1.439520359039306641e+01
2.706193542480468750e+01 1.768471336364746094e+01 3.296039581298828125e+00 1.438867855072021484e+01
2.708234405517578125e+01 1.766349220275878906e+01 3.290019989013671875e+00 1.437347316741943359e+01
2.710275268554687500e+01 1.764622497558593750e+01 3.286659002304077148e+00 1.435956954956054688e+01
2.712316131591796875e+01 1.762404441833496094e+01 3.282420873641967773e+00 1.434162521362304688e+01
2.714356994628906250e+01 1.761426544189453125e+01 3.280393838882446289e+00 1.433387470245361328e+01
2.716397857666015625e+01 1.758822631835937500e+01 3.274844884872436523e+00 1.431338310241699219e+01
2.718438720703125000e+01 1.756883621215820312e+01 3.270625114440917969e+00 1.429821300506591797e+01
2.720479774475097656e+01 1.753570938110351562e+01 3.268171548843383789e+00 1.426753997802734375e+01
2.722520446777343750e+01 1.751150512695312500e+01 3.262204170227050781e+00 1.424929904937744141e+01
2.724561500549316406e+01 1.748137283325195312e+01 3.255806684494018555e+00 1.422556209564208984e+01
2.726602172851562500e+01 1.745730018615722656e+01 3.254247903823852539e+00 1.420305633544921875e+01
2.728643226623535156e+01 1.742798423767089844e+01 3.247865676879882812e+00 1.418012523651123047e+01
2.730683898925781250e+01 1.739536666870117188e+01 3.242808818817138672e+00 1.415255928039550781e+01
2.732724952697753906e+01 1.736213493347167969e+01 3.236882209777832031e+00 1.412525367736816406e+01
2.734765815734863281e+01 1.732578849792480469e+01 3.230527877807617188e+00 1.409526634216308594e+01
2.736806488037109375e+01 1.729588508605957031e+01 3.225057363510131836e+00 1.407082843780517578e+01
2.738847541809082031e+01 1.725922584533691406e+01 3.221343278884887695e+00 1.403787803649902344e+01
2.740888214111328125e+01 1.722689628601074219e+01 3.214577674865722656e+00 1.401232337951660156e+01
2.742929267883300781e+01 1.719314575195312500e+01 3.210003614425659180e+00 1.398314189910888672e+01
2.744969940185546875e+01 1.716408348083496094e+01 3.203692436218261719e+00 1.396038913726806641e+01
2.747010993957519531e+01 1.712473106384277344e+01 3.197826385498046875e+00 1.392690753936767578e+01
2.749051666259765625e+01 1.709798622131347656e+01 3.195452690124511719e+00 1.390253448486328125e+01
2.751092720031738281e+01 1.706354904174804688e+01 3.190906524658203125e+00 1.387264537811279297e+01
2.753133583068847656e+01 1.703444671630859375e+01 3.187237024307250977e+00 1.384721088409423828e+01
2.755174636840820312e+01 1.700288200378417969e+01 3.181834697723388672e+00 1.382105064392089844e+01
2.757215309143066406e+01 1.697289085388183594e+01 3.178177356719970703e+00 1.379471683502197266e+01
2.759256362915039062e+01 1.694913291931152344e+01 3.175826549530029297e+00 1.377330780029296875e+01
2.761297035217285156e+01 1.693521881103515625e+01 3.173045873641967773e+00 1.376217269897460938e+01
2.763337707519531250e+01 1.689797782897949219e+01 3.170269727706909180e+00 1.372770690917968750e+01
2.765378761291503906e+01 1.687903976440429688e+01 3.168362379074096680e+00 1.371067810058593750e+01
2.767419624328613281e+01 1.686031723022460938e+01 3.166891098022460938e+00 1.369342803955078125e+01
2.769460678100585938e+01 1.682735061645507812e+01 3.158938646316528320e+00 1.366841220855712891e+01
2.771501350402832031e+01 1.682365989685058594e+01 3.164818286895751953e+00 1.365884113311767578e+01
2.773542404174804688e+01 1.680620574951171875e+01 3.164215803146362305e+00 1.364199066162109375e+01
2.775583076477050781e+01 1.679177284240722656e+01 3.163182735443115234e+00 1.362859344482421875e+01
2.777624130249023438e+01 1.678060913085937500e+01 3.164736986160278320e+00 1.361587333679199219e+01
2.779664802551269531e+01 1.677426528930664062e+01 3.164566516876220703e+00 1.360969734191894531e+01
2.781705856323242188e+01 1.676028633117675781e+01 3.165256500244140625e+00 1.359503173828125000e+01
2.783746528625488281e+01 1.675053215026855469e+01 3.165516138076782227e+00 1.358501529693603516e+01
2.785787391662597656e+01 1.674293708801269531e+01 3.166204690933227539e+00 1.357673549652099609e+01
2.787828445434570312e+01 1.673520278930664062e+01 3.168609380722045898e+00 1.356659698486328125e+01
2.789869117736816406e+01 1.672896003723144531e+01 3.169295310974121094e+00 1.355965995788574219e+01
2.791910171508789062e+01 1.672874641418457031e+01 3.171694278717041016e+00 1.355705356597900391e+01
2.793950843811035156e+01 1.672145843505859375e+01 3.173233032226562500e+00 1.354822540283203125e+01
2.795991897583007812e+01 1.672748565673828125e+01 3.175625801086425781e+00 1.355186271667480469e+01
2.798032569885253906e+01 1.672280883789062500e+01 3.178015232086181641e+00 1.354479598999023438e+01
2.800073623657226562e+01 1.672570610046386719e+01 3.179118394851684570e+00 1.354658889770507812e+01
2.802114486694335938e+01 1.672354316711425781e+01 3.181502103805541992e+00 1.354203796386718750e+01
2.804155540466308594e+01 1.672698974609375000e+01 3.181747198104858398e+00 1.354524135589599609e+01
2.806196212768554688e+01 1.672276306152343750e+01 3.184978723526000977e+00 1.353778553009033203e+01
2.808236885070800781e+01 1.672141838073730469e+01 3.186074018478393555e+00 1.353533840179443359e+01
2.810277938842773438e+01 1.672071456909179688e+01 3.187167644500732422e+00 1.353354549407958984e+01
2.812318611145019531e+01 1.672521018981933594e+01 3.190387725830078125e+00 1.353482723236083984e+01
2.814359664916992188e+01 1.672886466979980469e+01 3.191051006317138672e+00 1.353781223297119141e+01
2.816400527954101562e+01 1.672427749633789062e+01 3.191288709640502930e+00 1.353299140930175781e+01
2.818441581726074219e+01 1.672871780395507812e+01 3.192375183105468750e+00 1.353634262084960938e+01
2.820482254028320312e+01 1.673729515075683594e+01 3.193460464477539062e+00 1.354383659362792969e+01
2.822523307800292969e+01 1.673049736022949219e+01 3.194543600082397461e+00 1.353595542907714844e+01
2.824563980102539062e+01 1.672830581665039062e+01 3.195202112197875977e+00 1.353310298919677734e+01
2.826605033874511719e+01 1.672833633422851562e+01 3.195859193801879883e+00 1.353248023986816406e+01
2.828645706176757812e+01 1.671998405456542969e+01 3.196515560150146484e+00 1.352346706390380859e+01
2.830686378479003906e+01 1.672639274597167969e+01 3.195056915283203125e+00 1.353133678436279297e+01
2.832727432250976562e+01 1.672152328491210938e+01 3.194867372512817383e+00 1.352665805816650391e+01
2.834768295288085938e+01 1.671700477600097656e+01 3.194256305694580078e+00 1.352275466918945312e+01
2.836809349060058594e+01 1.671078300476074219e+01 3.194489955902099609e+00 1.351629352569580078e+01
2.838850021362304688e+01 1.670228767395019531e+01 3.190085172653198242e+00 1.351220512390136719e+01
2.840891075134277344e+01 1.669393539428710938e+01 3.194955825805664062e+00 1.349898529052734375e+01
2.842931747436523438e+01 1.669289016723632812e+01 3.192241430282592773e+00 1.350065326690673828e+01
2.844972801208496094e+01 1.667675590515136719e+01 3.189951419830322266e+00 1.348680877685546875e+01
2.847013473510742188e+01 1.667238616943359375e+01 3.189766883850097656e+00 1.348262023925781250e+01
2.849054527282714844e+01 1.666352081298828125e+01 3.188742399215698242e+00 1.347478008270263672e+01
2.851095390319824219e+01 1.665368080139160156e+01 3.187299489974975586e+00 1.346637821197509766e+01
2.853136062622070312e+01 1.663861274719238281e+01 3.187536954879760742e+00 1.345108032226562500e+01
2.855177116394042969e+01 1.662314796447753906e+01 3.187354326248168945e+00 1.343579196929931641e+01
2.857217788696289062e+01 1.660750007629394531e+01 3.184240102767944336e+00 1.342326450347900391e+01
2.859258842468261719e+01 1.658684730529785156e+01 3.178199291229248047e+00 1.340865039825439453e+01
2.861299514770507812e+01 1.657467269897460938e+01 3.183462381362915039e+00 1.339120960235595703e+01
2.863340568542480469e+01 1.656855010986328125e+01 3.186209440231323242e+00 1.338234138488769531e+01
2.865381431579589844e+01 1.653721809387207031e+01 3.180598497390747070e+00 1.335661411285400391e+01
2.867422294616699219e+01 1.652060890197753906e+01 3.180004358291625977e+00 1.334060668945312500e+01
2.869463157653808594e+01 1.649637222290039062e+01 3.178159952163696289e+00 1.331820869445800781e+01
2.871504211425781250e+01 1.647608184814453125e+01 3.177985191345214844e+00 1.329809379577636719e+01
2.873544883728027344e+01 1.645058631896972656e+01 3.175311565399169922e+00 1.327527523040771484e+01
2.875585937500000000e+01 1.642915534973144531e+01 3.175138950347900391e+00 1.325401687622070312e+01
2.877626609802246094e+01 1.640292549133300781e+01 3.175799131393432617e+00 1.322712612152099609e+01
2.879667282104492188e+01 1.637115859985351562e+01 3.175626516342163086e+00 1.319552898406982422e+01
2.881708335876464844e+01 1.635513496398925781e+01 3.173377275466918945e+00 1.318175220489501953e+01
2.883749198913574219e+01 1.633160018920898438e+01 3.173207044601440430e+00 1.315839290618896484e+01
2.885790252685546875e+01 1.629917335510253906e+01 3.170962810516357422e+00 1.312821006774902344e+01
2.887830924987792969e+01 1.627079200744628906e+01 3.170379877090454102e+00 1.310040855407714844e+01
2.889871978759765625e+01 1.624486541748046875e+01 3.169797658920288086e+00 1.307506656646728516e+01
2.891912651062011719e+01 1.622634887695312500e+01 3.170457839965820312e+00 1.305589485168457031e+01
2.893953704833984375e+01 1.619526100158691406e+01 3.168635368347167969e+00 1.302662658691406250e+01
2.895994377136230469e+01 1.616901206970214844e+01 3.168469190597534180e+00 1.300054168701171875e+01
2.898035430908203125e+01 1.613715362548828125e+01 3.166237831115722656e+00 1.297091484069824219e+01
2.900076293945312500e+01 1.611374092102050781e+01 3.166073560714721680e+00 1.294766616821289062e+01
2.902116966247558594e+01 1.608454132080078125e+01 3.161784887313842773e+00 1.292275619506835938e+01
2.904158020019531250e+01 1.606070899963378906e+01 3.162859916687011719e+00 1.289784622192382812e+01
2.906198692321777344e+01 1.603526496887207031e+01 3.161874771118164062e+00 1.287338733673095703e+01
2.908239746093750000e+01 1.600644874572753906e+01 3.157597780227661133e+00 1.284885025024414062e+01
2.910280418395996094e+01 1.598273563385009766e+01 3.157851219177246094e+00 1.282488441467285156e+01
2.912321472167968750e+01 1.596392154693603516e+01 3.157693147659301758e+00 1.280622959136962891e+01
2.914362144470214844e+01 1.593863105773925781e+01 3.154660701751708984e+00 1.278397083282470703e+01
2.916403198242187500e+01 1.591663837432861328e+01 3.153273582458496094e+00 1.276336574554443359e+01
2.918444061279296875e+01 1.590102005004882812e+01 3.151068687438964844e+00 1.274995040893554688e+01
2.920485115051269531e+01 1.587728309631347656e+01 3.148866415023803711e+00 1.272841644287109375e+01
2.922525787353515625e+01 1.585746288299560547e+01 3.145029306411743164e+00 1.271243381500244141e+01
2.924566459655761719e+01 1.583945846557617188e+01 3.144881248474121094e+00 1.269457817077636719e+01
2.926607513427734375e+01 1.582238101959228516e+01 3.141052246093750000e+00 1.268132877349853516e+01
2.928648185729980469e+01 1.580554485321044922e+01 3.139680624008178711e+00 1.266586589813232422e+01
2.930689239501953125e+01 1.579135417938232422e+01 3.137494087219238281e+00 1.265386104583740234e+01
2.932730102539062500e+01 1.577282810211181641e+01 3.134494781494140625e+00 1.263833332061767578e+01
2.934771156311035156e+01 1.576082134246826172e+01 3.131499052047729492e+00 1.262932300567626953e+01
2.936811828613281250e+01 1.575043296813964844e+01 3.129730463027954102e+00 1.262070274353027344e+01
2.938852882385253906e+01 1.574200916290283203e+01 3.127556800842285156e+00 1.261445522308349609e+01
2.940893554687500000e+01 1.573160648345947266e+01 3.126200914382934570e+00 1.260540390014648438e+01
2.942934608459472656e+01 1.572291469573974609e+01 3.124032735824584961e+00 1.259888076782226562e+01
2.944975280761718750e+01 1.571347713470458984e+01 3.121867895126342773e+00 1.259160900115966797e+01
2.947016143798828125e+01 1.570677185058593750e+01 3.118893623352050781e+00 1.258787631988525391e+01
2.949057197570800781e+01 1.570294570922851562e+01 3.118764400482177734e+00 1.258418273925781250e+01
2.951097869873046875e+01 1.569418907165527344e+01 3.116202116012573242e+00 1.257798576354980469e+01
2.953138923645019531e+01 1.569243526458740234e+01 3.114453792572021484e+00 1.257798099517822266e+01
2.955179595947265625e+01 1.568416118621826172e+01 3.114733219146728516e+00 1.256942749023437500e+01
2.957220649719238281e+01 1.567647266387939453e+01 3.112988233566284180e+00 1.256348419189453125e+01
2.959261322021484375e+01 1.567458343505859375e+01 3.112459421157836914e+00 1.256212520599365234e+01
2.961302375793457031e+01 1.567189121246337891e+01 3.112739324569702148e+00 1.255915164947509766e+01
2.963343048095703125e+01 1.566679191589355469e+01 3.110999822616577148e+00 1.255579185485839844e+01
2.965384101867675781e+01 1.566248416900634766e+01 3.112087726593017578e+00 1.255039691925048828e+01
2.967424964904785156e+01 1.565718746185302734e+01 3.111964464187622070e+00 1.254522228240966797e+01
2.969465637207031250e+01 1.564956569671630859e+01 3.112647294998168945e+00 1.253691768646240234e+01
2.971506690979003906e+01 1.564659309387207031e+01 3.112523317337036133e+00 1.253407001495361328e+01
2.973547363281250000e+01 1.564407157897949219e+01 3.114009857177734375e+00 1.253006172180175781e+01
2.975588417053222656e+01 1.563935089111328125e+01 3.115092039108276367e+00 1.252425765991210938e+01
2.977629089355468750e+01 1.563090038299560547e+01 3.116172790527343750e+00 1.251472759246826172e+01
2.979670143127441406e+01 1.562318134307861328e+01 3.117653846740722656e+00 1.250552654266357422e+01
2.981711006164550781e+01 1.561499214172363281e+01 3.119534492492675781e+00 1.249545669555664062e+01
2.983752059936523438e+01 1.560620403289794922e+01 3.121010780334472656e+00 1.248519420623779297e+01
2.985792732238769531e+01 1.559705543518066406e+01 3.122886657714843750e+00 1.247416877746582031e+01
2.987833786010742188e+01 1.558484745025634766e+01 3.124759435653686523e+00 1.246008777618408203e+01
2.989874458312988281e+01 1.557116699218750000e+01 3.127430677413940430e+00 1.244373512268066406e+01
2.991915130615234375e+01 1.556159687042236328e+01 3.125297546386718750e+00 1.243629932403564453e+01
2.993956184387207031e+01 1.554478836059570312e+01 3.130762815475463867e+00 1.241402626037597656e+01
2.995997047424316406e+01 1.552839851379394531e+01 3.132225990295410156e+00 1.239617252349853516e+01
2.998037910461425781e+01 1.551041221618652344e+01 3.134485483169555664e+00 1.237592506408691406e+01
3.000078773498535156e+01 1.549503993988037109e+01 3.137140989303588867e+00 1.235789775848388672e+01
3.002119827270507812e+01 1.547772407531738281e+01 3.138596534729003906e+00 1.233912658691406250e+01
3.004160499572753906e+01 1.545994567871093750e+01 3.141245603561401367e+00 1.231869888305664062e+01
3.006201553344726562e+01 1.544144916534423828e+01 3.143094301223754883e+00 1.229835414886474609e+01
3.008242225646972656e+01 1.541763877868652344e+01 3.145737171173095703e+00 1.227190113067626953e+01
3.010283279418945312e+01 1.539551162719726562e+01 3.147182703018188477e+00 1.224832820892333984e+01
3.012323951721191406e+01 1.537098693847656250e+01 3.148626804351806641e+00 1.222236061096191406e+01
3.014365005493164062e+01 1.535712432861328125e+01 3.150068521499633789e+00 1.220705699920654297e+01
3.016405868530273438e+01 1.532151985168457031e+01 3.150715112686157227e+00 1.217080497741699219e+01
3.018446540832519531e+01 1.529814434051513672e+01 3.150964260101318359e+00 1.214718055725097656e+01
3.020487594604492188e+01 1.527638244628906250e+01 3.151608943939208984e+00 1.212477397918701172e+01
3.022528266906738281e+01 1.525258827209472656e+01 3.150273084640502930e+00 1.210231494903564453e+01
3.024569320678710938e+01 1.522466087341308594e+01 3.147355794906616211e+00 1.207730579376220703e+01
3.026609992980957031e+01 1.518824768066406250e+01 3.143651723861694336e+00 1.204459571838378906e+01
3.028651046752929688e+01 1.515904521942138672e+01 3.136395454406738281e+00 1.202264881134033203e+01
3.030691909790039062e+01 1.512941741943359375e+01 3.125989675521850586e+00 1.200342750549316406e+01
3.032732963562011719e+01 1.509809684753417969e+01 3.114019155502319336e+00 1.198407840728759766e+01
3.034773635864257812e+01 1.504631328582763672e+01 3.099698066711425781e+00 1.194661426544189453e+01
3.036814689636230469e+01 1.500371837615966797e+01 3.089337825775146484e+00 1.191438102722167969e+01
3.038855361938476562e+01 1.497752666473388672e+01 3.084111928939819336e+00 1.189341259002685547e+01
3.040896034240722656e+01 1.496024131774902344e+01 3.081255197525024414e+00 1.187898445129394531e+01
3.042937088012695312e+01 1.493935108184814453e+01 3.083122014999389648e+00 1.185622882843017578e+01
3.044977760314941406e+01 1.491762256622314453e+01 3.086558818817138672e+00 1.183106517791748047e+01
3.047018814086914062e+01 1.488641834259033203e+01 3.085669994354248047e+00 1.180074787139892578e+01
3.049059677124023438e+01 1.485945892333984375e+01 3.086352586746215820e+00 1.177310562133789062e+01
3.051100730895996094e+01 1.486409473419189453e+01 3.092133760452270508e+00 1.177196025848388672e+01
3.053141403198242188e+01 1.484053802490234375e+01 3.093987464904785156e+00 1.174655055999755859e+01
3.055182456970214844e+01 1.482137966156005859e+01 3.093879461288452148e+00 1.172749996185302734e+01
3.057223129272460938e+01 1.479964351654052734e+01 3.094163417816162109e+00 1.170547962188720703e+01
3.059264183044433594e+01 1.478336334228515625e+01 3.094055414199829102e+00 1.168930816650390625e+01
3.061304855346679688e+01 1.476546955108642578e+01 3.091992855072021484e+00 1.167347621917724609e+01
3.063345718383789062e+01 1.474811267852783203e+01 3.091886758804321289e+00 1.165622615814208984e+01
3.065386772155761719e+01 1.473134613037109375e+01 3.090999364852905273e+00 1.164034652709960938e+01
3.067427444458007812e+01 1.471540069580078125e+01 3.090113639831542969e+00 1.162528705596923828e+01
3.069468498229980469e+01 1.470043754577636719e+01 3.089228630065917969e+00 1.161120796203613281e+01
3.071509170532226562e+01 1.468256092071533203e+01 3.087955713272094727e+00 1.159460735321044922e+01
3.073550224304199219e+01 1.466814041137695312e+01 3.087073326110839844e+00 1.158106708526611328e+01
3.075590896606445312e+01 1.465147495269775391e+01 3.086581707000732422e+00 1.156489467620849609e+01
3.077631950378417969e+01 1.463316440582275391e+01 3.081812381744384766e+00 1.155135059356689453e+01
3.079672813415527344e+01 1.461595439910888672e+01 3.081324815750122070e+00 1.153462886810302734e+01
3.081713676452636719e+01 1.460258865356445312e+01 3.080060958862304688e+00 1.152252864837646484e+01
3.083754539489746094e+01 1.458439540863037109e+01 3.076469898223876953e+00 1.150792407989501953e+01
3.085795211791992188e+01 1.456796932220458984e+01 3.072108030319213867e+00 1.149586105346679688e+01
3.087836265563964844e+01 1.454404735565185547e+01 3.060774087905883789e+00 1.148327350616455078e+01
3.089876937866210938e+01 1.451876068115234375e+01 3.042870283126831055e+00 1.147589111328125000e+01
3.091917991638183594e+01 1.449247646331787109e+01 3.018408060073852539e+00 1.147406864166259766e+01
3.093958663940429688e+01 1.446908760070800781e+01 2.989723443984985352e+00 1.147936439514160156e+01
3.095999717712402344e+01 1.444119262695312500e+01 2.953730344772338867e+00 1.148746299743652344e+01
3.098040580749511719e+01 1.443208599090576172e+01 2.925512075424194336e+00 1.150657463073730469e+01
3.100081634521484375e+01 1.445269298553466797e+01 2.944821834564208984e+00 1.150787067413330078e+01
3.102122306823730469e+01 1.445782184600830078e+01 2.985714197158813477e+00 1.147210693359375000e+01
3.104163360595703125e+01 1.441477775573730469e+01 2.981437444686889648e+00 1.143334102630615234e+01
3.106204032897949219e+01 1.435725021362304688e+01 2.897015094757080078e+00 1.146023559570312500e+01
3.108244705200195312e+01 1.437967491149902344e+01 2.864690780639648438e+00 1.151498413085937500e+01
3.110285758972167969e+01 1.440202713012695312e+01 2.893982648849487305e+00 1.150804328918457031e+01
3.112326622009277344e+01 1.441990089416503906e+01 2.925544500350952148e+00 1.149435710906982422e+01
3.114367675781250000e+01 1.443196010589599609e+01 2.953989505767822266e+00 1.147797107696533203e+01
3.116408348083496094e+01 1.444414710998535156e+01 2.983933687210083008e+00 1.146021461486816406e+01
3.118449401855468750e+01 1.444642543792724609e+01 3.012686967849731445e+00 1.143373775482177734e+01
3.120490074157714844e+01 1.442515277862548828e+01 3.022608041763305664e+00 1.140254306793212891e+01
3.122531127929687500e+01 1.438688564300537109e+01 3.013732194900512695e+00 1.137315273284912109e+01
3.124571800231933594e+01 1.433036041259765625e+01 2.966943740844726562e+00 1.136341667175292969e+01
3.126612854003906250e+01 1.434459877014160156e+01 2.849009752273559570e+00 1.149558830261230469e+01
3.128653526306152344e+01 1.417850589752197266e+01 2.749593973159790039e+00 1.142891216278076172e+01
3.130694580078125000e+01 1.416170310974121094e+01 2.697716236114501953e+00 1.146398735046386719e+01
3.132735443115234375e+01 1.423596763610839844e+01 2.743718862533569336e+00 1.149224853515625000e+01
3.134776115417480469e+01 1.428941631317138672e+01 2.803407669067382812e+00 1.148600864410400391e+01
3.136817169189453125e+01 1.433463954925537109e+01 2.851189613342285156e+00 1.148344993591308594e+01
3.138857841491699219e+01 1.437060546875000000e+01 2.882511615753173828e+00 1.148809432983398438e+01
3.140898895263671875e+01 1.436050605773925781e+01 2.896263122558593750e+00 1.146424293518066406e+01
3.142939567565917969e+01 1.435221481323242188e+01 2.896667718887329102e+00 1.145554542541503906e+01
3.144980621337890625e+01 1.433620548248291016e+01 2.889840126037597656e+00 1.144636535644531250e+01
3.147021484375000000e+01 1.432056713104248047e+01 2.875034332275390625e+00 1.144553279876708984e+01
3.149062538146972656e+01 1.430400753021240234e+01 2.853785991668701172e+00 1.145022296905517578e+01
3.151103210449218750e+01 1.431717014312744141e+01 2.824208498001098633e+00 1.149296283721923828e+01
3.153144264221191406e+01 1.437347316741943359e+01 2.823519229888916016e+00 1.154995346069335938e+01
3.155184936523437500e+01 1.422184371948242188e+01 2.955228328704833984e+00 1.126661586761474609e+01
3.157225608825683594e+01 1.400633239746093750e+01 2.897967100143432617e+00 1.110836505889892578e+01
3.159266662597656250e+01 1.383682632446289062e+01 2.771825075149536133e+00 1.106500053405761719e+01
3.161307525634765625e+01 1.367736721038818359e+01 2.619720935821533203e+00 1.105764675140380859e+01
3.163348579406738281e+01 1.356567287445068359e+01 2.469326019287109375e+00 1.109634685516357422e+01
3.165389251708984375e+01 1.349927616119384766e+01 2.365258455276489258e+00 1.113401699066162109e+01
3.167430305480957031e+01 1.357302570343017578e+01 2.373937606811523438e+00 1.119908809661865234e+01
3.169470977783203125e+01 1.373150730133056641e+01 2.467955112457275391e+00 1.126355075836181641e+01
3.171512031555175781e+01 1.388583087921142578e+01 2.577325105667114258e+00 1.130850505828857422e+01
3.173552703857421875e+01 1.399604225158691406e+01 2.665055990219116211e+00 1.133098411560058594e+01
3.175593757629394531e+01 1.405791187286376953e+01 2.721766233444213867e+00 1.133614444732666016e+01
3.177634429931640625e+01 1.409241485595703125e+01 2.756179571151733398e+00 1.133623504638671875e+01
3.179675292968750000e+01 1.411154842376708984e+01 2.774362087249755859e+00 1.133718585968017578e+01
3.181716346740722656e+01 1.412680721282958984e+01 2.785373210906982422e+00 1.134143447875976562e+01
3.183757019042968750e+01 1.415190315246582031e+01 2.786595344543457031e+00 1.136530876159667969e+01
3.185798072814941406e+01 1.419361305236816406e+01 2.764145612716674805e+00 1.142946815490722656e+01
3.187838745117187500e+01 1.424939250946044922e+01 2.684652805328369141e+00 1.156474018096923828e+01
3.189879798889160156e+01 1.440333652496337891e+01 2.551977634429931641e+00 1.185135936737060547e+01
3.191920471191406250e+01 1.454741096496582031e+01 2.509096384048461914e+00 1.203831291198730469e+01
3.193961524963378906e+01 1.442182350158691406e+01 2.664890766143798828e+00 1.175693321228027344e+01
3.196002388000488281e+01 1.415941619873046875e+01 2.787903308868408203e+00 1.137151241302490234e+01
3.198043441772460938e+01 1.400833320617675781e+01 2.856113910675048828e+00 1.115221977233886719e+01
3.200083923339843750e+01 1.392378997802734375e+01 2.905909776687622070e+00 1.101788043975830078e+01
3.202124786376953125e+01 1.384996700286865234e+01 2.932466745376586914e+00 1.091750049591064453e+01
3.204166030883789062e+01 1.376942157745361328e+01 2.934708118438720703e+00 1.083471393585205078e+01
3.206206512451171875e+01 1.366840553283691406e+01 2.891027688980102539e+00 1.077737808227539062e+01
3.208247756958007812e+01 1.354745197296142578e+01 2.786216259002685547e+00 1.076123523712158203e+01
3.210288238525390625e+01 1.340252494812011719e+01 2.628221035003662109e+00 1.077430343627929688e+01
3.212329483032226562e+01 1.353906059265136719e+01 2.695111751556396484e+00 1.084394836425781250e+01
3.214369964599609375e+01 1.370672416687011719e+01 2.838627815246582031e+00 1.086809730529785156e+01
3.216411209106445312e+01 1.377092170715332031e+01 2.913115262985229492e+00 1.085780620574951172e+01
3.218451690673828125e+01 1.376158428192138672e+01 2.938789129257202148e+00 1.082279396057128906e+01
3.220492935180664062e+01 1.370621109008789062e+01 2.932094812393188477e+00 1.077411651611328125e+01
3.222533798217773438e+01 1.363311100006103516e+01 2.900894880294799805e+00 1.073221588134765625e+01
3.224574279785156250e+01 1.363626289367675781e+01 2.860454320907592773e+00 1.077580833435058594e+01
3.226615524291992188e+01 1.358335113525390625e+01 2.851596593856811523e+00 1.073175430297851562e+01
3.228656005859375000e+01 1.355908298492431641e+01 2.864994049072265625e+00 1.069408893585205078e+01
3.230697250366210938e+01 1.353887081146240234e+01 2.867630004882812500e+00 1.067123985290527344e+01
3.232737731933593750e+01 1.347176170349121094e+01 2.835088014602661133e+00 1.063667392730712891e+01
3.234778976440429688e+01 1.332540130615234375e+01 2.778535127639770508e+00 1.054686641693115234e+01
3.236819839477539062e+01 1.333522605895996094e+01 2.765319824218750000e+00 1.056990623474121094e+01
3.238860702514648438e+01 1.331256961822509766e+01 2.704077720642089844e+00 1.060849189758300781e+01
3.240901565551757812e+01 1.333065032958984375e+01 2.638112068176269531e+00 1.069253826141357422e+01
3.242942428588867188e+01 1.338270664215087891e+01 2.585516452789306641e+00 1.079719066619873047e+01
3.244983291625976562e+01 1.352472114562988281e+01 2.551430225372314453e+00 1.097329139709472656e+01
3.247023773193359375e+01 1.378934097290039062e+01 2.529920816421508789e+00 1.125942039489746094e+01
3.249065017700195312e+01 1.384570884704589844e+01 2.604958772659301758e+00 1.124074935913085938e+01
3.251105880737304688e+01 1.379782581329345703e+01 2.803607702255249023e+00 1.099421787261962891e+01
3.253146743774414062e+01 1.378223800659179688e+01 2.886842250823974609e+00 1.089539527893066406e+01
3.255187606811523438e+01 1.367059898376464844e+01 2.903785467147827148e+00 1.076681327819824219e+01
3.257228469848632812e+01 1.353859615325927734e+01 2.895718812942504883e+00 1.064287757873535156e+01
3.259269332885742188e+01 1.342536067962646484e+01 2.884357213973999023e+00 1.054100418090820312e+01
3.261310195922851562e+01 1.333313846588134766e+01 2.838510036468505859e+00 1.049462795257568359e+01
3.263351058959960938e+01 1.333831977844238281e+01 2.827932357788085938e+00 1.051038837432861328e+01
3.265391921997070312e+01 1.341556262969970703e+01 2.849624156951904297e+00 1.056593704223632812e+01
3.267432785034179688e+01 1.348360443115234375e+01 2.848210811614990234e+00 1.063539314270019531e+01
3.269473648071289062e+01 1.347345733642578125e+01 2.826297521591186523e+00 1.064715862274169922e+01
3.271514511108398438e+01 1.341727352142333984e+01 2.798557281494140625e+00 1.061871433258056641e+01
3.273555374145507812e+01 1.334126758575439453e+01 2.762807846069335938e+00 1.057846164703369141e+01
3.275596237182617188e+01 1.330544185638427734e+01 2.710293531417846680e+00 1.059514808654785156e+01
3.277637100219726562e+01 1.333850955963134766e+01 2.672817707061767578e+00 1.066569232940673828e+01
3.279677963256835938e+01 1.335150718688964844e+01 2.689402103424072266e+00 1.066210556030273438e+01
3.281718826293945312e+01 1.311699581146240234e+01 2.616606712341308594e+00 1.050038814544677734e+01
3.283759689331054688e+01 1.283095455169677734e+01 2.449493408203125000e+00 1.038146209716796875e+01
3.285800552368164062e+01 1.274088859558105469e+01 2.349980592727661133e+00 1.039090824127197266e+01
3.287841796875000000e+01 1.289329624176025391e+01 2.422060728073120117e+00 1.047123622894287109e+01
3.289882278442382812e+01 1.314163112640380859e+01 2.568273067474365234e+00 1.057335853576660156e+01
3.291923522949218750e+01 1.326217555999755859e+01 2.682307004928588867e+00 1.057986831665039062e+01
3.293964004516601562e+01 1.328738689422607422e+01 2.728247642517089844e+00 1.055913829803466797e+01
3.296004867553710938e+01 1.325669097900390625e+01 2.710579633712768555e+00 1.054611206054687500e+01
3.298045730590820312e+01 1.334044361114501953e+01 2.745558023452758789e+00 1.059488487243652344e+01
3.300086593627929688e+01 1.331111240386962891e+01 2.821841716766357422e+00 1.048927116394042969e+01
3.302127456665039062e+01 1.323311138153076172e+01 2.837134361267089844e+00 1.039597797393798828e+01
3.304168319702148438e+01 1.316916656494140625e+01 2.821978569030761719e+00 1.034718799591064453e+01
3.306209564208984375e+01 1.311465358734130859e+01 2.784757137298583984e+00 1.032989692687988281e+01
3.308250045776367188e+01 1.308995151519775391e+01 2.749029397964477539e+00 1.034092140197753906e+01
3.310291290283203125e+01 1.312688636779785156e+01 2.724192619323730469e+00 1.040269279479980469e+01
3.312331771850585938e+01 1.334389781951904297e+01 2.721791505813598633e+00 1.062210655212402344e+01
3.314373016357421875e+01 1.327581596374511719e+01 2.613940000534057617e+00 1.066187572479248047e+01
3.316413497924804688e+01 1.298542690277099609e+01 2.483483552932739258e+00 1.050194263458251953e+01
3.318454360961914062e+01 1.285500431060791016e+01 2.512254714965820312e+00 1.034274959564208984e+01
3.320495605468750000e+01 1.303959846496582031e+01 2.568746805191040039e+00 1.047085094451904297e+01
3.322536087036132812e+01 1.273763370513916016e+01 2.464136838912963867e+00 1.027349567413330078e+01
3.324577331542968750e+01 1.276082134246826172e+01 2.536430597305297852e+00 1.022439193725585938e+01
3.326617813110351562e+01 1.291464138031005859e+01 2.587047338485717773e+00 1.032759380340576172e+01
3.328659057617187500e+01 1.302433395385742188e+01 2.527926206588745117e+00 1.049640655517578125e+01
3.330699539184570312e+01 1.294873714447021484e+01 2.526018142700195312e+00 1.042271804809570312e+01
3.332740783691406250e+01 1.298788928985595703e+01 2.539914846420288086e+00 1.044797420501708984e+01
3.334781646728515625e+01 1.306453609466552734e+01 2.640655755996704102e+00 1.042388153076171875e+01
3.336822509765625000e+01 1.330139636993408203e+01 2.741631984710693359e+00 1.055976390838623047e+01
3.338863372802734375e+01 1.347270011901855469e+01 2.832805871963500977e+00 1.063989448547363281e+01
3.340903854370117188e+01 1.337096881866455078e+01 2.792382001876831055e+00 1.057858562469482422e+01
3.342945098876953125e+01 1.321169948577880859e+01 2.747710466384887695e+00 1.046399021148681641e+01
3.344985580444335938e+01 1.323662567138671875e+01 2.788974523544311523e+00 1.044765186309814453e+01
3.347026824951171875e+01 1.327031707763671875e+01 2.850214481353759766e+00 1.042010307312011719e+01
3.349067306518554688e+01 1.326230144500732422e+01 2.851694583892822266e+00 1.041060638427734375e+01
3.351108551025390625e+01 1.319393253326416016e+01 2.784950256347656250e+00 1.040898227691650391e+01
3.353149414062500000e+01 1.282838153839111328e+01 2.733637332916259766e+00 1.009474277496337891e+01
3.355190277099609375e+01 1.280898094177246094e+01 2.784773111343383789e+00 1.002420806884765625e+01
3.357231140136718750e+01 1.305385494232177734e+01 2.810176372528076172e+00 1.024367904663085938e+01
3.359272003173828125e+01 1.327676677703857422e+01 2.851583242416381836e+00 1.042518329620361328e+01
3.361312866210937500e+01 1.310161685943603516e+01 2.817447185516357422e+00 1.028416919708251953e+01
3.363353347778320312e+01 1.307580947875976562e+01 2.839581727981567383e+00 1.023622703552246094e+01
3.365394592285156250e+01 1.285165977478027344e+01 2.872003555297851562e+00 9.979658126831054688e+00
3.367435455322265625e+01 1.277786254882812500e+01 2.870263099670410156e+00 9.907599449157714844e+00
3.369476318359375000e+01 1.271720790863037109e+01 2.856446266174316406e+00 9.860760688781738281e+00
3.371517181396484375e+01 1.270676708221435547e+01 2.825250625610351562e+00 9.881515502929687500e+00
3.373558044433593750e+01 1.269991493225097656e+01 2.781319618225097656e+00 9.918596267700195312e+00
3.375598907470703125e+01 1.284498596191406250e+01 2.707301616668701172e+00 1.013768291473388672e+01
3.377639770507812500e+01 1.308617210388183594e+01 2.732598066329956055e+00 1.035357475280761719e+01
3.379680633544921875e+01 1.290478420257568359e+01 2.767781019210815430e+00 1.013700389862060547e+01
3.381721496582031250e+01 1.288661003112792969e+01 2.736732959747314453e+00 1.014987564086914062e+01
3.383762359619140625e+01 1.285083580017089844e+01 2.711381912231445312e+00 1.013945293426513672e+01
3.385803222656250000e+01 1.280287551879882812e+01 2.655305385589599609e+00 1.014757156372070312e+01
3.387844085693359375e+01 1.273525524139404297e+01 2.654412269592285156e+00 1.008084297180175781e+01
3.389884948730468750e+01 1.269562530517578125e+01 2.660582542419433594e+00 1.003504276275634766e+01
3.391925811767578125e+01 1.262020111083984375e+01 2.679095983505249023e+00 9.941104888916015625e+00
3.393966674804687500e+01 1.259663009643554688e+01 2.677132368087768555e+00 9.919496536254882812e+00
3.396007537841796875e+01 1.258931446075439453e+01 2.674818277359008789e+00 9.914497375488281250e+00
3.398048400878906250e+01 1.259019374847412109e+01 2.666871547698974609e+00 9.923321723937988281e+00
3.400089263916015625e+01 1.251686286926269531e+01 2.646260738372802734e+00 9.870601654052734375e+00
3.402130126953125000e+01 1.247586631774902344e+01 2.636229276657104492e+00 9.839636802673339844e+00
3.404171371459960938e+01 1.245317840576171875e+01 2.632890701293945312e+00 9.820287704467773438e+00
3.406211853027343750e+01 1.245770549774169922e+01 2.640450000762939453e+00 9.817255020141601562e+00
3.408253097534179688e+01 1.245458316802978516e+01 2.676446199417114258e+00 9.778136253356933594e+00
3.410293579101562500e+01 1.236549568176269531e+01 2.619740247726440430e+00 9.745755195617675781e+00
3.412334442138671875e+01 1.224066829681396484e+01 2.577133178710937500e+00 9.663535118103027344e+00
3.414375305175781250e+01 1.224775028228759766e+01 2.605741024017333984e+00 9.642008781433105469e+00
3.416416168212890625e+01 1.231102848052978516e+01 2.640621423721313477e+00 9.670408248901367188e+00
3.418457412719726562e+01 1.239431285858154297e+01 2.710124254226684570e+00 9.684187889099121094e+00
3.420497894287109375e+01 1.261407375335693359e+01 2.790042638778686523e+00 9.824029922485351562e+00
3.422539138793945312e+01 1.254101085662841797e+01 2.825100183486938477e+00 9.715910911560058594e+00
3.424579620361328125e+01 1.252173995971679688e+01 2.836698532104492188e+00 9.685040473937988281e+00
3.426620864868164062e+01 1.250560092926025391e+01 2.800776004791259766e+00 9.704825401306152344e+00
3.428661346435546875e+01 1.245896816253662109e+01 2.755471229553222656e+00 9.703496932983398438e+00
3.430702590942382812e+01 1.254051399230957031e+01 2.737782955169677734e+00 9.802731513977050781e+00
3.432743072509765625e+01 1.226071453094482422e+01 2.602607727050781250e+00 9.658106803894042969e+00
3.434783935546875000e+01 1.246205520629882812e+01 2.584334373474121094e+00 9.877721786499023438e+00
3.436825180053710938e+01 1.235632228851318359e+01 2.636433839797973633e+00 9.719887733459472656e+00
3.438865661621093750e+01 1.231131553649902344e+01 2.710051536560058594e+00 9.601263999938964844e+00
3.440906906127929688e+01 1.233798217773437500e+01 2.688616275787353516e+00 9.649367332458496094e+00
3.442947387695312500e+01 1.232527923583984375e+01 2.559085607528686523e+00 9.766193389892578125e+00
3.444988632202148438e+01 1.240526771545410156e+01 2.600305795669555664e+00 9.804960250854492188e+00
3.447029113769531250e+01 1.235626792907714844e+01 2.642171621322631836e+00 9.714096069335937500e+00
3.449070358276367188e+01 1.206314468383789062e+01 2.452513694763183594e+00 9.610630035400390625e+00
3.451111221313476562e+01 1.226289176940917969e+01 2.399038553237915039e+00 9.863852500915527344e+00
3.453152084350585938e+01 1.231018352508544922e+01 2.344586610794067383e+00 9.965598106384277344e+00
3.455192947387695312e+01 1.244296264648437500e+01 2.429114818572998047e+00 1.001384735107421875e+01
3.457233428955078125e+01 1.228681182861328125e+01 2.427334785461425781e+00 9.859477996826171875e+00
3.459274673461914062e+01 1.265811157226562500e+01 2.493375062942504883e+00 1.016473484039306641e+01
3.461315155029296875e+01 1.248450851440429688e+01 2.356347799301147461e+00 1.012816047668457031e+01
3.463356399536132812e+01 1.232875537872314453e+01 2.243328332901000977e+00 1.008542728424072266e+01
3.465397262573242188e+01 1.253960323333740234e+01 2.324903726577758789e+00 1.021470069885253906e+01
3.467438125610351562e+01 1.255193710327148438e+01 2.416738986968994141e+00 1.013519859313964844e+01
3.469478988647460938e+01 1.266004848480224609e+01 2.563320875167846680e+00 1.009672641754150391e+01
3.471519851684570312e+01 1.255947399139404297e+01 2.639392375946044922e+00 9.920082092285156250e+00
3.473560714721679688e+01 1.263507270812988281e+01 2.720887899398803711e+00 9.914186477661132812e+00
3.475601577758789062e+01 1.251556491851806641e+01 2.759239196777343750e+00 9.756325721740722656e+00
3.477642440795898438e+01 1.243852329254150391e+01 2.794792175292968750e+00 9.643732070922851562e+00
3.479682922363281250e+01 1.232402133941650391e+01 2.803472518920898438e+00 9.520548820495605469e+00
3.481724166870117188e+01 1.230828285217285156e+01 2.800110101699829102e+00 9.508172035217285156e+00
3.483765029907226562e+01 1.229294300079345703e+01 2.769952535629272461e+00 9.522990226745605469e+00
3.485805892944335938e+01 1.210406684875488281e+01 2.639563322067260742e+00 9.464504241943359375e+00
3.487846755981445312e+01 1.221961593627929688e+01 2.650716543197631836e+00 9.568897247314453125e+00
3.489887619018554688e+01 1.205460643768310547e+01 2.625843524932861328e+00 9.428764343261718750e+00
3.491928482055664062e+01 1.208323574066162109e+01 2.623281002044677734e+00 9.459955215454101562e+00
3.493969345092773438e+01 1.206381225585937500e+01 2.615239381790161133e+00 9.448574066162109375e+00
3.496010208129882812e+01 1.203478717803955078e+01 2.646580934524536133e+00 9.388204574584960938e+00
3.498051071166992188e+01 1.219733715057373047e+01 2.680623531341552734e+00 9.516713142395019531e+00
3.500091934204101562e+01 1.212481689453125000e+01 2.665039539337158203e+00 9.459777832031250000e+00
3.502132797241210938e+01 1.214751243591308594e+01 2.668612957000732422e+00 9.478899002075195312e+00
3.504173660278320312e+01 1.218378448486328125e+01 2.688578128814697266e+00 9.495208740234375000e+00
3.506214523315429688e+01 1.214474105834960938e+01 2.702375650405883789e+00 9.442365646362304688e+00
3.508255386352539062e+01 1.199061679840087891e+01 2.725709676742553711e+00 9.264906883239746094e+00
3.510296249389648438e+01 1.207641601562500000e+01 2.739128589630126953e+00 9.337287902832031250e+00
3.512337112426757812e+01 1.222585201263427734e+01 2.773660182952880859e+00 9.452192306518554688e+00
3.514377975463867188e+01 1.231340217590332031e+01 2.803043127059936523e+00 9.510360717773437500e+00
3.516418838500976562e+01 1.230688285827636719e+01 2.835114717483520508e+00 9.471769332885742188e+00
3.518459701538085938e+01 1.220150470733642578e+01 2.791626691818237305e+00 9.409877777099609375e+00
3.520500946044921875e+01 1.234682559967041016e+01 2.808027744293212891e+00 9.538799285888671875e+00
3.522541427612304688e+01 1.230654430389404297e+01 2.802323579788208008e+00 9.504220962524414062e+00
3.524582672119140625e+01 1.221479511260986328e+01 2.862847805023193359e+00 9.351947784423828125e+00
3.526623153686523438e+01 1.214005565643310547e+01 2.810280561447143555e+00 9.329774856567382812e+00
3.528664016723632812e+01 1.211870384216308594e+01 2.755399227142333984e+00 9.363305091857910156e+00
3.530704879760742188e+01 1.204702091217041016e+01 2.538532972335815430e+00 9.508486747741699219e+00
3.532745742797851562e+01 1.205237102508544922e+01 2.566204786300659180e+00 9.486166954040527344e+00
3.534786987304687500e+01 1.225996780395507812e+01 2.759769439697265625e+00 9.500198364257812500e+00
3.536827468872070312e+01 1.215794277191162109e+01 2.646834850311279297e+00 9.511107444763183594e+00
3.538868713378906250e+01 1.218736648559570312e+01 2.650043249130249023e+00 9.537321090698242188e+00
3.540909194946289062e+01 1.202633666992187500e+01 2.555555820465087891e+00 9.470779418945312500e+00
3.542950439453125000e+01 1.199649715423583984e+01 2.464555740356445312e+00 9.531942367553710938e+00
3.544990921020507812e+01 1.197669792175292969e+01 2.581650972366333008e+00 9.395046234130859375e+00
3.547032165527343750e+01 1.183063697814941406e+01 2.524148464202880859e+00 9.306489944458007812e+00
3.549073028564453125e+01 1.165079116821289062e+01 2.547654151916503906e+00 9.103137016296386719e+00
3.551113510131835938e+01 1.182781028747558594e+01 2.696521282196044922e+00 9.131287574768066406e+00
3.553154754638671875e+01 1.194976902008056641e+01 2.716531991958618164e+00 9.233237266540527344e+00
3.555195236206054688e+01 1.198444843292236328e+01 2.804528951644897461e+00 9.179920196533203125e+00
3.557236480712890625e+01 1.192873477935791016e+01 2.839933156967163086e+00 9.088803291320800781e+00
3.559276962280273438e+01 1.204524803161621094e+01 2.968113899230957031e+00 9.077134132385253906e+00
3.561318206787109375e+01 1.223705482482910156e+01 3.114632368087768555e+00 9.122423171997070312e+00
3.563358688354492188e+01 1.198822402954101562e+01 2.818258285522460938e+00 9.169965744018554688e+00
3.565399932861328125e+01 1.179473018646240234e+01 2.693102121353149414e+00 9.101629257202148438e+00
3.567440795898437500e+01 1.180289649963378906e+01 2.693574666976928711e+00 9.109319686889648438e+00
3.569481658935546875e+01 1.124437427520751953e+01 2.257445812225341797e+00 8.986927986145019531e+00
3.571522521972656250e+01 1.105854606628417969e+01 2.209906816482543945e+00 8.848638534545898438e+00
3.573563003540039062e+01 1.107044506072998047e+01 2.208979845046997070e+00 8.861464500427246094e+00
3.575604248046875000e+01 1.109973049163818359e+01 2.146458387374877930e+00 8.953275680541992188e+00
3.577644729614257812e+01 1.103745269775390625e+01 1.939476251602172852e+00 9.097972869873046875e+00
3.579685974121093750e+01 1.118941020965576172e+01 2.008589267730712891e+00 9.180817604064941406e+00
3.581726837158203125e+01 1.081952476501464844e+01 1.976699709892272949e+00 8.842825889587402344e+00
3.583767700195312500e+01 1.081384277343750000e+01 2.033688783645629883e+00 8.780156135559082031e+00
3.585808563232421875e+01 1.072811031341552734e+01 2.093283891677856445e+00 8.634826660156250000e+00
3.587849426269531250e+01 1.081996536254882812e+01 2.046054363250732422e+00 8.773913383483886719e+00
3.589890289306640625e+01 1.097407054901123047e+01 2.045224666595458984e+00 8.928847312927246094e+00
