# NTRMN  = 175
# NTRANS = 218
-3.052340745925903320e-01 0.000000000000000000e+00 0.000000000000000000e+00 0.000000000000000000e+00
-2.848252356052398682e-01 0.000000000000000000e+00 0.000000000000000000e+00 0.000000000000000000e+00
-2.644163966178894043e-01 0.000000000000000000e+00 0.000000000000000000e+00 0.000000000000000000e+00
-2.440075576305389404e-01 0.000000000000000000e+00 0.000000000000000000e+00 0.000000000000000000e+00
-2.235987037420272827e-01 0.000000000000000000e+00 0.000000000000000000e+00 0.000000000000000000e+00
-2.031898647546768188e-01 0.000000000000000000e+00 0.000000000000000000e+00 0.000000000000000000e+00
-1.623729914426803589e-01 0.000000000000000000e+00 0.000000000000000000e+00 0.000000000000000000e+00
-1.419641524553298950e-01 0.000000000000000000e+00 0.000000000000000000e+00 0.000000000000000000e+00
-1.215553134679794312e-01 0.000000000000000000e+00 0.000000000000000000e+00 0.000000000000000000e+00
-8.073762804269790649e-02 0.000000000000000000e+00 0.000000000000000000e+00 0.000000000000000000e+00
-6.032959371805191040e-02 0.000000000000000000e+00 0.000000000000000000e+00 0.000000000000000000e+00
-3.992075473070144653e-02 0.000000000000000000e+00 0.000000000000000000e+00 0.000000000000000000e+00
-1.951191015541553497e-02 0.000000000000000000e+00 0.000000000000000000e+00 0.000000000000000000e+00
2.130577340722084045e-02 0.000000000000000000e+00 0.000000000000000000e+00 0.000000000000000000e+00
4.171380400657653809e-02 0.000000000000000000e+00 0.000000000000000000e+00 0.000000000000000000e+00
6.212264671921730042e-02 0.000000000000000000e+00 0.000000000000000000e+00 0.000000000000000000e+00
8.253148943185806274e-02 0.000000000000000000e+00 0.000000000000000000e+00 0.000000000000000000e+00
1.029403284192085266e-01 0.000000000000000000e+00 0.000000000000000000e+00 0.000000000000000000e+00
1.233491748571395874e-01 0.000000000000000000e+00 0.000000000000000000e+00 0.000000000000000000e+00
1.437580138444900513e-01 0.000000000000000000e+00 0.000000000000000000e+00 0.000000000000000000e+00
2.049837261438369751e-01 0.000000000000000000e+00 0.000000000000000000e+00 0.000000000000000000e+00
2.253925800323486328e-01 0.000000000000000000e+00 0.000000000000000000e+00 0.000000000000000000e+00
2.458014190196990967e-01 0.000000000000000000e+00 0.000000000000000000e+00 0.000000000000000000e+00
2.662102580070495605e-01 0.000000000000000000e+00 0.000000000000000000e+00 0.000000000000000000e+00
2.866182923316955566e-01 0.000000000000000000e+00 0.000000000000000000e+00 0.000000000000000000e+00
3.070271313190460205e-01 0.000000000000000000e+00 0.000000000000000000e+00 0.000000000000000000e+00
3.274359703063964844e-01 0.000000000000000000e+00 0.000000000000000000e+00 0.000000000000000000e+00
3.478448092937469482e-01 0.000000000000000000e+00 0.000000000000000000e+00 0.000000000000000000e+00
3.682536482810974121e-01 0.000000000000000000e+00 0.000000000000000000e+00 0.000000000000000000e+00
3.886616826057434082e-01 0.000000000000000000e+00 0.000000000000000000e+00 0.000000000000000000e+00
4.090705215930938721e-01 0.000000000000000000e+00 0.000000000000000000e+00 0.000000000000000000e+00
4.294793605804443359e-01 0.000000000000000000e+00 0.000000000000000000e+00 0.000000000000000000e+00
4.498882293701171875e-01 0.000000000000000000e+00 0.000000000000000000e+00 0.000000000000000000e+00
4.702970683574676514e-01 0.000000000000000000e+00 0.000000000000000000e+00 0.000000000000000000e+00
4.907059073448181152e-01 0.000000000000000000e+00 0.000000000000000000e+00 0.000000000000000000e+00
5.111139416694641113e-01 0.000000000000000000e+00 0.000000000000000000e+00 0.000000000000000000e+00
5.315227508544921875e-01 0.000000000000000000e+00 0.000000000000000000e+00 0.000000000000000000e+00
5.519316196441650391e-01 0.000000000000000000e+00 0.000000000000000000e+00 0.000000000000000000e+00
5.723404884338378906e-01 0.000000000000000000e+00 0.000000000000000000e+00 0.000000000000000000e+00
5.927492976188659668e-01 0.000000000000000000e+00 0.000000000000000000e+00 0.000000000000000000e+00
6.131581664085388184e-01 0.000000000000000000e+00 0.000000000000000000e+00 0.000000000000000000e+00
6.335662007331848145e-01 0.000000000000000000e+00 0.000000000000000000e+00 0.000000000000000000e+00
6.539750099182128906e-01 0.000000000000000000e+00 0.000000000000000000e+00 0.000000000000000000e+00
6.743838787078857422e-01 0.000000000000000000e+00 0.000000000000000000e+00 0.000000000000000000e+00
6.947926878929138184e-01 0.000000000000000000e+00 0.000000000000000000e+00 0.000000000000000000e+00
7.152015566825866699e-01 0.000000000000000000e+00 0.000000000000000000e+00 0.000000000000000000e+00
7.356095910072326660e-01 0.000000000000000000e+00 0.000000000000000000e+00 0.000000000000000000e+00
7.560184001922607422e-01 0.000000000000000000e+00 0.000000000000000000e+00 0.000000000000000000e+00
7.764272689819335938e-01 0.000000000000000000e+00 0.000000000000000000e+00 0.000000000000000000e+00
7.968360781669616699e-01 0.000000000000000000e+00 0.000000000000000000e+00 0.000000000000000000e+00
8.172449469566345215e-01 0.000000000000000000e+00 0.000000000000000000e+00 0.000000000000000000e+00
8.376538157463073730e-01 0.000000000000000000e+00 0.000000000000000000e+00 0.000000000000000000e+00
8.580617904663085938e-01 0.000000000000000000e+00 0.000000000000000000e+00 0.000000000000000000e+00
8.784706592559814453e-01 0.000000000000000000e+00 0.000000000000000000e+00 0.000000000000000000e+00
8.988795280456542969e-01 0.000000000000000000e+00 0.000000000000000000e+00 0.000000000000000000e+00
9.192883372306823730e-01 0.000000000000000000e+00 0.000000000000000000e+00 0.000000000000000000e+00
9.396972060203552246e-01 0.000000000000000000e+00 0.000000000000000000e+00 0.000000000000000000e+00
9.601060152053833008e-01 0.000000000000000000e+00 0.000000000000000000e+00 0.000000000000000000e+00
9.805140495300292969e-01 0.000000000000000000e+00 0.000000000000000000e+00 0.000000000000000000e+00
1.000922918319702148e+00 0.000000000000000000e+00 0.000000000000000000e+00 0.000000000000000000e+00
1.021331787109375000e+00 0.000000000000000000e+00 0.000000000000000000e+00 0.000000000000000000e+00
1.041740536689758301e+00 0.000000000000000000e+00 0.000000000000000000e+00 0.000000000000000000e+00
1.062149405479431152e+00 0.000000000000000000e+00 0.000000000000000000e+00 0.000000000000000000e+00
1.082557439804077148e+00 0.000000000000000000e+00 0.000000000000000000e+00 0.000000000000000000e+00
1.102966308593750000e+00 0.000000000000000000e+00 0.000000000000000000e+00 0.000000000000000000e+00
1.123375177383422852e+00 0.000000000000000000e+00 0.000000000000000000e+00 0.000000000000000000e+00
1.143784046173095703e+00 0.000000000000000000e+00 0.000000000000000000e+00 0.000000000000000000e+00
1.164192795753479004e+00 0.000000000000000000e+00 0.000000000000000000e+00 0.000000000000000000e+00
1.225418567657470703e+00 0.000000000000000000e+00 0.000000000000000000e+00 0.000000000000000000e+00
1.245827436447143555e+00 0.000000000000000000e+00 0.000000000000000000e+00 0.000000000000000000e+00
1.266236186027526855e+00 0.000000000000000000e+00 0.000000000000000000e+00 0.000000000000000000e+00
1.286645054817199707e+00 0.000000000000000000e+00 0.000000000000000000e+00 0.000000000000000000e+00
1.307053923606872559e+00 0.000000000000000000e+00 0.000000000000000000e+00 0.000000000000000000e+00
1.388688445091247559e+00 0.000000000000000000e+00 0.000000000000000000e+00 0.000000000000000000e+00
1.409097313880920410e+00 0.000000000000000000e+00 0.000000000000000000e+00 0.000000000000000000e+00
1.470323085784912109e+00 0.000000000000000000e+00 0.000000000000000000e+00 0.000000000000000000e+00
1.490731835365295410e+00 0.000000000000000000e+00 0.000000000000000000e+00 0.000000000000000000e+00
1.511140704154968262e+00 0.000000000000000000e+00 0.000000000000000000e+00 0.000000000000000000e+00
1.531549572944641113e+00 0.000000000000000000e+00 0.000000000000000000e+00 0.000000000000000000e+00
1.633592963218688965e+00 3.588100891113281250e+02 3.588100891113281250e+02 0.000000000000000000e+00
1.654001832008361816e+00 3.836914672851562500e+02 3.836914672851562500e+02 0.000000000000000000e+00
1.674409866333007812e+00 4.655121765136718750e+02 4.655121765136718750e+02 0.000000000000000000e+00
1.694818615913391113e+00 5.767193603515625000e+02 5.767193603515625000e+02 0.000000000000000000e+00
1.715227484703063965e+00 7.173808593750000000e+02 7.173808593750000000e+02 0.000000000000000000e+00
1.735636353492736816e+00 8.461829223632812500e+02 8.461829223632812500e+02 0.000000000000000000e+00
1.756045222282409668e+00 9.324570312500000000e+02 9.324570312500000000e+02 0.000000000000000000e+00
1.776453256607055664e+00 9.931666259765625000e+02 9.931666259765625000e+02 0.000000000000000000e+00
1.796862125396728516e+00 9.992057495117187500e+02 9.992057495117187500e+02 0.000000000000000000e+00
1.817270874977111816e+00 9.550513916015625000e+02 9.550513916015625000e+02 0.000000000000000000e+00
1.878496646881103516e+00 9.245606079101562500e+02 9.245606079101562500e+02 0.000000000000000000e+00
1.898905515670776367e+00 9.045382690429687500e+02 9.045382690429687500e+02 0.000000000000000000e+00
1.919314265251159668e+00 8.818236083984375000e+02 8.818236083984375000e+02 0.000000000000000000e+00
1.939723134040832520e+00 8.589697265625000000e+02 8.589697265625000000e+02 0.000000000000000000e+00
1.960132002830505371e+00 8.414771118164062500e+02 8.414771118164062500e+02 0.000000000000000000e+00
1.980540871620178223e+00 8.303884887695312500e+02 8.303884887695312500e+02 0.000000000000000000e+00
2.000949621200561523e+00 8.225170898437500000e+02 8.225170898437500000e+02 0.000000000000000000e+00
2.021358489990234375e+00 8.159889526367187500e+02 8.159889526367187500e+02 0.000000000000000000e+00
2.041767358779907227e+00 8.107637939453125000e+02 8.107637939453125000e+02 0.000000000000000000e+00
2.102992296218872070e+00 7.822713012695312500e+02 7.820372924804687500e+02 2.340041399002075195e-01
2.143810033798217773e+00 7.892965698242187500e+02 7.883640747070312500e+02 9.324594140052795410e-01
2.245854139328002930e+00 7.987669067382812500e+02 7.973122558593750000e+02 1.454643487930297852e+00
2.286671876907348633e+00 8.434181518554687500e+02 8.417063598632812500e+02 1.711745262145996094e+00
2.307079076766967773e+00 8.749832763671875000e+02 8.731724853515625000e+02 1.810776472091674805e+00
2.368305683135986328e+00 8.804204711914062500e+02 8.773853149414062500e+02 3.035177230834960938e+00
2.409123182296752930e+00 8.718299560546875000e+02 8.684819946289062500e+02 3.347948789596557617e+00
2.429532051086425781e+00 8.195982055664062500e+02 8.168461303710937500e+02 2.752048254013061523e+00
2.531574726104736328e+00 9.323900756835937500e+02 8.122894287109375000e+02 1.201006011962890625e+02
2.572392463684082031e+00 9.388459472656250000e+02 8.147556152343750000e+02 1.240904464721679688e+02
2.592801332473754883e+00 9.382529907226562500e+02 8.134204101562500000e+02 1.248327331542968750e+02
2.613210201263427734e+00 9.403554077148437500e+02 8.139382934570312500e+02 1.264171905517578125e+02
2.633618831634521484e+00 9.528867797851562500e+02 8.235380859375000000e+02 1.293486328125000000e+02
2.654027700424194336e+00 9.671063842773437500e+02 8.343431396484375000e+02 1.327631988525390625e+02
2.674436569213867188e+00 9.793340454101562500e+02 8.458783569335937500e+02 1.334557342529296875e+02
2.694845438003540039e+00 1.009519653320312500e+03 8.763380126953125000e+02 1.331816864013671875e+02
2.715254306793212891e+00 9.899078979492187500e+02 8.485913696289062500e+02 1.413165588378906250e+02
2.735663175582885742e+00 1.004134277343750000e+03 8.693880004882812500e+02 1.347463836669921875e+02
2.837705612182617188e+00 1.024347290039062500e+03 8.760875854492187500e+02 1.482597503662109375e+02
2.858114480972290039e+00 1.017698486328125000e+03 8.710881347656250000e+02 1.466102752685546875e+02
2.878523349761962891e+00 1.033064941406250000e+03 8.807133789062500000e+02 1.523515319824218750e+02
3.123427867889404297e+00 1.065525878906250000e+03 9.124442138671875000e+02 1.530819549560546875e+02
3.143836736679077148e+00 1.068037963867187500e+03 9.107089233398437500e+02 1.573291931152343750e+02
3.245879411697387695e+00 1.081475219726562500e+03 9.034666748046875000e+02 1.780085296630859375e+02
3.429558992385864258e+00 1.128181762695312500e+03 9.576884155273437500e+02 1.704934234619140625e+02
3.449967861175537109e+00 1.121029052734375000e+03 9.457780151367187500e+02 1.752510375976562500e+02
3.674463510513305664e+00 1.153382446289062500e+03 9.687806396484375000e+02 1.846018218994140625e+02
3.715279340744018555e+00 1.163850830078125000e+03 9.755349121093750000e+02 1.883159484863281250e+02
3.735688209533691406e+00 1.169251342773437500e+03 9.810992431640625000e+02 1.881521759033203125e+02
3.837732553482055664e+00 1.189838500976562500e+03 9.958699951171875000e+02 1.939683685302734375e+02
3.858141422271728516e+00 1.196440551757812500e+03 1.002391174316406250e+03 1.940490112304687500e+02
3.960183858871459961e+00 1.203755737304687500e+03 1.007089416503906250e+03 1.966662445068359375e+02
4.103045940399169922e+00 1.236665893554687500e+03 1.040287475585937500e+03 1.963786773681640625e+02
4.205088615417480469e+00 1.243940429687500000e+03 1.047208251953125000e+03 1.967324523925781250e+02
4.225497245788574219e+00 1.239200073242187500e+03 1.044133178710937500e+03 1.950669097900390625e+02
4.245905876159667969e+00 1.247222778320312500e+03 1.050108764648437500e+03 1.971140747070312500e+02
4.266314983367919922e+00 1.248913452148437500e+03 1.050977172851562500e+03 1.979362182617187500e+02
4.286723613739013672e+00 1.249492553710937500e+03 1.051278808593750000e+03 1.982137908935546875e+02
4.307132720947265625e+00 1.252238403320312500e+03 1.055190185546875000e+03 1.970482177734375000e+02
4.429584026336669922e+00 1.280915161132812500e+03 1.082226074218750000e+03 1.986892395019531250e+02
4.592854976654052734e+00 1.301171875000000000e+03 1.100567749023437500e+03 2.006036682128906250e+02
4.756124019622802734e+00 1.308953735351562500e+03 1.106577148437500000e+03 2.023762817382812500e+02
4.796941757202148438e+00 1.317051391601562500e+03 1.112881347656250000e+03 2.041700744628906250e+02
4.817350387573242188e+00 1.320163818359375000e+03 1.116365966796875000e+03 2.037973327636718750e+02
4.837759494781494141e+00 1.314651245117187500e+03 1.111656372070312500e+03 2.029949188232421875e+02
4.858166694641113281e+00 1.329429931640625000e+03 1.125218872070312500e+03 2.042111816406250000e+02
4.898984432220458984e+00 1.333697387695312500e+03 1.128548706054687500e+03 2.051487426757812500e+02
4.919393062591552734e+00 1.338343017578125000e+03 1.131896118164062500e+03 2.064467315673828125e+02
4.939801692962646484e+00 1.343569580078125000e+03 1.136427490234375000e+03 2.071419982910156250e+02
4.960210800170898438e+00 1.348450927734375000e+03 1.140680175781250000e+03 2.077709808349609375e+02
4.980619430541992188e+00 1.350545898437500000e+03 1.145378540039062500e+03 2.051674652099609375e+02
5.001028537750244141e+00 1.352555908203125000e+03 1.145251831054687500e+03 2.073040618896484375e+02
5.021437168121337891e+00 1.353604858398437500e+03 1.146318115234375000e+03 2.072869567871093750e+02
5.041846275329589844e+00 1.351735351562500000e+03 1.145001586914062500e+03 2.067335815429687500e+02
5.103071212768554688e+00 1.359533325195312500e+03 1.151436035156250000e+03 2.080972595214843750e+02
5.123479843139648438e+00 1.359523925781250000e+03 1.151521850585937500e+03 2.080018768310546875e+02
5.143888473510742188e+00 1.361043823242187500e+03 1.152770507812500000e+03 2.082736511230468750e+02
5.164297580718994141e+00 1.364411010742187500e+03 1.154936279296875000e+03 2.094745941162109375e+02
5.184706211090087891e+00 1.366109375000000000e+03 1.157085083007812500e+03 2.090245056152343750e+02
5.205115318298339844e+00 1.367343139648437500e+03 1.158527221679687500e+03 2.088156127929687500e+02
5.307159423828125000e+00 1.378921752929687500e+03 1.169179687500000000e+03 2.097417907714843750e+02
5.409202098846435547e+00 1.387738891601562500e+03 1.179430664062500000e+03 2.083087158203125000e+02
5.429610729217529297e+00 1.390768676757812500e+03 1.182492675781250000e+03 2.082758483886718750e+02
5.470428466796875000e+00 1.398592285156250000e+03 1.190079956054687500e+03 2.085125122070312500e+02
5.490837574005126953e+00 1.402109008789062500e+03 1.193940185546875000e+03 2.081690368652343750e+02
5.511246204376220703e+00 1.403816162109375000e+03 1.195817260742187500e+03 2.079989776611328125e+02
5.613288879394531250e+00 1.412707763671875000e+03 1.204145019531250000e+03 2.085628662109375000e+02
5.633697509765625000e+00 1.414085449218750000e+03 1.205731933593750000e+03 2.083535766601562500e+02
5.654106616973876953e+00 1.415847900390625000e+03 1.207518920898437500e+03 2.083290710449218750e+02
5.694924354553222656e+00 1.418553100585937500e+03 1.210423950195312500e+03 2.081289825439453125e+02
5.715332984924316406e+00 1.420037231445312500e+03 1.212384643554687500e+03 2.076524963378906250e+02
5.735742092132568359e+00 1.420126098632812500e+03 1.210783569335937500e+03 2.093424987792968750e+02
5.776557922363281250e+00 1.422096191406250000e+03 1.214868286132812500e+03 2.072280120849609375e+02
5.796966552734375000e+00 1.422272216796875000e+03 1.215340332031250000e+03 2.069319305419921875e+02
5.817375659942626953e+00 1.421394287109375000e+03 1.213957153320312500e+03 2.074369812011718750e+02
5.837784290313720703e+00 1.422937255859375000e+03 1.215864013671875000e+03 2.070733795166015625e+02
5.919419765472412109e+00 1.427171142578125000e+03 1.220125610351562500e+03 2.070455627441406250e+02
5.939828872680664062e+00 1.428845581054687500e+03 1.221978881835937500e+03 2.068668518066406250e+02
5.960237503051757812e+00 1.430118896484375000e+03 1.223417724609375000e+03 2.067012939453125000e+02
5.980646133422851562e+00 1.443567504882812500e+03 1.237255249023437500e+03 2.063125762939453125e+02
6.001055240631103516e+00 1.434033935546875000e+03 1.227063720703125000e+03 2.069703369140625000e+02
6.021462440490722656e+00 1.441055297851562500e+03 1.230260009765625000e+03 2.107954711914062500e+02
6.041871070861816406e+00 1.438258300781250000e+03 1.231057128906250000e+03 2.072013549804687500e+02
6.103097915649414062e+00 1.444032104492187500e+03 1.236946533203125000e+03 2.070859222412109375e+02
6.123506546020507812e+00 1.445366699218750000e+03 1.238297119140625000e+03 2.070696105957031250e+02
6.143915653228759766e+00 1.447810058593750000e+03 1.240612792968750000e+03 2.071979827880859375e+02
6.164324283599853516e+00 1.449407348632812500e+03 1.242330444335937500e+03 2.070771789550781250e+02
6.266366958618164062e+00 1.458585937500000000e+03 1.251707153320312500e+03 2.068787384033203125e+02
6.327593326568603516e+00 1.464604980468750000e+03 1.256809570312500000e+03 2.077951812744140625e+02
6.348002433776855469e+00 1.465015380859375000e+03 1.257482788085937500e+03 2.075325775146484375e+02
6.409228801727294922e+00 1.470453369140625000e+03 1.260784179687500000e+03 2.096689910888671875e+02
6.450046539306640625e+00 1.469629882812500000e+03 1.261898681640625000e+03 2.077314605712890625e+02
6.470455169677734375e+00 1.470917114257812500e+03 1.263468139648437500e+03 2.074486846923828125e+02
6.490862369537353516e+00 1.533573242187500000e+03 1.326804199218750000e+03 2.067687530517578125e+02
6.511271476745605469e+00 1.472252807617187500e+03 1.264923339843750000e+03 2.073292999267578125e+02
6.531680107116699219e+00 1.473598388671875000e+03 1.265918701171875000e+03 2.076798400878906250e+02
6.592906951904296875e+00 1.477933349609375000e+03 1.270502197265625000e+03 2.074310455322265625e+02
6.613315582275390625e+00 1.471055053710937500e+03 1.262961547851562500e+03 2.080935668945312500e+02
6.756175994873046875e+00 1.483256958007812500e+03 1.276472412109375000e+03 2.067846069335937500e+02
6.776584625244140625e+00 1.485603637695312500e+03 1.281106323242187500e+03 2.044971313476562500e+02
6.796993732452392578e+00 1.481759765625000000e+03 1.277964111328125000e+03 2.037957458496093750e+02
6.817402362823486328e+00 1.486727416992187500e+03 1.282214843750000000e+03 2.045128784179687500e+02
6.837811470031738281e+00 1.488642822265625000e+03 1.284164428710937500e+03 2.044783325195312500e+02
6.858220100402832031e+00 1.490164916992187500e+03 1.286451416015625000e+03 2.037135162353515625e+02
6.878628730773925781e+00 1.490091796875000000e+03 1.286636840820312500e+03 2.034549407958984375e+02
6.919446468353271484e+00 1.494346679687500000e+03 1.290463867187500000e+03 2.038829803466796875e+02
6.939853668212890625e+00 1.494503662109375000e+03 1.290463623046875000e+03 2.040399932861328125e+02
6.960262775421142578e+00 1.490776611328125000e+03 1.287367675781250000e+03 2.034089355468750000e+02
6.980671405792236328e+00 1.500219848632812500e+03 1.297492675781250000e+03 2.027272338867187500e+02
7.001080513000488281e+00 1.498346557617187500e+03 1.294052368164062500e+03 2.042941741943359375e+02
7.021489143371582031e+00 1.498024047851562500e+03 1.294211914062500000e+03 2.038123779296875000e+02
7.041898250579833984e+00 1.499152587890625000e+03 1.294710449218750000e+03 2.044422760009765625e+02
7.062306880950927734e+00 1.499933959960937500e+03 1.295545043945312500e+03 2.043891296386718750e+02
7.082715511322021484e+00 1.496279785156250000e+03 1.292487792968750000e+03 2.037920379638671875e+02
7.103124618530273438e+00 1.501056518554687500e+03 1.297368408203125000e+03 2.036880035400390625e+02
7.123533248901367188e+00 1.502169311523437500e+03 1.298860229492187500e+03 2.033094024658203125e+02
7.143942356109619141e+00 1.502893188476562500e+03 1.299673461914062500e+03 2.032197723388671875e+02
7.164350986480712891e+00 1.504873657226562500e+03 1.301317504882812500e+03 2.035563812255859375e+02
7.184758186340332031e+00 1.505185302734375000e+03 1.302285888671875000e+03 2.028994445800781250e+02
7.205167293548583984e+00 1.506014648437500000e+03 1.303248657226562500e+03 2.027657623291015625e+02
7.225575923919677734e+00 1.506289062500000000e+03 1.304371582031250000e+03 2.019176025390625000e+02
7.245985031127929688e+00 1.508370483398437500e+03 1.306314208984375000e+03 2.020562133789062500e+02
7.307211399078369141e+00 1.509635498046875000e+03 1.307326416015625000e+03 2.023089141845703125e+02
7.327620029449462891e+00 1.514492675781250000e+03 1.307605712890625000e+03 2.068867340087890625e+02
7.348029136657714844e+00 1.510904663085937500e+03 1.308697875976562500e+03 2.022069549560546875e+02
7.368437767028808594e+00 1.511285400390625000e+03 1.309458984375000000e+03 2.018264160156250000e+02
7.388846874237060547e+00 1.512006103515625000e+03 1.310539916992187500e+03 2.014660186767578125e+02
7.409254074096679688e+00 1.513320800781250000e+03 1.312261474609375000e+03 2.010593414306640625e+02
7.429662704467773438e+00 1.514444335937500000e+03 1.313651123046875000e+03 2.007933349609375000e+02
7.450071811676025391e+00 1.511958251953125000e+03 1.310695068359375000e+03 2.012633056640625000e+02
7.470480442047119141e+00 1.516240478515625000e+03 1.315926635742187500e+03 2.003140411376953125e+02
7.490889549255371094e+00 1.516399169921875000e+03 1.316176391601562500e+03 2.002228393554687500e+02
7.511298179626464844e+00 1.517988281250000000e+03 1.318018188476562500e+03 1.999699859619140625e+02
7.531706809997558594e+00 1.518160888671875000e+03 1.318419799804687500e+03 1.997409362792968750e+02
7.552115917205810547e+00 1.518634033203125000e+03 1.319294799804687500e+03 1.993390960693359375e+02
7.572524547576904297e+00 1.518949096679687500e+03 1.319690795898437500e+03 1.992584991455078125e+02
7.592933654785156250e+00 1.517771484375000000e+03 1.318035278320312500e+03 1.997362060546875000e+02
7.613342285156250000e+00 1.519716796875000000e+03 1.320790771484375000e+03 1.989261322021484375e+02
7.633749485015869141e+00 1.520460571289062500e+03 1.321650268554687500e+03 1.988099975585937500e+02
7.654158592224121094e+00 1.520692138671875000e+03 1.321879394531250000e+03 1.988128051757812500e+02
7.674567222595214844e+00 1.521534057617187500e+03 1.323042968750000000e+03 1.984910583496093750e+02
7.694976329803466797e+00 1.521838500976562500e+03 1.323422851562500000e+03 1.984158630371093750e+02
7.715384960174560547e+00 1.522444946289062500e+03 1.324265991210937500e+03 1.981790008544921875e+02
7.776611328125000000e+00 1.524338256835937500e+03 1.324306152343750000e+03 2.000320434570312500e+02
7.797020435333251953e+00 1.525125732421875000e+03 1.325291748046875000e+03 1.998338623046875000e+02
7.817429065704345703e+00 1.484575927734375000e+03 1.293046264648437500e+03 1.915292968750000000e+02
7.837838172912597656e+00 1.464208740234375000e+03 1.273491577148437500e+03 1.907170867919921875e+02
7.858246803283691406e+00 1.461138061523437500e+03 1.270945800781250000e+03 1.901925354003906250e+02
7.878654003143310547e+00 1.528845214843750000e+03 1.330094604492187500e+03 1.987504577636718750e+02
7.899063110351562500e+00 1.529662353515625000e+03 1.331203979492187500e+03 1.984582519531250000e+02
7.960289478302001953e+00 1.532061889648437500e+03 1.334347534179687500e+03 1.977144775390625000e+02
7.980698108673095703e+00 1.532664428710937500e+03 1.335284667968750000e+03 1.973794250488281250e+02
8.001107215881347656e+00 1.533137939453125000e+03 1.336067504882812500e+03 1.970702362060546875e+02
8.021515846252441406e+00 1.533866455078125000e+03 1.336697143554687500e+03 1.971692657470703125e+02
8.164376258850097656e+00 1.538866210937500000e+03 1.342629028320312500e+03 1.962372436523437500e+02
8.205193519592285156e+00 1.540309814453125000e+03 1.344702636718750000e+03 1.956071166992187500e+02
8.225603103637695312e+00 1.474394531250000000e+03 1.284906127929687500e+03 1.894881896972656250e+02
8.266420364379882812e+00 1.541959106445312500e+03 1.346326782226562500e+03 1.956324310302734375e+02
8.286828994750976562e+00 1.542442260742187500e+03 1.347344116210937500e+03 1.950981292724609375e+02
8.388872146606445312e+00 1.543954589843750000e+03 1.350074707031250000e+03 1.938799591064453125e+02
8.409280776977539062e+00 1.544473144531250000e+03 1.350925903320312500e+03 1.935469818115234375e+02
8.429689407348632812e+00 1.545734497070312500e+03 1.352198974609375000e+03 1.935356292724609375e+02
8.450098037719726562e+00 1.546143066406250000e+03 1.353041015625000000e+03 1.931016998291015625e+02
8.470507621765136719e+00 1.546118774414062500e+03 1.353455078125000000e+03 1.926634368896484375e+02
8.490916252136230469e+00 1.546046020507812500e+03 1.354007934570312500e+03 1.920383605957031250e+02
8.511324882507324219e+00 1.546036743164062500e+03 1.354136352539062500e+03 1.919002838134765625e+02
8.531733512878417969e+00 1.546514160156250000e+03 1.354825439453125000e+03 1.916886138916015625e+02
8.552143096923828125e+00 1.589161621093750000e+03 1.397918945312500000e+03 1.912424621582031250e+02
8.572549819946289062e+00 1.547397827148437500e+03 1.356193847656250000e+03 1.912038421630859375e+02
8.592958450317382812e+00 1.547649291992187500e+03 1.356594482421875000e+03 1.910545043945312500e+02
8.613367080688476562e+00 1.548150634765625000e+03 1.357132202148437500e+03 1.910183868408203125e+02
8.695002555847167969e+00 1.549752197265625000e+03 1.357605834960937500e+03 1.921460723876953125e+02
8.756229400634765625e+00 1.551236206054687500e+03 1.359458740234375000e+03 1.917774810791015625e+02
8.797045707702636719e+00 1.552218261718750000e+03 1.360498657226562500e+03 1.917194213867187500e+02
8.817454338073730469e+00 1.586833374023437500e+03 1.395494995117187500e+03 1.913386077880859375e+02
8.858271598815917969e+00 1.600430664062500000e+03 1.409333374023437500e+03 1.910973358154296875e+02
8.878681182861328125e+00 1.552260742187500000e+03 1.361605712890625000e+03 1.906549224853515625e+02
9.021542549133300781e+00 1.553906738281250000e+03 1.365252441406250000e+03 1.886544036865234375e+02
9.041950225830078125e+00 1.553631591796875000e+03 1.364818725585937500e+03 1.888129730224609375e+02
9.062358856201171875e+00 1.554059326171875000e+03 1.365707519531250000e+03 1.883520202636718750e+02
9.082767486572265625e+00 1.553465942382812500e+03 1.365274414062500000e+03 1.881916046142578125e+02
9.103176116943359375e+00 1.553083862304687500e+03 1.364843261718750000e+03 1.882406463623046875e+02
9.143994331359863281e+00 1.554040649414062500e+03 1.366604736328125000e+03 1.874357452392578125e+02
9.266445159912109375e+00 1.562126098632812500e+03 1.369213256835937500e+03 1.929129333496093750e+02
9.286854743957519531e+00 1.553936523437500000e+03 1.367493041992187500e+03 1.864433441162109375e+02
9.307263374328613281e+00 1.553999877929687500e+03 1.367066650390625000e+03 1.869331817626953125e+02
9.327672004699707031e+00 1.562165283203125000e+03 1.375624633789062500e+03 1.865406188964843750e+02
9.348080635070800781e+00 1.557128662109375000e+03 1.371340820312500000e+03 1.857878570556640625e+02
9.368490219116210938e+00 1.559655273437500000e+03 1.373463989257812500e+03 1.861909484863281250e+02
9.388898849487304688e+00 1.560329589843750000e+03 1.374302978515625000e+03 1.860265655517578125e+02
9.409307479858398438e+00 1.560238891601562500e+03 1.375138549804687500e+03 1.851005859375000000e+02
9.429716110229492188e+00 1.560385864257812500e+03 1.375970336914062500e+03 1.844154663085937500e+02
9.450124740600585938e+00 1.561140869140625000e+03 1.376798461914062500e+03 1.843426361083984375e+02
9.470534324645996094e+00 1.560932006835937500e+03 1.377623168945312500e+03 1.833087463378906250e+02
9.490941047668457031e+00 1.560185424804687500e+03 1.377183349609375000e+03 1.830023040771484375e+02
9.511349678039550781e+00 1.560941040039062500e+03 1.378003540039062500e+03 1.829377593994140625e+02
9.531759262084960938e+00 1.561643920898437500e+03 1.378820312500000000e+03 1.828234252929687500e+02
9.552167892456054688e+00 1.562213623046875000e+03 1.379633666992187500e+03 1.825799865722656250e+02
9.572576522827148438e+00 1.562606323242187500e+03 1.380443481445312500e+03 1.821629791259765625e+02
9.592985153198242188e+00 1.563175415039062500e+03 1.381249755859375000e+03 1.819254150390625000e+02
9.613394737243652344e+00 1.562543701171875000e+03 1.380807739257812500e+03 1.817357635498046875e+02
9.633803367614746094e+00 1.563178955078125000e+03 1.381609863281250000e+03 1.815690002441406250e+02
9.654211997985839844e+00 1.563746459960937500e+03 1.382408569335937500e+03 1.813381347656250000e+02
9.674620628356933594e+00 1.561892700195312500e+03 1.380729614257812500e+03 1.811630249023437500e+02
9.695029258728027344e+00 1.562536254882812500e+03 1.381526855468750000e+03 1.810092773437500000e+02
9.715438842773437500e+00 1.563081054687500000e+03 1.382320922851562500e+03 1.807602844238281250e+02
9.735845565795898438e+00 1.563722778320312500e+03 1.383111694335937500e+03 1.806114196777343750e+02
9.756254196166992188e+00 1.561814208984375000e+03 1.381445190429687500e+03 1.803690338134765625e+02
9.776663780212402344e+00 1.562378295898437500e+03 1.382234375000000000e+03 1.801437835693359375e+02
9.797072410583496094e+00 1.562935424804687500e+03 1.383020141601562500e+03 1.799155273437500000e+02
9.817481040954589844e+00 1.563553344726562500e+03 1.383802856445312500e+03 1.797507171630859375e+02
9.837889671325683594e+00 1.561625244140625000e+03 1.382148681640625000e+03 1.794766387939453125e+02
9.858299255371093750e+00 1.562316284179687500e+03 1.382929931640625000e+03 1.793864746093750000e+02
9.878707885742187500e+00 1.562820312500000000e+03 1.383707763671875000e+03 1.791124572753906250e+02
9.899116516113281250e+00 1.562241333007812500e+03 1.383273193359375000e+03 1.789681243896484375e+02
9.919525146484375000e+00 1.561447387695312500e+03 1.382840576171875000e+03 1.786069793701171875e+02
9.939933776855468750e+00 1.562165649414062500e+03 1.383613891601562500e+03 1.785517272949218750e+02
9.960341453552246094e+00 1.561535400390625000e+03 1.383182617187500000e+03 1.783525848388671875e+02
9.980750083923339844e+00 1.562102783203125000e+03 1.383952026367187500e+03 1.781505889892578125e+02
1.000115871429443359e+01 1.561482299804687500e+03 1.383521606445312500e+03 1.779602813720703125e+02
1.002156829833984375e+01 1.562126708984375000e+03 1.384287109375000000e+03 1.778395843505859375e+02
1.004197692871093750e+01 1.561502441406250000e+03 1.383857666015625000e+03 1.776447143554687500e+02
1.006238555908203125e+01 1.562069824218750000e+03 1.384619384765625000e+03 1.774505615234375000e+02
1.008279418945312500e+01 1.561459960937500000e+03 1.384191162109375000e+03 1.772685852050781250e+02
1.012361240386962891e+01 1.561517700195312500e+03 1.383339477539062500e+03 1.781785278320312500e+02
1.014402103424072266e+01 1.562022583007812500e+03 1.384096069335937500e+03 1.779267425537109375e+02
1.016442966461181641e+01 1.562634155273437500e+03 1.383672241210937500e+03 1.789622192382812500e+02
1.018483734130859375e+01 1.560495971679687500e+03 1.383250366210937500e+03 1.772459564208984375e+02
1.020524597167968750e+01 1.560535034179687500e+03 1.384002807617187500e+03 1.765320892333984375e+02
1.022565460205078125e+01 1.558973876953125000e+03 1.382411132812500000e+03 1.765625762939453125e+02
1.024606323242187500e+01 1.561976562500000000e+03 1.385498413085937500e+03 1.764779205322265625e+02
1.026647281646728516e+01 1.560954711914062500e+03 1.385076049804687500e+03 1.758786315917968750e+02
1.028688144683837891e+01 1.561341186523437500e+03 1.385818725585937500e+03 1.755225219726562500e+02
1.030729007720947266e+01 1.560803955078125000e+03 1.385397338867187500e+03 1.754067077636718750e+02
1.032769870758056641e+01 1.560355224609375000e+03 1.384977661132812500e+03 1.753776397705078125e+02
1.034810733795166016e+01 1.560923095703125000e+03 1.385716064453125000e+03 1.752071685791015625e+02
1.036851692199707031e+01 1.561445556640625000e+03 1.386451904296875000e+03 1.749938201904296875e+02
1.038892555236816406e+01 1.560840576171875000e+03 1.386032348632812500e+03 1.748088684082031250e+02
1.040933418273925781e+01 1.560320922851562500e+03 1.385614746093750000e+03 1.747062225341796875e+02
1.042974185943603516e+01 1.559721557617187500e+03 1.385198852539062500e+03 1.745228424072265625e+02
1.045015048980712891e+01 1.560264404296875000e+03 1.385929931640625000e+03 1.743347778320312500e+02
1.047055912017822266e+01 1.560896728515625000e+03 1.386657958984375000e+03 1.742387847900390625e+02
1.049096775054931641e+01 1.560169433593750000e+03 1.386242187500000000e+03 1.739275665283203125e+02
1.051137733459472656e+01 1.560855468750000000e+03 1.386966918945312500e+03 1.738885650634765625e+02
1.053178596496582031e+01 1.559191528320312500e+03 1.385415527343750000e+03 1.737760162353515625e+02
1.055219459533691406e+01 1.559660156250000000e+03 1.386139038085937500e+03 1.735214080810546875e+02
1.057260322570800781e+01 1.559097290039062500e+03 1.385727661132812500e+03 1.733696899414062500e+02
1.059301185607910156e+01 1.559708984375000000e+03 1.386447753906250000e+03 1.732614288330078125e+02
1.061342144012451172e+01 1.560253295898437500e+03 1.387165039062500000e+03 1.730882720947265625e+02
1.063383007049560547e+01 1.559672119140625000e+03 1.386753784179687500e+03 1.729182586669921875e+02
1.065423679351806641e+01 1.559050903320312500e+03 1.386344604492187500e+03 1.727062225341796875e+02
1.067464637756347656e+01 1.559660766601562500e+03 1.387058105468750000e+03 1.726026611328125000e+02
1.069505500793457031e+01 1.559081665039062500e+03 1.386649536132812500e+03 1.724320831298828125e+02
1.071546363830566406e+01 1.558515380859375000e+03 1.386242553710937500e+03 1.722725830078125000e+02
1.073587226867675781e+01 1.559063964843750000e+03 1.386951904296875000e+03 1.721124114990234375e+02
1.075628089904785156e+01 1.558492797851562500e+03 1.386546020507812500e+03 1.719467926025390625e+02
1.077669048309326172e+01 1.558980712890625000e+03 1.387252319335937500e+03 1.717283020019531250e+02
1.079709911346435547e+01 1.558408081054687500e+03 1.386847167968750000e+03 1.715608673095703125e+02
1.081750774383544922e+01 1.559022460937500000e+03 1.387550292968750000e+03 1.714723510742187500e+02
1.083791637420654297e+01 1.559565185546875000e+03 1.388250610351562500e+03 1.713141937255859375e+02
1.085832595825195312e+01 1.557824218750000000e+03 1.386743652343750000e+03 1.710803985595703125e+02
1.087873268127441406e+01 1.558439941406250000e+03 1.387442993164062500e+03 1.709969787597656250e+02
1.089914131164550781e+01 1.557812011718750000e+03 1.387041503906250000e+03 1.707705230712890625e+02
1.091955089569091797e+01 1.558350708007812500e+03 1.387737670898437500e+03 1.706129455566406250e+02
1.093995952606201172e+01 1.558822021484375000e+03 1.388431030273437500e+03 1.703905944824218750e+02
1.096036815643310547e+01 1.558323120117187500e+03 1.388029907226562500e+03 1.702928771972656250e+02
1.098077678680419922e+01 1.558806274414062500e+03 1.388720214843750000e+03 1.700860748291015625e+02
1.100118541717529297e+01 1.559385131835937500e+03 1.389408081054687500e+03 1.699771270751953125e+02
1.102159500122070312e+01 1.558824829101562500e+03 1.389007324218750000e+03 1.698175201416015625e+02
1.104200363159179688e+01 1.559276855468750000e+03 1.389692016601562500e+03 1.695849304199218750e+02
1.106241226196289062e+01 1.558849121093750000e+03 1.389292236328125000e+03 1.695569763183593750e+02
1.108282089233398438e+01 1.558228271484375000e+03 1.388893798828125000e+03 1.693346252441406250e+02
1.110323047637939453e+01 1.558742675781250000e+03 1.389574951171875000e+03 1.691678924560546875e+02
1.112363719940185547e+01 1.558176757812500000e+03 1.389177734375000000e+03 1.689989776611328125e+02
1.114404582977294922e+01 1.558627685546875000e+03 1.389855957031250000e+03 1.687720794677734375e+02
1.116445541381835938e+01 1.558133666992187500e+03 1.389459472656250000e+03 1.686740722656250000e+02
1.118486404418945312e+01 1.558649536132812500e+03 1.390134643554687500e+03 1.685150909423828125e+02
1.120527267456054688e+01 1.558086303710937500e+03 1.389739135742187500e+03 1.683473358154296875e+02
1.122568130493164062e+01 1.558525756835937500e+03 1.390411254882812500e+03 1.681145324707031250e+02
1.124608993530273438e+01 1.558036132812500000e+03 1.390016723632812500e+03 1.680194091796875000e+02
1.126649951934814453e+01 1.558486450195312500e+03 1.390686035156250000e+03 1.678002929687500000e+02
1.128690814971923828e+01 1.557922851562500000e+03 1.390292236328125000e+03 1.676307220458984375e+02
1.130731678009033203e+01 1.558422485351562500e+03 1.390958618164062500e+03 1.674640045166015625e+02
1.142976856231689453e+01 1.574623413085937500e+03 1.404331909179687500e+03 1.702914886474609375e+02
1.145017719268798828e+01 1.555240966796875000e+03 1.388239135742187500e+03 1.670018005371093750e+02
1.147058582305908203e+01 1.555125122070312500e+03 1.387856079101562500e+03 1.672691192626953125e+02
1.155222129821777344e+01 1.553612792968750000e+03 1.387373901367187500e+03 1.662389221191406250e+02
1.161344623565673828e+01 1.554187133789062500e+03 1.388305053710937500e+03 1.658822174072265625e+02
1.163385486602783203e+01 1.554607055664062500e+03 1.387927246093750000e+03 1.666800231933593750e+02
1.165426349639892578e+01 1.552965209960937500e+03 1.387550781250000000e+03 1.654144592285156250e+02
1.169508171081542969e+01 1.552981933593750000e+03 1.387825439453125000e+03 1.651565551757812500e+02
1.183794212341308594e+01 1.539009399414062500e+03 1.378154907226562500e+03 1.608547821044921875e+02
1.185835075378417969e+01 1.543341308593750000e+03 1.382848754882812500e+03 1.604929199218750000e+02
1.187875938415527344e+01 1.552062133789062500e+03 1.386518798828125000e+03 1.655435485839843750e+02
1.196039485931396484e+01 1.544908447265625000e+03 1.381058227539062500e+03 1.638503875732421875e+02
1.198080348968505859e+01 1.549413208007812500e+03 1.385698974609375000e+03 1.637143554687500000e+02
1.200121307373046875e+01 1.548386840820312500e+03 1.385337280273437500e+03 1.630496368408203125e+02
1.202162170410156250e+01 1.548801635742187500e+03 1.385972412109375000e+03 1.628292999267578125e+02
1.204202842712402344e+01 1.550730712890625000e+03 1.386605590820312500e+03 1.641249847412109375e+02
1.206243801116943359e+01 1.549501708984375000e+03 1.387236450195312500e+03 1.622652740478515625e+02
1.208284664154052734e+01 1.548993041992187500e+03 1.386874633789062500e+03 1.621181793212890625e+02
1.210325527191162109e+01 1.548366577148437500e+03 1.386513916015625000e+03 1.618526458740234375e+02
1.214407253265380859e+01 1.547712646484375000e+03 1.385796142578125000e+03 1.619163513183593750e+02
1.216448211669921875e+01 1.547179443359375000e+03 1.385439208984375000e+03 1.617404785156250000e+02
1.220529937744140625e+01 1.546849243164062500e+03 1.385709350585937500e+03 1.611396484375000000e+02
1.226652622222900391e+01 1.546016601562500000e+03 1.385623168945312500e+03 1.603934020996093750e+02
1.228693294525146484e+01 1.545978759765625000e+03 1.386244384765625000e+03 1.597347106933593750e+02
1.232775115966796875e+01 1.545620117187500000e+03 1.385538330078125000e+03 1.600815734863281250e+02
1.234815979003906250e+01 1.544925048828125000e+03 1.385187011718750000e+03 1.597384338378906250e+02
1.236856842041015625e+01 1.544458496093750000e+03 1.384836791992187500e+03 1.596219940185546875e+02
1.238897705078125000e+01 1.543992675781250000e+03 1.384487792968750000e+03 1.595051422119140625e+02
1.240938663482666016e+01 1.543675415039062500e+03 1.384139892578125000e+03 1.595352630615234375e+02
1.247061252593994141e+01 1.543291381835937500e+03 1.384063110351562500e+03 1.592282562255859375e+02
1.253183746337890625e+01 1.542141845703125000e+03 1.383031982421875000e+03 1.591096954345703125e+02
1.255224609375000000e+01 1.542070312500000000e+03 1.382690429687500000e+03 1.593796691894531250e+02
1.257265567779541016e+01 1.541639526367187500e+03 1.382349975585937500e+03 1.592895050048828125e+02
1.261347293853759766e+01 1.540662109375000000e+03 1.383570312500000000e+03 1.570916748046875000e+02
1.271551704406738281e+01 1.539633666992187500e+03 1.381880371093750000e+03 1.577532653808593750e+02
1.273592472076416016e+01 1.540612304687500000e+03 1.383425415039062500e+03 1.571869659423828125e+02
1.277674198150634766e+01 1.539044799804687500e+03 1.381816162109375000e+03 1.572288208007812500e+02
1.283796882629394531e+01 1.538478027343750000e+03 1.381752563476562500e+03 1.567253570556640625e+02
1.285837745666503906e+01 1.529073242187500000e+03 1.372112426757812500e+03 1.569606170654296875e+02
1.289919567108154297e+01 1.537505981445312500e+03 1.380761718750000000e+03 1.567444000244140625e+02
1.291960430145263672e+01 1.538181396484375000e+03 1.381359863281250000e+03 1.568214721679687500e+02
1.298082923889160156e+01 1.537786254882812500e+03 1.381299316406250000e+03 1.564869995117187500e+02
1.300123786926269531e+01 1.537159423828125000e+03 1.380972290039062500e+03 1.561869659423828125e+02
1.310328197479248047e+01 1.536639526367187500e+03 1.381179443359375000e+03 1.554602203369140625e+02
1.312369060516357422e+01 1.536251708984375000e+03 1.380855712890625000e+03 1.553959655761718750e+02
1.314409923553466797e+01 1.535714599609375000e+03 1.380532836914062500e+03 1.551818389892578125e+02
1.316450881958007812e+01 1.535462158203125000e+03 1.380211181640625000e+03 1.552508392333984375e+02
1.318491744995117188e+01 1.536584472656250000e+03 1.381705932617187500e+03 1.548787536621093750e+02
1.320532417297363281e+01 1.536072387695312500e+03 1.381383544921875000e+03 1.546887512207031250e+02
1.328695964813232422e+01 1.533444702148437500e+03 1.379202270507812500e+03 1.542422485351562500e+02
1.330736923217773438e+01 1.532868286132812500e+03 1.378885986328125000e+03 1.539820861816406250e+02
1.332777786254882812e+01 1.532315063476562500e+03 1.378570678710937500e+03 1.537446594238281250e+02
1.334818649291992188e+01 1.532909179687500000e+03 1.379153198242187500e+03 1.537559509277343750e+02
1.336859512329101562e+01 1.532837158203125000e+03 1.379733642578125000e+03 1.531036529541015625e+02
1.338900375366210938e+01 1.532412353515625000e+03 1.379418579101562500e+03 1.529939880371093750e+02
1.340941333770751953e+01 1.531848388671875000e+03 1.377319091796875000e+03 1.545294189453125000e+02
1.342982006072998047e+01 1.485177612304687500e+03 1.332445312500000000e+03 1.527324829101562500e+02
1.345022869110107422e+01 1.529166259765625000e+03 1.376699096679687500e+03 1.524674530029296875e+02
1.347063827514648438e+01 1.527706420898437500e+03 1.375501953125000000e+03 1.522047424316406250e+02
1.349104690551757812e+01 1.528084472656250000e+03 1.376082763671875000e+03 1.520016479492187500e+02
1.351145553588867188e+01 1.529407714843750000e+03 1.377547729492187500e+03 1.518600769042968750e+02
1.353186416625976562e+01 1.529797119140625000e+03 1.378123779296875000e+03 1.516734161376953125e+02
1.355227375030517578e+01 1.530171508789062500e+03 1.378697998046875000e+03 1.514737701416015625e+02
1.357268238067626953e+01 1.529745361328125000e+03 1.378388671875000000e+03 1.513569641113281250e+02
1.359309101104736328e+01 1.529315917968750000e+03 1.378080322265625000e+03 1.512355499267578125e+02
1.361350059509277344e+01 1.528768920898437500e+03 1.377772827148437500e+03 1.509962158203125000e+02
1.363390827178955078e+01 1.542338500976562500e+03 1.391513183593750000e+03 1.508255462646484375e+02
1.365431785583496094e+01 1.528812255859375000e+03 1.378037231445312500e+03 1.507750854492187500e+02
1.367472553253173828e+01 1.528389892578125000e+03 1.377731201171875000e+03 1.506586914062500000e+02
1.369513320922851562e+01 1.527973510742187500e+03 1.377426269531250000e+03 1.505472106933593750e+02
1.371554279327392578e+01 1.527560913085937500e+03 1.377121948242187500e+03 1.504388275146484375e+02
1.373595046997070312e+01 1.527139282226562500e+03 1.376818847656250000e+03 1.503201293945312500e+02
1.375636100769042969e+01 1.527598999023437500e+03 1.377386352539062500e+03 1.502128143310546875e+02
1.377676773071289062e+01 1.527126831054687500e+03 1.377083740234375000e+03 1.500428924560546875e+02
1.379717826843261719e+01 1.526721069335937500e+03 1.376781616210937500e+03 1.499393920898437500e+02
1.381758594512939453e+01 1.526319335937500000e+03 1.376480712890625000e+03 1.498388977050781250e+02
1.383799648284912109e+01 1.525865234375000000e+03 1.376180419921875000e+03 1.496848297119140625e+02
1.385840320587158203e+01 1.526324951171875000e+03 1.376744995117187500e+03 1.495800323486328125e+02
1.387881374359130859e+01 1.525963989257812500e+03 1.376445312500000000e+03 1.495189514160156250e+02
1.389922142028808594e+01 1.525469970703125000e+03 1.376146606445312500e+03 1.493233337402343750e+02
1.391962814331054688e+01 1.524214599609375000e+03 1.374989013671875000e+03 1.492257080078125000e+02
1.394003868103027344e+01 1.523776000976562500e+03 1.374693115234375000e+03 1.490829315185546875e+02
1.396044635772705078e+01 1.524247314453125000e+03 1.375255859375000000e+03 1.489914703369140625e+02
1.398085689544677734e+01 1.523808471679687500e+03 1.374960327148437500e+03 1.488482513427734375e+02
1.400126361846923828e+01 1.523376586914062500e+03 1.374666137695312500e+03 1.487107238769531250e+02
1.402167415618896484e+01 1.522987426757812500e+03 1.374372436523437500e+03 1.486151123046875000e+02
1.404208183288574219e+01 1.522563598632812500e+03 1.374079956054687500e+03 1.484834136962890625e+02
1.406249237060546875e+01 1.522143188476562500e+03 1.373787719726562500e+03 1.483555755615234375e+02
1.408289909362792969e+01 1.521722656250000000e+03 1.373496948242187500e+03 1.482256927490234375e+02
1.410330963134765625e+01 1.521302246093750000e+03 1.373206665039062500e+03 1.480955047607421875e+02
1.412371635437011719e+01 1.520942382812500000e+03 1.372917480468750000e+03 1.480247344970703125e+02
1.414412403106689453e+01 1.520531372070312500e+03 1.372629028320312500e+03 1.479021911621093750e+02
1.416453456878662109e+01 1.520110839843750000e+03 1.372341308593750000e+03 1.477694091796875000e+02
1.418494129180908203e+01 1.519715332031250000e+03 1.372054687500000000e+03 1.476606750488281250e+02
1.420535182952880859e+01 1.519348510742187500e+03 1.371768554687500000e+03 1.475803680419921875e+02
1.422575950622558594e+01 1.519746582031250000e+03 1.372324707031250000e+03 1.474221496582031250e+02
1.424617004394531250e+01 1.518556884765625000e+03 1.371198730468750000e+03 1.473581085205078125e+02
1.426657676696777344e+01 1.518152221679687500e+03 1.370915405273437500e+03 1.472367248535156250e+02
1.428698730468750000e+01 1.517759155273437500e+03 1.370632568359375000e+03 1.471269989013671875e+02
1.430739498138427734e+01 1.518243896484375000e+03 1.371187255859375000e+03 1.470566711425781250e+02
1.432780551910400391e+01 1.517012451171875000e+03 1.370069458007812500e+03 1.469429779052734375e+02
1.434821224212646484e+01 1.516673706054687500e+03 1.369789306640625000e+03 1.468844451904296875e+02
1.436861991882324219e+01 1.516226806640625000e+03 1.369509887695312500e+03 1.467169189453125000e+02
1.438903045654296875e+01 1.516712768554687500e+03 1.370062866210937500e+03 1.466500396728515625e+02
1.440943717956542969e+01 1.516272949218750000e+03 1.369783935546875000e+03 1.464891510009765625e+02
1.442984771728515625e+01 1.515092773437500000e+03 1.368675903320312500e+03 1.464167938232421875e+02
1.445025539398193359e+01 1.514702880859375000e+03 1.368399536132812500e+03 1.463030700683593750e+02
1.447066593170166016e+01 1.515183593750000000e+03 1.368950927734375000e+03 1.462327117919921875e+02
1.449107265472412109e+01 1.514787719726562500e+03 1.368675048828125000e+03 1.461130371093750000e+02
1.451148319244384766e+01 1.513623168945312500e+03 1.367574951171875000e+03 1.460485076904296875e+02
1.453189086914062500e+01 1.513272827148437500e+03 1.367301757812500000e+03 1.459715118408203125e+02
1.455230045318603516e+01 1.513651977539062500e+03 1.367851562500000000e+03 1.458005981445312500e+02
1.457270812988281250e+01 1.513302368164062500e+03 1.367578857421875000e+03 1.457238311767578125e+02
1.459311580657958984e+01 1.512908447265625000e+03 1.367306884765625000e+03 1.456018218994140625e+02
1.461352539062500000e+01 1.511739746093750000e+03 1.366216308593750000e+03 1.455233612060546875e+02
1.463393306732177734e+01 1.512163208007812500e+03 1.366764770507812500e+03 1.453985137939453125e+02
1.465434360504150391e+01 1.511814208984375000e+03 1.366494750976562500e+03 1.453195648193359375e+02
1.467475032806396484e+01 1.511418212890625000e+03 1.366225830078125000e+03 1.451924438476562500e+02
1.469516086578369141e+01 1.511073730468750000e+03 1.365957275390625000e+03 1.451164855957031250e+02
1.471556854248046875e+01 1.510626098632812500e+03 1.365689819335937500e+03 1.449366912841796875e+02
1.473597908020019531e+01 1.510333129882812500e+03 1.365422729492187500e+03 1.449105987548828125e+02
1.475638580322265625e+01 1.509937255859375000e+03 1.365156738281250000e+03 1.447805786132812500e+02
1.477679634094238281e+01 1.509539794921875000e+03 1.364891235351562500e+03 1.446485290527343750e+02
1.479720401763916016e+01 1.509208862304687500e+03 1.364626708984375000e+03 1.445821990966796875e+02
1.481761455535888672e+01 1.508815551757812500e+03 1.364362426757812500e+03 1.444531860351562500e+02
1.483802127838134766e+01 1.508477539062500000e+03 1.364099365234375000e+03 1.443779602050781250e+02
1.485842895507812500e+01 1.508895385742187500e+03 1.364642578125000000e+03 1.442530670166015625e+02
1.487883949279785156e+01 1.507706298828125000e+03 1.363575073242187500e+03 1.441311340332031250e+02
1.489924621582031250e+01 1.507326171875000000e+03 1.363314086914062500e+03 1.440120544433593750e+02
1.491965675354003906e+01 1.506988891601562500e+03 1.363053588867187500e+03 1.439352569580078125e+02
1.494006443023681641e+01 1.506659423828125000e+03 1.362794189453125000e+03 1.438649597167968750e+02
1.496047496795654297e+01 1.506282470703125000e+03 1.362535156250000000e+03 1.437474212646484375e+02
1.498088169097900391e+01 1.505911132812500000e+03 1.362276977539062500e+03 1.436340026855468750e+02
1.500129222869873047e+01 1.506339111328125000e+03 1.362817260742187500e+03 1.435215759277343750e+02
1.502169895172119141e+01 1.505222656250000000e+03 1.361762695312500000e+03 1.434602355957031250e+02
1.504210948944091797e+01 1.504806640625000000e+03 1.361506469726562500e+03 1.433001708984375000e+02
1.506251716613769531e+01 1.505288452148437500e+03 1.362045654296875000e+03 1.432428894042968750e+02
1.508292388916015625e+01 1.504180053710937500e+03 1.360996337890625000e+03 1.431836547851562500e+02
1.510333442687988281e+01 1.503728149414062500e+03 1.360742187500000000e+03 1.429860229492187500e+02
1.512374210357666016e+01 1.503468383789062500e+03 1.360489013671875000e+03 1.429791564941406250e+02
1.514415264129638672e+01 1.503108032226562500e+03 1.360236083984375000e+03 1.428722991943359375e+02
1.516455936431884766e+01 1.502756713867187500e+03 1.359984252929687500e+03 1.427723693847656250e+02
1.518496990203857422e+01 1.502405273437500000e+03 1.359732788085937500e+03 1.426722564697265625e+02
1.520537757873535156e+01 1.502849487304687500e+03 1.360269531250000000e+03 1.425797424316406250e+02
1.522578811645507812e+01 1.501757324218750000e+03 1.359232177734375000e+03 1.425251312255859375e+02
1.524619483947753906e+01 1.501369995117187500e+03 1.358982910156250000e+03 1.423871917724609375e+02
1.526660537719726562e+01 1.501078369140625000e+03 1.358734130859375000e+03 1.423440246582031250e+02
1.528701305389404297e+01 1.500684814453125000e+03 1.358486328125000000e+03 1.421983795166015625e+02
1.530741977691650391e+01 1.500387084960937500e+03 1.358239135742187500e+03 1.421483306884765625e+02
1.532783031463623047e+01 1.500048217773437500e+03 1.357992187500000000e+03 1.420560302734375000e+02
1.534823799133300781e+01 1.499706542968750000e+03 1.357746459960937500e+03 1.419603424072265625e+02
1.536864852905273438e+01 1.499418701171875000e+03 1.357500976562500000e+03 1.419181823730468750e+02
1.538905525207519531e+01 1.499078491210937500e+03 1.357256347656250000e+03 1.418220520019531250e+02
1.540946578979492188e+01 1.499516113281250000e+03 1.357788940429687500e+03 1.417276611328125000e+02
1.542987346649169922e+01 1.498401000976562500e+03 1.356768920898437500e+03 1.416323547363281250e+02
1.545028305053710938e+01 1.498064575195312500e+03 1.356525878906250000e+03 1.415388488769531250e+02
1.547069072723388672e+01 1.498497924804687500e+03 1.357057617187500000e+03 1.414406890869140625e+02
1.549109745025634766e+01 1.497429199218750000e+03 1.356042480468750000e+03 1.413871612548828125e+02
1.551150798797607422e+01 1.497095947265625000e+03 1.355801513671875000e+03 1.412946166992187500e+02
1.553191566467285156e+01 1.496752075195312500e+03 1.355561523437500000e+03 1.411908416748046875e+02
1.555232620239257812e+01 1.496418579101562500e+03 1.355321777343750000e+03 1.410969848632812500e+02
1.557273292541503906e+01 1.496073242187500000e+03 1.355082885742187500e+03 1.409904632568359375e+02
1.559314346313476562e+01 1.495732055664062500e+03 1.354844482421875000e+03 1.408876495361328125e+02
1.561355113983154297e+01 1.496157104492187500e+03 1.355373535156250000e+03 1.407837982177734375e+02
1.563395786285400391e+01 1.495098754882812500e+03 1.354369995117187500e+03 1.407291107177734375e+02
1.565436840057373047e+01 1.494805053710937500e+03 1.354133178710937500e+03 1.406725769042968750e+02
1.567477607727050781e+01 1.495181884765625000e+03 1.354661132812500000e+03 1.405209045410156250e+02
1.569518661499023438e+01 1.494127441406250000e+03 1.353662109375000000e+03 1.404659729003906250e+02
1.571559333801269531e+01 1.493739868164062500e+03 1.353427612304687500e+03 1.403124542236328125e+02
1.573600387573242188e+01 1.494199340820312500e+03 1.353954101562500000e+03 1.402454223632812500e+02
1.575641155242919922e+01 1.493146240234375000e+03 1.352960205078125000e+03 1.401864624023437500e+02
1.577682209014892578e+01 1.492765136718750000e+03 1.352727294921875000e+03 1.400382995605468750e+02
1.579722881317138672e+01 1.493184326171875000e+03 1.353252929687500000e+03 1.399314422607421875e+02
1.581763935089111328e+01 1.492089599609375000e+03 1.352263427734375000e+03 1.398262634277343750e+02
1.583804702758789062e+01 1.491753906250000000e+03 1.352032348632812500e+03 1.397216339111328125e+02
1.585845661163330078e+01 1.492161499023437500e+03 1.352556640625000000e+03 1.396051177978515625e+02
1.587886428833007812e+01 1.491094848632812500e+03 1.351572265625000000e+03 1.395226440429687500e+02
1.589927196502685547e+01 1.490796630859375000e+03 1.351343139648437500e+03 1.394537048339843750e+02
1.591968154907226562e+01 1.490425659179687500e+03 1.351114257812500000e+03 1.393119506835937500e+02
1.594008922576904297e+01 1.490144042968750000e+03 1.350886352539062500e+03 1.392581176757812500e+02
1.596049976348876953e+01 1.489774169921875000e+03 1.350658813476562500e+03 1.391155395507812500e+02
1.598090648651123047e+01 1.489450073242187500e+03 1.350432006835937500e+03 1.390185852050781250e+02
1.600131797790527344e+01 1.489170166015625000e+03 1.350205444335937500e+03 1.389648437500000000e+02
1.602172470092773438e+01 1.488056884765625000e+03 1.349232788085937500e+03 1.388239288330078125e+02
1.604213523864746094e+01 1.488530639648437500e+03 1.349754638671875000e+03 1.387761688232421875e+02
1.606254196166992188e+01 1.488206176757812500e+03 1.349530151367187500e+03 1.386761932373046875e+02
1.608295249938964844e+01 1.487185424804687500e+03 1.348561767578125000e+03 1.386240234375000000e+02
1.610335922241210938e+01 1.487582885742187500e+03 1.349082519531250000e+03 1.385002593994140625e+02
1.612376785278320312e+01 1.486493530273437500e+03 1.348117431640625000e+03 1.383764038085937500e+02
1.614417839050292969e+01 1.486175659179687500e+03 1.347895874023437500e+03 1.382798156738281250e+02
1.616458511352539062e+01 1.486616333007812500e+03 1.348415649414062500e+03 1.382007598876953125e+02
1.618499565124511719e+01 1.485576782226562500e+03 1.347454711914062500e+03 1.381221466064453125e+02
1.620540237426757812e+01 1.485277465820312500e+03 1.347235229492187500e+03 1.380424346923828125e+02
1.622581291198730469e+01 1.484981445312500000e+03 1.347015869140625000e+03 1.379654235839843750e+02
1.624621963500976562e+01 1.484683593750000000e+03 1.346797485351562500e+03 1.378861999511718750e+02
1.626663017272949219e+01 1.483650390625000000e+03 1.345843383789062500e+03 1.378072814941406250e+02
1.628703880310058594e+01 1.484090087890625000e+03 1.346361694335937500e+03 1.377283630371093750e+02
1.630744743347167969e+01 1.483796386718750000e+03 1.346144653320312500e+03 1.376517791748046875e+02
1.632785606384277344e+01 1.483459472656250000e+03 1.345928344726562500e+03 1.375308074951171875e+02
1.634826278686523438e+01 1.483165283203125000e+03 1.345712524414062500e+03 1.374528045654296875e+02
1.636867332458496094e+01 1.482184570312500000e+03 1.344765747070312500e+03 1.374192352294921875e+02
1.638908004760742188e+01 1.482595825195312500e+03 1.345282348632812500e+03 1.373136596679687500e+02
1.640949058532714844e+01 1.482303955078125000e+03 1.345067993164062500e+03 1.372358551025390625e+02
1.642989730834960938e+01 1.481270141601562500e+03 1.344125854492187500e+03 1.371439971923828125e+02
1.645030784606933594e+01 1.481710449218750000e+03 1.344640991210937500e+03 1.370695190429687500e+02
1.647071647644042969e+01 1.480738159179687500e+03 1.343701660156250000e+03 1.370364074707031250e+02
1.649112701416015625e+01 1.480390258789062500e+03 1.343490234375000000e+03 1.369000396728515625e+02
1.651153373718261719e+01 1.480828857421875000e+03 1.344004516601562500e+03 1.368241882324218750e+02
1.653194427490234375e+01 1.479817138671875000e+03 1.343069091796875000e+03 1.367480163574218750e+02
1.655235099792480469e+01 1.479515747070312500e+03 1.342859619140625000e+03 1.366562347412109375e+02
1.657275772094726562e+01 1.479938232421875000e+03 1.343372802734375000e+03 1.365652008056640625e+02
1.659316825866699219e+01 1.478876098632812500e+03 1.342441772460937500e+03 1.364342041015625000e+02
1.661357688903808594e+01 1.478618652343750000e+03 1.342233642578125000e+03 1.363851470947265625e+02
1.663398742675781250e+01 1.478378784179687500e+03 1.342025878906250000e+03 1.363527374267578125e+02
1.665439414978027344e+01 1.478083129882812500e+03 1.341818847656250000e+03 1.362642517089843750e+02
1.667480468750000000e+01 1.478505493164062500e+03 1.342329956054687500e+03 1.361756286621093750e+02
1.669521141052246094e+01 1.477473266601562500e+03 1.341406005859375000e+03 1.360671997070312500e+02
1.671562194824218750e+01 1.477179321289062500e+03 1.341200195312500000e+03 1.359792327880859375e+02
1.673602867126464844e+01 1.477581665039062500e+03 1.341710449218750000e+03 1.358710632324218750e+02
1.675643920898437500e+01 1.476557617187500000e+03 1.340790527343750000e+03 1.357673339843750000e+02
1.677684593200683594e+01 1.476249145507812500e+03 1.340586547851562500e+03 1.356626281738281250e+02
1.679725456237792969e+01 1.475985229492187500e+03 1.340382934570312500e+03 1.356023254394531250e+02
1.681766510009765625e+01 1.475634887695312500e+03 1.340179687500000000e+03 1.354554443359375000e+02
1.683807182312011719e+01 1.476081787109375000e+03 1.340688110351562500e+03 1.353938751220703125e+02
1.685848236083984375e+01 1.475023559570312500e+03 1.339775024414062500e+03 1.352482452392578125e+02
1.687888908386230469e+01 1.474745483398437500e+03 1.339573242187500000e+03 1.351724700927734375e+02
1.689929962158203125e+01 1.474439941406250000e+03 1.339371948242187500e+03 1.350677947998046875e+02
1.691970634460449219e+01 1.474135253906250000e+03 1.339171386718750000e+03 1.349638824462890625e+02
1.694011688232421875e+01 1.473876220703125000e+03 1.338971069335937500e+03 1.349051361083984375e+02
1.696052551269531250e+01 1.473558227539062500e+03 1.338771484375000000e+03 1.347867584228515625e+02
1.698093605041503906e+01 1.473256469726562500e+03 1.338572021484375000e+03 1.346847686767578125e+02
1.700134277343750000e+01 1.472251220703125000e+03 1.337669433593750000e+03 1.345821533203125000e+02
1.702175331115722656e+01 1.472697387695312500e+03 1.338175048828125000e+03 1.345223541259765625e+02
1.704216003417968750e+01 1.472355346679687500e+03 1.337977294921875000e+03 1.343783569335937500e+02
1.706256675720214844e+01 1.472100097656250000e+03 1.337780029296875000e+03 1.343201141357421875e+02
1.708297729492187500e+01 1.471801391601562500e+03 1.337583129882812500e+03 1.342183532714843750e+02
1.710338592529296875e+01 1.470802856445312500e+03 1.336687011718750000e+03 1.341155700683593750e+02
1.712379646301269531e+01 1.471248535156250000e+03 1.337190551757812500e+03 1.340581970214843750e+02
1.714420318603515625e+01 1.470213500976562500e+03 1.336297119140625000e+03 1.339162597656250000e+02
1.716461372375488281e+01 1.469975219726562500e+03 1.336102783203125000e+03 1.338725738525390625e+02
1.718502044677734375e+01 1.469723632812500000e+03 1.335909301757812500e+03 1.338144226074218750e+02
1.720543098449707031e+01 1.469403076171875000e+03 1.335715942382812500e+03 1.336874542236328125e+02
1.722583770751953125e+01 1.469168457031250000e+03 1.335523193359375000e+03 1.336454467773437500e+02
1.724624824523925781e+01 1.468877197265625000e+03 1.335330688476562500e+03 1.335467376708984375e+02
1.726665496826171875e+01 1.467909912109375000e+03 1.334445678710937500e+03 1.334643859863281250e+02
1.728706359863281250e+01 1.468324707031250000e+03 1.334947631835937500e+03 1.333771514892578125e+02
1.730747413635253906e+01 1.467359252929687500e+03 1.334064941406250000e+03 1.332942657470703125e+02
1.732788085937500000e+01 1.467086303710937500e+03 1.333875244140625000e+03 1.332112121582031250e+02
1.734829139709472656e+01 1.466855102539062500e+03 1.333685913085937500e+03 1.331694030761718750e+02
1.736869812011718750e+01 1.466541381835937500e+03 1.333497192382812500e+03 1.330443572998046875e+02
1.738910865783691406e+01 1.466308837890625000e+03 1.333308715820312500e+03 1.330005340576171875e+02
1.740951538085937500e+01 1.466041992187500000e+03 1.333120849609375000e+03 1.329214935302734375e+02
1.742992591857910156e+01 1.465083618164062500e+03 1.332246459960937500e+03 1.328374328613281250e+02
1.745033454895019531e+01 1.465542968750000000e+03 1.332746337890625000e+03 1.327966918945312500e+02
1.747074508666992188e+01 1.464588623046875000e+03 1.331874389648437500e+03 1.327142944335937500e+02
1.749115180969238281e+01 1.465006591796875000e+03 1.332373413085937500e+03 1.326335144042968750e+02
1.751155853271484375e+01 1.464055419921875000e+03 1.331504272460937500e+03 1.325512695312500000e+02
1.753196907043457031e+01 1.463788330078125000e+03 1.331319580078125000e+03 1.324688568115234375e+02
1.755237579345703125e+01 1.463549560546875000e+03 1.331135620117187500e+03 1.324140930175781250e+02
1.757278633117675781e+01 1.463284912109375000e+03 1.330951782226562500e+03 1.323334503173828125e+02
1.759319496154785156e+01 1.463020385742187500e+03 1.330768554687500000e+03 1.322519989013671875e+02
1.761360359191894531e+01 1.462753051757812500e+03 1.330585693359375000e+03 1.321675872802734375e+02
1.763401222229003906e+01 1.461827148437500000e+03 1.329724609375000000e+03 1.321024627685546875e+02
1.765442276000976562e+01 1.462202026367187500e+03 1.330221313476562500e+03 1.319808654785156250e+02
1.767482948303222656e+01 1.461274902343750000e+03 1.329362670898437500e+03 1.319125366210937500e+02
1.769524002075195312e+01 1.460999145507812500e+03 1.329182128906250000e+03 1.318171997070312500e+02
1.771564674377441406e+01 1.460723754882812500e+03 1.329002319335937500e+03 1.317217407226562500e+02
1.773605346679687500e+01 1.460490966796875000e+03 1.328822998046875000e+03 1.316680450439453125e+02
1.775646400451660156e+01 1.460877441406250000e+03 1.329317749023437500e+03 1.315598449707031250e+02
1.777687263488769531e+01 1.459932250976562500e+03 1.328465087890625000e+03 1.314671478271484375e+02
1.779728317260742188e+01 1.460357543945312500e+03 1.328959228515625000e+03 1.313983612060546875e+02
1.781768989562988281e+01 1.459439086914062500e+03 1.328108886718750000e+03 1.313303070068359375e+02
1.783810043334960938e+01 1.459112426757812500e+03 1.327931274414062500e+03 1.311809844970703125e+02
1.785850715637207031e+01 1.458827514648437500e+03 1.327754272460937500e+03 1.310733642578125000e+02
1.787891769409179688e+01 1.458583496093750000e+03 1.327577514648437500e+03 1.310060729980468750e+02
1.789932441711425781e+01 1.457645507812500000e+03 1.326732666015625000e+03 1.309128112792968750e+02
1.791973495483398438e+01 1.458015747070312500e+03 1.327225463867187500e+03 1.307903747558593750e+02
1.794014358520507812e+01 1.457107299804687500e+03 1.326382690429687500e+03 1.307248840332031250e+02
1.796055030822753906e+01 1.457479492187500000e+03 1.326875000000000000e+03 1.306044769287109375e+02
1.798096084594726562e+01 1.456530883789062500e+03 1.326034545898437500e+03 1.304963989257812500e+02
1.800136756896972656e+01 1.456236572265625000e+03 1.325861206054687500e+03 1.303752746582031250e+02
1.802177810668945312e+01 1.455956787109375000e+03 1.325687866210937500e+03 1.302690887451171875e+02
1.804218482971191406e+01 1.455797729492187500e+03 1.325515258789062500e+03 1.302826232910156250e+02
1.806259536743164062e+01 1.455426147460937500e+03 1.325342895507812500e+03 1.300833435058593750e+02
1.808300209045410156e+01 1.455186645507812500e+03 1.325171020507812500e+03 1.300155029296875000e+02
1.810341262817382812e+01 1.454235717773437500e+03 1.324338134765625000e+03 1.298977203369140625e+02
1.812382125854492188e+01 1.454619995117187500e+03 1.324828247070312500e+03 1.297917327880859375e+02
1.814423179626464844e+01 1.453685302734375000e+03 1.323997680664062500e+03 1.296878814697265625e+02
1.816463851928710938e+01 1.453435180664062500e+03 1.323828125000000000e+03 1.296074829101562500e+02
1.818504524230957031e+01 1.453120971679687500e+03 1.323658935546875000e+03 1.294624176025390625e+02
1.820545578002929688e+01 1.452231079101562500e+03 1.322832519531250000e+03 1.293984680175781250e+02
1.822586250305175781e+01 1.452615966796875000e+03 1.323321411132812500e+03 1.292945709228515625e+02
1.824627304077148438e+01 1.451688232421875000e+03 1.322497192382812500e+03 1.291910400390625000e+02
1.826668167114257812e+01 1.451468261718750000e+03 1.322330200195312500e+03 1.291379241943359375e+02
1.828709220886230469e+01 1.451201293945312500e+03 1.322163452148437500e+03 1.290379791259765625e+02
1.830749893188476562e+01 1.450277954101562500e+03 1.321343383789062500e+03 1.289346923828125000e+02
1.832790946960449219e+01 1.450063110351562500e+03 1.321178100585937500e+03 1.288850402832031250e+02
1.834831619262695312e+01 1.449796508789062500e+03 1.321013427734375000e+03 1.287831115722656250e+02
1.836872673034667969e+01 1.449543701171875000e+03 1.320848876953125000e+03 1.286948394775390625e+02
1.838913345336914062e+01 1.449276123046875000e+03 1.320684814453125000e+03 1.285913543701171875e+02
1.840954399108886719e+01 1.449064819335937500e+03 1.320520874023437500e+03 1.285444183349609375e+02
1.842995262145996094e+01 1.448126098632812500e+03 1.319708129882812500e+03 1.284183349609375000e+02
1.845035934448242188e+01 1.447863769531250000e+03 1.319546020507812500e+03 1.283177947998046875e+02
1.847076988220214844e+01 1.447653198242187500e+03 1.319383911132812500e+03 1.282696380615234375e+02
1.849117660522460938e+01 1.446758666992187500e+03 1.318575195312500000e+03 1.281833648681640625e+02
1.851158714294433594e+01 1.447157592773437500e+03 1.319061157226562500e+03 1.280967559814453125e+02
1.853199386596679688e+01 1.446290649414062500e+03 1.318254516601562500e+03 1.280362854003906250e+02
1.855240440368652344e+01 1.445349365234375000e+03 1.317449340820312500e+03 1.279001770019531250e+02
1.857281112670898438e+01 1.445789672851562500e+03 1.317935302734375000e+03 1.278540954589843750e+02
1.859322166442871094e+01 1.444887939453125000e+03 1.317132202148437500e+03 1.277561340332031250e+02
1.861363029479980469e+01 1.445288818359375000e+03 1.317617309570312500e+03 1.276715011596679688e+02
1.863404083251953125e+01 1.444389526367187500e+03 1.316816528320312500e+03 1.275727920532226562e+02
1.865444755554199219e+01 1.443544311523437500e+03 1.316017456054687500e+03 1.275267715454101562e+02
1.867485427856445312e+01 1.443902343750000000e+03 1.316502319335937500e+03 1.274002227783203125e+02
1.869526481628417969e+01 1.443044189453125000e+03 1.315705200195312500e+03 1.273387908935546875e+02
1.871567153930664062e+01 1.443442016601562500e+03 1.316189208984375000e+03 1.272528228759765625e+02
1.873608207702636719e+01 1.442523193359375000e+03 1.315394287109375000e+03 1.271291656494140625e+02
1.875649070739746094e+01 1.442309692382812500e+03 1.315239501953125000e+03 1.270699615478515625e+02
1.877690124511718750e+01 1.442057617187500000e+03 1.315084716796875000e+03 1.269726409912109375e+02
1.879730796813964844e+01 1.441769409179687500e+03 1.314930541992187500e+03 1.268388595581054688e+02
1.881771850585937500e+01 1.441557495117187500e+03 1.314776489257812500e+03 1.267810440063476562e+02
1.883812522888183594e+01 1.441308959960937500e+03 1.314623046875000000e+03 1.266861038208007812e+02
1.885853576660156250e+01 1.441010375976562500e+03 1.314469482421875000e+03 1.265408401489257812e+02
1.887894248962402344e+01 1.440791259765625000e+03 1.314316650390625000e+03 1.264747390747070312e+02
1.889935111999511719e+01 1.440538208007812500e+03 1.314164184570312500e+03 1.263742828369140625e+02
1.891975975036621094e+01 1.440236328125000000e+03 1.314011840820312500e+03 1.262247390747070312e+02
1.894016838073730469e+01 1.439992187500000000e+03 1.313859985351562500e+03 1.261327133178710938e+02
1.896057891845703125e+01 1.439739379882812500e+03 1.313708129882812500e+03 1.260314407348632812e+02
1.898098564147949219e+01 1.438875610351562500e+03 1.312926391601562500e+03 1.259494705200195312e+02
1.900139617919921875e+01 1.439286499023437500e+03 1.313405883789062500e+03 1.258802261352539062e+02
1.902180290222167969e+01 1.438453857421875000e+03 1.312626098632812500e+03 1.258279190063476562e+02
1.904221343994140625e+01 1.437587524414062500e+03 1.311847778320312500e+03 1.257396850585937500e+02
1.906262016296386719e+01 1.437380004882812500e+03 1.311699096679687500e+03 1.256810150146484375e+02
1.908303070068359375e+01 1.436501464843750000e+03 1.310923339843750000e+03 1.255782470703125000e+02
1.910343933105468750e+01 1.436248413085937500e+03 1.310776123046875000e+03 1.254724121093750000e+02
1.912384605407714844e+01 1.436021728515625000e+03 1.310629272460937500e+03 1.253925323486328125e+02
1.914425659179687500e+01 1.435177001953125000e+03 1.309857177734375000e+03 1.253199386596679688e+02
1.916466331481933594e+01 1.434890136718750000e+03 1.309711425781250000e+03 1.251784973144531250e+02
1.918507385253906250e+01 1.434668701171875000e+03 1.309565917968750000e+03 1.251028747558593750e+02
1.920548057556152344e+01 1.434450561523437500e+03 1.309420898437500000e+03 1.250296707153320312e+02
1.922589111328125000e+01 1.434166259765625000e+03 1.309276000976562500e+03 1.248903884887695312e+02
1.924629974365234375e+01 1.433886474609375000e+03 1.309131469726562500e+03 1.247549667358398438e+02
1.926671028137207031e+01 1.433009399414062500e+03 1.308365966796875000e+03 1.246435699462890625e+02
1.928711700439453125e+01 1.432098876953125000e+03 1.307602172851562500e+03 1.244966583251953125e+02
1.930752754211425781e+01 1.432446777343750000e+03 1.308079711914062500e+03 1.243670501708984375e+02
1.932793426513671875e+01 1.431612182617187500e+03 1.307317993164062500e+03 1.242942581176757812e+02
1.934834098815917969e+01 1.431975219726562500e+03 1.307794921875000000e+03 1.241806259155273438e+02
1.936875152587890625e+01 1.431065551757812500e+03 1.307034790039062500e+03 1.240306396484375000e+02
1.938915824890136719e+01 1.430275268554687500e+03 1.306276367187500000e+03 1.239988555908203125e+02
1.940956878662109375e+01 1.430075195312500000e+03 1.306136230468750000e+03 1.239390106201171875e+02
1.942997741699218750e+01 1.429238281250000000e+03 1.305380371093750000e+03 1.238578033447265625e+02
1.945038795471191406e+01 1.429029663085937500e+03 1.305241333007812500e+03 1.237887268066406250e+02
1.947079467773437500e+01 1.428782592773437500e+03 1.305102783203125000e+03 1.236795272827148438e+02
1.949120521545410156e+01 1.428518432617187500e+03 1.304964355468750000e+03 1.235545043945312500e+02
1.951161193847656250e+01 1.427713745117187500e+03 1.304213012695312500e+03 1.235011138916015625e+02
1.953202247619628906e+01 1.427530395507812500e+03 1.304075805664062500e+03 1.234542694091796875e+02
1.955242919921875000e+01 1.427327392578125000e+03 1.303938964843750000e+03 1.233883972167968750e+02
1.957283973693847656e+01 1.426500122070312500e+03 1.303190673828125000e+03 1.233094100952148438e+02
1.959324836730957031e+01 1.426311401367187500e+03 1.303055175781250000e+03 1.232563018798828125e+02
1.961365509033203125e+01 1.426062866210937500e+03 1.302920043945312500e+03 1.231427764892578125e+02
1.963406562805175781e+01 1.425844604492187500e+03 1.302784912109375000e+03 1.230595092773437500e+02
1.965447235107421875e+01 1.425037475585937500e+03 1.302041137695312500e+03 1.229961700439453125e+02
1.967488288879394531e+01 1.424153808593750000e+03 1.301298828125000000e+03 1.228553237915039062e+02
1.969528961181640625e+01 1.423952636718750000e+03 1.301165893554687500e+03 1.227868881225585938e+02
1.971570014953613281e+01 1.423730102539062500e+03 1.301033203125000000e+03 1.226970825195312500e+02
1.973610877990722656e+01 1.423524780273437500e+03 1.300900878906250000e+03 1.226240158081054688e+02
1.975651741027832031e+01 1.422702880859375000e+03 1.300162719726562500e+03 1.225401840209960938e+02
1.977692604064941406e+01 1.421939331054687500e+03 1.299426391601562500e+03 1.225127868652343750e+02
1.979733657836914062e+01 1.422280273437500000e+03 1.299900512695312500e+03 1.223799514770507812e+02
1.981774330139160156e+01 1.421537719726562500e+03 1.299165893554687500e+03 1.223717193603515625e+02
1.983815002441406250e+01 1.421385864257812500e+03 1.299036254882812500e+03 1.223496627807617188e+02
1.985856056213378906e+01 1.421130004882812500e+03 1.298906494140625000e+03 1.222233352661132812e+02
1.987896728515625000e+01 1.420903686523437500e+03 1.298777343750000000e+03 1.221262130737304688e+02
1.989937782287597656e+01 1.420087890625000000e+03 1.298046752929687500e+03 1.220410232543945312e+02
1.991978645324707031e+01 1.419212280273437500e+03 1.297317871093750000e+03 1.218942871093750000e+02
1.994019699096679688e+01 1.418957153320312500e+03 1.297190429687500000e+03 1.217669143676757812e+02
1.996060371398925781e+01 1.418689575195312500e+03 1.297063476562500000e+03 1.216261367797851562e+02
1.998101425170898438e+01 1.418436157226562500e+03 1.296936767578125000e+03 1.214995193481445312e+02
2.000142097473144531e+01 1.417585327148437500e+03 1.296211914062500000e+03 1.213733367919921875e+02
2.002183151245117188e+01 1.417382934570312500e+03 1.296086181640625000e+03 1.212965850830078125e+02
2.004223823547363281e+01 1.417220947265625000e+03 1.295960937500000000e+03 1.212600173950195312e+02
2.006264686584472656e+01 1.416391601562500000e+03 1.295239257812500000e+03 1.211524047851562500e+02
2.008305740356445312e+01 1.416232910156250000e+03 1.295114868164062500e+03 1.211177749633789062e+02
2.010346412658691406e+01 1.416061279296875000e+03 1.294991088867187500e+03 1.210704421997070312e+02
2.012387466430664062e+01 1.415818969726562500e+03 1.294867187500000000e+03 1.209518890380859375e+02
2.014428138732910156e+01 1.415009277343750000e+03 1.294149658203125000e+03 1.208598632812500000e+02
2.016469192504882812e+01 1.414795288085937500e+03 1.294026855468750000e+03 1.207684326171875000e+02
2.018509864807128906e+01 1.414592041015625000e+03 1.293904663085937500e+03 1.206873626708984375e+02
2.020550918579101562e+01 1.414409912109375000e+03 1.293782348632812500e+03 1.206275634765625000e+02
2.022591781616210938e+01 1.414261352539062500e+03 1.293660644531250000e+03 1.206006393432617188e+02
2.024632644653320312e+01 1.413543334960937500e+03 1.292947753906250000e+03 1.205957565307617188e+02
2.026673507690429688e+01 1.413335937500000000e+03 1.292826904296875000e+03 1.205089797973632812e+02
2.028714179992675781e+01 1.413186157226562500e+03 1.292706420898437500e+03 1.204792098999023438e+02
2.030755233764648438e+01 1.413035278320312500e+03 1.292586059570312500e+03 1.204492416381835938e+02
2.032795906066894531e+01 1.412770141601562500e+03 1.292466064453125000e+03 1.203042221069335938e+02
2.034836959838867188e+01 1.411983520507812500e+03 1.291757812500000000e+03 1.202256317138671875e+02
2.036877632141113281e+01 1.411727294921875000e+03 1.291638916015625000e+03 1.200884552001953125e+02
2.038918685913085938e+01 1.410851684570312500e+03 1.290932983398437500e+03 1.199188613891601562e+02
2.040959548950195312e+01 1.411230346679687500e+03 1.291401733398437500e+03 1.198290710449218750e+02
2.043000602722167969e+01 1.410428833007812500e+03 1.290697387695312500e+03 1.197314300537109375e+02
2.045041275024414062e+01 1.410182983398437500e+03 1.290579956054687500e+03 1.196030883789062500e+02
2.047082328796386719e+01 1.409413574218750000e+03 1.289877929687500000e+03 1.195354156494140625e+02
2.049123001098632812e+01 1.409193481445312500e+03 1.289761596679687500e+03 1.194319915771484375e+02
2.051163673400878906e+01 1.408363647460937500e+03 1.289062011718750000e+03 1.193016281127929688e+02
2.053204727172851562e+01 1.407475341796875000e+03 1.288363525390625000e+03 1.191117248535156250e+02
2.055245590209960938e+01 1.407225952148437500e+03 1.288249145507812500e+03 1.189772415161132812e+02
2.057286643981933594e+01 1.406408691406250000e+03 1.287552734375000000e+03 1.188561401367187500e+02
2.059327316284179688e+01 1.406070800781250000e+03 1.287439331054687500e+03 1.186314926147460938e+02
2.061368370056152344e+01 1.405230834960937500e+03 1.286745239257812500e+03 1.184857940673828125e+02
2.063409042358398438e+01 1.405072998046875000e+03 1.286632812500000000e+03 1.184403839111328125e+02
2.065450096130371094e+01 1.404879882812500000e+03 1.286520385742187500e+03 1.183595809936523438e+02
2.067490768432617188e+01 1.404150512695312500e+03 1.285829467773437500e+03 1.183211364746093750e+02
2.069531822204589844e+01 1.404574096679687500e+03 1.286296508789062500e+03 1.182772064208984375e+02
2.071572494506835938e+01 1.403899902343750000e+03 1.285607177734375000e+03 1.182925338745117188e+02
2.073613357543945312e+01 1.403753906250000000e+03 1.285496459960937500e+03 1.182575073242187500e+02
2.075654411315917969e+01 1.403055419921875000e+03 1.284809082031250000e+03 1.182463989257812500e+02
2.077695083618164062e+01 1.402977661132812500e+03 1.284699096679687500e+03 1.182785568237304688e+02
2.079736137390136719e+01 1.402817016601562500e+03 1.284589477539062500e+03 1.182279663085937500e+02
2.081776809692382812e+01 1.402068603515625000e+03 1.283905151367187500e+03 1.181632232666015625e+02
2.083817863464355469e+01 1.401895263671875000e+03 1.283796508789062500e+03 1.180984268188476562e+02
2.085858535766601562e+01 1.401105468750000000e+03 1.283114257812500000e+03 1.179910888671875000e+02
2.087899589538574219e+01 1.400982177734375000e+03 1.283006469726562500e+03 1.179755783081054688e+02
2.089940452575683594e+01 1.400263305664062500e+03 1.282326416015625000e+03 1.179369888305664062e+02
2.091981506347656250e+01 1.399520629882812500e+03 1.281647460937500000e+03 1.178732452392578125e+02
2.094022178649902344e+01 1.399270385742187500e+03 1.281541748046875000e+03 1.177285308837890625e+02
2.096063232421875000e+01 1.398450805664062500e+03 1.280864868164062500e+03 1.175856933593750000e+02
2.098103904724121094e+01 1.397590087890625000e+03 1.280189575195312500e+03 1.174002227783203125e+02
2.100144577026367188e+01 1.396765014648437500e+03 1.279515502929687500e+03 1.172495574951171875e+02
2.102185630798339844e+01 1.397248413085937500e+03 1.279981323242187500e+03 1.172671508789062500e+02
2.104226493835449219e+01 1.396634399414062500e+03 1.279308837890625000e+03 1.173254089355468750e+02
2.106267547607421875e+01 1.395987304687500000e+03 1.278637451171875000e+03 1.173495941162109375e+02
2.108308219909667969e+01 1.395896362304687500e+03 1.278535278320312500e+03 1.173610458374023438e+02
2.110349273681640625e+01 1.395157714843750000e+03 1.277865844726562500e+03 1.172922668457031250e+02
2.112389945983886719e+01 1.394343017578125000e+03 1.277197998046875000e+03 1.171452026367187500e+02
2.114430999755859375e+01 1.394133178710937500e+03 1.277097290039062500e+03 1.170359115600585938e+02
2.116471672058105469e+01 1.393357055664062500e+03 1.276431396484375000e+03 1.169257049560546875e+02
2.118512725830078125e+01 1.393066284179687500e+03 1.276331665039062500e+03 1.167349777221679688e+02
2.120553398132324219e+01 1.392698242187500000e+03 1.276232299804687500e+03 1.164661254882812500e+02
2.122594261169433594e+01 1.392831787109375000e+03 1.276697021484375000e+03 1.161350555419921875e+02
2.124635314941406250e+01 1.392381591796875000e+03 1.276597290039062500e+03 1.157847595214843750e+02
2.126675987243652344e+01 1.392949340820312500e+03 1.277623657226562500e+03 1.153257141113281250e+02
2.128717041015625000e+01 1.393033081054687500e+03 1.278085449218750000e+03 1.149479980468750000e+02
2.130757713317871094e+01 1.393802978515625000e+03 1.279108398437500000e+03 1.146946487426757812e+02
2.132798767089843750e+01 1.393569458007812500e+03 1.279006835937500000e+03 1.145625381469726562e+02
2.134839439392089844e+01 1.392911376953125000e+03 1.278344848632812500e+03 1.145665512084960938e+02
2.136880493164062500e+01 1.392309204101562500e+03 1.277683959960937500e+03 1.146253128051757812e+02
2.138921356201171875e+01 1.391662841796875000e+03 1.277024536132812500e+03 1.146383819580078125e+02
2.140962409973144531e+01 1.391071777343750000e+03 1.276366210937500000e+03 1.147055816650390625e+02
2.143003082275390625e+01 1.390501464843750000e+03 1.275709350585937500e+03 1.147920913696289062e+02
2.145043754577636719e+01 1.390343627929687500e+03 1.275611694335937500e+03 1.147322769165039062e+02
2.147084808349609375e+01 1.389380615234375000e+03 1.274956542968750000e+03 1.144239501953125000e+02
2.149125480651855469e+01 1.389855957031250000e+03 1.275416625976562500e+03 1.144398651123046875e+02
2.151166534423828125e+01 1.389420532226562500e+03 1.274762939453125000e+03 1.146578216552734375e+02
2.153207397460937500e+01 1.388370849609375000e+03 1.273554809570312500e+03 1.148160552978515625e+02
2.155248260498046875e+01 1.388222534179687500e+03 1.273459472656250000e+03 1.147629394531250000e+02
2.157289123535156250e+01 1.388071655273437500e+03 1.273364501953125000e+03 1.147073669433593750e+02
2.159330177307128906e+01 1.387953979492187500e+03 1.273269531250000000e+03 1.146841812133789062e+02
2.161370849609375000e+01 1.387203979492187500e+03 1.272621093750000000e+03 1.145829315185546875e+02
2.163411903381347656e+01 1.387574096679687500e+03 1.273080322265625000e+03 1.144942321777343750e+02
2.165452575683593750e+01 1.386818603515625000e+03 1.272433349609375000e+03 1.143852920532226562e+02
2.167493247985839844e+01 1.386055786132812500e+03 1.271787597656250000e+03 1.142681198120117188e+02
2.169534301757812500e+01 1.385947265625000000e+03 1.271694458007812500e+03 1.142527694702148438e+02
2.171575164794921875e+01 1.385300292968750000e+03 1.271050659179687500e+03 1.142495803833007812e+02
2.173616218566894531e+01 1.385102416992187500e+03 1.270958496093750000e+03 1.141441650390625000e+02
2.175656890869140625e+01 1.384337890625000000e+03 1.270316528320312500e+03 1.140216522216796875e+02
2.177697944641113281e+01 1.385139526367187500e+03 1.271324462890625000e+03 1.138153381347656250e+02
2.179738616943359375e+01 1.384967529296875000e+03 1.271232421875000000e+03 1.137354660034179688e+02
2.181779670715332031e+01 1.384294433593750000e+03 1.270591796875000000e+03 1.137028579711914062e+02
2.183820343017578125e+01 1.384170288085937500e+03 1.270500732421875000e+03 1.136692428588867188e+02
2.185861396789550781e+01 1.383453491210937500e+03 1.269862060546875000e+03 1.135912170410156250e+02
2.187902259826660156e+01 1.382839721679687500e+03 1.269224609375000000e+03 1.136150894165039062e+02
2.189942932128906250e+01 1.382135864257812500e+03 1.268588378906250000e+03 1.135475921630859375e+02
2.191983985900878906e+01 1.381940063476562500e+03 1.268499389648437500e+03 1.134406433105468750e+02
2.194024658203125000e+01 1.381154663085937500e+03 1.267864990234375000e+03 1.132896957397460938e+02
2.196065711975097656e+01 1.380421386718750000e+03 1.267231689453125000e+03 1.131893844604492188e+02
2.198106384277343750e+01 1.380274536132812500e+03 1.267144287109375000e+03 1.131303405761718750e+02
2.200147438049316406e+01 1.379582397460937500e+03 1.266512817382812500e+03 1.130696182250976562e+02
2.202188110351562500e+01 1.378923828125000000e+03 1.265882812500000000e+03 1.130409774780273438e+02
2.204229164123535156e+01 1.378178100585937500e+03 1.265253540039062500e+03 1.129247360229492188e+02
2.206270027160644531e+01 1.377414062500000000e+03 1.264625732421875000e+03 1.127882461547851562e+02
2.208311080932617188e+01 1.377292968750000000e+03 1.264540893554687500e+03 1.127523193359375000e+02
2.210351753234863281e+01 1.376706420898437500e+03 1.263915039062500000e+03 1.127911376953125000e+02
2.212392807006835938e+01 1.376596313476562500e+03 1.263831054687500000e+03 1.127652969360351562e+02
2.214433479309082031e+01 1.375408813476562500e+03 1.262666381835937500e+03 1.127424011230468750e+02
2.216474151611328125e+01 1.375279907226562500e+03 1.262583862304687500e+03 1.126963043212890625e+02
2.218515205383300781e+01 1.374609985351562500e+03 1.261961669921875000e+03 1.126485748291015625e+02
2.220556068420410156e+01 1.374024169921875000e+03 1.261341064453125000e+03 1.126834182739257812e+02
2.222597122192382812e+01 1.373924926757812500e+03 1.261259887695312500e+03 1.126651000976562500e+02
2.224637794494628906e+01 1.372711181640625000e+03 1.260102905273437500e+03 1.126082229614257812e+02
2.226678848266601562e+01 1.372542114257812500e+03 1.260022949218750000e+03 1.125191574096679688e+02
2.228719520568847656e+01 1.371808349609375000e+03 1.259406250000000000e+03 1.124023132324218750e+02
2.230760574340820312e+01 1.371023559570312500e+03 1.258790405273437500e+03 1.122334442138671875e+02
2.232801246643066406e+01 1.370636474609375000e+03 1.258712036132812500e+03 1.119246749877929688e+02
2.234842300415039062e+01 1.369939453125000000e+03 1.258633666992187500e+03 1.113060379028320312e+02
2.236883163452148438e+01 1.370093505859375000e+03 1.259090820312500000e+03 1.110030441284179688e+02
2.238923835754394531e+01 1.369290039062500000e+03 1.258477783203125000e+03 1.108124008178710938e+02
2.240964889526367188e+01 1.369614990234375000e+03 1.258933959960937500e+03 1.106811981201171875e+02
2.243005561828613281e+01 1.369624633789062500e+03 1.258855834960937500e+03 1.107691650390625000e+02
2.245046615600585938e+01 1.370023315429687500e+03 1.259310913085937500e+03 1.107123718261718750e+02
2.247087287902832031e+01 1.370848632812500000e+03 1.260297851562500000e+03 1.105503387451171875e+02
2.249128341674804688e+01 1.370750488281250000e+03 1.260218627929687500e+03 1.105316619873046875e+02
2.251169013977050781e+01 1.370139404296875000e+03 1.259607788085937500e+03 1.105312957763671875e+02
2.253210067749023438e+01 1.370048461914062500e+03 1.259529296875000000e+03 1.105192108154296875e+02
2.255250930786132812e+01 1.368795776367187500e+03 1.258389526367187500e+03 1.104061431884765625e+02
2.257291984558105469e+01 1.369042602539062500e+03 1.258842407226562500e+03 1.102002334594726562e+02
2.259332656860351562e+01 1.369320556640625000e+03 1.259294921875000000e+03 1.100257720947265625e+02
2.261373329162597656e+01 1.368754882812500000e+03 1.258687744140625000e+03 1.100672302246093750e+02
2.263414382934570312e+01 1.368235595703125000e+03 1.258081542968750000e+03 1.101538848876953125e+02
2.265455055236816406e+01 1.368162109375000000e+03 1.258004882812500000e+03 1.101572113037109375e+02
2.267496109008789062e+01 1.368567016601562500e+03 1.258456176757812500e+03 1.101105270385742188e+02
2.269536972045898438e+01 1.367878906250000000e+03 1.257852050781250000e+03 1.100269012451171875e+02
2.271578025817871094e+01 1.367844970703125000e+03 1.257775756835937500e+03 1.100691604614257812e+02
2.273618698120117188e+01 1.366313842773437500e+03 1.256120239257812500e+03 1.101936111450195312e+02
2.275659751892089844e+01 1.366786254882812500e+03 1.256571533203125000e+03 1.102148742675781250e+02
2.277700424194335938e+01 1.366080322265625000e+03 1.255971313476562500e+03 1.101088409423828125e+02
2.279741477966308594e+01 1.365563476562500000e+03 1.255371826171875000e+03 1.101919555664062500e+02
2.281782150268554688e+01 1.365382934570312500e+03 1.255298217773437500e+03 1.100848312377929688e+02
2.283823013305664062e+01 1.365133422851562500e+03 1.255224731445312500e+03 1.099087295532226562e+02
2.285863876342773438e+01 1.364071533203125000e+03 1.254104003906250000e+03 1.099676666259765625e+02
2.287904739379882812e+01 1.363325805664062500e+03 1.253508422851562500e+03 1.098175659179687500e+02
2.289945793151855469e+01 1.363140380859375000e+03 1.253436645507812500e+03 1.097037582397460938e+02
2.291986465454101562e+01 1.362289428710937500e+03 1.252842895507812500e+03 1.094465103149414062e+02
2.294027519226074219e+01 1.362498779296875000e+03 1.253293579101562500e+03 1.092053680419921875e+02
2.296068191528320312e+01 1.361724853515625000e+03 1.252700805664062500e+03 1.090238647460937500e+02
2.298109245300292969e+01 1.361566772460937500e+03 1.252630004882812500e+03 1.089368591308593750e+02
2.300149917602539062e+01 1.361081665039062500e+03 1.252038940429687500e+03 1.090427246093750000e+02
2.302190971374511719e+01 1.360335937500000000e+03 1.251448974609375000e+03 1.088870468139648438e+02
2.304231834411621094e+01 1.360227539062500000e+03 1.251379516601562500e+03 1.088482437133789062e+02
2.306272506713867188e+01 1.359580566406250000e+03 1.250791259765625000e+03 1.087889862060546875e+02
2.308313560485839844e+01 1.359549804687500000e+03 1.250722412109375000e+03 1.088275146484375000e+02
2.310354232788085938e+01 1.358856445312500000e+03 1.250135620117187500e+03 1.087209701538085938e+02
2.312395286560058594e+01 1.358867675781250000e+03 1.250067504882812500e+03 1.088003997802734375e+02
2.314435958862304688e+01 1.358021850585937500e+03 1.249482543945312500e+03 1.085392379760742188e+02
2.316477012634277344e+01 1.357460205078125000e+03 1.248898193359375000e+03 1.085620727539062500e+02
2.318517875671386719e+01 1.357404907226562500e+03 1.248831542968750000e+03 1.085736770629882812e+02
2.320558929443359375e+01 1.356750976562500000e+03 1.248249023437500000e+03 1.085020675659179688e+02
2.322599601745605469e+01 1.357204833984375000e+03 1.248698120117187500e+03 1.085068206787109375e+02
2.324640655517578125e+01 1.356639038085937500e+03 1.248116699218750000e+03 1.085225067138671875e+02
2.326681327819824219e+01 1.355511230468750000e+03 1.247021972656250000e+03 1.084891128540039062e+02
2.328722000122070312e+01 1.355425048828125000e+03 1.246957275390625000e+03 1.084676208496093750e+02
2.330763053894042969e+01 1.354309814453125000e+03 1.245865234375000000e+03 1.084445266723632812e+02
2.332803726196289062e+01 1.354188354492187500e+03 1.245801635742187500e+03 1.083869171142578125e+02
2.334844779968261719e+01 1.353097656250000000e+03 1.244712524414062500e+03 1.083850250244140625e+02
2.336885643005371094e+01 1.351884887695312500e+03 1.243625610351562500e+03 1.082595291137695312e+02
2.338926696777343750e+01 1.351733520507812500e+03 1.243563720703125000e+03 1.081695175170898438e+02
2.340967369079589844e+01 1.350995361328125000e+03 1.242991088867187500e+03 1.080043716430664062e+02
2.343008422851562500e+01 1.350839477539062500e+03 1.242930053710937500e+03 1.079092407226562500e+02
2.345049095153808594e+01 1.349713134765625000e+03 1.241848388671875000e+03 1.078647003173828125e+02
2.347090148925781250e+01 1.349064453125000000e+03 1.241278442382812500e+03 1.077859878540039062e+02
2.349130821228027344e+01 1.348951049804687500e+03 1.241219238281250000e+03 1.077316818237304688e+02
2.351171875000000000e+01 1.347917724609375000e+03 1.240141723632812500e+03 1.077762451171875000e+02
2.353212738037109375e+01 1.348195312500000000e+03 1.240592163085937500e+03 1.076033020019531250e+02
2.355253410339355469e+01 1.347372070312500000e+03 1.240025390625000000e+03 1.073465576171875000e+02
2.357294464111328125e+01 1.346787475585937500e+03 1.239967285156250000e+03 1.068203201293945312e+02
2.359335136413574219e+01 1.346900634765625000e+03 1.240416870117187500e+03 1.064842529296875000e+02
2.361376190185546875e+01 1.347113647460937500e+03 1.240358276367187500e+03 1.067556838989257812e+02
2.363416862487792969e+01 1.346615600585937500e+03 1.239793823242187500e+03 1.068219070434570312e+02
2.365457916259765625e+01 1.346391235351562500e+03 1.239736206054687500e+03 1.066552047729492188e+02
2.367498779296875000e+01 1.346099243164062500e+03 1.239678710937500000e+03 1.064209671020507812e+02
2.369539642333984375e+01 1.345762573242187500e+03 1.239621215820312500e+03 1.061417236328125000e+02
2.371580505371093750e+01 1.344809692382812500e+03 1.238554565429687500e+03 1.062553558349609375e+02
2.373621559143066406e+01 1.344209960937500000e+03 1.237993774414062500e+03 1.062163238525390625e+02
2.375662231445312500e+01 1.343348632812500000e+03 1.237434082031250000e+03 1.059145355224609375e+02
2.377702903747558594e+01 1.343310668945312500e+03 1.237378784179687500e+03 1.059320526123046875e+02
2.379743957519531250e+01 1.342726440429687500e+03 1.236820678710937500e+03 1.059057769775390625e+02
2.381784629821777344e+01 1.341507934570312500e+03 1.235760864257812500e+03 1.057475891113281250e+02
2.383825683593750000e+01 1.340930541992187500e+03 1.235204956054687500e+03 1.057254180908203125e+02
2.385866546630859375e+01 1.340599731445312500e+03 1.235151733398437500e+03 1.054483032226562500e+02
2.387907600402832031e+01 1.341112060546875000e+03 1.235599731445312500e+03 1.055121841430664062e+02
2.389948272705078125e+01 1.341372558593750000e+03 1.236047241210937500e+03 1.053255004882812500e+02
2.391989326477050781e+01 1.342067138671875000e+03 1.236994140625000000e+03 1.050735549926757812e+02
2.394029998779296875e+01 1.342790771484375000e+03 1.237939697265625000e+03 1.048516464233398438e+02
2.396071052551269531e+01 1.342464965820312500e+03 1.237884277343750000e+03 1.045809707641601562e+02
2.398111724853515625e+01 1.343758911132812500e+03 1.239326293945312500e+03 1.044328460693359375e+02
2.400152587890625000e+01 1.343198608398437500e+03 1.238771362304687500e+03 1.044272689819335938e+02
2.402193641662597656e+01 1.343732666015625000e+03 1.239213623046875000e+03 1.045188751220703125e+02
2.404234313964843750e+01 1.342650390625000000e+03 1.238161743164062500e+03 1.044886779785156250e+02
2.406275367736816406e+01 1.342059936523437500e+03 1.237608886718750000e+03 1.044508285522460938e+02
2.408316040039062500e+01 1.341595458984375000e+03 1.237057373046875000e+03 1.045383682250976562e+02
2.410357093811035156e+01 1.341124877929687500e+03 1.236506347656250000e+03 1.046189346313476562e+02
2.412397766113281250e+01 1.340684326171875000e+03 1.235956542968750000e+03 1.047281723022460938e+02
2.414438819885253906e+01 1.340152709960937500e+03 1.235407470703125000e+03 1.047454757690429688e+02
2.416479492187500000e+01 1.340620483398437500e+03 1.235850219726562500e+03 1.047705688476562500e+02
