# NTRMN  = 176
# NTRANS = 218
-3.052340745925903320e-01 0.000000000000000000e+00 0.000000000000000000e+00 0.000000000000000000e+00
-2.848252356052398682e-01 0.000000000000000000e+00 0.000000000000000000e+00 0.000000000000000000e+00
-2.644163966178894043e-01 0.000000000000000000e+00 0.000000000000000000e+00 0.000000000000000000e+00
-2.440075576305389404e-01 0.000000000000000000e+00 0.000000000000000000e+00 0.000000000000000000e+00
-2.235987037420272827e-01 0.000000000000000000e+00 0.000000000000000000e+00 0.000000000000000000e+00
-2.031898647546768188e-01 0.000000000000000000e+00 0.000000000000000000e+00 0.000000000000000000e+00
-1.623729914426803589e-01 0.000000000000000000e+00 0.000000000000000000e+00 0.000000000000000000e+00
-1.419641524553298950e-01 0.000000000000000000e+00 0.000000000000000000e+00 0.000000000000000000e+00
-1.215553134679794312e-01 0.000000000000000000e+00 0.000000000000000000e+00 0.000000000000000000e+00
-8.073762804269790649e-02 0.000000000000000000e+00 0.000000000000000000e+00 0.000000000000000000e+00
-6.032959371805191040e-02 0.000000000000000000e+00 0.000000000000000000e+00 0.000000000000000000e+00
-3.992075473070144653e-02 0.000000000000000000e+00 0.000000000000000000e+00 0.000000000000000000e+00
-1.951191015541553497e-02 0.000000000000000000e+00 0.000000000000000000e+00 0.000000000000000000e+00
2.130577340722084045e-02 0.000000000000000000e+00 0.000000000000000000e+00 0.000000000000000000e+00
4.171380400657653809e-02 0.000000000000000000e+00 0.000000000000000000e+00 0.000000000000000000e+00
6.212264671921730042e-02 0.000000000000000000e+00 0.000000000000000000e+00 0.000000000000000000e+00
8.253148943185806274e-02 0.000000000000000000e+00 0.000000000000000000e+00 0.000000000000000000e+00
1.029403284192085266e-01 0.000000000000000000e+00 0.000000000000000000e+00 0.000000000000000000e+00
1.233491748571395874e-01 0.000000000000000000e+00 0.000000000000000000e+00 0.000000000000000000e+00
1.437580138444900513e-01 0.000000000000000000e+00 0.000000000000000000e+00 0.000000000000000000e+00
2.049837261438369751e-01 0.000000000000000000e+00 0.000000000000000000e+00 0.000000000000000000e+00
2.253925800323486328e-01 0.000000000000000000e+00 0.000000000000000000e+00 0.000000000000000000e+00
2.458014190196990967e-01 0.000000000000000000e+00 0.000000000000000000e+00 0.000000000000000000e+00
2.662102580070495605e-01 0.000000000000000000e+00 0.000000000000000000e+00 0.000000000000000000e+00
2.866182923316955566e-01 0.000000000000000000e+00 0.000000000000000000e+00 0.000000000000000000e+00
3.070271313190460205e-01 0.000000000000000000e+00 0.000000000000000000e+00 0.000000000000000000e+00
3.274359703063964844e-01 0.000000000000000000e+00 0.000000000000000000e+00 0.000000000000000000e+00
3.478448092937469482e-01 0.000000000000000000e+00 0.000000000000000000e+00 0.000000000000000000e+00
3.682536482810974121e-01 0.000000000000000000e+00 0.000000000000000000e+00 0.000000000000000000e+00
3.886616826057434082e-01 0.000000000000000000e+00 0.000000000000000000e+00 0.000000000000000000e+00
4.090705215930938721e-01 0.000000000000000000e+00 0.000000000000000000e+00 0.000000000000000000e+00
4.294793605804443359e-01 0.000000000000000000e+00 0.000000000000000000e+00 0.000000000000000000e+00
4.498882293701171875e-01 0.000000000000000000e+00 0.000000000000000000e+00 0.000000000000000000e+00
4.702970683574676514e-01 0.000000000000000000e+00 0.000000000000000000e+00 0.000000000000000000e+00
4.907059073448181152e-01 0.000000000000000000e+00 0.000000000000000000e+00 0.000000000000000000e+00
5.111139416694641113e-01 0.000000000000000000e+00 0.000000000000000000e+00 0.000000000000000000e+00
5.315227508544921875e-01 0.000000000000000000e+00 0.000000000000000000e+00 0.000000000000000000e+00
5.519316196441650391e-01 0.000000000000000000e+00 0.000000000000000000e+00 0.000000000000000000e+00
5.723404884338378906e-01 0.000000000000000000e+00 0.000000000000000000e+00 0.000000000000000000e+00
5.927492976188659668e-01 0.000000000000000000e+00 0.000000000000000000e+00 0.000000000000000000e+00
6.131581664085388184e-01 0.000000000000000000e+00 0.000000000000000000e+00 0.000000000000000000e+00
6.335662007331848145e-01 0.000000000000000000e+00 0.000000000000000000e+00 0.000000000000000000e+00
6.539750099182128906e-01 0.000000000000000000e+00 0.000000000000000000e+00 0.000000000000000000e+00
6.743838787078857422e-01 0.000000000000000000e+00 0.000000000000000000e+00 0.000000000000000000e+00
6.947926878929138184e-01 0.000000000000000000e+00 0.000000000000000000e+00 0.000000000000000000e+00
7.152015566825866699e-01 0.000000000000000000e+00 0.000000000000000000e+00 0.000000000000000000e+00
7.356095910072326660e-01 0.000000000000000000e+00 0.000000000000000000e+00 0.000000000000000000e+00
7.560184001922607422e-01 0.000000000000000000e+00 0.000000000000000000e+00 0.000000000000000000e+00
7.764272689819335938e-01 0.000000000000000000e+00 0.000000000000000000e+00 0.000000000000000000e+00
7.968360781669616699e-01 0.000000000000000000e+00 0.000000000000000000e+00 0.000000000000000000e+00
8.172449469566345215e-01 0.000000000000000000e+00 0.000000000000000000e+00 0.000000000000000000e+00
8.376538157463073730e-01 0.000000000000000000e+00 0.000000000000000000e+00 0.000000000000000000e+00
8.580617904663085938e-01 0.000000000000000000e+00 0.000000000000000000e+00 0.000000000000000000e+00
8.784706592559814453e-01 0.000000000000000000e+00 0.000000000000000000e+00 0.000000000000000000e+00
8.988795280456542969e-01 0.000000000000000000e+00 0.000000000000000000e+00 0.000000000000000000e+00
9.192883372306823730e-01 0.000000000000000000e+00 0.000000000000000000e+00 0.000000000000000000e+00
9.396972060203552246e-01 0.000000000000000000e+00 0.000000000000000000e+00 0.000000000000000000e+00
9.601060152053833008e-01 0.000000000000000000e+00 0.000000000000000000e+00 0.000000000000000000e+00
9.805140495300292969e-01 0.000000000000000000e+00 0.000000000000000000e+00 0.000000000000000000e+00
1.000922918319702148e+00 0.000000000000000000e+00 0.000000000000000000e+00 0.000000000000000000e+00
1.021331787109375000e+00 0.000000000000000000e+00 0.000000000000000000e+00 0.000000000000000000e+00
1.041740536689758301e+00 0.000000000000000000e+00 0.000000000000000000e+00 0.000000000000000000e+00
1.062149405479431152e+00 0.000000000000000000e+00 0.000000000000000000e+00 0.000000000000000000e+00
1.082557439804077148e+00 0.000000000000000000e+00 0.000000000000000000e+00 0.000000000000000000e+00
1.102966308593750000e+00 0.000000000000000000e+00 0.000000000000000000e+00 0.000000000000000000e+00
1.123375177383422852e+00 0.000000000000000000e+00 0.000000000000000000e+00 0.000000000000000000e+00
1.143784046173095703e+00 0.000000000000000000e+00 0.000000000000000000e+00 0.000000000000000000e+00
1.164192795753479004e+00 0.000000000000000000e+00 0.000000000000000000e+00 0.000000000000000000e+00
1.225418567657470703e+00 0.000000000000000000e+00 0.000000000000000000e+00 0.000000000000000000e+00
1.245827436447143555e+00 0.000000000000000000e+00 0.000000000000000000e+00 0.000000000000000000e+00
1.266236186027526855e+00 0.000000000000000000e+00 0.000000000000000000e+00 0.000000000000000000e+00
1.286645054817199707e+00 0.000000000000000000e+00 0.000000000000000000e+00 0.000000000000000000e+00
1.307053923606872559e+00 0.000000000000000000e+00 0.000000000000000000e+00 0.000000000000000000e+00
1.388688445091247559e+00 0.000000000000000000e+00 0.000000000000000000e+00 0.000000000000000000e+00
1.409097313880920410e+00 0.000000000000000000e+00 0.000000000000000000e+00 0.000000000000000000e+00
1.470323085784912109e+00 0.000000000000000000e+00 0.000000000000000000e+00 0.000000000000000000e+00
1.490731835365295410e+00 0.000000000000000000e+00 0.000000000000000000e+00 0.000000000000000000e+00
1.511140704154968262e+00 0.000000000000000000e+00 0.000000000000000000e+00 0.000000000000000000e+00
1.531549572944641113e+00 0.000000000000000000e+00 0.000000000000000000e+00 0.000000000000000000e+00
1.633592963218688965e+00 0.000000000000000000e+00 0.000000000000000000e+00 0.000000000000000000e+00
1.654001832008361816e+00 0.000000000000000000e+00 0.000000000000000000e+00 0.000000000000000000e+00
1.674409866333007812e+00 0.000000000000000000e+00 0.000000000000000000e+00 0.000000000000000000e+00
1.694818615913391113e+00 0.000000000000000000e+00 0.000000000000000000e+00 0.000000000000000000e+00
1.715227484703063965e+00 0.000000000000000000e+00 0.000000000000000000e+00 0.000000000000000000e+00
1.735636353492736816e+00 0.000000000000000000e+00 0.000000000000000000e+00 0.000000000000000000e+00
1.756045222282409668e+00 0.000000000000000000e+00 0.000000000000000000e+00 0.000000000000000000e+00
1.776453256607055664e+00 0.000000000000000000e+00 0.000000000000000000e+00 0.000000000000000000e+00
1.796862125396728516e+00 0.000000000000000000e+00 0.000000000000000000e+00 0.000000000000000000e+00
1.817270874977111816e+00 0.000000000000000000e+00 0.000000000000000000e+00 0.000000000000000000e+00
1.878496646881103516e+00 5.445413589477539062e+01 5.445413589477539062e+01 0.000000000000000000e+00
1.898905515670776367e+00 7.230002593994140625e+01 7.230002593994140625e+01 0.000000000000000000e+00
1.919314265251159668e+00 8.475234985351562500e+01 8.475234985351562500e+01 0.000000000000000000e+00
1.939723134040832520e+00 9.447433471679687500e+01 9.447433471679687500e+01 0.000000000000000000e+00
1.960132002830505371e+00 9.984143829345703125e+01 9.984143829345703125e+01 0.000000000000000000e+00
1.980540871620178223e+00 1.002026290893554688e+02 1.002026290893554688e+02 0.000000000000000000e+00
2.000949621200561523e+00 9.894132995605468750e+01 9.894132995605468750e+01 0.000000000000000000e+00
2.021358489990234375e+00 9.936352539062500000e+01 9.936352539062500000e+01 0.000000000000000000e+00
2.041767358779907227e+00 9.479428100585937500e+01 9.479428100585937500e+01 0.000000000000000000e+00
2.102992296218872070e+00 9.203462982177734375e+01 9.203451538085937500e+01 1.182252162834629416e-04
2.143810033798217773e+00 9.966233062744140625e+01 9.966217041015625000e+01 1.619296090211719275e-04
2.245854139328002930e+00 9.513400268554687500e+01 9.513385009765625000e+01 1.545720588183030486e-04
2.286671876907348633e+00 9.793762207031250000e+01 9.793734741210937500e+01 2.762053336482495070e-04
2.307079076766967773e+00 9.468476104736328125e+01 9.468448638916015625e+01 2.737621543928980827e-04
2.368305683135986328e+00 9.957112121582031250e+01 9.946395874023437500e+01 1.071663722395896912e-01
2.409123182296752930e+00 9.078532409667968750e+01 9.067389678955078125e+01 1.114299893379211426e-01
2.429532051086425781e+00 8.933294677734375000e+01 8.922245788574218750e+01 1.104946136474609375e-01
2.531574726104736328e+00 8.712389373779296875e+01 7.281290435791015625e+01 1.431099510192871094e+01
2.572392463684082031e+00 9.240425872802734375e+01 7.575225830078125000e+01 1.665200042724609375e+01
2.592801332473754883e+00 9.320940399169921875e+01 7.506365966796875000e+01 1.814574432373046875e+01
2.613210201263427734e+00 9.423548889160156250e+01 7.443161010742187500e+01 1.980388641357421875e+01
2.633618831634521484e+00 9.475744628906250000e+01 7.353667449951171875e+01 2.122077560424804688e+01
2.654027700424194336e+00 9.260372161865234375e+01 7.067111206054687500e+01 2.193260955810546875e+01
2.674436569213867188e+00 9.350402069091796875e+01 7.044510650634765625e+01 2.305891418457031250e+01
2.694845438003540039e+00 9.513026428222656250e+01 7.031135559082031250e+01 2.481891250610351562e+01
2.715254306793212891e+00 9.696429443359375000e+01 6.934203338623046875e+01 2.762225532531738281e+01
2.735663175582885742e+00 9.303065490722656250e+01 6.615574645996093750e+01 2.687490653991699219e+01
2.837705612182617188e+00 8.464717102050781250e+01 5.555162811279296875e+01 2.909554672241210938e+01
2.858114480972290039e+00 8.511077880859375000e+01 5.440112686157226562e+01 3.070964050292968750e+01
2.878523349761962891e+00 7.903279113769531250e+01 5.035618209838867188e+01 2.867661476135253906e+01
3.123427867889404297e+00 6.794409942626953125e+01 4.640781021118164062e+01 2.153629112243652344e+01
3.143836736679077148e+00 6.543804931640625000e+01 4.389830398559570312e+01 2.153975677490234375e+01
3.245879411697387695e+00 6.368083190917968750e+01 4.189134979248046875e+01 2.178948020935058594e+01
3.429558992385864258e+00 5.627475357055664062e+01 3.542469787597656250e+01 2.085005569458007812e+01
3.449967861175537109e+00 5.534106063842773438e+01 3.590903091430664062e+01 1.943202590942382812e+01
3.674463510513305664e+00 4.736056900024414062e+01 3.081595230102539062e+01 1.654461288452148438e+01
3.715279340744018555e+00 4.684542846679687500e+01 3.023900222778320312e+01 1.660643005371093750e+01
3.735688209533691406e+00 4.754411697387695312e+01 3.000010490417480469e+01 1.754401397705078125e+01
3.837732553482055664e+00 4.549078369140625000e+01 2.877512359619140625e+01 1.671565246582031250e+01
3.858141422271728516e+00 4.387599182128906250e+01 2.731368637084960938e+01 1.656230735778808594e+01
3.960183858871459961e+00 4.021410751342773438e+01 2.541903495788574219e+01 1.479508113861083984e+01
4.103045940399169922e+00 3.778573989868164062e+01 2.410806465148925781e+01 1.367767715454101562e+01
4.205088615417480469e+00 3.507961273193359375e+01 2.227345657348632812e+01 1.280615901947021484e+01
4.225497245788574219e+00 3.525769042968750000e+01 2.276641082763671875e+01 1.249127674102783203e+01
4.245905876159667969e+00 3.466313171386718750e+01 2.209598159790039062e+01 1.256715393066406250e+01
4.266314983367919922e+00 3.416621017456054688e+01 2.179388809204101562e+01 1.237232303619384766e+01
4.286723613739013672e+00 3.399699020385742188e+01 2.198052215576171875e+01 1.201646995544433594e+01
4.307132720947265625e+00 3.339250564575195312e+01 2.154288673400878906e+01 1.184961986541748047e+01
4.429584026336669922e+00 3.156569099426269531e+01 2.051770973205566406e+01 1.104798507690429688e+01
4.592854976654052734e+00 2.833646774291992188e+01 1.838883781433105469e+01 9.947630882263183594e+00
4.756124019622802734e+00 2.543297767639160156e+01 1.673329925537109375e+01 8.699681282043457031e+00
4.796941757202148438e+00 2.506214141845703125e+01 1.646615219116210938e+01 8.595986366271972656e+00
4.817350387573242188e+00 2.461334228515625000e+01 1.611313819885253906e+01 8.500204086303710938e+00
4.837759494781494141e+00 2.421605110168457031e+01 1.587196826934814453e+01 8.344078063964843750e+00
4.858166694641113281e+00 2.410418319702148438e+01 1.580283260345458984e+01 8.301349639892578125e+00
4.898984432220458984e+00 2.382989120483398438e+01 1.579088687896728516e+01 8.039007186889648438e+00
4.919393062591552734e+00 2.348474884033203125e+01 1.545286464691162109e+01 8.031885147094726562e+00
4.939801692962646484e+00 2.333336639404296875e+01 1.546413612365722656e+01 7.869229316711425781e+00
4.960210800170898438e+00 2.320752525329589844e+01 1.543670558929443359e+01 7.770821094512939453e+00
4.980619430541992188e+00 2.290716552734375000e+01 1.508746814727783203e+01 7.819696903228759766e+00
5.001028537750244141e+00 2.264483261108398438e+01 1.499478340148925781e+01 7.650049686431884766e+00
5.021437168121337891e+00 2.228653144836425781e+01 1.470023727416992188e+01 7.586293697357177734e+00
5.041846275329589844e+00 2.240543556213378906e+01 1.480691337585449219e+01 7.598523139953613281e+00
5.103071212768554688e+00 2.117951202392578125e+01 1.401707458496093750e+01 7.162437438964843750e+00
5.123479843139648438e+00 2.093134689331054688e+01 1.380237674713134766e+01 7.128971099853515625e+00
5.143888473510742188e+00 2.080533218383789062e+01 1.377786445617675781e+01 7.027464389801025391e+00
5.164297580718994141e+00 2.053701972961425781e+01 1.354494857788085938e+01 6.992071151733398438e+00
5.184706211090087891e+00 2.040110969543457031e+01 1.350317478179931641e+01 6.897930145263671875e+00
5.205115318298339844e+00 2.043690872192382812e+01 1.352841472625732422e+01 6.908490657806396484e+00
5.307159423828125000e+00 1.933595275878906250e+01 1.278564739227294922e+01 6.550303459167480469e+00
5.409202098846435547e+00 1.824587059020996094e+01 1.197797012329101562e+01 6.267905235290527344e+00
5.429610729217529297e+00 1.811252403259277344e+01 1.195058345794677734e+01 6.161942958831787109e+00
5.470428466796875000e+00 1.785157012939453125e+01 1.173013114929199219e+01 6.121438980102539062e+00
5.490837574005126953e+00 1.776914024353027344e+01 1.170179080963134766e+01 6.067351341247558594e+00
5.511246204376220703e+00 1.756324005126953125e+01 1.158461475372314453e+01 5.978626251220703125e+00
5.613288879394531250e+00 1.711971664428710938e+01 1.137828540802001953e+01 5.741431236267089844e+00
5.633697509765625000e+00 1.698633003234863281e+01 1.128182697296142578e+01 5.704504966735839844e+00
5.654106616973876953e+00 1.687544059753417969e+01 1.116277599334716797e+01 5.712667465209960938e+00
5.694924354553222656e+00 1.646027755737304688e+01 1.083265399932861328e+01 5.627622127532958984e+00
5.715332984924316406e+00 1.654038810729980469e+01 1.096989250183105469e+01 5.570499420166015625e+00
5.735742092132568359e+00 1.635547637939453125e+01 1.083069038391113281e+01 5.524784088134765625e+00
5.776557922363281250e+00 1.617195129394531250e+01 1.066299152374267578e+01 5.508962631225585938e+00
5.796966552734375000e+00 1.621140480041503906e+01 1.076585769653320312e+01 5.445548057556152344e+00
5.817375659942626953e+00 1.617967987060546875e+01 1.080421829223632812e+01 5.375463008880615234e+00
5.837784290313720703e+00 1.590224742889404297e+01 1.061472034454345703e+01 5.287528991699218750e+00
5.919419765472412109e+00 1.524558830261230469e+01 1.015895175933837891e+01 5.086637496948242188e+00
5.939828872680664062e+00 1.513575744628906250e+01 1.009986495971679688e+01 5.035890579223632812e+00
5.960237503051757812e+00 1.490115737915039062e+01 9.916671752929687500e+00 4.984486103057861328e+00
5.980646133422851562e+00 1.456472778320312500e+01 9.644666671752929688e+00 4.920060157775878906e+00
6.001055240631103516e+00 1.455188846588134766e+01 9.611865997314453125e+00 4.940022945404052734e+00
6.021462440490722656e+00 1.456579780578613281e+01 9.615071296691894531e+00 4.950726032257080078e+00
6.041871070861816406e+00 1.442200565338134766e+01 9.540989875793457031e+00 4.881015777587890625e+00
6.103097915649414062e+00 1.409481334686279297e+01 9.300142288208007812e+00 4.794672489166259766e+00
6.123506546020507812e+00 1.406701374053955078e+01 9.290648460388183594e+00 4.776368618011474609e+00
6.143915653228759766e+00 1.392752647399902344e+01 9.177962303161621094e+00 4.749563694000244141e+00
6.164324283599853516e+00 1.386396121978759766e+01 9.137867927551269531e+00 4.726094245910644531e+00
6.266366958618164062e+00 1.341904735565185547e+01 8.851534843444824219e+00 4.567512512207031250e+00
6.327593326568603516e+00 1.314187240600585938e+01 8.622121810913085938e+00 4.519749164581298828e+00
6.348002433776855469e+00 1.308913230895996094e+01 8.594401359558105469e+00 4.494730949401855469e+00
6.409228801727294922e+00 1.290336894989013672e+01 8.417056083679199219e+00 4.486311912536621094e+00
6.450046539306640625e+00 1.272255802154541016e+01 8.300695419311523438e+00 4.421861171722412109e+00
6.470455169677734375e+00 1.256757259368896484e+01 8.189418792724609375e+00 4.378152847290039062e+00
6.490862369537353516e+00 1.246946620941162109e+01 8.106506347656250000e+00 4.362958908081054688e+00
6.511271476745605469e+00 1.235871791839599609e+01 8.081096649169921875e+00 4.277620315551757812e+00
6.531680107116699219e+00 1.230767822265625000e+01 8.035688400268554688e+00 4.271989822387695312e+00
6.592906951904296875e+00 1.206457805633544922e+01 7.824899196624755859e+00 4.239680767059326172e+00
6.613315582275390625e+00 1.228630924224853516e+01 7.998032569885253906e+00 4.288276672363281250e+00
6.756175994873046875e+00 1.157714366912841797e+01 7.407260417938232422e+00 4.169880867004394531e+00
6.776584625244140625e+00 1.129436588287353516e+01 7.266610145568847656e+00 4.027755737304687500e+00
6.796993732452392578e+00 1.122240352630615234e+01 7.160262584686279297e+00 4.062140941619873047e+00
6.817402362823486328e+00 1.113164520263671875e+01 7.138827323913574219e+00 3.992816925048828125e+00
6.837811470031738281e+00 1.103902053833007812e+01 7.038747310638427734e+00 4.000275135040283203e+00
6.858220100402832031e+00 1.086397933959960938e+01 6.923555850982666016e+00 3.940422534942626953e+00
6.878628730773925781e+00 1.080826187133789062e+01 6.850810050964355469e+00 3.957453489303588867e+00
6.919446468353271484e+00 1.074369907379150391e+01 6.753312110900878906e+00 3.990386009216308594e+00
6.939853668212890625e+00 1.063431453704833984e+01 6.681711196899414062e+00 3.952604770660400391e+00
6.960262775421142578e+00 1.050621318817138672e+01 6.662119388580322266e+00 3.844090938568115234e+00
6.980671405792236328e+00 1.036732578277587891e+01 6.510611534118652344e+00 3.856715440750122070e+00
7.001080513000488281e+00 1.034487056732177734e+01 6.491632461547851562e+00 3.853238582611083984e+00
7.021489143371582031e+00 1.032096576690673828e+01 6.481287479400634766e+00 3.839678049087524414e+00
7.041898250579833984e+00 1.035942649841308594e+01 6.515196323394775391e+00 3.844229221343994141e+00
7.062306880950927734e+00 1.027886676788330078e+01 6.455692291259765625e+00 3.823175907135009766e+00
7.082715511322021484e+00 1.014702510833740234e+01 6.362730979919433594e+00 3.784293174743652344e+00
7.103124618530273438e+00 1.013081645965576172e+01 6.344449520111083984e+00 3.786366462707519531e+00
7.123533248901367188e+00 1.005506134033203125e+01 6.285945892333984375e+00 3.769113540649414062e+00
7.143942356109619141e+00 1.006096076965332031e+01 6.298147201538085938e+00 3.762814760208129883e+00
7.164350986480712891e+00 9.983523368835449219e+00 6.231755256652832031e+00 3.751766920089721680e+00
7.184758186340332031e+00 9.929332733154296875e+00 6.210722923278808594e+00 3.718610525131225586e+00
7.205167293548583984e+00 9.836748123168945312e+00 6.128342151641845703e+00 3.708408117294311523e+00
7.225575923919677734e+00 9.789798736572265625e+00 6.111032485961914062e+00 3.678766012191772461e+00
7.245985031127929688e+00 9.786627769470214844e+00 6.103731632232666016e+00 3.682897567749023438e+00
7.307211399078369141e+00 9.651442527770996094e+00 6.041122913360595703e+00 3.610319614410400391e+00
7.327620029449462891e+00 9.521304130554199219e+00 5.934454917907714844e+00 3.586848735809326172e+00
7.348029136657714844e+00 9.524784088134765625e+00 5.917972087860107422e+00 3.606812477111816406e+00
7.368437767028808594e+00 9.517425537109375000e+00 5.904829978942871094e+00 3.612594127655029297e+00
7.388846874237060547e+00 9.484041213989257812e+00 5.877180576324462891e+00 3.606860399246215820e+00
7.409254074096679688e+00 9.432435989379882812e+00 5.822221279144287109e+00 3.610214710235595703e+00
7.429662704467773438e+00 9.416316032409667969e+00 5.804616451263427734e+00 3.611701011657714844e+00
7.450071811676025391e+00 9.373541831970214844e+00 5.777469158172607422e+00 3.596072196960449219e+00
7.470480442047119141e+00 9.364412307739257812e+00 5.761685371398925781e+00 3.602725982666015625e+00
7.490889549255371094e+00 9.308196067810058594e+00 5.709236621856689453e+00 3.598958015441894531e+00
7.511298179626464844e+00 9.280111312866210938e+00 5.684163093566894531e+00 3.595947980880737305e+00
7.531706809997558594e+00 9.212757110595703125e+00 5.627439975738525391e+00 3.585315227508544922e+00
7.552115917205810547e+00 9.179676055908203125e+00 5.609063148498535156e+00 3.570613622665405273e+00
7.572524547576904297e+00 9.156891822814941406e+00 5.589204311370849609e+00 3.567687273025512695e+00
7.592933654785156250e+00 9.202429771423339844e+00 5.563146114349365234e+00 3.639285087585449219e+00
7.613342285156250000e+00 9.071392059326171875e+00 5.516789436340332031e+00 3.554601669311523438e+00
7.633749485015869141e+00 9.048878669738769531e+00 5.495769500732421875e+00 3.553108692169189453e+00
7.654158592224121094e+00 8.995257377624511719e+00 5.454531192779541016e+00 3.540726184844970703e+00
7.674567222595214844e+00 8.981678009033203125e+00 5.450943470001220703e+00 3.530734062194824219e+00
7.694976329803466797e+00 8.921362876892089844e+00 5.394487857818603516e+00 3.526875734329223633e+00
7.715384960174560547e+00 8.894704818725585938e+00 5.374012470245361328e+00 3.520692110061645508e+00
7.776611328125000000e+00 8.813916206359863281e+00 5.327084541320800781e+00 3.486832380294799805e+00
7.797020435333251953e+00 8.839018821716308594e+00 5.313140869140625000e+00 3.525877237319946289e+00
7.817429065704345703e+00 9.131319999694824219e+00 5.299269676208496094e+00 3.832049846649169922e+00
7.837838172912597656e+00 9.249507904052734375e+00 5.448876380920410156e+00 3.800631523132324219e+00
7.858246803283691406e+00 8.923101425170898438e+00 5.162075042724609375e+00 3.761027336120605469e+00
7.878654003143310547e+00 8.573287963867187500e+00 5.148704528808593750e+00 3.424583911895751953e+00
7.899063110351562500e+00 8.569074630737304688e+00 5.144493579864501953e+00 3.424581527709960938e+00
7.960289478302001953e+00 8.437595367431640625e+00 5.073347568511962891e+00 3.364246129989624023e+00
7.980698108673095703e+00 8.380127906799316406e+00 5.025877952575683594e+00 3.354249954223632812e+00
8.001107215881347656e+00 8.357673645019531250e+00 5.017546176910400391e+00 3.340126514434814453e+00
8.021515846252441406e+00 8.327266693115234375e+00 4.997318744659423828e+00 3.329946994781494141e+00
8.164376258850097656e+00 8.227459907531738281e+00 4.918673038482666016e+00 3.308786392211914062e+00
8.205193519592285156e+00 8.119710922241210938e+00 4.847523212432861328e+00 3.272188425064086914e+00
8.225603103637695312e+00 7.904890537261962891e+00 4.812213420867919922e+00 3.092676877975463867e+00
8.266420364379882812e+00 8.042279243469238281e+00 4.788452148437500000e+00 3.253826141357421875e+00
8.286828994750976562e+00 8.011919975280761719e+00 4.767992019653320312e+00 3.243927955627441406e+00
8.388872146606445312e+00 7.814155578613281250e+00 4.595847129821777344e+00 3.218307971954345703e+00
8.409280776977539062e+00 7.803769111633300781e+00 4.587540149688720703e+00 3.216229915618896484e+00
8.429689407348632812e+00 7.769333362579345703e+00 4.533835411071777344e+00 3.235497474670410156e+00
8.450098037719726562e+00 7.722689628601074219e+00 4.474723815917968750e+00 3.247965097427368164e+00
8.470507621765136719e+00 7.756303310394287109e+00 4.504921913146972656e+00 3.251380443572998047e+00
8.490916252136230469e+00 7.757431507110595703e+00 4.492684841156005859e+00 3.264746665954589844e+00
8.511324882507324219e+00 7.723994731903076172e+00 4.458004474639892578e+00 3.265990495681762695e+00
8.531733512878417969e+00 7.714223384857177734e+00 4.445937633514404297e+00 3.268284797668457031e+00
8.552143096923828125e+00 7.678776264190673828e+00 4.425530433654785156e+00 3.253246307373046875e+00
8.572549819946289062e+00 7.686154842376708984e+00 4.414995193481445312e+00 3.271159410476684570e+00
8.592958450317382812e+00 7.652756690979003906e+00 4.376650333404541016e+00 3.276105642318725586e+00
8.613367080688476562e+00 7.637178421020507812e+00 4.369059562683105469e+00 3.268118858337402344e+00
8.695002555847167969e+00 7.517482280731201172e+00 4.293624401092529297e+00 3.223856687545776367e+00
8.756229400634765625e+00 7.439306259155273438e+00 4.210289955139160156e+00 3.229015111923217773e+00
8.797045707702636719e+00 7.435412883758544922e+00 4.204361438751220703e+00 3.231051921844482422e+00
8.817454338073730469e+00 7.392848968505859375e+00 4.194629669189453125e+00 3.198219299316406250e+00
8.858271598815917969e+00 7.384394645690917969e+00 4.163140773773193359e+00 3.221253871917724609e+00
8.878681182861328125e+00 7.367243766784667969e+00 4.153571128845214844e+00 3.213672876358032227e+00
9.021542549133300781e+00 7.118069171905517578e+00 3.973694324493408203e+00 3.144375085830688477e+00
9.041950225830078125e+00 7.114612102508544922e+00 3.968696832656860352e+00 3.145915508270263672e+00
9.062358856201171875e+00 7.110549926757812500e+00 3.963721752166748047e+00 3.146829366683959961e+00
9.082767486572265625e+00 7.053668975830078125e+00 3.917916059494018555e+00 3.135753631591796875e+00
9.103176116943359375e+00 6.990982055664062500e+00 3.868371009826660156e+00 3.122612237930297852e+00
9.143994331359863281e+00 6.944994926452636719e+00 3.832776784896850586e+00 3.112217426300048828e+00
9.266445159912109375e+00 6.791913986206054688e+00 3.650374174118041992e+00 3.141540765762329102e+00
9.286854743957519531e+00 6.703682422637939453e+00 3.642352104187011719e+00 3.061330556869506836e+00
9.307263374328613281e+00 6.652095794677734375e+00 3.608644247055053711e+00 3.043450117111206055e+00
9.327672004699707031e+00 6.628337860107421875e+00 3.611014366149902344e+00 3.017323255538940430e+00
9.348080635070800781e+00 6.588147163391113281e+00 3.560876369476318359e+00 3.027270555496215820e+00
9.368490219116210938e+00 6.530233860015869141e+00 3.518623113632202148e+00 3.011609554290771484e+00
9.388898849487304688e+00 6.500938415527343750e+00 3.502050638198852539e+00 2.998887538909912109e+00
9.409307479858398438e+00 6.489656925201416016e+00 3.477917194366455078e+00 3.011739730834960938e+00
9.429716110229492188e+00 6.480076313018798828e+00 3.455157756805419922e+00 3.024918794631958008e+00
9.450124740600585938e+00 6.468980312347412109e+00 3.452762365341186523e+00 3.016217231750488281e+00
9.470534324645996094e+00 6.458141326904296875e+00 3.425099849700927734e+00 3.033041000366210938e+00
9.490941047668457031e+00 6.430875301361083984e+00 3.400079011917114258e+00 3.030796527862548828e+00
9.511349678039550781e+00 6.400464534759521484e+00 3.376423597335815430e+00 3.024041175842285156e+00
9.531759262084960938e+00 6.394787788391113281e+00 3.367938518524169922e+00 3.026849746704101562e+00
9.552167892456054688e+00 6.376299858093261719e+00 3.354477167129516602e+00 3.021823167800903320e+00
9.572576522827148438e+00 6.348464488983154297e+00 3.329819440841674805e+00 3.018643856048583984e+00
9.592985153198242188e+00 6.319946289062500000e+00 3.310257911682128906e+00 3.009689331054687500e+00
9.613394737243652344e+00 6.300480842590332031e+00 3.290779829025268555e+00 3.009701013565063477e+00
9.633803367614746094e+00 6.282383918762207031e+00 3.278838396072387695e+00 3.003545284271240234e+00
9.654211997985839844e+00 6.254829883575439453e+00 3.258269309997558594e+00 2.996561050415039062e+00
9.674620628356933594e+00 6.243739604949951172e+00 3.251395940780639648e+00 2.992342472076416016e+00
9.695029258728027344e+00 6.228775978088378906e+00 3.240847110748291016e+00 2.987928390502929688e+00
9.715438842773437500e+00 6.195418357849121094e+00 3.215559244155883789e+00 2.979859113693237305e+00
9.735845565795898438e+00 6.177984237670898438e+00 3.205131053924560547e+00 2.972852468490600586e+00
9.756254196166992188e+00 6.158615112304687500e+00 3.193518638610839844e+00 2.965096950531005859e+00
9.776663780212402344e+00 6.143622398376464844e+00 3.180730581283569336e+00 2.962892532348632812e+00
9.797072410583496094e+00 6.113036155700683594e+00 3.156999826431274414e+00 2.956036806106567383e+00
9.817481040954589844e+00 6.113060951232910156e+00 3.162629127502441406e+00 2.950431108474731445e+00
9.837889671325683594e+00 6.073567390441894531e+00 3.129301548004150391e+00 2.944265365600585938e+00
9.858299255371093750e+00 6.059143543243408203e+00 3.120394706726074219e+00 2.938749074935913086e+00
9.878707885742187500e+00 6.043618679046630859e+00 3.111524820327758789e+00 2.932093620300292969e+00
9.899116516113281250e+00 6.032398700714111328e+00 3.107528209686279297e+00 2.924870967864990234e+00
9.919525146484375000e+00 6.004643917083740234e+00 3.085448026657104492e+00 2.919196367263793945e+00
9.939933776855468750e+00 5.989862918853759766e+00 3.075500488281250000e+00 2.914362430572509766e+00
9.960341453552246094e+00 5.974777221679687500e+00 3.065593957901000977e+00 2.909183502197265625e+00
9.980750083923339844e+00 5.952475070953369141e+00 3.049731254577636719e+00 2.902743339538574219e+00
1.000115871429443359e+01 5.940268039703369141e+00 3.038720607757568359e+00 2.901546239852905273e+00
1.002156829833984375e+01 5.925848007202148438e+00 3.031337976455688477e+00 2.894510030746459961e+00
1.004197692871093750e+01 5.911887168884277344e+00 3.021601438522338867e+00 2.890285730361938477e+00
1.006238555908203125e+01 5.901132583618164062e+00 3.017852067947387695e+00 2.883280515670776367e+00
1.008279418945312500e+01 5.884855270385742188e+00 3.008182048797607422e+00 2.876672983169555664e+00
1.012361240386962891e+01 5.794215202331542969e+00 2.955853700637817383e+00 2.838361024856567383e+00
1.014402103424072266e+01 5.784230709075927734e+00 2.952266454696655273e+00 2.831964254379272461e+00
1.016442966461181641e+01 5.815617084503173828e+00 2.955759525299072266e+00 2.859857797622680664e+00
1.018483734130859375e+01 5.762702465057373047e+00 2.931033372879028320e+00 2.831669092178344727e+00
1.020524597167968750e+01 5.770979881286621094e+00 2.932209253311157227e+00 2.838770627975463867e+00
1.022565460205078125e+01 5.739167690277099609e+00 2.914651632308959961e+00 2.824515342712402344e+00
1.024606323242187500e+01 5.736443996429443359e+00 2.908846139907836914e+00 2.827596664428710938e+00
1.026647281646728516e+01 5.724921226501464844e+00 2.892570257186889648e+00 2.832350015640258789e+00
1.028688144683837891e+01 5.707382202148437500e+00 2.876359224319458008e+00 2.831022500991821289e+00
1.030729007720947266e+01 5.689640998840332031e+00 2.866019010543823242e+00 2.823621749877929688e+00
1.032769870758056641e+01 5.710738658905029297e+00 2.874263286590576172e+00 2.836475610733032227e+00
1.034810733795166016e+01 5.676575660705566406e+00 2.857027530670166016e+00 2.819548130035400391e+00
1.036851692199707031e+01 5.632558822631835938e+00 2.824852466583251953e+00 2.807706356048583984e+00
1.038892555236816406e+01 5.626546382904052734e+00 2.825063943862915039e+00 2.801483154296875000e+00
1.040933418273925781e+01 5.607310295104980469e+00 2.810325622558593750e+00 2.796984672546386719e+00
1.042974185943603516e+01 5.598248481750488281e+00 2.803679227828979492e+00 2.794569015502929688e+00
1.045015048980712891e+01 5.589583873748779297e+00 2.799349069595336914e+00 2.790234804153442383e+00
1.047055912017822266e+01 5.567610740661621094e+00 2.782461166381835938e+00 2.785150289535522461e+00
1.049096775054931641e+01 5.578393936157226562e+00 2.778189182281494141e+00 2.800204992294311523e+00
1.051137733459472656e+01 5.529437541961669922e+00 2.757991552352905273e+00 2.771446466445922852e+00
1.053178596496582031e+01 5.520635604858398438e+00 2.748100996017456055e+00 2.772534847259521484e+00
1.055219459533691406e+01 5.513588428497314453e+00 2.749591827392578125e+00 2.763995885848999023e+00
1.057260322570800781e+01 5.483387947082519531e+00 2.722773551940917969e+00 2.760614156723022461e+00
1.059301185607910156e+01 5.474624156951904297e+00 2.718657732009887695e+00 2.755966424942016602e+00
1.061342144012451172e+01 5.460389137268066406e+00 2.707791328430175781e+00 2.752597808837890625e+00
1.063383007049560547e+01 5.448286056518554688e+00 2.696966171264648438e+00 2.751319646835327148e+00
1.065423679351806641e+01 5.426147937774658203e+00 2.680565834045410156e+00 2.745582818984985352e+00
1.067464637756347656e+01 5.416506290435791016e+00 2.673198461532592773e+00 2.743307113647460938e+00
1.069505500793457031e+01 5.387842655181884766e+00 2.654667377471923828e+00 2.733175516128540039e+00
1.071546363830566406e+01 5.375655174255371094e+00 2.640674591064453125e+00 2.734981060028076172e+00
1.073587226867675781e+01 5.360208034515380859e+00 2.630080223083496094e+00 2.730128288269042969e+00
1.075628089904785156e+01 5.347165107727050781e+00 2.621751546859741211e+00 2.725413322448730469e+00
1.077669048309326172e+01 5.329059600830078125e+00 2.605679750442504883e+00 2.723379850387573242e+00
1.079709911346435547e+01 5.310746192932128906e+00 2.590776920318603516e+00 2.719969511032104492e+00
1.081750774383544922e+01 5.291678905487060547e+00 2.577037096023559570e+00 2.714642524719238281e+00
1.083791637420654297e+01 5.272600173950195312e+00 2.567766904830932617e+00 2.704833507537841797e+00
1.085832595825195312e+01 5.264865398406982422e+00 2.554121494293212891e+00 2.710744142532348633e+00
1.087873268127441406e+01 5.250641345977783203e+00 2.541628599166870117e+00 2.709012985229492188e+00
1.089914131164550781e+01 5.235013008117675781e+00 2.530280113220214844e+00 2.704731941223144531e+00
1.091955089569091797e+01 5.226293087005615234e+00 2.523358583450317383e+00 2.702933788299560547e+00
1.093995952606201172e+01 5.209217071533203125e+00 2.509898424148559570e+00 2.699317455291748047e+00
1.096036815643310547e+01 5.191343307495117188e+00 2.495395898818969727e+00 2.695948362350463867e+00
1.098077678680419922e+01 5.184321403503417969e+00 2.490757942199707031e+00 2.693563461303710938e+00
1.100118541717529297e+01 5.169625759124755859e+00 2.478521108627319336e+00 2.691103935241699219e+00
1.102159500122070312e+01 5.158357143402099609e+00 2.469587564468383789e+00 2.688771009445190430e+00
1.104200363159179688e+01 5.149047851562500000e+00 2.461771011352539062e+00 2.687277078628540039e+00
1.106241226196289062e+01 5.142474174499511719e+00 2.458311319351196289e+00 2.684163331985473633e+00
1.108282089233398438e+01 5.135873317718505859e+00 2.454864501953125000e+00 2.681010007858276367e+00
1.110323047637939453e+01 5.119458675384521484e+00 2.439571857452392578e+00 2.679886817932128906e+00
1.112363719940185547e+01 5.103358268737792969e+00 2.425411701202392578e+00 2.677945852279663086e+00
1.114404582977294922e+01 5.090515613555908203e+00 2.414525508880615234e+00 2.675989866256713867e+00
1.116445541381835938e+01 5.082529544830322266e+00 2.407967567443847656e+00 2.674561977386474609e+00
1.118486404418945312e+01 5.074764728546142578e+00 2.404643774032592773e+00 2.670120477676391602e+00
1.120527267456054688e+01 5.062899112701416016e+00 2.393854856491088867e+00 2.669044494628906250e+00
1.122568130493164062e+01 5.056939601898193359e+00 2.389502763748168945e+00 2.667436361312866211e+00
1.124608993530273438e+01 5.042208671569824219e+00 2.376651763916015625e+00 2.665557384490966797e+00
1.126649951934814453e+01 5.037049770355224609e+00 2.374471426010131836e+00 2.662578582763671875e+00
1.128690814971923828e+01 5.019103527069091797e+00 2.358512639999389648e+00 2.660590648651123047e+00
1.130731678009033203e+01 5.013602256774902344e+00 2.355314254760742188e+00 2.658286571502685547e+00
1.142976856231689453e+01 4.866426944732666016e+00 2.250491619110107422e+00 2.615935325622558594e+00
1.145017719268798828e+01 4.866985321044921875e+00 2.246480226516723633e+00 2.620504856109619141e+00
1.147058582305908203e+01 4.840524673461914062e+00 2.232048273086547852e+00 2.608475685119628906e+00
1.155222129821777344e+01 4.784006595611572266e+00 2.175866127014160156e+00 2.608140945434570312e+00
1.161344623565673828e+01 4.777271747589111328e+00 2.179855346679687500e+00 2.597416400909423828e+00
1.163385486602783203e+01 4.839577674865722656e+00 2.218214511871337891e+00 2.621362447738647461e+00
1.165426349639892578e+01 4.765095233917236328e+00 2.181463956832885742e+00 2.583631038665771484e+00
1.169508171081542969e+01 4.758676528930664062e+00 2.175897359848022461e+00 2.582779169082641602e+00
1.183794212341308594e+01 4.702730178833007812e+00 2.149638652801513672e+00 2.553090572357177734e+00
1.185835075378417969e+01 4.719811439514160156e+00 2.145939111709594727e+00 2.573872327804565430e+00
1.187875938415527344e+01 4.772489547729492188e+00 2.227901935577392578e+00 2.544587850570678711e+00
1.196039485931396484e+01 4.623218536376953125e+00 2.090601682662963867e+00 2.532616615295410156e+00
1.198080348968505859e+01 4.636229515075683594e+00 2.087040424346923828e+00 2.549188852310180664e+00
1.200121307373046875e+01 4.640169143676757812e+00 2.077507257461547852e+00 2.562661647796630859e+00
1.202162170410156250e+01 4.659337043762207031e+00 2.080950021743774414e+00 2.578386545181274414e+00
1.204202842712402344e+01 4.622309207916259766e+00 2.076429367065429688e+00 2.545879840850830078e+00
1.206243801116943359e+01 4.639646053314208984e+00 2.072916269302368164e+00 2.566729545593261719e+00
1.208284664154052734e+01 4.628346443176269531e+00 2.062480449676513672e+00 2.565865993499755859e+00
1.210325527191162109e+01 4.629123210906982422e+00 2.056035757064819336e+00 2.573087692260742188e+00
1.214407253265380859e+01 4.566375255584716797e+00 2.016599655151367188e+00 2.549776315689086914e+00
1.216448211669921875e+01 4.584788322448730469e+00 2.031911849975585938e+00 2.552876472473144531e+00
1.220529937744140625e+01 4.567946910858154297e+00 2.015309572219848633e+00 2.552638530731201172e+00
1.226652622222900391e+01 4.522238731384277344e+00 1.987686276435852051e+00 2.534552335739135742e+00
1.228693294525146484e+01 4.609347820281982422e+00 1.977565884590148926e+00 2.631781339645385742e+00
1.232775115966796875e+01 4.499155521392822266e+00 1.963250517845153809e+00 2.535904645919799805e+00
1.234815979003906250e+01 4.493235111236572266e+00 1.960975050926208496e+00 2.532260417938232422e+00
1.236856842041015625e+01 4.489627361297607422e+00 1.955803751945495605e+00 2.533823490142822266e+00
1.238897705078125000e+01 4.492369651794433594e+00 1.955480337142944336e+00 2.536889076232910156e+00
1.240938663482666016e+01 4.470365047454833984e+00 1.930079579353332520e+00 2.540285110473632812e+00
1.247061252593994141e+01 4.446463584899902344e+00 1.937880277633666992e+00 2.508583307266235352e+00
1.253183746337890625e+01 4.382993221282958984e+00 1.889252305030822754e+00 2.493741035461425781e+00
1.255224609375000000e+01 4.359128475189208984e+00 1.865201711654663086e+00 2.493927240371704102e+00
1.257265567779541016e+01 4.344894886016845703e+00 1.854557633399963379e+00 2.490337133407592773e+00
1.261347293853759766e+01 4.333941459655761719e+00 1.837168812751770020e+00 2.496773004531860352e+00
1.271551704406738281e+01 4.287727355957031250e+00 1.800774574279785156e+00 2.486951828002929688e+00
1.273592472076416016e+01 4.292967796325683594e+00 1.814805984497070312e+00 2.478161096572875977e+00
1.277674198150634766e+01 4.280017375946044922e+00 1.797766447067260742e+00 2.482251405715942383e+00
1.283796882629394531e+01 4.248470306396484375e+00 1.784530639648437500e+00 2.463939905166625977e+00
1.285837745666503906e+01 4.226575851440429688e+00 1.768666028976440430e+00 2.457910060882568359e+00
1.289919567108154297e+01 4.215179443359375000e+00 1.763069272041320801e+00 2.452109336853027344e+00
1.291960430145263672e+01 4.204242706298828125e+00 1.751019477844238281e+00 2.453223466873168945e+00
1.298082923889160156e+01 4.191985607147216797e+00 1.722474813461303711e+00 2.469510316848754883e+00
1.300123786926269531e+01 4.189987659454345703e+00 1.721612215042114258e+00 2.468374967575073242e+00
1.310328197479248047e+01 4.151825428009033203e+00 1.699983477592468262e+00 2.451841592788696289e+00
1.312369060516357422e+01 4.138714790344238281e+00 1.688219308853149414e+00 2.450495243072509766e+00
1.314409923553466797e+01 4.117083549499511719e+00 1.670117139816284180e+00 2.446966409683227539e+00
1.316450881958007812e+01 4.105059623718261719e+00 1.669346332550048828e+00 2.435713529586791992e+00
1.318491744995117188e+01 4.101534366607666016e+00 1.667670249938964844e+00 2.433865070343017578e+00
1.320532417297363281e+01 4.111835956573486328e+00 1.675063490867614746e+00 2.436773061752319336e+00
1.328695964813232422e+01 4.076284408569335938e+00 1.658465862274169922e+00 2.417818546295166016e+00
1.330736923217773438e+01 4.055081844329833984e+00 1.643329977989196777e+00 2.411751747131347656e+00
1.332777786254882812e+01 4.048319339752197266e+00 1.640813589096069336e+00 2.407505512237548828e+00
1.334818649291992188e+01 4.060233592987060547e+00 1.639201402664184570e+00 2.421032428741455078e+00
1.336859512329101562e+01 4.026604652404785156e+00 1.612524628639221191e+00 2.414080381393432617e+00
1.338900375366210938e+01 4.025388717651367188e+00 1.610066652297973633e+00 2.415322065353393555e+00
1.340941333770751953e+01 4.036659240722656250e+00 1.624575972557067871e+00 2.412083625793457031e+00
1.342982006072998047e+01 4.003647327423095703e+00 1.599825620651245117e+00 2.403821706771850586e+00
1.345022869110107422e+01 4.029026031494140625e+00 1.611636757850646973e+00 2.417388916015625000e+00
1.347063827514648438e+01 4.024761199951171875e+00 1.604752302169799805e+00 2.420008897781372070e+00
1.349104690551757812e+01 4.020206928253173828e+00 1.603211760520935059e+00 2.416995763778686523e+00
1.351145553588867188e+01 4.014873981475830078e+00 1.596360802650451660e+00 2.418512582778930664e+00
1.353186416625976562e+01 4.007755279541015625e+00 1.591299653053283691e+00 2.416455745697021484e+00
1.355227375030517578e+01 4.005324840545654297e+00 1.587136626243591309e+00 2.418187856674194336e+00
1.357268238067626953e+01 4.000898361206054688e+00 1.583868265151977539e+00 2.417030096054077148e+00
1.359309101104736328e+01 3.994277477264404297e+00 1.580609679222106934e+00 2.413667917251586914e+00
1.361350059509277344e+01 3.988521099090576172e+00 1.575602293014526367e+00 2.412918806076049805e+00
1.363390827178955078e+01 3.978849887847900391e+00 1.569732308387756348e+00 2.409117698669433594e+00
1.365431785583496094e+01 3.976779460906982422e+00 1.567385792732238770e+00 2.409393787384033203e+00
1.367472553253173828e+01 3.969624042510986328e+00 1.562420725822448730e+00 2.407203435897827148e+00
1.369513320922851562e+01 3.963105440139770508e+00 1.558344483375549316e+00 2.404760837554931641e+00
1.371554279327392578e+01 3.957829952239990234e+00 1.555152893066406250e+00 2.402677297592163086e+00
1.373595046997070312e+01 3.954220056533813477e+00 1.551971077919006348e+00 2.402248859405517578e+00
1.375636100769042969e+01 3.946085214614868164e+00 1.546187877655029297e+00 2.399897575378417969e+00
1.377676773071289062e+01 3.940892696380615234e+00 1.543028593063354492e+00 2.397864103317260742e+00
1.379717826843261719e+01 3.934285879135131836e+00 1.539011001586914062e+00 2.395274877548217773e+00
1.381758594512939453e+01 3.929700613021850586e+00 1.535871744155883789e+00 2.393828868865966797e+00
1.383799648284912109e+01 3.925392866134643555e+00 1.532741546630859375e+00 2.392651081085205078e+00
1.385840320587158203e+01 3.919066429138183594e+00 1.528756976127624512e+00 2.390309572219848633e+00
1.387881374359130859e+01 3.912812471389770508e+00 1.524783968925476074e+00 2.388028383255004883e+00
1.389922142028808594e+01 3.906439542770385742e+00 1.520822882652282715e+00 2.385616540908813477e+00
1.391962814331054688e+01 3.902747869491577148e+00 1.518593192100524902e+00 2.384154558181762695e+00
1.394003868103027344e+01 3.896403074264526367e+00 1.513793706893920898e+00 2.382609605789184570e+00
1.396044635772705078e+01 3.892373323440551758e+00 1.512438416481018066e+00 2.379935026168823242e+00
1.398085689544677734e+01 3.886235237121582031e+00 1.508517980575561523e+00 2.377717256546020508e+00
1.400126361846923828e+01 3.879340171813964844e+00 1.503754734992980957e+00 2.375585317611694336e+00
1.402167415618896484e+01 3.872624397277832031e+00 1.499858498573303223e+00 2.372765779495239258e+00
1.404208183288574219e+01 3.868830680847167969e+00 1.495974063873291016e+00 2.372856616973876953e+00
1.406249237060546875e+01 3.863864898681640625e+00 1.492951631546020508e+00 2.370913267135620117e+00
1.408289909362792969e+01 3.861777067184448242e+00 1.491638183593750000e+00 2.370138645172119141e+00
1.410330963134765625e+01 3.849177122116088867e+00 1.482689738273620605e+00 2.366487503051757812e+00
1.412371635437011719e+01 3.849829196929931641e+00 1.484784722328186035e+00 2.365044355392456055e+00
1.414412403106689453e+01 3.840893268585205078e+00 1.478411197662353516e+00 2.362482070922851562e+00
1.416453456878662109e+01 3.840255022048950195e+00 1.477126002311706543e+00 2.363129138946533203e+00
1.418494129180908203e+01 3.834207057952880859e+00 1.474157094955444336e+00 2.360050201416015625e+00
1.420535182952880859e+01 3.832028388977050781e+00 1.472881555557250977e+00 2.359146833419799805e+00
1.422575950622558594e+01 3.822582244873046875e+00 1.465720295906066895e+00 2.356862068176269531e+00
1.424617004394531250e+01 3.820015907287597656e+00 1.464460611343383789e+00 2.355555295944213867e+00
1.426657676696777344e+01 3.816214084625244141e+00 1.460687875747680664e+00 2.355526447296142578e+00
1.428698730468750000e+01 3.813025474548339844e+00 1.459438800811767578e+00 2.353586673736572266e+00
1.430739498138427734e+01 3.809763669967651367e+00 1.457357168197631836e+00 2.352406263351440430e+00
1.432780551910400391e+01 3.804491996765136719e+00 1.453610301017761230e+00 2.350881576538085938e+00
1.434821224212646484e+01 3.796000003814697266e+00 1.446537494659423828e+00 2.349462270736694336e+00
1.436861991882324219e+01 3.796218872070312500e+00 1.446982145309448242e+00 2.349236726760864258e+00
1.438903045654296875e+01 3.789589166641235352e+00 1.442434072494506836e+00 2.347155094146728516e+00
1.440943717956542969e+01 3.787121295928955078e+00 1.440391302108764648e+00 2.346729993820190430e+00
1.442984771728515625e+01 3.782810926437377930e+00 1.436694860458374023e+00 2.346115827560424805e+00
1.445025539398193359e+01 3.780947923660278320e+00 1.434665918350219727e+00 2.346282005310058594e+00
1.447066593170166016e+01 3.778170347213745117e+00 1.432642340660095215e+00 2.345528364181518555e+00
1.449107265472412109e+01 3.771200895309448242e+00 1.428146839141845703e+00 2.343054056167602539e+00
1.451148319244384766e+01 3.768690824508666992e+00 1.425313234329223633e+00 2.343377351760864258e+00
1.453189086914062500e+01 3.766747951507568359e+00 1.424135446548461914e+00 2.342612743377685547e+00
1.455230045318603516e+01 3.760936498641967773e+00 1.418847799301147461e+00 2.342088699340820312e+00
1.457270812988281250e+01 3.760300874710083008e+00 1.418503761291503906e+00 2.341797351837158203e+00
1.459311580657958984e+01 3.755538940429687500e+00 1.414879560470581055e+00 2.340659141540527344e+00
1.461352539062500000e+01 3.758446216583251953e+00 1.416179776191711426e+00 2.342266559600830078e+00
1.463393306732177734e+01 3.751624345779418945e+00 1.411751031875610352e+00 2.339873313903808594e+00
1.465434360504150391e+01 3.748727560043334961e+00 1.408967971801757812e+00 2.339759349822998047e+00
1.467475032806396484e+01 3.745637416839599609e+00 1.407008647918701172e+00 2.338628530502319336e+00
1.469516086578369141e+01 3.743961811065673828e+00 1.405054330825805664e+00 2.338907480239868164e+00
1.471556854248046875e+01 3.737951517105102539e+00 1.400665760040283203e+00 2.337285280227661133e+00
1.473597908020019531e+01 3.737711668014526367e+00 1.400350332260131836e+00 2.337361574172973633e+00
1.475638580322265625e+01 3.733940124511718750e+00 1.397602558135986328e+00 2.336337566375732422e+00
1.477679634094238281e+01 3.731207609176635742e+00 1.395672082901000977e+00 2.335535526275634766e+00
1.479720401763916016e+01 3.728340387344360352e+00 1.392938375473022461e+00 2.335402011871337891e+00
1.481761455535888672e+01 3.727299213409423828e+00 1.392635226249694824e+00 2.334663867950439453e+00
1.483802127838134766e+01 3.723776340484619141e+00 1.389913201332092285e+00 2.333863258361816406e+00
1.485842895507812500e+01 3.719111919403076172e+00 1.386393070220947266e+00 2.332719087600708008e+00
1.487883949279785156e+01 3.715775251388549805e+00 1.382882356643676758e+00 2.332893371582031250e+00
1.489924621582031250e+01 3.718641757965087891e+00 1.386611819267272949e+00 2.332030057907104492e+00
1.491965675354003906e+01 3.709991455078125000e+00 1.380703568458557129e+00 2.329288005828857422e+00
1.494006443023681641e+01 3.705963373184204102e+00 1.376414060592651367e+00 2.329549074172973633e+00
1.496047496795654297e+01 3.702530860900878906e+00 1.374536275863647461e+00 2.327994823455810547e+00
1.498088169097900391e+01 3.697883367538452148e+00 1.370266795158386230e+00 2.327616453170776367e+00
1.500129222869873047e+01 3.698080062866210938e+00 1.370796203613281250e+00 2.327284097671508789e+00
1.502169895172119141e+01 3.692506313323974609e+00 1.366543412208557129e+00 2.325963020324707031e+00
1.504210948944091797e+01 3.691596984863281250e+00 1.366280794143676758e+00 2.325316190719604492e+00
1.506251716613769531e+01 3.688331842422485352e+00 1.364429712295532227e+00 2.323902130126953125e+00
1.508292388916015625e+01 3.681498289108276367e+00 1.359409213066101074e+00 2.322088956832885742e+00
1.510333442687988281e+01 3.680529356002807617e+00 1.357572197914123535e+00 2.322957277297973633e+00
1.512374210357666016e+01 3.679604053497314453e+00 1.358906149864196777e+00 2.320698261260986328e+00
1.514415264129638672e+01 3.674149274826049805e+00 1.354703426361083984e+00 2.319446086883544922e+00
1.516455936431884766e+01 3.673799276351928711e+00 1.352880358695983887e+00 2.320918798446655273e+00
1.518496990203857422e+01 3.667851448059082031e+00 1.348697185516357422e+00 2.319154024124145508e+00
1.520537757873535156e+01 3.664769172668457031e+00 1.346887111663818359e+00 2.317882299423217773e+00
1.522578811645507812e+01 3.661910295486450195e+00 1.344295501708984375e+00 2.317614793777465820e+00
1.524619483947753906e+01 3.661766767501831055e+00 1.343281149864196777e+00 2.318485498428344727e+00
1.526660537719726562e+01 3.653447389602661133e+00 1.335996985435485840e+00 2.317450761795043945e+00
1.528701305389404297e+01 3.648965835571289062e+00 1.334213495254516602e+00 2.314752578735351562e+00
1.530741977691650391e+01 3.646700143814086914e+00 1.330870985984802246e+00 2.315829038619995117e+00
1.532783031463623047e+01 3.644666194915771484e+00 1.329879879951477051e+00 2.314786195755004883e+00
1.534823799133300781e+01 3.642543554306030273e+00 1.326551675796508789e+00 2.315991640090942383e+00
1.536864852905273438e+01 3.640615701675415039e+00 1.324790000915527344e+00 2.315825462341308594e+00
1.538905525207519531e+01 3.636696100234985352e+00 1.320699810981750488e+00 2.315996408462524414e+00
1.540946578979492188e+01 3.635228157043457031e+00 1.319727301597595215e+00 2.315500736236572266e+00
1.542987346649169922e+01 3.632828712463378906e+00 1.317981839179992676e+00 2.314846754074096680e+00
1.545028305053710938e+01 3.628009080886840820e+00 1.313141942024230957e+00 2.314867258071899414e+00
1.547069072723388672e+01 3.624119281768798828e+00 1.309088706970214844e+00 2.315030574798583984e+00
1.549109745025634766e+01 3.621597528457641602e+00 1.306591391563415527e+00 2.315006256103515625e+00
1.551150798797607422e+01 3.619750976562500000e+00 1.304872155189514160e+00 2.314878702163696289e+00
1.553191566467285156e+01 3.619365215301513672e+00 1.303928494453430176e+00 2.315436363220214844e+00
1.555232620239257812e+01 3.614429235458374023e+00 1.299908280372619629e+00 2.314521074295043945e+00
1.557273292541503906e+01 3.608948707580566406e+00 1.294361710548400879e+00 2.314587116241455078e+00
1.559314346313476562e+01 3.608096122741699219e+00 1.294202685356140137e+00 2.313893079757690430e+00
1.561355113983154297e+01 3.605917215347290039e+00 1.290977954864501953e+00 2.314939260482788086e+00
1.563395786285400391e+01 3.601819038391113281e+00 1.288527131080627441e+00 2.313291788101196289e+00
1.565436840057373047e+01 3.600393056869506836e+00 1.286082625389099121e+00 2.314310550689697266e+00
1.567477607727050781e+01 3.598385334014892578e+00 1.284408211708068848e+00 2.313977003097534180e+00
1.569518661499023438e+01 3.594891309738159180e+00 1.281212568283081055e+00 2.313678741455078125e+00
1.571559333801269531e+01 3.598751783370971680e+00 1.285642027854919434e+00 2.313109874725341797e+00
1.573600387573242188e+01 3.589433670043945312e+00 1.277128696441650391e+00 2.312304973602294922e+00
1.575641155242919922e+01 3.587174892425537109e+00 1.275474667549133301e+00 2.311699867248535156e+00
1.577682209014892578e+01 3.582857370376586914e+00 1.271548390388488770e+00 2.311308860778808594e+00
1.579722881317138672e+01 3.580571413040161133e+00 1.269905686378479004e+00 2.310665845870971680e+00
1.581763935089111328e+01 3.579850196838378906e+00 1.269780635833740234e+00 2.310069322586059570e+00
1.583804702758789062e+01 3.573230266571044922e+00 1.264365792274475098e+00 2.308864116668701172e+00
1.585845661163330078e+01 3.568559646606445312e+00 1.261228919029235840e+00 2.307330608367919922e+00
1.587886428833007812e+01 3.560157537460327148e+00 1.255085229873657227e+00 2.305072307586669922e+00
1.589927196502685547e+01 3.559267520904541016e+00 1.254979848861694336e+00 2.304287910461425781e+00
1.591968154907226562e+01 3.558717727661132812e+00 1.254874825477600098e+00 2.303842782974243164e+00
1.594008922576904297e+01 3.554709911346435547e+00 1.251766204833984375e+00 2.302943229675292969e+00
1.596049976348876953e+01 3.550943136215209961e+00 1.248665690422058105e+00 2.302277565002441406e+00
1.598090648651123047e+01 3.546082735061645508e+00 1.244824171066284180e+00 2.301258563995361328e+00
1.600131797790527344e+01 3.543102502822875977e+00 1.243236422538757324e+00 2.299865961074829102e+00
1.602172470092773438e+01 3.538609981536865234e+00 1.240158677101135254e+00 2.298451185226440430e+00
1.604213523864746094e+01 3.535277605056762695e+00 1.237834572792053223e+00 2.297442913055419922e+00
1.606254196166992188e+01 3.530568599700927734e+00 1.234026312828063965e+00 2.296542167663574219e+00
1.608295249938964844e+01 3.528523921966552734e+00 1.232460260391235352e+00 2.296063661575317383e+00
1.610335922241210938e+01 3.526055097579956055e+00 1.231641888618469238e+00 2.294413089752197266e+00
1.612376785278320312e+01 3.520223140716552734e+00 1.227113485336303711e+00 2.293109655380249023e+00
1.614417839050292969e+01 3.517115354537963867e+00 1.224820613861083984e+00 2.292294740676879883e+00
1.616458511352539062e+01 3.512440681457519531e+00 1.221053004264831543e+00 2.291387557983398438e+00
1.618499565124511719e+01 3.508776426315307617e+00 1.218034148216247559e+00 2.290742158889770508e+00
1.620540237426757812e+01 3.505696296691894531e+00 1.215761542320251465e+00 2.289935111999511719e+00
1.622581291198730469e+01 3.502385616302490234e+00 1.212756872177124023e+00 2.289628505706787109e+00
1.624621963500976562e+01 3.499207019805908203e+00 1.210496783256530762e+00 2.288710117340087891e+00
1.626663017272949219e+01 3.495335578918457031e+00 1.207506299018859863e+00 2.287829160690307617e+00
1.628703880310058594e+01 3.493374586105346680e+00 1.205993294715881348e+00 2.287381410598754883e+00
1.630744743347167969e+01 3.484758615493774414e+00 1.199345946311950684e+00 2.285413026809692383e+00
1.632785606384277344e+01 3.484645605087280273e+00 1.198579907417297363e+00 2.286065816879272461e+00
1.634826278686523438e+01 3.482620716094970703e+00 1.197083711624145508e+00 2.285536766052246094e+00
1.636867332458496094e+01 3.478781700134277344e+00 1.193397283554077148e+00 2.285384654998779297e+00
1.638908004760742188e+01 3.476074695587158203e+00 1.190450668334960938e+00 2.285624265670776367e+00
1.640949058532714844e+01 3.472251415252685547e+00 1.187511086463928223e+00 2.284740447998046875e+00
1.642989730834960938e+01 3.469189643859863281e+00 1.183850646018981934e+00 2.285339117050170898e+00
1.645030784606933594e+01 3.467378139495849609e+00 1.182381749153137207e+00 2.284996509552001953e+00
1.647071647644042969e+01 3.464953660964965820e+00 1.180190086364746094e+00 2.284763336181640625e+00
1.649112701416015625e+01 3.462189197540283203e+00 1.177277684211730957e+00 2.284911394119262695e+00
1.651153373718261719e+01 3.459451436996459961e+00 1.174372911453247070e+00 2.285078287124633789e+00
1.653194427490234375e+01 3.456862211227416992e+00 1.172922968864440918e+00 2.283939361572265625e+00
1.655235099792480469e+01 3.454357862472534180e+00 1.169307470321655273e+00 2.285050153732299805e+00
1.657275772094726562e+01 3.452715158462524414e+00 1.166423082351684570e+00 2.286291837692260742e+00
1.659316825866699219e+01 3.448744058609008789e+00 1.162102818489074707e+00 2.286641120910644531e+00
1.661357688903808594e+01 3.446794271469116211e+00 1.161396026611328125e+00 2.285398244857788086e+00
1.663398742675781250e+01 3.445841789245605469e+00 1.160690546035766602e+00 2.285151243209838867e+00
1.665439414978027344e+01 3.440077066421508789e+00 1.154956102371215820e+00 2.285120725631713867e+00
1.667480468750000000e+01 3.438434600830078125e+00 1.153542399406433105e+00 2.284892082214355469e+00
1.669521141052246094e+01 3.437198400497436523e+00 1.152132391929626465e+00 2.285066127777099609e+00
1.671562194824218750e+01 3.435309410095214844e+00 1.150009393692016602e+00 2.285300254821777344e+00
1.673602867126464844e+01 3.432063817977905273e+00 1.147176742553710938e+00 2.284887075424194336e+00
1.675643920898437500e+01 3.427525520324707031e+00 1.143636465072631836e+00 2.283889293670654297e+00
1.677684593200683594e+01 3.425678014755249023e+00 1.142245292663574219e+00 2.283432722091674805e+00
1.679725456237792969e+01 3.423392772674560547e+00 1.140857577323913574e+00 2.282535552978515625e+00
1.681766510009765625e+01 3.418333053588867188e+00 1.135202646255493164e+00 2.283130407333374023e+00
1.683807182312011719e+01 3.413418531417846680e+00 1.131694316864013672e+00 2.281724214553833008e+00
1.685848236083984375e+01 3.414403438568115234e+00 1.133164167404174805e+00 2.281239509582519531e+00
1.687888908386230469e+01 3.411780357360839844e+00 1.131084918975830078e+00 2.280695438385009766e+00
1.689929962158203125e+01 3.408435821533203125e+00 1.129010558128356934e+00 2.279425144195556641e+00
1.691970634460449219e+01 3.405685663223266602e+00 1.126941442489624023e+00 2.278744220733642578e+00
1.694011688232421875e+01 3.401879787445068359e+00 1.124170422554016113e+00 2.277709245681762695e+00
1.696052551269531250e+01 3.399599552154541016e+00 1.122817873954772949e+00 2.276781558990478516e+00
1.698093605041503906e+01 3.395150899887084961e+00 1.119353652000427246e+00 2.275797128677368164e+00
1.700134277343750000e+01 3.390245437622070312e+00 1.115193843841552734e+00 2.275051593780517578e+00
1.702175331115722656e+01 3.387904644012451172e+00 1.114559769630432129e+00 2.273344516754150391e+00
1.704216003417968750e+01 3.386010646820068359e+00 1.113225221633911133e+00 2.272785186767578125e+00
1.706256675720214844e+01 3.381437778472900391e+00 1.110490798950195312e+00 2.270946979522705078e+00
1.708297729492187500e+01 3.379952907562255859e+00 1.109163999557495117e+00 2.270788908004760742e+00
1.710338592529296875e+01 3.375155687332153320e+00 1.106440782546997070e+00 2.268715143203735352e+00
1.712379646301269531e+01 3.373106479644775391e+00 1.105121970176696777e+00 2.267984390258789062e+00
1.714420318603515625e+01 3.368564128875732422e+00 1.101712107658386230e+00 2.266852140426635742e+00
1.716461372375488281e+01 3.365930795669555664e+00 1.100401997566223145e+00 2.265528917312622070e+00
1.718502044677734375e+01 3.362299919128417969e+00 1.097702383995056152e+00 2.264597415924072266e+00
1.720543098449707031e+01 3.360008716583251953e+00 1.097095727920532227e+00 2.262912750244140625e+00
1.722583770751953125e+01 3.355521678924560547e+00 1.093016505241394043e+00 2.262505292892456055e+00
1.724624824523925781e+01 3.352121591567993164e+00 1.091029047966003418e+00 2.261092185974121094e+00
1.726665496826171875e+01 3.349275112152099609e+00 1.089046359062194824e+00 2.260228872299194336e+00
1.728706359863281250e+01 3.345439434051513672e+00 1.085683584213256836e+00 2.259755849838256836e+00
1.730747413635253906e+01 3.342809200286865234e+00 1.083711624145507812e+00 2.259097814559936523e+00
1.732788085937500000e+01 3.339395284652709961e+00 1.081053853034973145e+00 2.258341550827026367e+00
1.734829139709472656e+01 3.334474086761474609e+00 1.077712059020996094e+00 2.256762027740478516e+00
1.736869812011718750e+01 3.332253456115722656e+00 1.076445817947387695e+00 2.255807876586914062e+00
1.738910865783691406e+01 3.329868555068969727e+00 1.073805570602416992e+00 2.256062984466552734e+00
1.740951538085937500e+01 3.325637102127075195e+00 1.070484280586242676e+00 2.255152940750122070e+00
1.742992591857910156e+01 3.323796510696411133e+00 1.069230794906616211e+00 2.254565954208374023e+00
1.745033454895019531e+01 3.323340415954589844e+00 1.067980408668518066e+00 2.255359888076782227e+00
1.747074508666992188e+01 3.319587707519531250e+00 1.065362453460693359e+00 2.254225254058837891e+00
1.749115180969238281e+01 3.316313266754150391e+00 1.062750816345214844e+00 2.253562450408935547e+00
1.751155853271484375e+01 3.313956499099731445e+00 1.060828804969787598e+00 2.253127574920654297e+00
1.753196907043457031e+01 3.311112642288208008e+00 1.058228373527526855e+00 2.252884149551391602e+00
1.755237579345703125e+01 3.310581684112548828e+00 1.056998014450073242e+00 2.253583669662475586e+00
1.757278633117675781e+01 3.307335376739501953e+00 1.054408073425292969e+00 2.252927064895629883e+00
1.759319496154785156e+01 3.304273605346679688e+00 1.051824331283569336e+00 2.252449274063110352e+00
1.761360359191894531e+01 3.298266649246215820e+00 1.047887206077575684e+00 2.250379323959350586e+00
1.763401222229003906e+01 3.299475669860839844e+00 1.047353267669677734e+00 2.252122402191162109e+00
1.765442276000976562e+01 3.298492193222045898e+00 1.046142458915710449e+00 2.252349615097045898e+00
1.767482948303222656e+01 3.296847105026245117e+00 1.044934630393981934e+00 2.251912355422973633e+00
1.769524002075195312e+01 3.294508695602416992e+00 1.043052911758422852e+00 2.251455545425415039e+00
1.771564674377441406e+01 3.291830539703369141e+00 1.040500044822692871e+00 2.251330375671386719e+00
1.773605346679687500e+01 3.290071010589599609e+00 1.039302825927734375e+00 2.250768184661865234e+00
1.775646400451660156e+01 3.288121938705444336e+00 1.037434101104736328e+00 2.250687837600708008e+00
1.777687263488769531e+01 3.286805629730224609e+00 1.036243200302124023e+00 2.250562667846679688e+00
1.779728317260742188e+01 3.283892869949340820e+00 1.034382224082946777e+00 2.249510526657104492e+00
1.781768989562988281e+01 3.283614635467529297e+00 1.034541130065917969e+00 2.249073743820190430e+00
1.783810043334960938e+01 3.280890703201293945e+00 1.032686352729797363e+00 2.248204469680786133e+00
1.785850715637207031e+01 3.279767513275146484e+00 1.032176494598388672e+00 2.247590780258178711e+00
1.787891769409179688e+01 3.277337074279785156e+00 1.030328750610351562e+00 2.247008323669433594e+00
1.789932441711425781e+01 3.272702932357788086e+00 1.026479125022888184e+00 2.246223688125610352e+00
1.791973495483398438e+01 3.273672103881835938e+00 1.029317736625671387e+00 2.244354724884033203e+00
1.794014358520507812e+01 3.271862745285034180e+00 1.027479648590087891e+00 2.244383335113525391e+00
1.796055030822753906e+01 3.271695852279663086e+00 1.028311491012573242e+00 2.243384599685668945e+00
1.798096084594726562e+01 3.268314361572265625e+00 1.026478528976440430e+00 2.241835594177246094e+00
1.800136756896972656e+01 3.266397476196289062e+00 1.025314927101135254e+00 2.241082429885864258e+00
1.802177810668945312e+01 3.264535188674926758e+00 1.024817824363708496e+00 2.239717245101928711e+00
1.804218482971191406e+01 3.262780427932739258e+00 1.023658752441406250e+00 2.239121675491333008e+00
1.806259536743164062e+01 3.260178804397583008e+00 1.023164749145507812e+00 2.237014293670654297e+00
1.808300209045410156e+01 3.258582592010498047e+00 1.022671818733215332e+00 2.235910654067993164e+00
1.810341262817382812e+01 3.256661176681518555e+00 1.022180199623107910e+00 2.234481096267700195e+00
1.812382125854492188e+01 3.254742622375488281e+00 1.021689534187316895e+00 2.233053207397460938e+00
1.814423179626464844e+01 3.252017974853515625e+00 1.020540237426757812e+00 2.231477737426757812e+00
1.816463851928710938e+01 3.251192808151245117e+00 1.021370530128479004e+00 2.229822158813476562e+00
1.818504524230957031e+01 3.248862266540527344e+00 1.020224332809448242e+00 2.228637933731079102e+00
1.820545578002929688e+01 3.247132301330566406e+00 1.019738197326660156e+00 2.227394104003906250e+00
1.822586250305175781e+01 3.241231441497802734e+00 1.015312671661376953e+00 2.225919008255004883e+00
1.824627304077148438e+01 3.243549585342407227e+00 1.018768906593322754e+00 2.224780797958374023e+00
1.826668167114257812e+01 3.240388154983520508e+00 1.018285989761352539e+00 2.222102403640747070e+00
1.828709220886230469e+01 3.239521503448486328e+00 1.017149567604064941e+00 2.222372055053710938e+00
1.830749893188476562e+01 3.239276885986328125e+00 1.017977118492126465e+00 2.221299886703491211e+00
1.832790946960449219e+01 3.237784385681152344e+00 1.017496585845947266e+00 2.220287322998046875e+00
1.834831619262695312e+01 3.235921382904052734e+00 1.016364812850952148e+00 2.219556808471679688e+00
1.836872673034667969e+01 3.236126899719238281e+00 1.017190337181091309e+00 2.218936443328857422e+00
1.838913345336914062e+01 3.234938383102416992e+00 1.016712427139282227e+00 2.218225955963134766e+00
1.840954399108886719e+01 3.233578920364379883e+00 1.015585303306579590e+00 2.217993497848510742e+00
1.842995262145996094e+01 3.231247901916503906e+00 1.013161778450012207e+00 2.218086242675781250e+00
1.845035934448242188e+01 3.231352329254150391e+00 1.012689948081970215e+00 2.218662261962890625e+00
1.847076988220214844e+01 3.229293107986450195e+00 1.010274887084960938e+00 2.219018459320068359e+00
1.849117660522460938e+01 3.226175069808959961e+00 1.005923390388488770e+00 2.220251560211181641e+00
1.851158714294433594e+01 3.222781419754028320e+00 1.000934600830078125e+00 2.221847057342529297e+00
1.853199386596679688e+01 3.215031147003173828e+00 9.907900094985961914e-01 2.224241018295288086e+00
1.855240440368652344e+01 3.204148530960083008e+00 9.767964482307434082e-01 2.227352380752563477e+00
1.857281112670898438e+01 3.186869621276855469e+00 9.563891291618347168e-01 2.230480432510375977e+00
1.859322166442871094e+01 3.165903329849243164e+00 9.315202236175537109e-01 2.234383344650268555e+00
1.861363029479980469e+01 3.138260841369628906e+00 9.041336774826049805e-01 2.234127283096313477e+00
1.863404083251953125e+01 3.114947795867919922e+00 8.819458484649658203e-01 2.233001947402954102e+00
1.865444755554199219e+01 3.099330425262451172e+00 8.687897324562072754e-01 2.230540752410888672e+00
1.867485427856445312e+01 3.090892076492309570e+00 8.652765750885009766e-01 2.225615262985229492e+00
1.869526481628417969e+01 3.090885639190673828e+00 8.694538474082946777e-01 2.221431732177734375e+00
1.871567153930664062e+01 3.095641374588012695e+00 8.780990839004516602e-01 2.217542409896850586e+00
1.873608207702636719e+01 3.100295066833496094e+00 8.860864043235778809e-01 2.214208602905273438e+00
1.875649070739746094e+01 3.107499837875366211e+00 8.946946859359741211e-01 2.212805032730102539e+00
1.877690124511718750e+01 3.117145061492919922e+00 9.051964282989501953e-01 2.211948394775390625e+00
1.879730796813964844e+01 3.126652717590332031e+00 9.156755208969116211e-01 2.210977077484130859e+00
1.881771850585937500e+01 3.135202407836914062e+00 9.248596429824829102e-01 2.210342407226562500e+00
1.883812522888183594e+01 3.145058631896972656e+00 9.346594810485839844e-01 2.210399150848388672e+00
1.885853576660156250e+01 3.156286001205444336e+00 9.450725317001342773e-01 2.211213350296020508e+00
1.887894248962402344e+01 3.169608831405639648e+00 9.567312598228454590e-01 2.212877511978149414e+00
1.889935111999511719e+01 3.183845758438110352e+00 9.689981937408447266e-01 2.214847803115844727e+00
1.891975975036621094e+01 3.199806213378906250e+00 9.818711280822753906e-01 2.217935085296630859e+00
1.894016838073730469e+01 3.217044591903686523e+00 9.947164058685302734e-01 2.222327947616577148e+00
1.896057891845703125e+01 3.234466552734375000e+00 1.006902694702148438e+00 2.227563858032226562e+00
1.898098564147949219e+01 3.247280597686767578e+00 1.014648675918579102e+00 2.232631921768188477e+00
1.900139617919921875e+01 3.253085136413574219e+00 1.016078591346740723e+00 2.237006425857543945e+00
1.902180290222167969e+01 3.250864982604980469e+00 1.011212944984436035e+00 2.239652156829833984e+00
1.904221343994140625e+01 3.241413354873657227e+00 1.001957416534423828e+00 2.239455699920654297e+00
1.906262016296386719e+01 3.226578950881958008e+00 9.895825386047363281e-01 2.236996412277221680e+00
1.908303070068359375e+01 3.210003376007080078e+00 9.759793281555175781e-01 2.234024286270141602e+00
1.910343933105468750e+01 3.189472198486328125e+00 9.592725634574890137e-01 2.230199575424194336e+00
1.912384605407714844e+01 3.160876989364624023e+00 9.325872063636779785e-01 2.228290081024169922e+00
1.914425659179687500e+01 3.121283292770385742e+00 8.922033905982971191e-01 2.229079961776733398e+00
1.916466331481933594e+01 3.070184707641601562e+00 8.369162678718566895e-01 2.233268499374389648e+00
1.918507385253906250e+01 3.023211956024169922e+00 7.823704481124877930e-01 2.240841388702392578e+00
1.920548057556152344e+01 2.994557619094848633e+00 7.447682023048400879e-01 2.249789476394653320e+00
1.922589111328125000e+01 2.990463018417358398e+00 7.333937287330627441e-01 2.257069349288940430e+00
1.924629974365234375e+01 3.022670984268188477e+00 7.649556398391723633e-01 2.257715463638305664e+00
1.926671028137207031e+01 3.082893133163452148e+00 8.349685668945312500e-01 2.247924566268920898e+00
1.928711700439453125e+01 3.094439029693603516e+00 8.638738393783569336e-01 2.230565071105957031e+00
1.930752754211425781e+01 3.050003290176391602e+00 8.338233232498168945e-01 2.216180086135864258e+00
1.932793426513671875e+01 2.966853618621826172e+00 7.598668932914733887e-01 2.206986904144287109e+00
1.934834098815917969e+01 2.981614589691162109e+00 7.800990343093872070e-01 2.201515674591064453e+00
1.936875152587890625e+01 3.029518842697143555e+00 8.336595296859741211e-01 2.195859432220458984e+00
1.938915824890136719e+01 3.064576625823974609e+00 8.722914457321166992e-01 2.192285060882568359e+00
1.940956878662109375e+01 3.092536211013793945e+00 9.009749293327331543e-01 2.191561222076416016e+00
1.942997741699218750e+01 3.103785276412963867e+00 9.129654765129089355e-01 2.190819740295410156e+00
1.945038795471191406e+01 3.083221197128295898e+00 8.923149108886718750e-01 2.190906286239624023e+00
1.947079467773437500e+01 3.030182123184204102e+00 8.415853977203369141e-01 2.188596725463867188e+00
1.949120521545410156e+01 2.981908321380615234e+00 7.995593547821044922e-01 2.182348728179931641e+00
1.951161193847656250e+01 2.937888622283935547e+00 7.600752115249633789e-01 2.177813529968261719e+00
1.953202247619628906e+01 2.901491165161132812e+00 7.261887788772583008e-01 2.175302267074584961e+00
1.955242919921875000e+01 2.870577812194824219e+00 6.966585516929626465e-01 2.173919200897216797e+00
1.957283973693847656e+01 2.888731718063354492e+00 7.136666178703308105e-01 2.175065279006958008e+00
1.959324836730957031e+01 2.929617404937744141e+00 7.556865215301513672e-01 2.173931121826171875e+00
1.961365509033203125e+01 2.956310987472534180e+00 7.848033308982849121e-01 2.171507358551025391e+00
1.963406562805175781e+01 2.974674463272094727e+00 8.041053414344787598e-01 2.170569181442260742e+00
1.965447235107421875e+01 2.985831022262573242e+00 8.154504895210266113e-01 2.170380592346191406e+00
1.967488288879394531e+01 2.990473985671997070e+00 8.212965726852416992e-01 2.169177293777465820e+00
1.969528961181640625e+01 2.992976665496826172e+00 8.265230059623718262e-01 2.166453838348388672e+00
1.971570014953613281e+01 2.995484590530395508e+00 8.311313390731811523e-01 2.164353132247924805e+00
1.973610877990722656e+01 2.999057769775390625e+00 8.375497460365295410e-01 2.161508083343505859e+00
1.975651741027832031e+01 3.000023365020751953e+00 8.421370387077331543e-01 2.157886028289794922e+00
1.977692604064941406e+01 2.993277072906494141e+00 8.388472199440002441e-01 2.154429912567138672e+00
1.979733657836914062e+01 2.965004444122314453e+00 8.150073885917663574e-01 2.149997234344482422e+00
1.981774330139160156e+01 2.905050039291381836e+00 7.628296613693237305e-01 2.142220258712768555e+00
1.983815002441406250e+01 2.819631814956665039e+00 6.830046176910400391e-01 2.136627197265625000e+00
1.985856056213378906e+01 2.766701221466064453e+00 6.280559897422790527e-01 2.138645410537719727e+00
1.987896728515625000e+01 2.743793964385986328e+00 6.027242541313171387e-01 2.141069650650024414e+00
1.989937782287597656e+01 2.745874881744384766e+00 6.003616452217102051e-01 2.145513057708740234e+00
1.991978645324707031e+01 2.766622543334960938e+00 6.177131533622741699e-01 2.148909330368041992e+00
1.994019699096679688e+01 2.800036430358886719e+00 6.506961584091186523e-01 2.149340152740478516e+00
1.996060371398925781e+01 2.824149131774902344e+00 6.752166152000427246e-01 2.148932695388793945e+00
1.998101425170898438e+01 2.834356069564819336e+00 6.877058744430541992e-01 2.146650314331054688e+00
2.000142097473144531e+01 2.833594799041748047e+00 6.899964213371276855e-01 2.143598318099975586e+00
2.002183151245117188e+01 2.829114675521850586e+00 6.880974173545837402e-01 2.141017198562622070e+00
2.004223823547363281e+01 2.825280427932739258e+00 6.873968243598937988e-01 2.137883663177490234e+00
2.006264686584472656e+01 2.824302196502685547e+00 6.878907680511474609e-01 2.136411428451538086e+00
2.008305740356445312e+01 2.826610565185546875e+00 6.913636922836303711e-01 2.135246992111206055e+00
2.010346412658691406e+01 2.830835819244384766e+00 6.954251527786254883e-01 2.135410785675048828e+00
2.012387466430664062e+01 2.831964492797851562e+00 6.941249370574951172e-01 2.137839794158935547e+00
2.014428138732910156e+01 2.823801040649414062e+00 6.797553300857543945e-01 2.144045591354370117e+00
2.016469192504882812e+01 2.831683874130249023e+00 6.814416646957397461e-01 2.150242328643798828e+00
2.018509864807128906e+01 2.878407001495361328e+00 7.240411043167114258e-01 2.154365777969360352e+00
2.020550918579101562e+01 2.907934904098510742e+00 7.529292106628417969e-01 2.155005931854248047e+00
2.022591781616210938e+01 2.907852888107299805e+00 7.539449334144592285e-01 2.153908014297485352e+00
2.024632644653320312e+01 2.901516437530517578e+00 7.502289414405822754e-01 2.151287555694580078e+00
2.026673507690429688e+01 2.888822555541992188e+00 7.417955994606018066e-01 2.147027015686035156e+00
2.028714179992675781e+01 2.866257429122924805e+00 7.245292067527770996e-01 2.141728401184082031e+00
2.030755233764648438e+01 2.836042881011962891e+00 6.990456581115722656e-01 2.136997222900390625e+00
2.032795906066894531e+01 2.801932811737060547e+00 6.671362519264221191e-01 2.134796619415283203e+00
2.034836959838867188e+01 2.754815340042114258e+00 6.164672970771789551e-01 2.138348102569580078e+00
2.036877632141113281e+01 2.688373565673828125e+00 5.349900722503662109e-01 2.153383493423461914e+00
2.038918685913085938e+01 2.718538761138916016e+00 5.513616800308227539e-01 2.167176961898803711e+00
2.040959548950195312e+01 2.782094717025756836e+00 6.187233328819274902e-01 2.163371324539184570e+00
2.043000602722167969e+01 2.817322969436645508e+00 6.556016206741333008e-01 2.161721467971801758e+00
2.045041275024414062e+01 2.839072704315185547e+00 6.760181188583374023e-01 2.163054466247558594e+00
2.047082328796386719e+01 2.854129552841186523e+00 6.882077455520629883e-01 2.165921688079833984e+00
2.049123001098632812e+01 2.863698959350585938e+00 6.962844133377075195e-01 2.167414665222167969e+00
2.051163673400878906e+01 2.855644941329956055e+00 6.955916285514831543e-01 2.160053253173828125e+00
2.053204727172851562e+01 2.832510948181152344e+00 6.890704035758972168e-01 2.143440723419189453e+00
2.055245590209960938e+01 2.822681188583374023e+00 6.953749060630798340e-01 2.127306222915649414e+00
2.057286643981933594e+01 2.829729318618774414e+00 7.138848900794982910e-01 2.115844249725341797e+00
2.059327316284179688e+01 2.845639228820800781e+00 7.329394817352294922e-01 2.112699747085571289e+00
2.061368370056152344e+01 2.830806732177734375e+00 7.014387249946594238e-01 2.129368066787719727e+00
2.063409042358398438e+01 2.824610948562622070e+00 7.053857445716857910e-01 2.119225263595581055e+00
2.065450096130371094e+01 2.822654008865356445e+00 7.203355431556701660e-01 2.102318286895751953e+00
2.067490768432617188e+01 2.822444438934326172e+00 7.398874759674072266e-01 2.082556962966918945e+00
2.069531822204589844e+01 2.828665733337402344e+00 7.680763006210327148e-01 2.060589551925659180e+00
2.071572494506835938e+01 2.838895320892333984e+00 7.933207154273986816e-01 2.045574903488159180e+00
2.073613357543945312e+01 2.832526922225952148e+00 7.781091332435607910e-01 2.054417610168457031e+00
2.075654411315917969e+01 2.833287239074707031e+00 7.629273533821105957e-01 2.070359945297241211e+00
2.077695083618164062e+01 2.819056987762451172e+00 7.408624291419982910e-01 2.078194618225097656e+00
2.079736137390136719e+01 2.801842689514160156e+00 7.182651162147521973e-01 2.083577394485473633e+00
2.081776809692382812e+01 2.791714906692504883e+00 6.991620063781738281e-01 2.092553138732910156e+00
2.083817863464355469e+01 2.788912057876586914e+00 6.904354691505432129e-01 2.098476648330688477e+00
2.085858535766601562e+01 2.781831502914428711e+00 6.794308423995971680e-01 2.102400541305541992e+00
2.087899589538574219e+01 2.796953439712524414e+00 6.902322769165039062e-01 2.106721162796020508e+00
2.089940452575683594e+01 2.817722797393798828e+00 7.061672806739807129e-01 2.111555576324462891e+00
2.091981506347656250e+01 2.824283123016357422e+00 7.094835042953491211e-01 2.114799737930297852e+00
2.094022178649902344e+01 2.826087474822998047e+00 7.070772051811218262e-01 2.119010448455810547e+00
2.096063232421875000e+01 2.829144001007080078e+00 6.943966746330261230e-01 2.134747505187988281e+00
2.098103904724121094e+01 2.821607828140258789e+00 6.897277832031250000e-01 2.131880044937133789e+00
2.100144577026367188e+01 2.799963951110839844e+00 6.890575885772705078e-01 2.110906362533569336e+00
2.102185630798339844e+01 2.783715248107910156e+00 6.889579296112060547e-01 2.094757318496704102e+00
2.104226493835449219e+01 2.777738094329833984e+00 6.882897615432739258e-01 2.089448451995849609e+00
2.106267547607421875e+01 2.774763107299804688e+00 6.813716888427734375e-01 2.093391418457031250e+00
2.108308219909667969e+01 2.790242671966552734e+00 6.880926489830017090e-01 2.102150201797485352e+00
2.110349273681640625e+01 2.820443630218505859e+00 7.021739482879638672e-01 2.118269681930541992e+00
2.112389945983886719e+01 2.845824718475341797e+00 7.054620981216430664e-01 2.140362501144409180e+00
2.114430999755859375e+01 2.861844301223754883e+00 6.968558430671691895e-01 2.164988517761230469e+00
2.116471672058105469e+01 2.883961200714111328e+00 6.916595697402954102e-01 2.192301511764526367e+00
2.118512725830078125e+01 2.906099557876586914e+00 6.836482286453247070e-01 2.222451448440551758e+00
2.120553398132324219e+01 2.928905725479125977e+00 6.779102087020874023e-01 2.250995397567749023e+00
2.122594261169433594e+01 2.952793836593627930e+00 6.868449449539184570e-01 2.265948772430419922e+00
2.124635314941406250e+01 2.986570119857788086e+00 7.166071534156799316e-01 2.269963026046752930e+00
2.126675987243652344e+01 2.985216379165649414e+00 7.097283601760864258e-01 2.275488138198852539e+00
2.128717041015625000e+01 2.975594043731689453e+00 7.146707773208618164e-01 2.260923385620117188e+00
2.130757713317871094e+01 2.940324544906616211e+00 7.179185748100280762e-01 2.222406148910522461e+00
2.132798767089843750e+01 2.907602548599243164e+00 7.307006716728210449e-01 2.176901817321777344e+00
2.134839439392089844e+01 2.902604341506958008e+00 7.670068740844726562e-01 2.135597467422485352e+00
2.136880493164062500e+01 2.877011775970458984e+00 7.589924931526184082e-01 2.118019104003906250e+00
2.138921356201171875e+01 2.807485580444335938e+00 7.062247991561889648e-01 2.101260662078857422e+00
2.140962409973144531e+01 2.800649881362915039e+00 7.217646837234497070e-01 2.078885078430175781e+00
2.143003082275390625e+01 2.799760580062866211e+00 7.389506697654724121e-01 2.060809850692749023e+00
2.145043754577636719e+01 2.812263965606689453e+00 7.611261010169982910e-01 2.051137924194335938e+00
2.147084808349609375e+01 2.792981624603271484e+00 7.408907413482666016e-01 2.052090644836425781e+00
2.149125480651855469e+01 2.801311492919921875e+00 7.607944011688232422e-01 2.040517330169677734e+00
2.151166534423828125e+01 2.715977430343627930e+00 7.022047042846679688e-01 2.013772487640380859e+00
2.153207397460937500e+01 2.688112974166870117e+00 6.881976723670959473e-01 1.999915599822998047e+00
2.155248260498046875e+01 2.705992937088012695e+00 7.097607254981994629e-01 1.996232151985168457e+00
2.157289123535156250e+01 2.753821611404418945e+00 7.335023880004882812e-01 2.020319223403930664e+00
2.159330177307128906e+01 2.727875471115112305e+00 7.073103785514831543e-01 2.020565271377563477e+00
2.161370849609375000e+01 2.696335554122924805e+00 6.806142330169677734e-01 2.015721321105957031e+00
2.163411903381347656e+01 2.684566497802734375e+00 6.716729998588562012e-01 2.012893438339233398e+00
2.165452575683593750e+01 2.688434362411499023e+00 6.776730418205261230e-01 2.010761260986328125e+00
2.167493247985839844e+01 2.677451610565185547e+00 6.676470637321472168e-01 2.009804248809814453e+00
2.169534301757812500e+01 2.677047729492187500e+00 6.642603874206542969e-01 2.012787580490112305e+00
2.171575164794921875e+01 2.700725317001342773e+00 6.823767423629760742e-01 2.018348455429077148e+00
2.173616218566894531e+01 2.705605268478393555e+00 6.822866797447204590e-01 2.023318529129028320e+00
2.175656890869140625e+01 2.716619253158569336e+00 6.854977607727050781e-01 2.031121015548706055e+00
2.177697944641113281e+01 2.723767280578613281e+00 6.898020505905151367e-01 2.033965110778808594e+00
2.179738616943359375e+01 2.706770658493041992e+00 6.776245832443237305e-01 2.029145956039428711e+00
2.181779670715332031e+01 2.688217639923095703e+00 6.682128310203552246e-01 2.020004987716674805e+00
2.183820343017578125e+01 2.685702085494995117e+00 6.593668460845947266e-01 2.026335239410400391e+00
2.185861396789550781e+01 2.677617549896240234e+00 6.549180150032043457e-01 2.022699594497680664e+00
2.187902259826660156e+01 2.725194931030273438e+00 6.964322328567504883e-01 2.028762578964233398e+00
2.189942932128906250e+01 2.758012056350708008e+00 7.127269506454467773e-01 2.045284986495971680e+00
2.191983985900878906e+01 2.755462169647216797e+00 7.011420726776123047e-01 2.054319858551025391e+00
2.194024658203125000e+01 2.735561370849609375e+00 6.786677837371826172e-01 2.056893587112426758e+00
2.196065711975097656e+01 2.719738245010375977e+00 6.682263016700744629e-01 2.051512002944946289e+00
2.198106384277343750e+01 2.702332496643066406e+00 6.654277443885803223e-01 2.036904811859130859e+00
2.200147438049316406e+01 2.669968605041503906e+00 6.566498875617980957e-01 2.013318777084350586e+00
2.202188110351562500e+01 2.674682378768920898e+00 6.631072759628295898e-01 2.011575222015380859e+00
2.204229164123535156e+01 2.686432361602783203e+00 6.722677946090698242e-01 2.014164447784423828e+00
2.206270027160644531e+01 2.669526100158691406e+00 6.591678857803344727e-01 2.010358095169067383e+00
2.208311080932617188e+01 2.658443927764892578e+00 6.553065180778503418e-01 2.003137350082397461e+00
2.210351753234863281e+01 2.652213811874389648e+00 6.476616263389587402e-01 2.004552602767944336e+00
2.212392807006835938e+01 2.636103630065917969e+00 6.281283497810363770e-01 2.007975101470947266e+00
2.214433479309082031e+01 2.639745235443115234e+00 6.216037273406982422e-01 2.018141746520996094e+00
2.216474151611328125e+01 2.655826330184936523e+00 6.231914758682250977e-01 2.032634973526000977e+00
2.218515205383300781e+01 2.660749673843383789e+00 6.183019280433654785e-01 2.042447805404663086e+00
2.220556068420410156e+01 2.674226284027099609e+00 6.188117265701293945e-01 2.055414438247680664e+00
2.222597122192382812e+01 2.692090749740600586e+00 6.139351725578308105e-01 2.078155517578125000e+00
2.224637794494628906e+01 2.714098453521728516e+00 6.085296273231506348e-01 2.105568885803222656e+00
2.226678848266601562e+01 2.768239736557006836e+00 6.257110238075256348e-01 2.142528533935546875e+00
2.228719520568847656e+01 2.818063735961914062e+00 6.315828561782836914e-01 2.186480998992919922e+00
2.230760574340820312e+01 2.865642786026000977e+00 6.315414905548095703e-01 2.234101295471191406e+00
2.232801246643066406e+01 2.954780578613281250e+00 6.475827097892761230e-01 2.307197809219360352e+00
2.234842300415039062e+01 2.954620361328125000e+00 6.732351779937744141e-01 2.281385183334350586e+00
2.236883163452148438e+01 2.940958499908447266e+00 6.661998033523559570e-01 2.274758815765380859e+00
2.238923835754394531e+01 2.933231353759765625e+00 6.506233811378479004e-01 2.282607793807983398e+00
2.240964889526367188e+01 2.854164361953735352e+00 6.500307917594909668e-01 2.204133510589599609e+00
2.243005561828613281e+01 2.875619411468505859e+00 6.707850098609924316e-01 2.204834699630737305e+00
2.245046615600585938e+01 2.838863611221313477e+00 6.317880749702453613e-01 2.207075357437133789e+00
2.247087287902832031e+01 2.812352180480957031e+00 6.131035089492797852e-01 2.199248790740966797e+00
2.249128341674804688e+01 2.797913074493408203e+00 6.066930294036865234e-01 2.191220045089721680e+00
2.251169013977050781e+01 2.738940715789794922e+00 6.119918227195739746e-01 2.126948833465576172e+00
2.253210067749023438e+01 2.680582761764526367e+00 6.103750467300415039e-01 2.070207595825195312e+00
2.255250930786132812e+01 2.697227478027343750e+00 6.384827494621276855e-01 2.058744668960571289e+00
2.257291984558105469e+01 2.675506353378295898e+00 6.108620762825012207e-01 2.064644336700439453e+00
2.259332656860351562e+01 2.673630475997924805e+00 6.479249000549316406e-01 2.025705575942993164e+00
2.261373329162597656e+01 2.652548313140869141e+00 6.272266507148742676e-01 2.025321722030639648e+00
2.263414382934570312e+01 2.625991821289062500e+00 6.208438873291015625e-01 2.005147933959960938e+00
2.265455055236816406e+01 2.633826732635498047e+00 6.171146035194396973e-01 2.016712188720703125e+00
2.267496109008789062e+01 2.648383378982543945e+00 6.213099360466003418e-01 2.027073621749877930e+00
2.269536972045898438e+01 2.659772872924804688e+00 6.328815221786499023e-01 2.026890993118286133e+00
2.271578025817871094e+01 2.583449840545654297e+00 5.833086371421813965e-01 2.000141143798828125e+00
2.273618698120117188e+01 2.547217130661010742e+00 5.796263217926025391e-01 1.967590808868408203e+00
2.275659751892089844e+01 2.624380350112915039e+00 6.553738713264465332e-01 1.969006299972534180e+00
2.277700424194335938e+01 2.593108415603637695e+00 6.258835196495056152e-01 1.967224717140197754e+00
2.279741477966308594e+01 2.637650012969970703e+00 6.584007740020751953e-01 1.979248881340026855e+00
2.281782150268554688e+01 2.641308307647705078e+00 6.578118801116943359e-01 1.983496308326721191e+00
2.283823013305664062e+01 2.658080816268920898e+00 6.656097769737243652e-01 1.992471098899841309e+00
2.285863876342773438e+01 2.645657300949096680e+00 6.466882824897766113e-01 1.998969435691833496e+00
2.287904739379882812e+01 2.730378150939941406e+00 7.162158489227294922e-01 2.014162063598632812e+00
2.289945793151855469e+01 2.823238134384155273e+00 7.924145460128784180e-01 2.030823707580566406e+00
2.291986465454101562e+01 2.841251850128173828e+00 7.786530852317810059e-01 2.062598705291748047e+00
2.294027519226074219e+01 2.840871334075927734e+00 7.779603004455566406e-01 2.062911033630371094e+00
2.296068191528320312e+01 2.761905431747436523e+00 7.063711285591125488e-01 2.055534362792968750e+00
2.298109245300292969e+01 2.720462560653686523e+00 6.791806817054748535e-01 2.041281938552856445e+00
2.300149917602539062e+01 2.672921657562255859e+00 6.416310071945190430e-01 2.031290531158447266e+00
2.302190971374511719e+01 2.649153709411621094e+00 6.187055706977844238e-01 2.030448198318481445e+00
2.304231834411621094e+01 2.617288827896118164e+00 5.911456942558288574e-01 2.026143074035644531e+00
2.306272506713867188e+01 2.594009876251220703e+00 5.838755965232849121e-01 2.010134458541870117e+00
2.308313560485839844e+01 2.580942630767822266e+00 5.911374092102050781e-01 1.989805579185485840e+00
2.310354232788085938e+01 2.600406646728515625e+00 6.030492782592773438e-01 1.997357249259948730e+00
2.312395286560058594e+01 2.588946580886840820e+00 6.128695607185363770e-01 1.976077198982238770e+00
2.314435958862304688e+01 2.563116550445556641e+00 5.906080603599548340e-01 1.972508907318115234e+00
2.316477012634277344e+01 2.556386470794677734e+00 5.880208015441894531e-01 1.968365669250488281e+00
2.318517875671386719e+01 2.549085855484008789e+00 5.921495556831359863e-01 1.956936120986938477e+00
2.320558929443359375e+01 2.555109262466430664e+00 5.973025560379028320e-01 1.957806825637817383e+00
2.322599601745605469e+01 2.550102472305297852e+00 6.019313335418701172e-01 1.948171138763427734e+00
2.324640655517578125e+01 2.502714395523071289e+00 5.633002519607543945e-01 1.939414620399475098e+00
2.326681327819824219e+01 2.508329629898071289e+00 5.648639202117919922e-01 1.943465471267700195e+00
2.328722000122070312e+01 2.495597600936889648e+00 5.576869845390319824e-01 1.937910795211791992e+00
2.330763053894042969e+01 2.499853134155273438e+00 5.597663521766662598e-01 1.940086245536804199e+00
2.332803726196289062e+01 2.516646146774291992e+00 5.710779428482055664e-01 1.945568203926086426e+00
2.334844779968261719e+01 2.553387165069580078e+00 5.921099781990051270e-01 1.961277484893798828e+00
2.336885643005371094e+01 2.591065168380737305e+00 6.120809912681579590e-01 1.978984355926513672e+00
2.338926696777343750e+01 2.615375995635986328e+00 6.294581890106201172e-01 1.985917925834655762e+00
2.340967369079589844e+01 2.611884832382202148e+00 6.253303289413452148e-01 1.986554622650146484e+00
2.343008422851562500e+01 2.570990562438964844e+00 5.966882109642028809e-01 1.974302291870117188e+00
2.345049095153808594e+01 2.592007637023925781e+00 6.114814281463623047e-01 1.980525732040405273e+00
2.347090148925781250e+01 2.578710556030273438e+00 5.951404571533203125e-01 1.983569979667663574e+00
2.349130821228027344e+01 2.549446344375610352e+00 5.671088099479675293e-01 1.982337474822998047e+00
2.351171875000000000e+01 2.560230731964111328e+00 5.375983715057373047e-01 2.022632360458374023e+00
2.353212738037109375e+01 2.618280172348022461e+00 5.427272915840148926e-01 2.075552940368652344e+00
2.355253410339355469e+01 2.654645204544067383e+00 5.788479447364807129e-01 2.075797080993652344e+00
2.357294464111328125e+01 2.712656021118164062e+00 6.245535016059875488e-01 2.088102340698242188e+00
2.359335136413574219e+01 2.643406391143798828e+00 5.910370349884033203e-01 2.052369356155395508e+00
2.361376190185546875e+01 2.597845554351806641e+00 5.905261635780334473e-01 2.007319211959838867e+00
2.363416862487792969e+01 2.594271898269653320e+00 5.849517583847045898e-01 2.009320497512817383e+00
2.365457916259765625e+01 2.637899398803710938e+00 6.213861107826232910e-01 2.016512870788574219e+00
2.367498779296875000e+01 2.686649799346923828e+00 6.410735845565795898e-01 2.045576095581054688e+00
2.369539642333984375e+01 2.614258527755737305e+00 5.814197063446044922e-01 2.032838821411132812e+00
2.371580505371093750e+01 2.613052129745483398e+00 5.809193849563598633e-01 2.032132625579833984e+00
2.373621559143066406e+01 2.623126506805419922e+00 5.915139317512512207e-01 2.031612634658813477e+00
2.375662231445312500e+01 2.582886934280395508e+00 5.552330613136291504e-01 2.027653694152832031e+00
2.377702903747558594e+01 2.565228939056396484e+00 5.688520073890686035e-01 1.996376872062683105e+00
2.379743957519531250e+01 2.533260822296142578e+00 5.442212224006652832e-01 1.989039659500122070e+00
2.381784629821777344e+01 2.531311988830566406e+00 5.437549352645874023e-01 1.987557053565979004e+00
2.383825683593750000e+01 2.533529520034790039e+00 5.292300581932067871e-01 2.004299402236938477e+00
2.385866546630859375e+01 2.603869199752807617e+00 5.618886947631835938e-01 2.041980504989624023e+00
2.387907600402832031e+01 2.612540245056152344e+00 5.734385848045349121e-01 2.039101600646972656e+00
2.389948272705078125e+01 2.683716058731079102e+00 5.709456205368041992e-01 2.112770318984985352e+00
2.391989326477050781e+01 2.772397994995117188e+00 5.774641036987304688e-01 2.194933891296386719e+00
2.394029998779296875e+01 2.918363094329833984e+00 6.364688873291015625e-01 2.281894207000732422e+00
2.396071052551269531e+01 2.988336563110351562e+00 6.359267234802246094e-01 2.352409839630126953e+00
2.398111724853515625e+01 2.967947721481323242e+00 5.949565768241882324e-01 2.372991085052490234e+00
2.400152587890625000e+01 2.950338363647460938e+00 5.944507122039794922e-01 2.355887651443481445e+00
2.402193641662597656e+01 3.086243152618408203e+00 6.377938985824584961e-01 2.448449134826660156e+00
2.404234313964843750e+01 3.134374618530273438e+00 6.591581106185913086e-01 2.475216627120971680e+00
2.406275367736816406e+01 3.097637891769409180e+00 6.411889195442199707e-01 2.456448793411254883e+00
2.408316040039062500e+01 3.114711761474609375e+00 6.326934099197387695e-01 2.482018232345581055e+00
2.410357093811035156e+01 3.074346780776977539e+00 5.914373397827148438e-01 2.482909679412841797e+00
2.412397766113281250e+01 3.074430465698242188e+00 5.909370183944702148e-01 2.483493328094482422e+00
2.414438819885253906e+01 3.027524948120117188e+00 5.929162502288818359e-01 2.434608936309814453e+00
2.416479492187500000e+01 2.944555282592773438e+00 5.646770596504211426e-01 2.379878282546997070e+00
