# NTRMN  = 168
# NTRANS = 218
-3.052340745925903320e-01 0.000000000000000000e+00 0.000000000000000000e+00 0.000000000000000000e+00
-2.848252356052398682e-01 0.000000000000000000e+00 0.000000000000000000e+00 0.000000000000000000e+00
-2.644163966178894043e-01 0.000000000000000000e+00 0.000000000000000000e+00 0.000000000000000000e+00
-2.440075576305389404e-01 0.000000000000000000e+00 0.000000000000000000e+00 0.000000000000000000e+00
-2.235987037420272827e-01 0.000000000000000000e+00 0.000000000000000000e+00 0.000000000000000000e+00
-2.031898647546768188e-01 0.000000000000000000e+00 0.000000000000000000e+00 0.000000000000000000e+00
-1.623729914426803589e-01 0.000000000000000000e+00 0.000000000000000000e+00 0.000000000000000000e+00
-1.419641524553298950e-01 0.000000000000000000e+00 0.000000000000000000e+00 0.000000000000000000e+00
-1.215553134679794312e-01 0.000000000000000000e+00 0.000000000000000000e+00 0.000000000000000000e+00
-8.073762804269790649e-02 0.000000000000000000e+00 0.000000000000000000e+00 0.000000000000000000e+00
-6.032959371805191040e-02 0.000000000000000000e+00 0.000000000000000000e+00 0.000000000000000000e+00
-3.992075473070144653e-02 0.000000000000000000e+00 0.000000000000000000e+00 0.000000000000000000e+00
-1.951191015541553497e-02 0.000000000000000000e+00 0.000000000000000000e+00 0.000000000000000000e+00
2.130577340722084045e-02 0.000000000000000000e+00 0.000000000000000000e+00 0.000000000000000000e+00
4.171380400657653809e-02 0.000000000000000000e+00 0.000000000000000000e+00 0.000000000000000000e+00
6.212264671921730042e-02 0.000000000000000000e+00 0.000000000000000000e+00 0.000000000000000000e+00
8.253148943185806274e-02 0.000000000000000000e+00 0.000000000000000000e+00 0.000000000000000000e+00
1.029403284192085266e-01 0.000000000000000000e+00 0.000000000000000000e+00 0.000000000000000000e+00
1.233491748571395874e-01 0.000000000000000000e+00 0.000000000000000000e+00 0.000000000000000000e+00
1.437580138444900513e-01 0.000000000000000000e+00 0.000000000000000000e+00 0.000000000000000000e+00
2.049837261438369751e-01 0.000000000000000000e+00 0.000000000000000000e+00 0.000000000000000000e+00
2.253925800323486328e-01 0.000000000000000000e+00 0.000000000000000000e+00 0.000000000000000000e+00
2.458014190196990967e-01 0.000000000000000000e+00 0.000000000000000000e+00 0.000000000000000000e+00
2.662102580070495605e-01 0.000000000000000000e+00 0.000000000000000000e+00 0.000000000000000000e+00
2.866182923316955566e-01 0.000000000000000000e+00 0.000000000000000000e+00 0.000000000000000000e+00
3.070271313190460205e-01 0.000000000000000000e+00 0.000000000000000000e+00 0.000000000000000000e+00
3.274359703063964844e-01 0.000000000000000000e+00 0.000000000000000000e+00 0.000000000000000000e+00
3.478448092937469482e-01 0.000000000000000000e+00 0.000000000000000000e+00 0.000000000000000000e+00
3.682536482810974121e-01 0.000000000000000000e+00 0.000000000000000000e+00 0.000000000000000000e+00
3.886616826057434082e-01 0.000000000000000000e+00 0.000000000000000000e+00 0.000000000000000000e+00
4.090705215930938721e-01 0.000000000000000000e+00 0.000000000000000000e+00 0.000000000000000000e+00
4.294793605804443359e-01 0.000000000000000000e+00 0.000000000000000000e+00 0.000000000000000000e+00
4.498882293701171875e-01 0.000000000000000000e+00 0.000000000000000000e+00 0.000000000000000000e+00
4.702970683574676514e-01 0.000000000000000000e+00 0.000000000000000000e+00 0.000000000000000000e+00
4.907059073448181152e-01 0.000000000000000000e+00 0.000000000000000000e+00 0.000000000000000000e+00
5.111139416694641113e-01 0.000000000000000000e+00 0.000000000000000000e+00 0.000000000000000000e+00
5.315227508544921875e-01 0.000000000000000000e+00 0.000000000000000000e+00 0.000000000000000000e+00
5.519316196441650391e-01 0.000000000000000000e+00 0.000000000000000000e+00 0.000000000000000000e+00
5.723404884338378906e-01 0.000000000000000000e+00 0.000000000000000000e+00 0.000000000000000000e+00
5.927492976188659668e-01 0.000000000000000000e+00 0.000000000000000000e+00 0.000000000000000000e+00
6.131581664085388184e-01 0.000000000000000000e+00 0.000000000000000000e+00 0.000000000000000000e+00
6.335662007331848145e-01 0.000000000000000000e+00 0.000000000000000000e+00 0.000000000000000000e+00
6.539750099182128906e-01 0.000000000000000000e+00 0.000000000000000000e+00 0.000000000000000000e+00
6.743838787078857422e-01 0.000000000000000000e+00 0.000000000000000000e+00 0.000000000000000000e+00
6.947926878929138184e-01 0.000000000000000000e+00 0.000000000000000000e+00 0.000000000000000000e+00
7.152015566825866699e-01 0.000000000000000000e+00 0.000000000000000000e+00 0.000000000000000000e+00
7.356095910072326660e-01 0.000000000000000000e+00 0.000000000000000000e+00 0.000000000000000000e+00
7.560184001922607422e-01 0.000000000000000000e+00 0.000000000000000000e+00 0.000000000000000000e+00
7.764272689819335938e-01 0.000000000000000000e+00 0.000000000000000000e+00 0.000000000000000000e+00
7.968360781669616699e-01 0.000000000000000000e+00 0.000000000000000000e+00 0.000000000000000000e+00
8.172449469566345215e-01 0.000000000000000000e+00 0.000000000000000000e+00 0.000000000000000000e+00
8.376538157463073730e-01 0.000000000000000000e+00 0.000000000000000000e+00 0.000000000000000000e+00
8.580617904663085938e-01 0.000000000000000000e+00 0.000000000000000000e+00 0.000000000000000000e+00
8.784706592559814453e-01 0.000000000000000000e+00 0.000000000000000000e+00 0.000000000000000000e+00
8.988795280456542969e-01 0.000000000000000000e+00 0.000000000000000000e+00 0.000000000000000000e+00
9.192883372306823730e-01 0.000000000000000000e+00 0.000000000000000000e+00 0.000000000000000000e+00
9.396972060203552246e-01 0.000000000000000000e+00 0.000000000000000000e+00 0.000000000000000000e+00
9.601060152053833008e-01 0.000000000000000000e+00 0.000000000000000000e+00 0.000000000000000000e+00
9.805140495300292969e-01 0.000000000000000000e+00 0.000000000000000000e+00 0.000000000000000000e+00
1.000922918319702148e+00 0.000000000000000000e+00 0.000000000000000000e+00 0.000000000000000000e+00
1.021331787109375000e+00 0.000000000000000000e+00 0.000000000000000000e+00 0.000000000000000000e+00
1.041740536689758301e+00 0.000000000000000000e+00 0.000000000000000000e+00 0.000000000000000000e+00
1.062149405479431152e+00 0.000000000000000000e+00 0.000000000000000000e+00 0.000000000000000000e+00
1.082557439804077148e+00 0.000000000000000000e+00 0.000000000000000000e+00 0.000000000000000000e+00
1.102966308593750000e+00 0.000000000000000000e+00 0.000000000000000000e+00 0.000000000000000000e+00
1.123375177383422852e+00 0.000000000000000000e+00 0.000000000000000000e+00 0.000000000000000000e+00
1.143784046173095703e+00 0.000000000000000000e+00 0.000000000000000000e+00 0.000000000000000000e+00
1.164192795753479004e+00 0.000000000000000000e+00 0.000000000000000000e+00 0.000000000000000000e+00
1.225418567657470703e+00 0.000000000000000000e+00 0.000000000000000000e+00 0.000000000000000000e+00
1.245827436447143555e+00 0.000000000000000000e+00 0.000000000000000000e+00 0.000000000000000000e+00
1.266236186027526855e+00 0.000000000000000000e+00 0.000000000000000000e+00 0.000000000000000000e+00
1.286645054817199707e+00 0.000000000000000000e+00 0.000000000000000000e+00 0.000000000000000000e+00
1.307053923606872559e+00 0.000000000000000000e+00 0.000000000000000000e+00 0.000000000000000000e+00
1.388688445091247559e+00 5.010417175292968750e+01 5.010417175292968750e+01 0.000000000000000000e+00
1.409097313880920410e+00 6.703852844238281250e+01 6.703852844238281250e+01 0.000000000000000000e+00
1.470323085784912109e+00 8.458262634277343750e+01 8.458262634277343750e+01 0.000000000000000000e+00
1.490731835365295410e+00 8.222025299072265625e+01 8.222025299072265625e+01 0.000000000000000000e+00
1.511140704154968262e+00 8.166429138183593750e+01 8.166429138183593750e+01 0.000000000000000000e+00
1.531549572944641113e+00 9.581594848632812500e+01 9.581594848632812500e+01 0.000000000000000000e+00
1.633592963218688965e+00 9.957585144042968750e+01 9.957585144042968750e+01 0.000000000000000000e+00
1.654001832008361816e+00 1.043536529541015625e+02 1.043536529541015625e+02 0.000000000000000000e+00
1.674409866333007812e+00 1.066560440063476562e+02 1.066560440063476562e+02 0.000000000000000000e+00
1.694818615913391113e+00 1.059366989135742188e+02 1.059366989135742188e+02 0.000000000000000000e+00
1.715227484703063965e+00 1.054438171386718750e+02 1.054438171386718750e+02 0.000000000000000000e+00
1.735636353492736816e+00 1.046177215576171875e+02 1.046177215576171875e+02 0.000000000000000000e+00
1.756045222282409668e+00 1.021067657470703125e+02 1.021067657470703125e+02 0.000000000000000000e+00
1.776453256607055664e+00 9.635198974609375000e+01 9.635198974609375000e+01 0.000000000000000000e+00
1.796862125396728516e+00 9.086111450195312500e+01 9.086111450195312500e+01 0.000000000000000000e+00
1.817270874977111816e+00 9.893014526367187500e+01 9.893014526367187500e+01 0.000000000000000000e+00
1.878496646881103516e+00 7.799188232421875000e+01 7.799188232421875000e+01 0.000000000000000000e+00
1.898905515670776367e+00 7.538869476318359375e+01 7.538869476318359375e+01 0.000000000000000000e+00
1.919314265251159668e+00 7.290323638916015625e+01 7.290323638916015625e+01 0.000000000000000000e+00
1.939723134040832520e+00 7.133398437500000000e+01 7.133398437500000000e+01 0.000000000000000000e+00
1.960132002830505371e+00 7.089658355712890625e+01 7.089658355712890625e+01 0.000000000000000000e+00
1.980540871620178223e+00 7.119342041015625000e+01 7.119342041015625000e+01 0.000000000000000000e+00
2.000949621200561523e+00 7.202259063720703125e+01 7.202259063720703125e+01 0.000000000000000000e+00
2.021358489990234375e+00 7.342715454101562500e+01 7.342715454101562500e+01 0.000000000000000000e+00
2.041767358779907227e+00 7.621061706542968750e+01 7.621061706542968750e+01 0.000000000000000000e+00
2.102992296218872070e+00 9.909220123291015625e+01 9.909220123291015625e+01 0.000000000000000000e+00
2.143810033798217773e+00 9.179078674316406250e+01 9.178969573974609375e+01 1.087546581402420998e-03
2.245854139328002930e+00 1.432771759033203125e+02 1.358522186279296875e+02 7.424955368041992188e+00
2.286671876907348633e+00 1.238131561279296875e+02 1.117564010620117188e+02 1.205675983428955078e+01
2.307079076766967773e+00 1.281740112304687500e+02 1.108197555541992188e+02 1.735426139831542969e+01
2.368305683135986328e+00 1.687613677978515625e+02 1.000704498291015625e+02 6.869091033935546875e+01
2.409123182296752930e+00 1.449700469970703125e+02 7.740818023681640625e+01 6.756188201904296875e+01
2.429532051086425781e+00 1.055757598876953125e+02 5.572093200683593750e+01 4.985482788085937500e+01
2.531574726104736328e+00 1.143770523071289062e+02 6.051982498168945312e+01 5.385722732543945312e+01
2.572392463684082031e+00 1.132553482055664062e+02 6.546893310546875000e+01 4.778643035888671875e+01
2.592801332473754883e+00 1.203365936279296875e+02 7.340172576904296875e+01 4.693488693237304688e+01
2.613210201263427734e+00 1.258581619262695312e+02 7.534769439697265625e+01 5.051047515869140625e+01
2.633618831634521484e+00 1.275992279052734375e+02 7.330943298339843750e+01 5.428979110717773438e+01
2.654027700424194336e+00 1.272684402465820312e+02 6.976911926269531250e+01 5.749932098388671875e+01
2.674436569213867188e+00 1.205103759765625000e+02 6.641710662841796875e+01 5.409327316284179688e+01
2.694845438003540039e+00 1.198667755126953125e+02 6.582528686523437500e+01 5.404150009155273438e+01
2.715254306793212891e+00 1.257797622680664062e+02 7.123759460449218750e+01 5.454216384887695312e+01
2.735663175582885742e+00 1.239285507202148438e+02 6.716208648681640625e+01 5.676646804809570312e+01
2.837705612182617188e+00 1.382063140869140625e+02 6.959772491455078125e+01 6.860857391357421875e+01
2.858114480972290039e+00 1.375002593994140625e+02 6.566664123535156250e+01 7.183361053466796875e+01
2.878523349761962891e+00 1.315042419433593750e+02 6.112599945068359375e+01 7.037824249267578125e+01
3.123427867889404297e+00 1.275832595825195312e+02 5.142797851562500000e+01 7.615528869628906250e+01
3.143836736679077148e+00 1.232660598754882812e+02 4.911431503295898438e+01 7.415173339843750000e+01
3.245879411697387695e+00 1.239982452392578125e+02 4.875032424926757812e+01 7.524790954589843750e+01
3.429558992385864258e+00 1.154490585327148438e+02 4.701189422607421875e+01 6.843715667724609375e+01
3.449967861175537109e+00 1.175989761352539062e+02 4.735828781127929688e+01 7.024070739746093750e+01
3.674463510513305664e+00 1.148359375000000000e+02 4.042557907104492188e+01 7.441035461425781250e+01
3.715279340744018555e+00 1.134063491821289062e+02 3.959486007690429688e+01 7.381149291992187500e+01
3.735688209533691406e+00 1.118545608520507812e+02 3.870568084716796875e+01 7.314888000488281250e+01
3.837732553482055664e+00 1.104845886230468750e+02 3.867456054687500000e+01 7.181002807617187500e+01
3.858141422271728516e+00 1.114848098754882812e+02 3.940070724487304688e+01 7.208412170410156250e+01
3.960183858871459961e+00 1.055243682861328125e+02 3.826456451416015625e+01 6.725979614257812500e+01
4.103045940399169922e+00 1.016292800903320312e+02 3.524024963378906250e+01 6.638901519775390625e+01
4.205088615417480469e+00 9.998162841796875000e+01 3.603603363037109375e+01 6.394559097290039062e+01
4.225497245788574219e+00 9.929225921630859375e+01 3.634354019165039062e+01 6.294870376586914062e+01
4.245905876159667969e+00 9.861968994140625000e+01 3.506940460205078125e+01 6.355025863647460938e+01
4.266314983367919922e+00 9.806900024414062500e+01 3.445274734497070312e+01 6.361626434326171875e+01
4.286723613739013672e+00 9.677852630615234375e+01 3.375819396972656250e+01 6.302032089233398438e+01
4.307132720947265625e+00 9.745001983642578125e+01 3.459867858886718750e+01 6.285134887695312500e+01
4.429584026336669922e+00 9.452847290039062500e+01 3.239922714233398438e+01 6.212924957275390625e+01
4.592854976654052734e+00 9.004491424560546875e+01 3.051775360107421875e+01 5.952715301513671875e+01
4.756124019622802734e+00 8.752960205078125000e+01 2.926880455017089844e+01 5.826078796386718750e+01
4.796941757202148438e+00 8.697821044921875000e+01 2.899480056762695312e+01 5.798340988159179688e+01
4.817350387573242188e+00 8.644364166259765625e+01 2.869803619384765625e+01 5.774559783935546875e+01
4.837759494781494141e+00 1.188228073120117188e+02 6.170645523071289062e+01 5.711635208129882812e+01
4.858166694641113281e+00 8.560368347167968750e+01 2.781633758544921875e+01 5.778734970092773438e+01
4.898984432220458984e+00 8.447940063476562500e+01 2.724251747131347656e+01 5.723688125610351562e+01
4.919393062591552734e+00 8.390709686279296875e+01 2.710516548156738281e+01 5.680192565917968750e+01
4.939801692962646484e+00 8.353833770751953125e+01 2.699318122863769531e+01 5.654515457153320312e+01
4.960210800170898438e+00 8.360298156738281250e+01 2.707516670227050781e+01 5.652781677246093750e+01
4.980619430541992188e+00 8.303724670410156250e+01 2.706035041809082031e+01 5.597692108154296875e+01
5.001028537750244141e+00 8.169977569580078125e+01 2.692598533630371094e+01 5.477378463745117188e+01
5.021437168121337891e+00 8.148986053466796875e+01 2.681654930114746094e+01 5.467332458496093750e+01
5.041846275329589844e+00 8.150489044189453125e+01 2.682670021057128906e+01 5.467817687988281250e+01
5.103071212768554688e+00 8.039686584472656250e+01 2.666903305053710938e+01 5.372784423828125000e+01
5.123479843139648438e+00 8.056977844238281250e+01 2.705340576171875000e+01 5.351637649536132812e+01
5.143888473510742188e+00 8.060832977294921875e+01 2.706241798400878906e+01 5.354593658447265625e+01
5.164297580718994141e+00 8.044277191162109375e+01 2.741901779174804688e+01 5.302376174926757812e+01
5.184706211090087891e+00 8.004539489746093750e+01 2.758812141418457031e+01 5.245726394653320312e+01
5.205115318298339844e+00 7.984603881835937500e+01 2.759493064880371094e+01 5.225110626220703125e+01
5.307159423828125000e+00 7.793436431884765625e+01 2.618475341796875000e+01 5.174960708618164062e+01
5.409202098846435547e+00 7.586328887939453125e+01 2.529248046875000000e+01 5.057081222534179688e+01
5.429610729217529297e+00 7.496862030029296875e+01 2.458015251159667969e+01 5.038845443725585938e+01
5.470428466796875000e+00 7.392511749267578125e+01 2.400289916992187500e+01 4.992221069335937500e+01
5.490837574005126953e+00 7.377613830566406250e+01 2.369569015502929688e+01 5.008043289184570312e+01
5.511246204376220703e+00 7.388046264648437500e+01 2.367309761047363281e+01 5.020738601684570312e+01
5.613288879394531250e+00 7.289387512207031250e+01 2.328539848327636719e+01 4.960848999023437500e+01
5.633697509765625000e+00 7.240621948242187500e+01 2.296733093261718750e+01 4.943891143798828125e+01
5.654106616973876953e+00 7.206386566162109375e+01 2.301144981384277344e+01 4.905242538452148438e+01
5.694924354553222656e+00 7.144774627685546875e+01 2.320382118225097656e+01 4.824394226074218750e+01
5.715332984924316406e+00 7.070932769775390625e+01 2.301625061035156250e+01 4.769306564331054688e+01
5.735742092132568359e+00 7.050334167480468750e+01 2.310130119323730469e+01 4.740202713012695312e+01
5.776557922363281250e+00 6.937754821777343750e+01 2.281374549865722656e+01 4.656378936767578125e+01
5.796966552734375000e+00 6.914004516601562500e+01 2.289861106872558594e+01 4.624142074584960938e+01
5.817375659942626953e+00 6.843055725097656250e+01 2.238619041442871094e+01 4.604435348510742188e+01
5.837784290313720703e+00 6.786782836914062500e+01 2.275900840759277344e+01 4.510883331298828125e+01
5.919419765472412109e+00 6.682633972167968750e+01 2.216204452514648438e+01 4.466430282592773438e+01
5.939828872680664062e+00 6.680953979492187500e+01 2.206574630737304688e+01 4.474380111694335938e+01
5.960237503051757812e+00 6.629319763183593750e+01 2.209060096740722656e+01 4.420261001586914062e+01
5.980646133422851562e+00 7.308859252929687500e+01 2.936029434204101562e+01 4.372831726074218750e+01
6.001055240631103516e+00 6.527984619140625000e+01 2.150153923034667969e+01 4.377829742431640625e+01
6.021462440490722656e+00 6.515391540527343750e+01 2.128952026367187500e+01 4.386441802978515625e+01
6.041871070861816406e+00 6.457408905029296875e+01 2.115817451477050781e+01 4.341591262817382812e+01
6.103097915649414062e+00 6.405921173095703125e+01 2.025948524475097656e+01 4.379972839355468750e+01
6.123506546020507812e+00 6.428724670410156250e+01 2.046561813354492188e+01 4.382162475585937500e+01
6.143915653228759766e+00 6.386420059204101562e+01 2.028074455261230469e+01 4.358345413208007812e+01
6.164324283599853516e+00 6.295468139648437500e+01 1.974757957458496094e+01 4.320709991455078125e+01
6.266366958618164062e+00 6.227125167846679688e+01 1.901532936096191406e+01 4.325591659545898438e+01
6.327593326568603516e+00 6.197539520263671875e+01 1.882755088806152344e+01 4.314784240722656250e+01
6.348002433776855469e+00 6.165212249755859375e+01 1.862560272216796875e+01 4.302651214599609375e+01
6.409228801727294922e+00 6.110416030883789062e+01 1.867551803588867188e+01 4.242864608764648438e+01
6.450046539306640625e+00 6.031436538696289062e+01 1.872434806823730469e+01 4.159001541137695312e+01
6.470455169677734375e+00 6.026199340820312500e+01 1.870228576660156250e+01 4.155971145629882812e+01
6.490862369537353516e+00 9.452357482910156250e+01 5.312748718261718750e+01 4.139608383178710938e+01
6.511271476745605469e+00 5.998574447631835938e+01 1.898947334289550781e+01 4.099626922607421875e+01
6.531680107116699219e+00 5.943910217285156250e+01 1.865525817871093750e+01 4.078384399414062500e+01
6.592906951904296875e+00 5.845079040527343750e+01 1.873618507385253906e+01 3.971459960937500000e+01
6.613315582275390625e+00 6.023902130126953125e+01 1.994530868530273438e+01 4.029370880126953125e+01
6.756175994873046875e+00 5.906352233886718750e+01 1.977159118652343750e+01 3.929193115234375000e+01
6.776584625244140625e+00 5.625954437255859375e+01 1.868758773803710938e+01 3.757196044921875000e+01
6.796993732452392578e+00 2.219146728515625000e+03 2.181890136718750000e+03 3.725603866577148438e+01
6.817402362823486328e+00 5.544120788574218750e+01 1.825966453552246094e+01 3.718154907226562500e+01
6.837811470031738281e+00 5.518096542358398438e+01 1.808263206481933594e+01 3.709832763671875000e+01
6.858220100402832031e+00 5.666705703735351562e+01 1.963448524475097656e+01 3.703258132934570312e+01
6.878628730773925781e+00 5.478203964233398438e+01 1.781871795654296875e+01 3.696332168579101562e+01
6.919446468353271484e+00 5.424322128295898438e+01 1.767901039123535156e+01 3.656420135498046875e+01
6.939853668212890625e+00 5.414882278442382812e+01 1.769601440429687500e+01 3.645281219482421875e+01
6.960262775421142578e+00 9.852936401367187500e+02 9.491026000976562500e+02 3.619096374511718750e+01
6.980671405792236328e+00 4.443620910644531250e+02 4.082635498046875000e+02 3.609849166870117188e+01
7.001080513000488281e+00 5.351508712768554688e+01 1.748996734619140625e+01 3.602512741088867188e+01
7.021489143371582031e+00 5.325939178466796875e+01 1.749027061462402344e+01 3.576912307739257812e+01
7.041898250579833984e+00 5.287347030639648438e+01 1.695514678955078125e+01 3.591831970214843750e+01
7.062306880950927734e+00 5.270029830932617188e+01 1.687055969238281250e+01 3.582973861694335938e+01
7.082715511322021484e+00 5.287956542968750000e+02 4.933017578125000000e+02 3.549399185180664062e+01
7.103124618530273438e+00 5.215505599975585938e+01 1.666744995117187500e+01 3.548759460449218750e+01
7.123533248901367188e+00 5.189892959594726562e+01 1.649703788757324219e+01 3.540189361572265625e+01
7.143942356109619141e+00 5.170201492309570312e+01 1.639964485168457031e+01 3.530236434936523438e+01
7.164350986480712891e+00 5.149048995971679688e+01 1.621759986877441406e+01 3.527288818359375000e+01
7.184758186340332031e+00 5.113058471679687500e+01 1.606324768066406250e+01 3.506733322143554688e+01
7.205167293548583984e+00 5.089350891113281250e+01 1.593966960906982422e+01 3.495383834838867188e+01
7.225575923919677734e+00 5.174277114868164062e+01 1.689686393737792969e+01 3.484591674804687500e+01
7.245985031127929688e+00 5.029084777832031250e+01 1.561531162261962891e+01 3.467553710937500000e+01
7.307211399078369141e+00 4.989922332763671875e+01 1.529773426055908203e+01 3.460148239135742188e+01
7.327620029449462891e+00 5.051422500610351562e+01 1.594609260559082031e+01 3.456813049316406250e+01
7.348029136657714844e+00 4.928601074218750000e+01 1.486253261566162109e+01 3.442347717285156250e+01
7.368437767028808594e+00 4.917375946044921875e+01 1.483598613739013672e+01 3.433777618408203125e+01
7.388846874237060547e+00 4.894737625122070312e+01 1.473507022857666016e+01 3.421231079101562500e+01
7.409254074096679688e+00 4.865767669677734375e+01 1.460563278198242188e+01 3.405204391479492188e+01
7.429662704467773438e+00 4.821435165405273438e+01 1.441246223449707031e+01 3.380187988281250000e+01
7.450071811676025391e+00 2.284313812255859375e+02 1.947244873046875000e+02 3.370689392089843750e+01
7.470480442047119141e+00 4.781386947631835938e+01 1.427603530883789062e+01 3.353783035278320312e+01
7.490889549255371094e+00 4.759493637084960938e+01 1.419719219207763672e+01 3.339773559570312500e+01
7.511298179626464844e+00 4.744147491455078125e+01 1.417614650726318359e+01 3.326532363891601562e+01
7.531706809997558594e+00 4.718345260620117188e+01 1.402648735046386719e+01 3.315696716308593750e+01
7.552115917205810547e+00 4.690177917480468750e+01 1.390141105651855469e+01 3.300037002563476562e+01
7.572524547576904297e+00 4.681648254394531250e+01 1.391768646240234375e+01 3.289880371093750000e+01
7.592933654785156250e+00 4.686310958862304688e+01 1.388815975189208984e+01 3.297494506835937500e+01
7.613342285156250000e+00 4.641127395629882812e+01 1.381477069854736328e+01 3.259650039672851562e+01
7.633749485015869141e+00 4.618807983398437500e+01 1.372452831268310547e+01 3.246355056762695312e+01
7.654158592224121094e+00 4.604383087158203125e+01 1.373171997070312500e+01 3.231211090087890625e+01
7.674567222595214844e+00 4.592294311523437500e+01 1.371391868591308594e+01 3.220903015136718750e+01
7.694976329803466797e+00 4.575421905517578125e+01 1.366976928710937500e+01 3.208445358276367188e+01
7.715384960174560547e+00 4.561938858032226562e+01 1.369721603393554688e+01 3.192216300964355469e+01
7.776611328125000000e+00 4.549419784545898438e+01 1.352165222167968750e+01 3.197255134582519531e+01
7.797020435333251953e+00 4.543265533447265625e+01 1.352003192901611328e+01 3.191262054443359375e+01
7.817429065704345703e+00 1.261217193603515625e+02 9.451716613769531250e+01 3.160456657409667969e+01
7.837838172912597656e+00 7.794779205322265625e+01 4.657812118530273438e+01 3.136966896057128906e+01
7.858246803283691406e+00 4.946834716796875000e+02 4.635052490234375000e+02 3.117827987670898438e+01
7.878654003143310547e+00 4.474416351318359375e+01 1.348477363586425781e+01 3.125938415527343750e+01
7.899063110351562500e+00 4.451665115356445312e+01 1.339386653900146484e+01 3.112277984619140625e+01
7.960289478302001953e+00 4.430877304077148438e+01 1.331189823150634766e+01 3.099688339233398438e+01
7.980698108673095703e+00 4.415409851074218750e+01 1.328685569763183594e+01 3.086725616455078125e+01
8.001107215881347656e+00 4.392196655273437500e+01 1.316021347045898438e+01 3.076173400878906250e+01
8.021515846252441406e+00 4.388314437866210938e+01 1.309986972808837891e+01 3.078326988220214844e+01
8.164376258850097656e+00 4.311169052124023438e+01 1.279587936401367188e+01 3.031580734252929688e+01
8.205193519592285156e+00 4.283535385131835938e+01 1.256008815765380859e+01 3.027526283264160156e+01
8.225603103637695312e+00 9.178158569335937500e+01 6.213531875610351562e+01 2.964627647399902344e+01
8.266420364379882812e+00 4.236909866333007812e+01 1.235411930084228516e+01 3.001498603820800781e+01
8.286828994750976562e+00 4.226479339599609375e+01 1.228758239746093750e+01 2.997720909118652344e+01
8.388872146606445312e+00 4.164058685302734375e+01 1.199971294403076172e+01 2.964087486267089844e+01
8.409280776977539062e+00 4.147030258178710938e+01 1.196347332000732422e+01 2.950683593750000000e+01
8.429689407348632812e+00 4.132966995239257812e+01 1.192315006256103516e+01 2.940652656555175781e+01
8.450098037719726562e+00 4.111015319824218750e+01 1.173003768920898438e+01 2.938011741638183594e+01
8.470507621765136719e+00 4.100899124145507812e+01 1.169753646850585938e+01 2.931144905090332031e+01
8.490916252136230469e+00 4.084181213378906250e+01 1.171312046051025391e+01 2.912867927551269531e+01
8.511324882507324219e+00 4.084910202026367188e+01 1.175113105773925781e+01 2.909797096252441406e+01
8.531733512878417969e+00 4.066210937500000000e+01 1.166129112243652344e+01 2.900082397460937500e+01
8.552143096923828125e+00 1.092728347778320312e+02 8.049090576171875000e+01 2.878195190429687500e+01
8.572549819946289062e+00 4.039446640014648438e+01 1.160716533660888672e+01 2.878730201721191406e+01
8.592958450317382812e+00 4.028340148925781250e+01 1.161302852630615234e+01 2.867038345336914062e+01
8.613367080688476562e+00 4.017083358764648438e+01 1.156744670867919922e+01 2.860338211059570312e+01
8.695002555847167969e+00 4.016862869262695312e+01 1.162954139709472656e+01 2.853909301757812500e+01
8.756229400634765625e+00 3.966264343261718750e+01 1.151541519165039062e+01 2.814723205566406250e+01
8.797045707702636719e+00 3.957384109497070312e+01 1.155451011657714844e+01 2.801933288574218750e+01
8.817454338073730469e+00 2.620739440917968750e+02 2.345734863281250000e+02 2.750051879882812500e+01
8.858271598815917969e+00 6.700836181640625000e+01 3.953699874877929688e+01 2.747137641906738281e+01
8.878681182861328125e+00 3.893194198608398438e+01 1.152511596679687500e+01 2.740682220458984375e+01
9.021542549133300781e+00 3.806533432006835938e+01 1.145405673980712891e+01 2.661129379272460938e+01
9.041950225830078125e+00 3.795178985595703125e+01 1.148777484893798828e+01 2.646402359008789062e+01
9.062358856201171875e+00 3.790830993652343750e+01 1.148435783386230469e+01 2.642395782470703125e+01
9.082767486572265625e+00 3.774294662475585938e+01 1.141374683380126953e+01 2.632919692993164062e+01
9.103176116943359375e+00 3.769145965576171875e+01 1.144206809997558594e+01 2.624938964843750000e+01
9.143994331359863281e+00 3.755509948730468750e+01 1.151142120361328125e+01 2.604367828369140625e+01
9.266445159912109375e+00 3.928356170654296875e+01 1.369213294982910156e+01 2.559143447875976562e+01
9.286854743957519531e+00 3.677130889892578125e+01 1.132660675048828125e+01 2.544469833374023438e+01
9.307263374328613281e+00 3.684428024291992188e+01 1.139565181732177734e+01 2.544863891601562500e+01
9.327672004699707031e+00 3.697087478637695312e+01 1.173515510559082031e+01 2.523571586608886719e+01
9.348080635070800781e+00 3.649473571777343750e+01 1.131644344329833984e+01 2.517828178405761719e+01
9.368490219116210938e+00 3.645124816894531250e+01 1.136078262329101562e+01 2.509045982360839844e+01
9.388898849487304688e+00 3.635132598876953125e+01 1.135393619537353516e+01 2.499739265441894531e+01
9.409307479858398438e+00 3.620920562744140625e+01 1.130513858795166016e+01 2.490406990051269531e+01
9.429716110229492188e+00 3.606672668457031250e+01 1.133398437500000000e+01 2.473273658752441406e+01
9.450124740600585938e+00 3.595538330078125000e+01 1.131837272644042969e+01 2.463701248168945312e+01
9.470534324645996094e+00 3.580132293701171875e+01 1.130282878875732422e+01 2.449849700927734375e+01
9.490941047668457031e+00 3.570888137817382812e+01 1.129366016387939453e+01 2.441522598266601562e+01
9.511349678039550781e+00 3.558108520507812500e+01 1.125055027008056641e+01 2.433054351806640625e+01
9.531759262084960938e+00 3.550434875488281250e+01 1.125283241271972656e+01 2.425152015686035156e+01
9.552167892456054688e+00 3.541175460815429688e+01 1.122377777099609375e+01 2.418796539306640625e+01
9.572576522827148438e+00 3.529986953735351562e+01 1.121485328674316406e+01 2.408501815795898438e+01
9.592985153198242188e+00 3.519642639160156250e+01 1.120347118377685547e+01 2.399295234680175781e+01
9.613394737243652344e+00 3.510799789428710938e+01 1.119089126586914062e+01 2.391709709167480469e+01
9.633803367614746094e+00 3.499130249023437500e+01 1.116967010498046875e+01 2.382162094116210938e+01
9.654211997985839844e+00 3.488650512695312500e+01 1.115225696563720703e+01 2.373425674438476562e+01
9.674620628356933594e+00 3.478173828125000000e+01 1.112378120422363281e+01 2.365795516967773438e+01
9.695029258728027344e+00 3.467866897583007812e+01 1.110653877258300781e+01 2.357213020324707031e+01
9.715438842773437500e+00 3.453851318359375000e+01 1.105363845825195312e+01 2.348487091064453125e+01
9.735845565795898438e+00 3.443196868896484375e+01 1.102432250976562500e+01 2.340764808654785156e+01
9.756254196166992188e+00 3.430795669555664062e+01 1.098899269104003906e+01 2.331896400451660156e+01
9.776663780212402344e+00 3.419370269775390625e+01 1.095013713836669922e+01 2.324356460571289062e+01
9.797072410583496094e+00 3.409842300415039062e+01 1.092610359191894531e+01 2.317231178283691406e+01
9.817481040954589844e+00 3.397419357299804688e+01 1.089485549926757812e+01 2.307933807373046875e+01
9.837889671325683594e+00 3.386254501342773438e+01 1.084427070617675781e+01 2.301827049255371094e+01
9.858299255371093750e+00 3.377771759033203125e+01 1.084003353118896484e+01 2.293768882751464844e+01
9.878707885742187500e+00 3.361064147949218750e+01 1.076069068908691406e+01 2.284994888305664062e+01
9.899116516113281250e+00 3.350041961669921875e+01 1.072036838531494141e+01 2.278005599975585938e+01
9.919525146484375000e+00 3.338736343383789062e+01 1.068262386322021484e+01 2.270473098754882812e+01
9.939933776855468750e+00 3.328883743286132812e+01 1.064021968841552734e+01 2.264861488342285156e+01
9.960341453552246094e+00 3.315706253051757812e+01 1.057996463775634766e+01 2.257709693908691406e+01
9.980750083923339844e+00 3.301604461669921875e+01 1.053794384002685547e+01 2.247810363769531250e+01
1.000115871429443359e+01 3.294401931762695312e+01 1.049010944366455078e+01 2.245390319824218750e+01
1.002156829833984375e+01 3.281245803833007812e+01 1.043649768829345703e+01 2.237596130371093750e+01
1.004197692871093750e+01 3.269543075561523438e+01 1.037714385986328125e+01 2.231829261779785156e+01
1.006238555908203125e+01 3.258413314819335938e+01 1.031922149658203125e+01 2.226491355895996094e+01
1.008279418945312500e+01 3.246175384521484375e+01 1.027459144592285156e+01 2.218716430664062500e+01
1.012361240386962891e+01 3.256449508666992188e+01 1.018705272674560547e+01 2.237744522094726562e+01
1.014402103424072266e+01 3.252783966064453125e+01 1.013941860198974609e+01 2.238843154907226562e+01
1.016442966461181641e+01 3.252739334106445312e+01 1.011081695556640625e+01 2.241658020019531250e+01
1.018483734130859375e+01 3.225381469726562500e+01 1.007057952880859375e+01 2.218324089050292969e+01
1.020524597167968750e+01 3.195061492919921875e+01 9.927287101745605469e+00 2.202332687377929688e+01
1.022565460205078125e+01 1.827402343750000000e+02 1.607155151367187500e+02 2.202470779418945312e+01
1.024606323242187500e+01 3.175832366943359375e+01 9.845684051513671875e+00 2.191263961791992188e+01
1.026647281646728516e+01 3.157470130920410156e+01 9.785305976867675781e+00 2.178939628601074219e+01
1.028688144683837891e+01 3.144465446472167969e+01 9.728656768798828125e+00 2.171599960327148438e+01
1.030729007720947266e+01 3.137125968933105469e+01 9.685008049011230469e+00 2.168625259399414062e+01
1.032769870758056641e+01 3.130311012268066406e+01 9.635735511779785156e+00 2.166737556457519531e+01
1.034810733795166016e+01 3.126299095153808594e+01 9.592440605163574219e+00 2.167054939270019531e+01
1.036851692199707031e+01 3.103182029724121094e+01 9.518148422241210938e+00 2.151367759704589844e+01
1.038892555236816406e+01 3.093682098388671875e+01 9.475254058837890625e+00 2.146156692504882812e+01
1.040933418273925781e+01 3.083945846557617188e+01 9.426779747009277344e+00 2.141267967224121094e+01
1.042974185943603516e+01 3.073434066772460938e+01 9.371610641479492188e+00 2.136273193359375000e+01
1.045015048980712891e+01 3.064826965332031250e+01 9.333836555480957031e+00 2.131443595886230469e+01
1.047055912017822266e+01 3.056839179992675781e+01 9.298496246337890625e+00 2.126989746093750000e+01
1.049096775054931641e+01 3.062941169738769531e+01 9.318058013916015625e+00 2.131134986877441406e+01
1.051137733459472656e+01 3.038392257690429688e+01 9.221393585205078125e+00 2.116253280639648438e+01
1.053178596496582031e+01 3.031955718994140625e+01 9.197841644287109375e+00 2.112171554565429688e+01
1.055219459533691406e+01 3.022146224975585938e+01 9.151694297790527344e+00 2.106976699829101562e+01
1.057260322570800781e+01 3.013219451904296875e+01 9.111386299133300781e+00 2.102081108093261719e+01
1.059301185607910156e+01 3.004236602783203125e+01 9.068972587585449219e+00 2.097339248657226562e+01
1.061342144012451172e+01 2.994461059570312500e+01 9.031233787536621094e+00 2.091337585449218750e+01
1.063383007049560547e+01 2.986778640747070312e+01 9.001519203186035156e+00 2.086626434326171875e+01
1.065423679351806641e+01 2.979424476623535156e+01 8.976412773132324219e+00 2.081783485412597656e+01
1.067464637756347656e+01 2.972494506835937500e+01 8.959250450134277344e+00 2.076569366455078125e+01
1.069505500793457031e+01 2.963927078247070312e+01 8.924248695373535156e+00 2.071502304077148438e+01
1.071546363830566406e+01 2.954813003540039062e+01 8.893846511840820312e+00 2.065427970886230469e+01
1.073587226867675781e+01 2.947591018676757812e+01 8.868019104003906250e+00 2.060789108276367188e+01
1.075628089904785156e+01 2.939768028259277344e+01 8.834501266479492188e+00 2.056317901611328125e+01
1.077669048309326172e+01 2.933305168151855469e+01 8.816659927368164062e+00 2.051638984680175781e+01
1.079709911346435547e+01 2.925109481811523438e+01 8.788908958435058594e+00 2.046218681335449219e+01
1.081750774383544922e+01 2.919072151184082031e+01 8.764581680297851562e+00 2.042613792419433594e+01
1.083791637420654297e+01 2.914797210693359375e+01 8.742554664611816406e+00 2.040541648864746094e+01
1.085832595825195312e+01 2.904997253417968750e+01 8.707383155822753906e+00 2.034258842468261719e+01
1.087873268127441406e+01 2.896806526184082031e+01 8.688848495483398438e+00 2.027921485900878906e+01
1.089914131164550781e+01 2.892688179016113281e+01 8.672578811645507812e+00 2.025430297851562500e+01
1.091955089569091797e+01 2.887214660644531250e+01 8.654177665710449219e+00 2.021796989440917969e+01
1.093995952606201172e+01 2.880707550048828125e+01 8.631467819213867188e+00 2.017561149597167969e+01
1.096036815643310547e+01 2.874872207641601562e+01 8.611027717590332031e+00 2.013769721984863281e+01
1.098077678680419922e+01 2.872593879699707031e+01 8.609193801879882812e+00 2.011674690246582031e+01
1.100118541717529297e+01 2.865632820129394531e+01 8.584518432617187500e+00 2.007180786132812500e+01
1.102159500122070312e+01 2.858773422241210938e+01 8.551245689392089844e+00 2.003648757934570312e+01
1.104200363159179688e+01 2.854893875122070312e+01 8.544112205505371094e+00 2.000482559204101562e+01
1.106241226196289062e+01 2.847027397155761719e+01 8.514284133911132812e+00 1.995598983764648438e+01
1.108282089233398438e+01 2.844587135314941406e+01 8.499684333801269531e+00 1.994618797302246094e+01
1.110323047637939453e+01 2.840605545043945312e+01 8.496996879577636719e+00 1.990906333923339844e+01
1.112363719940185547e+01 2.837136268615722656e+01 8.465269088745117188e+00 1.990609359741210938e+01
1.114404582977294922e+01 2.829866027832031250e+01 8.442246437072753906e+00 1.985641479492187500e+01
1.116445541381835938e+01 2.826727104187011719e+01 8.425742149353027344e+00 1.984152412414550781e+01
1.118486404418945312e+01 2.821411514282226562e+01 8.406087875366210938e+00 1.980802917480468750e+01
1.120527267456054688e+01 2.817198181152343750e+01 8.386504173278808594e+00 1.978548049926757812e+01
1.122568130493164062e+01 2.813310050964355469e+01 8.371256828308105469e+00 1.976184272766113281e+01
1.124608993530273438e+01 2.807805824279785156e+01 8.347550392150878906e+00 1.973050689697265625e+01
1.126649951934814453e+01 2.803068351745605469e+01 8.327117919921875000e+00 1.970356750488281250e+01
1.128690814971923828e+01 2.797093009948730469e+01 8.300395011901855469e+00 1.967053413391113281e+01
1.130731678009033203e+01 2.793966865539550781e+01 8.282238006591796875e+00 1.965743255615234375e+01
1.142976856231689453e+01 3.341369628906250000e+01 1.377104091644287109e+01 1.964265823364257812e+01
1.145017719268798828e+01 2.770372772216796875e+01 8.096319198608398438e+00 1.960740661621093750e+01
1.147058582305908203e+01 2.777523231506347656e+01 8.087131500244140625e+00 1.968810272216796875e+01
1.155222129821777344e+01 2.752299499511718750e+01 7.873527050018310547e+00 1.964946746826171875e+01
1.161344623565673828e+01 2.732529067993164062e+01 7.748535633087158203e+00 1.957675170898437500e+01
1.163385486602783203e+01 2.785419082641601562e+01 8.328592300415039062e+00 1.952559852600097656e+01
1.165426349639892578e+01 2.719485473632812500e+01 7.712153434753417969e+00 1.948270225524902344e+01
1.169508171081542969e+01 2.712465476989746094e+01 7.666814327239990234e+00 1.945783615112304688e+01
1.183794212341308594e+01 2.479163085937500000e+03 2.460052246093750000e+03 1.911085128784179688e+01
1.185835075378417969e+01 3.097820091247558594e+01 1.174916744232177734e+01 1.922903251647949219e+01
1.187875938415527344e+01 2.686465835571289062e+01 7.632906913757324219e+00 1.923174858093261719e+01
1.196039485931396484e+01 1.482046875000000000e+04 1.480133984375000000e+04 1.913178253173828125e+01
1.198080348968505859e+01 2.645090675354003906e+01 7.312135696411132812e+00 1.913876914978027344e+01
1.200121307373046875e+01 2.647287750244140625e+01 7.325631141662597656e+00 1.914724540710449219e+01
1.202162170410156250e+01 2.629054641723632812e+01 7.322156429290771484e+00 1.896838760375976562e+01
1.204202842712402344e+01 2.628964614868164062e+01 7.389266014099121094e+00 1.890037536621093750e+01
1.206243801116943359e+01 2.607580947875976562e+01 7.309287548065185547e+00 1.876652145385742188e+01
1.208284664154052734e+01 2.602548027038574219e+01 7.295951366424560547e+00 1.872953033447265625e+01
1.210325527191162109e+01 2.597479248046875000e+01 7.294527530670166016e+00 1.868027114868164062e+01
1.214407253265380859e+01 2.598229217529296875e+01 7.294650077819824219e+00 1.868764114379882812e+01
1.216448211669921875e+01 2.592583465576171875e+01 7.272571563720703125e+00 1.865326499938964844e+01
1.220529937744140625e+01 2.585540199279785156e+01 7.260017871856689453e+00 1.859538459777832031e+01
1.226652622222900391e+01 2.566892051696777344e+01 7.217926025390625000e+00 1.845099449157714844e+01
1.228693294525146484e+01 2.583894348144531250e+01 7.430971622467041016e+00 1.840797424316406250e+01
1.232775115966796875e+01 2.555038261413574219e+01 7.203439235687255859e+00 1.834694290161132812e+01
1.234815979003906250e+01 2.544349479675292969e+01 7.145006179809570312e+00 1.829849243164062500e+01
1.236856842041015625e+01 2.545226860046386719e+01 7.186441421508789062e+00 1.826582527160644531e+01
1.238897705078125000e+01 2.539936447143554688e+01 7.174602985382080078e+00 1.822476387023925781e+01
1.240938663482666016e+01 2.534629249572753906e+01 7.174378395080566406e+00 1.817191696166992188e+01
1.247061252593994141e+01 2.519960784912109375e+01 7.068127632141113281e+00 1.813148307800292969e+01
1.253183746337890625e+01 2.517311859130859375e+01 7.097589969635009766e+00 1.807553100585937500e+01
1.255224609375000000e+01 2.515921592712402344e+01 7.120378971099853516e+00 1.803883361816406250e+01
1.257265567779541016e+01 2.506108856201171875e+01 7.126908779144287109e+00 1.793417930603027344e+01
1.261347293853759766e+01 2.540752983093261719e+01 7.623871326446533203e+00 1.778365707397460938e+01
1.271551704406738281e+01 2.485380744934082031e+01 7.071311473846435547e+00 1.778249549865722656e+01
1.273592472076416016e+01 2.469947052001953125e+01 7.026146411895751953e+00 1.767332077026367188e+01
1.277674198150634766e+01 2.465388107299804688e+01 7.031805515289306641e+00 1.762207603454589844e+01
1.283796882629394531e+01 2.455188941955566406e+01 7.036495685577392578e+00 1.751539611816406250e+01
1.285837745666503906e+01 3.322953796386718750e+01 1.578767108917236328e+01 1.744186401367187500e+01
1.289919567108154297e+01 2.448493957519531250e+01 7.003097057342529297e+00 1.748184204101562500e+01
1.291960430145263672e+01 2.443788146972656250e+01 6.990181922912597656e+00 1.744770240783691406e+01
1.298082923889160156e+01 2.438586807250976562e+01 7.004238605499267578e+00 1.738162994384765625e+01
1.300123786926269531e+01 2.432638359069824219e+01 7.019942283630371094e+00 1.730644416809082031e+01
1.310328197479248047e+01 2.418003845214843750e+01 7.006380081176757812e+00 1.717366027832031250e+01
1.312369060516357422e+01 2.414476394653320312e+01 7.036527156829833984e+00 1.710823822021484375e+01
1.314409923553466797e+01 2.413799667358398438e+01 7.041993141174316406e+00 1.709600257873535156e+01
1.316450881958007812e+01 2.408228302001953125e+01 7.032893657684326172e+00 1.704939079284667969e+01
1.318491744995117188e+01 2.403769111633300781e+01 7.030178070068359375e+00 1.700751495361328125e+01
1.320532417297363281e+01 2.402408981323242188e+01 7.009343624114990234e+00 1.701474952697753906e+01
1.328695964813232422e+01 2.384221267700195312e+01 6.977087974548339844e+00 1.686512374877929688e+01
1.330736923217773438e+01 2.384752845764160156e+01 7.001466751098632812e+00 1.684606552124023438e+01
1.332777786254882812e+01 2.374538040161132812e+01 6.991643905639648438e+00 1.675373458862304688e+01
1.334818649291992188e+01 2.372947883605957031e+01 6.983644008636474609e+00 1.674583435058593750e+01
1.336859512329101562e+01 2.362425041198730469e+01 6.966714859008789062e+00 1.665753364562988281e+01
1.338900375366210938e+01 2.361480712890625000e+01 6.955201625823974609e+00 1.665960121154785156e+01
1.340941333770751953e+01 2.353266525268554688e+01 6.945508480072021484e+00 1.658715820312500000e+01
1.342982006072998047e+01 2.371571350097656250e+01 7.197878837585449219e+00 1.651783370971679688e+01
1.345022869110107422e+01 2.342801666259765625e+01 6.903073787689208984e+00 1.652494239807128906e+01
1.347063827514648438e+01 2.333600997924804688e+01 6.889060497283935547e+00 1.644695091247558594e+01
1.349104690551757812e+01 2.330225372314453125e+01 6.874203205108642578e+00 1.642805290222167969e+01
1.351145553588867188e+01 2.325184249877929688e+01 6.863820075988769531e+00 1.638801956176757812e+01
1.353186416625976562e+01 2.321557235717773438e+01 6.858775138854980469e+00 1.635679626464843750e+01
1.355227375030517578e+01 2.317010307312011719e+01 6.839613914489746094e+00 1.633048629760742188e+01
1.357268238067626953e+01 2.313534355163574219e+01 6.830211639404296875e+00 1.630513381958007812e+01
1.359309101104736328e+01 2.308916664123535156e+01 6.812912464141845703e+00 1.627625274658203125e+01
1.361350059509277344e+01 2.304470825195312500e+01 6.802698135375976562e+00 1.624200820922851562e+01
1.363390827178955078e+01 2.297566032409667969e+01 6.780224800109863281e+00 1.619543838500976562e+01
1.365431785583496094e+01 2.295514106750488281e+01 6.769212722778320312e+00 1.618593406677246094e+01
1.367472553253173828e+01 2.291851043701171875e+01 6.752109050750732422e+00 1.616640472412109375e+01
1.369513320922851562e+01 2.286143112182617188e+01 6.733307361602783203e+00 1.612812042236328125e+01
1.371554279327392578e+01 2.281962013244628906e+01 6.716305255889892578e+00 1.610331535339355469e+01
1.373595046997070312e+01 2.278568649291992188e+01 6.702841758728027344e+00 1.608284378051757812e+01
1.375636100769042969e+01 2.274409675598144531e+01 6.688546180725097656e+00 1.605554962158203125e+01
1.377676773071289062e+01 2.270069122314453125e+01 6.668212890625000000e+00 1.603247451782226562e+01
1.379717826843261719e+01 2.265703773498535156e+01 6.654878139495849609e+00 1.600215721130371094e+01
1.381758594512939453e+01 2.261560440063476562e+01 6.630323410034179688e+00 1.598528099060058594e+01
1.383799648284912109e+01 2.258150672912597656e+01 6.632652759552001953e+00 1.594885540008544922e+01
1.385840320587158203e+01 2.252286148071289062e+01 6.601293563842773438e+00 1.592156791687011719e+01
1.387881374359130859e+01 2.247586631774902344e+01 6.581236839294433594e+00 1.589463043212890625e+01
1.389922142028808594e+01 2.243501853942871094e+01 6.566406726837158203e+00 1.586861324310302734e+01
1.391962814331054688e+01 2.240421867370605469e+01 6.556779861450195312e+00 1.584743595123291016e+01
1.394003868103027344e+01 2.235583496093750000e+01 6.534300327301025391e+00 1.582153606414794922e+01
1.396044635772705078e+01 2.231687736511230469e+01 6.525605201721191406e+00 1.579126453399658203e+01
1.398085689544677734e+01 2.226793479919433594e+01 6.505805015563964844e+00 1.576212310791015625e+01
1.400126361846923828e+01 2.222986221313476562e+01 6.482644557952880859e+00 1.574722003936767578e+01
1.402167415618896484e+01 2.219984054565429688e+01 6.470647811889648438e+00 1.572919368743896484e+01
1.404208183288574219e+01 2.216272735595703125e+01 6.457834243774414062e+00 1.570489120483398438e+01
1.406249237060546875e+01 2.212278556823730469e+01 6.433990955352783203e+00 1.568879508972167969e+01
1.408289909362792969e+01 2.208841896057128906e+01 6.417017936706542969e+00 1.567140102386474609e+01
1.410330963134765625e+01 2.204405975341796875e+01 6.398396015167236328e+00 1.564566612243652344e+01
1.412371635437011719e+01 2.200538063049316406e+01 6.380676269531250000e+00 1.562470340728759766e+01
1.414412403106689453e+01 2.198245811462402344e+01 6.372316360473632812e+00 1.561014270782470703e+01
1.416453456878662109e+01 2.196044921875000000e+01 6.367359161376953125e+00 1.559308815002441406e+01
1.418494129180908203e+01 2.191434478759765625e+01 6.337103366851806641e+00 1.557724475860595703e+01
1.420535182952880859e+01 2.188649749755859375e+01 6.322099685668945312e+00 1.556439304351806641e+01
1.422575950622558594e+01 2.184707069396972656e+01 6.305458545684814453e+00 1.554160499572753906e+01
1.424617004394531250e+01 2.180796623229980469e+01 6.282980918884277344e+00 1.552498722076416016e+01
1.426657676696777344e+01 2.177880096435546875e+01 6.266442775726318359e+00 1.551235675811767578e+01
1.428698730468750000e+01 2.174552345275878906e+01 6.249950408935546875e+00 1.549557209014892578e+01
1.430739498138427734e+01 2.170851898193359375e+01 6.226813316345214844e+00 1.548170661926269531e+01
1.432780551910400391e+01 2.167212677001953125e+01 6.200399875640869141e+00 1.547172069549560547e+01
1.434821224212646484e+01 2.164497184753417969e+01 6.193249225616455078e+00 1.545172119140625000e+01
1.436861991882324219e+01 2.161382865905761719e+01 6.171124458312988281e+00 1.544270420074462891e+01
1.438903045654296875e+01 2.158708000183105469e+01 6.151556968688964844e+00 1.543552684783935547e+01
1.440943717956542969e+01 2.153958320617675781e+01 6.127892971038818359e+00 1.541169071197509766e+01
1.442984771728515625e+01 2.151061058044433594e+01 6.105123996734619141e+00 1.540549278259277344e+01
1.445025539398193359e+01 2.147323989868164062e+01 6.084076404571533203e+00 1.538916492462158203e+01
1.447066593170166016e+01 2.143422126770019531e+01 6.059779644012451172e+00 1.537443447113037109e+01
1.449107265472412109e+01 2.139258193969726562e+01 6.034725666046142578e+00 1.535785770416259766e+01
1.451148319244384766e+01 2.137438964843750000e+01 6.013865470886230469e+00 1.536052513122558594e+01
1.453189086914062500e+01 2.132598304748535156e+01 5.993064880371093750e+00 1.533292293548583984e+01
1.455230045318603516e+01 2.129278945922851562e+01 5.970676422119140625e+00 1.532211780548095703e+01
1.457270812988281250e+01 2.125121879577636719e+01 5.945066452026367188e+00 1.530615615844726562e+01
1.459311580657958984e+01 2.121488952636718750e+01 5.921988964080810547e+00 1.529290771484375000e+01
1.461352539062500000e+01 2.117676544189453125e+01 5.894060134887695312e+00 1.528270912170410156e+01
1.463393306732177734e+01 2.113953590393066406e+01 5.872753620147705078e+00 1.526678180694580078e+01
1.465434360504150391e+01 2.110240364074707031e+01 5.845788478851318359e+00 1.525661468505859375e+01
1.467475032806396484e+01 2.105764770507812500e+01 5.821345329284667969e+00 1.523630046844482422e+01
1.469516086578369141e+01 2.101778793334960938e+01 5.794525623321533203e+00 1.522326469421386719e+01
1.471556854248046875e+01 2.098632812500000000e+01 5.775103092193603516e+00 1.521122837066650391e+01
1.473597908020019531e+01 2.093638420104980469e+01 5.743547916412353516e+00 1.519283485412597656e+01
1.475638580322265625e+01 2.089340209960937500e+01 5.721815586090087891e+00 1.517158699035644531e+01
1.477679634094238281e+01 2.087106895446777344e+01 5.705002307891845703e+00 1.516606235504150391e+01
1.479720401763916016e+01 2.083949279785156250e+01 5.677720069885253906e+00 1.516177558898925781e+01
1.481761455535888672e+01 2.078400611877441406e+01 5.651319980621337891e+00 1.513268470764160156e+01
1.483802127838134766e+01 2.074752807617187500e+01 5.630640983581542969e+00 1.511688995361328125e+01
1.485842895507812500e+01 2.070775413513183594e+01 5.605185031890869141e+00 1.510257053375244141e+01
1.487883949279785156e+01 2.067343139648437500e+01 5.587037563323974609e+00 1.508639240264892578e+01
1.489924621582031250e+01 2.062377929687500000e+01 5.561711311340332031e+00 1.506207084655761719e+01
1.491965675354003906e+01 2.059223747253417969e+01 5.540463924407958984e+00 1.505177021026611328e+01
1.494006443023681641e+01 2.056140899658203125e+01 5.520878791809082031e+00 1.504052925109863281e+01
1.496047496795654297e+01 2.052358627319335938e+01 5.499745368957519531e+00 1.502383804321289062e+01
1.498088169097900391e+01 2.048837661743164062e+01 5.484263896942138672e+00 1.500411033630371094e+01
1.500129222869873047e+01 2.045971488952636719e+01 5.465631008148193359e+00 1.499407863616943359e+01
1.502169895172119141e+01 2.042510986328125000e+01 5.446253776550292969e+00 1.497885894775390625e+01
1.504210948944091797e+01 2.038864326477050781e+01 5.424540519714355469e+00 1.496410369873046875e+01
1.506251716613769531e+01 2.035987091064453125e+01 5.409244537353515625e+00 1.495062637329101562e+01
1.508292388916015625e+01 2.033162117004394531e+01 5.393196105957031250e+00 1.493842411041259766e+01
1.510333442687988281e+01 2.030186080932617188e+01 5.377190589904785156e+00 1.492466831207275391e+01
1.512374210357666016e+01 2.026507568359375000e+01 5.362020015716552734e+00 1.490305614471435547e+01
1.514415264129638672e+01 2.025543785095214844e+01 5.355584144592285156e+00 1.489985466003417969e+01
1.516455936431884766e+01 2.021596336364746094e+01 5.330222606658935547e+00 1.488574504852294922e+01
1.518496990203857422e+01 2.018927574157714844e+01 5.315175533294677734e+00 1.487409877777099609e+01
1.520537757873535156e+01 2.016315078735351562e+01 5.297808647155761719e+00 1.486533737182617188e+01
1.522578811645507812e+01 2.013842391967773438e+01 5.284418106079101562e+00 1.485399436950683594e+01
1.524619483947753906e+01 2.011662483215332031e+01 5.276558876037597656e+00 1.484006404876708984e+01
1.526660537719726562e+01 2.008779716491699219e+01 5.256960391998291016e+00 1.483083629608154297e+01
1.528701305389404297e+01 2.007181167602539062e+01 5.246810913085937500e+00 1.482500171661376953e+01
1.530741977691650391e+01 2.004105186462402344e+01 5.231996536254882812e+00 1.480905532836914062e+01
1.532783031463623047e+01 2.001796913146972656e+01 5.218782424926757812e+00 1.479918956756591797e+01
1.534823799133300781e+01 1.998371696472167969e+01 5.196245670318603516e+00 1.478747272491455078e+01
1.536864852905273438e+01 1.996262168884277344e+01 5.184671878814697266e+00 1.477794933319091797e+01
1.538905525207519531e+01 1.993324089050292969e+01 5.170018672943115234e+00 1.476322174072265625e+01
1.540946578979492188e+01 1.990555763244628906e+01 5.153849601745605469e+00 1.475170898437500000e+01
1.542987346649169922e+01 1.987530899047851562e+01 5.132294178009033203e+00 1.474301624298095703e+01
1.545028305053710938e+01 1.985280418395996094e+01 5.123965263366699219e+00 1.472883796691894531e+01
1.547069072723388672e+01 1.982814407348632812e+01 5.108695507049560547e+00 1.471944808959960938e+01
1.549109745025634766e+01 1.979559326171875000e+01 5.088057041168212891e+00 1.470753765106201172e+01
1.551150798797607422e+01 1.976644515991210938e+01 5.071330547332763672e+00 1.469511699676513672e+01
1.553191566467285156e+01 1.973523139953613281e+01 5.055419921875000000e+00 1.467981624603271484e+01
1.555232620239257812e+01 1.970693588256835938e+01 5.032622814178466797e+00 1.467432022094726562e+01
1.557273292541503906e+01 1.967738342285156250e+01 5.022184848785400391e+00 1.465519905090332031e+01
1.559314346313476562e+01 1.964528656005859375e+01 5.006399631500244141e+00 1.463888835906982422e+01
1.561355113983154297e+01 1.961068725585937500e+01 4.989890575408935547e+00 1.462080097198486328e+01
1.563395786285400391e+01 1.957478523254394531e+01 4.969595909118652344e+00 1.460519504547119141e+01
1.565436840057373047e+01 1.954548072814941406e+01 4.950882911682128906e+00 1.459460353851318359e+01
1.567477607727050781e+01 1.951715087890625000e+01 4.939091682434082031e+00 1.457805728912353516e+01
1.569518661499023438e+01 1.948943710327148438e+01 4.922754287719726562e+00 1.456668090820312500e+01
1.571559333801269531e+01 1.944588470458984375e+01 4.904937744140625000e+00 1.454094982147216797e+01
1.573600387573242188e+01 1.941459274291992188e+01 4.887166023254394531e+00 1.452742195129394531e+01
1.575641155242919922e+01 1.938041687011718750e+01 4.872479438781738281e+00 1.450793743133544922e+01
1.577682209014892578e+01 1.934950256347656250e+01 4.857072353363037109e+00 1.449243164062500000e+01
1.579722881317138672e+01 1.931677627563476562e+01 4.842463016510009766e+00 1.447431659698486328e+01
1.581763935089111328e+01 1.928223419189453125e+01 4.826377391815185547e+00 1.445586204528808594e+01
1.583804702758789062e+01 1.925292396545410156e+01 4.811845302581787109e+00 1.444108295440673828e+01
1.585845661163330078e+01 1.921983528137207031e+01 4.797349929809570312e+00 1.442248916625976562e+01
1.587886428833007812e+01 1.918631553649902344e+01 4.782892227172851562e+00 1.440342330932617188e+01
1.589927196502685547e+01 1.915798950195312500e+01 4.769225120544433594e+00 1.438876342773437500e+01
1.591968154907226562e+01 1.913057136535644531e+01 4.758599281311035156e+00 1.437197208404541016e+01
1.594008922576904297e+01 1.910243988037109375e+01 4.748001098632812500e+00 1.435443687438964844e+01
1.596049976348876953e+01 1.907659339904785156e+01 4.739679813385009766e+00 1.433691024780273438e+01
1.598090648651123047e+01 1.904108428955078125e+01 4.722392559051513672e+00 1.431869506835937500e+01
1.600131797790527344e+01 1.901538658142089844e+01 4.711132526397705078e+00 1.430425453186035156e+01
1.602172470092773438e+01 1.899143600463867188e+01 4.703637599945068359e+00 1.428780078887939453e+01
1.604213523864746094e+01 1.896291160583496094e+01 4.691684246063232422e+00 1.427122402191162109e+01
1.606254196166992188e+01 1.894382095336914062e+01 4.684233188629150391e+00 1.425958633422851562e+01
1.608295249938964844e+01 1.893114662170410156e+01 4.683498382568359375e+00 1.424764442443847656e+01
1.610335922241210938e+01 1.890016174316406250e+01 4.666413784027099609e+00 1.423375034332275391e+01
1.612376785278320312e+01 1.887915039062500000e+01 4.659765243530273438e+00 1.421938896179199219e+01
1.614417839050292969e+01 1.885699653625488281e+01 4.650908470153808594e+00 1.420609378814697266e+01
1.616458511352539062e+01 1.883724021911621094e+01 4.645776748657226562e+00 1.419146347045898438e+01
1.618499565124511719e+01 1.881459999084472656e+01 4.636220455169677734e+00 1.417837810516357422e+01
1.620540237426757812e+01 1.879859733581542969e+01 4.629643917083740234e+00 1.416895484924316406e+01
1.622581291198730469e+01 1.877971076965332031e+01 4.622344493865966797e+00 1.415736103057861328e+01
1.624621963500976562e+01 1.876561164855957031e+01 4.618011951446533203e+00 1.414760112762451172e+01
1.626663017272949219e+01 1.875103759765625000e+01 4.613689899444580078e+00 1.413735008239746094e+01
1.628703880310058594e+01 1.873356628417968750e+01 4.607173442840576172e+00 1.412639427185058594e+01
1.630744743347167969e+01 1.871763801574707031e+01 4.601407051086425781e+00 1.411623096466064453e+01
1.632785606384277344e+01 1.870586395263671875e+01 4.597122192382812500e+00 1.410873985290527344e+01
1.634826278686523438e+01 1.869104766845703125e+01 4.592115879058837891e+00 1.409892940521240234e+01
1.636867332458496094e+01 1.867753219604492188e+01 4.585658550262451172e+00 1.409187412261962891e+01
1.638908004760742188e+01 1.865814018249511719e+01 4.577757835388183594e+00 1.408038234710693359e+01
1.640949058532714844e+01 1.864434814453125000e+01 4.573523044586181641e+00 1.407083034515380859e+01
1.642989730834960938e+01 1.863031196594238281e+01 4.574398517608642578e+00 1.405591678619384766e+01
1.645030784606933594e+01 1.861277770996093750e+01 4.562901973724365234e+00 1.404987716674804688e+01
1.647071647644042969e+01 1.860245704650878906e+01 4.558702468872070312e+00 1.404375457763671875e+01
1.649112701416015625e+01 1.858193016052246094e+01 4.551608562469482422e+00 1.403032588958740234e+01
1.651153373718261719e+01 1.856524658203125000e+01 4.545982837677001953e+00 1.401926803588867188e+01
1.653194427490234375e+01 1.854793930053710938e+01 4.539646625518798828e+00 1.400829315185546875e+01
1.655235099792480469e+01 1.853660202026367188e+01 4.534772872924804688e+00 1.400182723999023438e+01
1.657275772094726562e+01 1.851736450195312500e+01 4.529188632965087891e+00 1.398818206787109375e+01
1.659316825866699219e+01 1.849903488159179688e+01 4.522896289825439453e+00 1.397613716125488281e+01
1.661357688903808594e+01 1.847690391540527344e+01 4.513738632202148438e+00 1.396317005157470703e+01
1.663398742675781250e+01 1.846739196777343750e+01 4.510358333587646484e+00 1.395703601837158203e+01
1.665439414978027344e+01 1.844549942016601562e+01 4.504112720489501953e+00 1.394138336181640625e+01
1.667480468750000000e+01 1.842807769775390625e+01 4.497164249420166016e+00 1.393091773986816406e+01
1.669521141052246094e+01 1.841000366210937500e+01 4.493817806243896484e+00 1.391618537902832031e+01
1.671562194824218750e+01 1.839448356628417969e+01 4.488330841064453125e+00 1.390615272521972656e+01
1.673602867126464844e+01 1.837143135070800781e+01 4.482857704162597656e+00 1.388857460021972656e+01
1.675643920898437500e+01 1.835026359558105469e+01 4.474540233612060547e+00 1.387572479248046875e+01
1.677684593200683594e+01 1.832886695861816406e+01 4.468383789062500000e+00 1.386048412322998047e+01
1.679725456237792969e+01 1.831325340270996094e+01 4.463667869567871094e+00 1.384958744049072266e+01
1.681766510009765625e+01 1.828882980346679688e+01 4.456827163696289062e+00 1.383200359344482422e+01
1.683807182312011719e+01 1.826955604553222656e+01 4.451425552368164062e+00 1.381813049316406250e+01
1.685848236083984375e+01 1.825945663452148438e+01 4.448876380920410156e+00 1.381058120727539062e+01
1.687888908386230469e+01 1.823368644714355469e+01 4.439951896667480469e+00 1.379373168945312500e+01
1.689929962158203125e+01 1.821323394775390625e+01 4.433881282806396484e+00 1.377935314178466797e+01
1.691970634460449219e+01 1.819491195678710938e+01 4.428533554077148438e+00 1.376637935638427734e+01
1.694011688232421875e+01 1.817942810058593750e+01 4.422491073608398438e+00 1.375693798065185547e+01
1.696052551269531250e+01 1.816446685791015625e+01 4.417875289916992188e+00 1.374659061431884766e+01
1.698093605041503906e+01 1.814798164367675781e+01 4.413270473480224609e+00 1.373471069335937500e+01
1.700134277343750000e+01 1.812905502319335938e+01 4.407972812652587891e+00 1.372108459472656250e+01
1.702175331115722656e+01 1.811181449890136719e+01 4.404093265533447266e+00 1.370772075653076172e+01
1.704216003417968750e+01 1.810078239440917969e+01 4.400224685668945312e+00 1.370055866241455078e+01
1.706256675720214844e+01 1.808543014526367188e+01 4.393558502197265625e+00 1.369187259674072266e+01
1.708297729492187500e+01 1.806914138793945312e+01 4.392513275146484375e+00 1.367662143707275391e+01
1.710338592529296875e+01 1.805334663391113281e+01 4.389371871948242188e+00 1.366397380828857422e+01
1.712379646301269531e+01 1.804583549499511719e+01 4.386236667633056641e+00 1.365960216522216797e+01
1.714420318603515625e+01 1.802906036376953125e+01 4.379619598388671875e+00 1.364944267272949219e+01
1.716461372375488281e+01 1.801997566223144531e+01 4.379292964935302734e+00 1.364068508148193359e+01
1.718502044677734375e+01 1.801171684265136719e+01 4.378968715667724609e+00 1.363274574279785156e+01
1.720543098449707031e+01 1.799955177307128906e+01 4.373774051666259766e+00 1.362577629089355469e+01
1.722583770751953125e+01 1.799440002441406250e+01 4.374845504760742188e+00 1.361955547332763672e+01
1.724624824523925781e+01 1.798332214355468750e+01 4.371056556701660156e+00 1.361226272583007812e+01
1.726665496826171875e+01 1.798207283020019531e+01 4.372129440307617188e+00 1.360994243621826172e+01
1.728706359863281250e+01 1.797335624694824219e+01 4.371122837066650391e+00 1.360223579406738281e+01
1.730747413635253906e+01 1.796680259704589844e+01 4.369425296783447266e+00 1.359737682342529297e+01
1.732788085937500000e+01 1.796297645568847656e+01 4.369805335998535156e+00 1.359317207336425781e+01
1.734829139709472656e+01 1.795913696289062500e+01 4.369494438171386719e+00 1.358964061737060547e+01
1.736869812011718750e+01 1.795023727416992188e+01 4.370562553405761719e+00 1.357967376708984375e+01
1.738910865783691406e+01 1.795085334777832031e+01 4.373004436492919922e+00 1.357785129547119141e+01
1.740951538085937500e+01 1.794889640808105469e+01 4.369941234588623047e+00 1.357895851135253906e+01
1.742992591857910156e+01 1.794629096984863281e+01 4.371691703796386719e+00 1.357459926605224609e+01
1.745033454895019531e+01 1.794846343994140625e+01 4.371380329132080078e+00 1.357708358764648438e+01
1.747074508666992188e+01 1.794200515747070312e+01 4.373809814453125000e+00 1.356819343566894531e+01
1.749115180969238281e+01 1.794483947753906250e+01 4.379655838012695312e+00 1.356518554687500000e+01
1.751155853271484375e+01 1.793972206115722656e+01 4.375235557556152344e+00 1.356448268890380859e+01
1.753196907043457031e+01 1.793748855590820312e+01 4.376969337463378906e+00 1.356052017211914062e+01
1.755237579345703125e+01 1.793494987487792969e+01 4.378699779510498047e+00 1.355624866485595703e+01
1.757278633117675781e+01 1.793243026733398438e+01 4.379063129425048828e+00 1.355336761474609375e+01
1.759319496154785156e+01 1.793127059936523438e+01 4.380787372589111328e+00 1.355048084259033203e+01
1.761360359191894531e+01 1.792429733276367188e+01 4.380467414855957031e+00 1.354383373260498047e+01
1.763401222229003906e+01 1.792525863647460938e+01 4.383543491363525391e+00 1.354171276092529297e+01
1.765442276000976562e+01 1.792099380493164062e+01 4.384577274322509766e+00 1.353641891479492188e+01
1.767482948303222656e+01 1.792054748535156250e+01 4.384255886077880859e+00 1.353629207611083984e+01
1.769524002075195312e+01 1.791491699218750000e+01 4.386639595031738281e+00 1.352827835083007812e+01
1.771564674377441406e+01 1.790703010559082031e+01 4.386315822601318359e+00 1.352071666717529297e+01
1.773605346679687500e+01 1.790576553344726562e+01 4.388017654418945312e+00 1.351774883270263672e+01
1.775646400451660156e+01 1.790054702758789062e+01 4.388366222381591797e+00 1.351217651367187500e+01
1.777687263488769531e+01 1.789442443847656250e+01 4.390735149383544922e+00 1.350369071960449219e+01
1.779728317260742188e+01 1.788692665100097656e+01 4.389735221862792969e+00 1.349718761444091797e+01
1.781768989562988281e+01 1.788460350036621094e+01 4.394112586975097656e+00 1.349049377441406250e+01
1.783810043334960938e+01 1.787356758117675781e+01 4.390426635742187500e+00 1.348314189910888672e+01
1.785850715637207031e+01 1.786431503295898438e+01 4.391442298889160156e+00 1.347287750244140625e+01
1.787891769409179688e+01 1.785171127319335938e+01 4.389775753021240234e+00 1.346193695068359375e+01
1.789932441711425781e+01 1.784691047668457031e+01 4.393464565277099609e+00 1.345344638824462891e+01
1.791973495483398438e+01 1.783421134948730469e+01 4.389128684997558594e+00 1.344508171081542969e+01
1.794014358520507812e+01 1.782739448547363281e+01 4.394143581390380859e+00 1.343325042724609375e+01
1.796055030822753906e+01 1.782386970520019531e+01 4.394482135772705078e+00 1.342938518524169922e+01
1.798096084594726562e+01 1.780840873718261719e+01 4.394153594970703125e+00 1.341425132751464844e+01
1.800136756896972656e+01 1.779618072509765625e+01 4.395156860351562500e+00 1.340102386474609375e+01
1.802177810668945312e+01 1.778840637207031250e+01 4.394828319549560547e+00 1.339357757568359375e+01
1.804218482971191406e+01 1.778042984008789062e+01 4.393174648284912109e+00 1.338725280761718750e+01
1.806259536743164062e+01 1.776993942260742188e+01 4.396824836730957031e+00 1.337311458587646484e+01
1.808300209045410156e+01 1.776365661621093750e+01 4.401792049407958984e+00 1.336186599731445312e+01
1.810341262817382812e+01 1.776010513305664062e+01 4.404101848602294922e+00 1.335600757598876953e+01
1.812382125854492188e+01 1.774918746948242188e+01 4.403765678405761719e+00 1.334541988372802734e+01
1.814423179626464844e+01 1.774474334716796875e+01 4.410026550292968750e+00 1.333472061157226562e+01
1.816463851928710938e+01 1.773697471618652344e+01 4.412980079650878906e+00 1.332399845123291016e+01
1.818504524230957031e+01 1.773388099670410156e+01 4.417900562286376953e+00 1.331597900390625000e+01
1.820545578002929688e+01 1.772961807250976562e+01 4.422152042388916016e+00 1.330746841430664062e+01
1.822586250305175781e+01 1.772208786010742188e+01 4.427708625793457031e+00 1.329437828063964844e+01
1.824627304077148438e+01 1.772915077209472656e+01 4.436532020568847656e+00 1.329261779785156250e+01
1.826668167114257812e+01 1.772609901428222656e+01 4.442715167999267578e+00 1.328338623046875000e+01
1.828709220886230469e+01 1.772928237915039062e+01 4.452156543731689453e+00 1.327713012695312500e+01
1.830749893188476562e+01 1.773460197448730469e+01 4.460269451141357422e+00 1.327433395385742188e+01
1.832790946960449219e+01 1.774051666259765625e+01 4.471629619598388672e+00 1.326888561248779297e+01
1.834831619262695312e+01 1.774737358093261719e+01 4.483616828918457031e+00 1.326375579833984375e+01
1.836872673034667969e+01 1.775778579711914062e+01 4.496880531311035156e+00 1.326090717315673828e+01
1.838913345336914062e+01 1.776930236816406250e+01 4.510115623474121094e+00 1.325918579101562500e+01
1.840954399108886719e+01 1.778449249267578125e+01 4.529171943664550781e+00 1.325532150268554688e+01
1.842995262145996094e+01 1.780051612854003906e+01 4.546238899230957031e+00 1.325428199768066406e+01
1.845035934448242188e+01 1.782135200500488281e+01 4.567160129547119141e+00 1.325419330596923828e+01
1.847076988220214844e+01 1.784611320495605469e+01 4.589330196380615234e+00 1.325678062438964844e+01
1.849117660522460938e+01 1.787184906005859375e+01 4.614689350128173828e+00 1.325715541839599609e+01
1.851158714294433594e+01 1.790613937377929688e+01 4.641284942626953125e+00 1.326485443115234375e+01
1.853199386596679688e+01 1.793832778930664062e+01 4.671051502227783203e+00 1.326728057861328125e+01
1.855240440368652344e+01 1.797653388977050781e+01 4.703332901000976562e+00 1.327319622039794922e+01
1.857281112670898438e+01 1.802402877807617188e+01 4.742633342742919922e+00 1.328139114379882812e+01
1.859322166442871094e+01 1.807352828979492188e+01 4.786353111267089844e+00 1.328717708587646484e+01
1.861363029479980469e+01 1.812675857543945312e+01 4.830620288848876953e+00 1.329613685607910156e+01
1.863404083251953125e+01 1.818219757080078125e+01 4.884425163269042969e+00 1.329777336120605469e+01
1.865444755554199219e+01 1.824600791931152344e+01 4.944530010223388672e+00 1.330147743225097656e+01
1.867485427856445312e+01 1.831900405883789062e+01 5.015399456024169922e+00 1.330360698699951172e+01
1.869526481628417969e+01 1.839774322509765625e+01 5.089313983917236328e+00 1.330842685699462891e+01
1.871567153930664062e+01 1.849162292480468750e+01 5.176499366760253906e+00 1.331511974334716797e+01
1.873608207702636719e+01 1.859863662719726562e+01 5.273076057434082031e+00 1.332555866241455078e+01
1.875649070739746094e+01 1.873290824890136719e+01 5.391779899597167969e+00 1.334113121032714844e+01
1.877690124511718750e+01 1.888333892822265625e+01 5.524248123168945312e+00 1.335908985137939453e+01
1.879730796813964844e+01 1.906453132629394531e+01 5.678717136383056641e+00 1.338581466674804688e+01
1.881771850585937500e+01 1.927579498291015625e+01 5.858928680419921875e+00 1.341686248779296875e+01
1.883812522888183594e+01 1.953514099121093750e+01 6.076239109039306641e+00 1.345890331268310547e+01
1.885853576660156250e+01 1.984261703491210938e+01 6.330525875091552734e+00 1.351208686828613281e+01
1.887894248962402344e+01 2.021567535400390625e+01 6.631814956665039062e+00 1.358386516571044922e+01
1.889935111999511719e+01 2.063986587524414062e+01 6.966653823852539062e+00 1.367321205139160156e+01
1.891975975036621094e+01 2.111866950988769531e+01 7.332401275634765625e+00 1.378627395629882812e+01
1.894016838073730469e+01 2.161321067810058594e+01 7.691041469573974609e+00 1.392216777801513672e+01
1.896057891845703125e+01 2.204773712158203125e+01 7.966841697692871094e+00 1.408089637756347656e+01
1.898098564147949219e+01 2.229772377014160156e+01 8.059173583984375000e+00 1.423854732513427734e+01
1.900139617919921875e+01 2.226176261901855469e+01 7.899333953857421875e+00 1.436243152618408203e+01
1.902180290222167969e+01 2.194017410278320312e+01 7.519598007202148438e+00 1.442057418823242188e+01
1.904221343994140625e+01 2.144832611083984375e+01 7.040102958679199219e+00 1.440822696685791016e+01
1.906262016296386719e+01 2.095231437683105469e+01 6.605588912963867188e+00 1.434672355651855469e+01
1.908303070068359375e+01 2.050868797302246094e+01 6.251034736633300781e+00 1.425765705108642578e+01
1.910343933105468750e+01 2.013213348388671875e+01 5.955510616302490234e+00 1.417662143707275391e+01
1.912384605407714844e+01 1.979549598693847656e+01 5.675638198852539062e+00 1.411985683441162109e+01
1.914425659179687500e+01 1.952309799194335938e+01 5.408866405487060547e+00 1.411423206329345703e+01
1.916466331481933594e+01 1.933220672607421875e+01 5.171393394470214844e+00 1.416081333160400391e+01
1.918507385253906250e+01 1.923103523254394531e+01 4.992447376251220703e+00 1.423858451843261719e+01
1.920548057556152344e+01 1.920562171936035156e+01 4.881191730499267578e+00 1.432442760467529297e+01
1.922589111328125000e+01 1.922750854492187500e+01 4.841768741607666016e+00 1.438574600219726562e+01
1.924629974365234375e+01 1.925552368164062500e+01 4.871461868286132812e+00 1.438406276702880859e+01
1.926671028137207031e+01 1.921870040893554688e+01 4.924077987670898438e+00 1.429462051391601562e+01
1.928711700439453125e+01 1.909713745117187500e+01 4.964792251586914062e+00 1.413234710693359375e+01
1.930752754211425781e+01 1.888728332519531250e+01 4.981241703033447266e+00 1.390603923797607422e+01
1.932793426513671875e+01 1.871163940429687500e+01 4.995180606842041016e+00 1.371645545959472656e+01
1.934834098815917969e+01 1.852146530151367188e+01 4.957743167877197266e+00 1.356372356414794922e+01
1.936875152587890625e+01 1.826176834106445312e+01 4.833248138427734375e+00 1.342852210998535156e+01
1.938915824890136719e+01 1.803273773193359375e+01 4.683087348937988281e+00 1.334964847564697266e+01
1.940956878662109375e+01 1.785639381408691406e+01 4.535092353820800781e+00 1.332130432128906250e+01
1.942997741699218750e+01 1.773229789733886719e+01 4.399113178253173828e+00 1.333318042755126953e+01
1.945038795471191406e+01 1.766358566284179688e+01 4.288034915924072266e+00 1.337554740905761719e+01
1.947079467773437500e+01 1.764031410217285156e+01 4.228213310241699219e+00 1.341210174560546875e+01
1.949120521545410156e+01 1.757316207885742188e+01 4.192466735839843750e+00 1.338069438934326172e+01
1.951161193847656250e+01 1.754546928405761719e+01 4.193603038787841797e+00 1.335186767578125000e+01
1.953202247619628906e+01 1.762010383605957031e+01 4.248051166534423828e+00 1.337205600738525391e+01
1.955242919921875000e+01 1.780191040039062500e+01 4.375235557556152344e+00 1.342667770385742188e+01
1.957283973693847656e+01 1.799532318115234375e+01 4.521723270416259766e+00 1.347360134124755859e+01
1.959324836730957031e+01 1.809234237670898438e+01 4.622699737548828125e+00 1.346964168548583984e+01
1.961365509033203125e+01 1.812275695800781250e+01 4.696004390716552734e+00 1.342675304412841797e+01
1.963406562805175781e+01 1.810523414611816406e+01 4.741722106933593750e+00 1.336350917816162109e+01
1.965447235107421875e+01 1.803840827941894531e+01 4.750805854797363281e+00 1.328760433197021484e+01
1.967488288879394531e+01 1.791745758056640625e+01 4.716067314147949219e+00 1.320139122009277344e+01
1.969528961181640625e+01 1.776496315002441406e+01 4.650407314300537109e+00 1.311455345153808594e+01
1.971570014953613281e+01 1.761917114257812500e+01 4.573954105377197266e+00 1.304521656036376953e+01
1.973610877990722656e+01 1.749160766601562500e+01 4.502511501312255859e+00 1.298909282684326172e+01
1.975651741027832031e+01 1.739950180053710938e+01 4.436063289642333984e+00 1.296343517303466797e+01
1.977692604064941406e+01 1.733183479309082031e+01 4.381251811981201172e+00 1.295058631896972656e+01
1.979733657836914062e+01 1.727816200256347656e+01 4.305996417999267578e+00 1.297216510772705078e+01
1.981774330139160156e+01 1.716460800170898438e+01 4.205528736114501953e+00 1.295908164978027344e+01
1.983815002441406250e+01 1.722603797912597656e+01 4.219303607940673828e+00 1.300673961639404297e+01
1.985856056213378906e+01 1.732316398620605469e+01 4.262583255767822266e+00 1.306058311462402344e+01
1.987896728515625000e+01 1.749571800231933594e+01 4.339494228363037109e+00 1.315622329711914062e+01
1.989937782287597656e+01 1.769756317138671875e+01 4.425869941711425781e+00 1.327169704437255859e+01
1.991978645324707031e+01 1.787262535095214844e+01 4.491640090942382812e+00 1.338098812103271484e+01
1.994019699096679688e+01 1.796368598937988281e+01 4.499047756195068359e+00 1.346463680267333984e+01
1.996060371398925781e+01 1.793669509887695312e+01 4.455470085144042969e+00 1.348122310638427734e+01
1.998101425170898438e+01 1.783868408203125000e+01 4.401197910308837891e+00 1.343748855590820312e+01
2.000142097473144531e+01 1.768915748596191406e+01 4.360801696777343750e+00 1.332835483551025391e+01
2.002183151245117188e+01 1.749531936645507812e+01 4.331247329711914062e+00 1.316407489776611328e+01
2.004223823547363281e+01 1.729989242553710938e+01 4.313698291778564453e+00 1.298619270324707031e+01
2.006264686584472656e+01 1.714828491210937500e+01 4.311100482940673828e+00 1.283718681335449219e+01
2.008305740356445312e+01 1.707420158386230469e+01 4.328771114349365234e+00 1.274543190002441406e+01
2.010346412658691406e+01 1.707113838195800781e+01 4.368436336517333984e+00 1.270270156860351562e+01
2.012387466430664062e+01 1.714360809326171875e+01 4.438355445861816406e+00 1.270525264739990234e+01
2.014428138732910156e+01 1.726079177856445312e+01 4.518234252929687500e+00 1.274255657196044922e+01
2.016469192504882812e+01 1.740375137329101562e+01 4.606261253356933594e+00 1.279748821258544922e+01
2.018509864807128906e+01 1.747785377502441406e+01 4.636590480804443359e+00 1.284126377105712891e+01
2.020550918579101562e+01 1.744491386413574219e+01 4.615911960601806641e+00 1.282900428771972656e+01
2.022591781616210938e+01 1.747887802124023438e+01 4.648538112640380859e+00 1.283033943176269531e+01
2.024632644653320312e+01 1.755344581604003906e+01 4.697059154510498047e+00 1.285638332366943359e+01
2.026673507690429688e+01 1.756122779846191406e+01 4.682880401611328125e+00 1.287835216522216797e+01
2.028714179992675781e+01 1.740080070495605469e+01 4.535387992858886719e+00 1.286541175842285156e+01
2.030755233764648438e+01 1.713902854919433594e+01 4.315693378448486328e+00 1.282333469390869141e+01
2.032795906066894531e+01 1.692152786254882812e+01 4.134713649749755859e+00 1.278681182861328125e+01
2.034836959838867188e+01 1.687204551696777344e+01 4.053507804870605469e+00 1.281853580474853516e+01
2.036877632141113281e+01 1.715207290649414062e+01 4.120551586151123047e+00 1.303152370452880859e+01
2.038918685913085938e+01 1.735187149047851562e+01 4.118187904357910156e+00 1.323368549346923828e+01
2.040959548950195312e+01 1.721635246276855469e+01 3.978009462356567383e+00 1.323834419250488281e+01
2.043000602722167969e+01 1.714506912231445312e+01 3.878536939620971680e+00 1.326653194427490234e+01
2.045041275024414062e+01 1.717796897888183594e+01 3.838963270187377930e+00 1.333900165557861328e+01
2.047082328796386719e+01 1.729744338989257812e+01 3.853846311569213867e+00 1.344359683990478516e+01
2.049123001098632812e+01 1.745331764221191406e+01 3.908421516418457031e+00 1.354489517211914062e+01
2.051163673400878906e+01 1.756659507751464844e+01 3.957635879516601562e+00 1.360896015167236328e+01
2.053204727172851562e+01 1.754565429687500000e+01 3.933880805969238281e+00 1.361176872253417969e+01
2.055245590209960938e+01 1.745325469970703125e+01 3.876394748687744141e+00 1.357686233520507812e+01
2.057286643981933594e+01 1.734591674804687500e+01 3.853930950164794922e+00 1.349198818206787109e+01
2.059327316284179688e+01 1.720661544799804688e+01 3.861155509948730469e+00 1.334545516967773438e+01
2.061368370056152344e+01 1.706061172485351562e+01 3.907849788665771484e+00 1.315276050567626953e+01
2.063409042358398438e+01 1.683396720886230469e+01 3.941690683364868164e+00 1.289227867126464844e+01
2.065450096130371094e+01 1.658811569213867188e+01 3.929102897644042969e+00 1.265901088714599609e+01
2.067490768432617188e+01 1.632490539550781250e+01 3.864435672760009766e+00 1.246046924591064453e+01
2.069531822204589844e+01 1.612838745117187500e+01 3.834019184112548828e+00 1.229436683654785156e+01
2.071572494506835938e+01 1.604656028747558594e+01 3.870110511779785156e+00 1.217644882202148438e+01
2.073613357543945312e+01 1.602369308471679688e+01 3.877846717834472656e+00 1.214584541320800781e+01
2.075654411315917969e+01 1.595318984985351562e+01 3.839433670043945312e+00 1.211375522613525391e+01
2.077695083618164062e+01 1.576810073852539062e+01 3.690485715866088867e+00 1.207761383056640625e+01
2.079736137390136719e+01 1.567599964141845703e+01 3.585570096969604492e+00 1.209043025970458984e+01
2.081776809692382812e+01 1.568136692047119141e+01 3.543532133102416992e+00 1.213783550262451172e+01
2.083817863464355469e+01 1.574941349029541016e+01 3.556719303131103516e+00 1.219269275665283203e+01
2.085858535766601562e+01 1.585741233825683594e+01 3.607180833816528320e+00 1.225023269653320312e+01
2.087899589538574219e+01 1.591684722900390625e+01 3.640344858169555664e+00 1.227650260925292969e+01
2.089940452575683594e+01 1.596462345123291016e+01 3.661989927291870117e+00 1.230263423919677734e+01
2.091981506347656250e+01 1.604675483703613281e+01 3.691030502319335938e+00 1.235572624206542969e+01
2.094022178649902344e+01 1.619971847534179688e+01 3.723444700241088867e+00 1.247627067565917969e+01
2.096063232421875000e+01 1.635201072692871094e+01 3.724957942962646484e+00 1.262705516815185547e+01
2.098103904724121094e+01 1.638554382324218750e+01 3.689958095550537109e+00 1.269558620452880859e+01
2.100144577026367188e+01 1.635858154296875000e+01 3.674403667449951172e+00 1.268417835235595703e+01
2.102185630798339844e+01 1.641296386718750000e+01 3.719803333282470703e+00 1.269316005706787109e+01
2.104226493835449219e+01 1.652904129028320312e+01 3.764546871185302734e+00 1.276450157165527344e+01
2.106267547607421875e+01 1.664205932617187500e+01 3.770559549331665039e+00 1.287150287628173828e+01
2.108308219909667969e+01 1.683085823059082031e+01 3.810625314712524414e+00 1.302023506164550781e+01
2.110349273681640625e+01 1.711552429199218750e+01 3.885778903961181641e+00 1.322974586486816406e+01
2.112389945983886719e+01 1.738904190063476562e+01 3.884857654571533203e+00 1.350417995452880859e+01
2.114430999755859375e+01 1.757357978820800781e+01 3.768455982208251953e+00 1.380512237548828125e+01
2.116471672058105469e+01 1.776790618896484375e+01 3.640402793884277344e+00 1.412750625610351562e+01
2.118512725830078125e+01 1.804002571105957031e+01 3.534631013870239258e+00 1.450539207458496094e+01
2.120553398132324219e+01 1.835249137878417969e+01 3.459543466567993164e+00 1.489294815063476562e+01
2.122594261169433594e+01 1.861729240417480469e+01 3.398134708404541016e+00 1.521915817260742188e+01
2.124635314941406250e+01 1.873675155639648438e+01 3.324448823928833008e+00 1.541230392456054688e+01
2.126675987243652344e+01 1.854021453857421875e+01 3.137213230133056641e+00 1.540300559997558594e+01
2.128717041015625000e+01 1.803480911254882812e+01 2.940777301788330078e+00 1.509403133392333984e+01
2.130757713317871094e+01 1.746239852905273438e+01 2.811005115509033203e+00 1.465139484405517578e+01
2.132798767089843750e+01 1.706076240539550781e+01 2.874538183212280273e+00 1.418622303009033203e+01
2.134839439392089844e+01 1.694532203674316406e+01 3.080923318862915039e+00 1.386439800262451172e+01
2.136880493164062500e+01 1.703422164916992188e+01 3.231459140777587891e+00 1.380276489257812500e+01
2.138921356201171875e+01 1.713692855834960938e+01 3.332463264465332031e+00 1.380446529388427734e+01
2.140962409973144531e+01 1.727152633666992188e+01 3.377925872802734375e+00 1.389359760284423828e+01
2.143003082275390625e+01 1.693744850158691406e+01 3.395375251770019531e+00 1.354207038879394531e+01
2.145043754577636719e+01 1.617741966247558594e+01 3.319045543670654297e+00 1.285837554931640625e+01
2.147084808349609375e+01 1.557714176177978516e+01 3.283556461334228516e+00 1.229358386993408203e+01
2.149125480651855469e+01 1.553146553039550781e+01 3.333348989486694336e+00 1.219811630249023438e+01
2.151166534423828125e+01 1.558839130401611328e+01 3.485427856445312500e+00 1.210296344757080078e+01
2.153207397460937500e+01 1.580516242980957031e+01 3.663346052169799805e+00 1.214181518554687500e+01
2.155248260498046875e+01 1.597776699066162109e+01 3.743737697601318359e+00 1.223402881622314453e+01
2.157289123535156250e+01 1.606340599060058594e+01 3.831190347671508789e+00 1.223221588134765625e+01
2.159330177307128906e+01 1.577165126800537109e+01 3.686772108078002930e+00 1.208487892150878906e+01
2.161370849609375000e+01 1.546526050567626953e+01 3.593022584915161133e+00 1.187223720550537109e+01
2.163411903381347656e+01 1.530225181579589844e+01 3.542051315307617188e+00 1.176020050048828125e+01
2.165452575683593750e+01 1.516224765777587891e+01 3.482885360717773438e+00 1.167936420440673828e+01
2.167493247985839844e+01 1.508494281768798828e+01 3.440950155258178711e+00 1.164399242401123047e+01
2.169534301757812500e+01 1.504786586761474609e+01 3.454815864562988281e+00 1.159305000305175781e+01
2.171575164794921875e+01 1.505388545989990234e+01 3.463144779205322266e+00 1.159074115753173828e+01
2.173616218566894531e+01 1.508813858032226562e+01 3.403172731399536133e+00 1.168496608734130859e+01
2.175656890869140625e+01 1.491459083557128906e+01 3.225030422210693359e+00 1.168956089019775391e+01
2.177697944641113281e+01 1.466721248626708984e+01 2.964774847030639648e+00 1.170243740081787109e+01
2.179738616943359375e+01 1.460499286651611328e+01 2.995496034622192383e+00 1.160949802398681641e+01
2.181779670715332031e+01 1.462839221954345703e+01 3.093638658523559570e+00 1.153475475311279297e+01
2.183820343017578125e+01 1.469398212432861328e+01 3.153231620788574219e+00 1.154074954986572266e+01
2.185861396789550781e+01 1.472161769866943359e+01 3.236258745193481445e+00 1.148535919189453125e+01
2.187902259826660156e+01 1.474621391296386719e+01 3.244729280471801758e+00 1.150148391723632812e+01
2.189942932128906250e+01 1.480015468597412109e+01 3.191420793533325195e+00 1.160873317718505859e+01
2.191983985900878906e+01 1.488359737396240234e+01 3.188995361328125000e+00 1.169460201263427734e+01
2.194024658203125000e+01 1.490350532531738281e+01 3.186574697494506836e+00 1.171693038940429688e+01
2.196065711975097656e+01 1.485658073425292969e+01 3.131288766860961914e+00 1.172529220581054688e+01
2.198106384277343750e+01 1.468586826324462891e+01 3.043433427810668945e+00 1.164243412017822266e+01
2.200147438049316406e+01 1.454674339294433594e+01 3.064003467559814453e+00 1.148273849487304688e+01
2.202188110351562500e+01 1.458688449859619141e+01 3.169326543807983398e+00 1.141755580902099609e+01
2.204229164123535156e+01 1.476134109497070312e+01 3.223409891128540039e+00 1.153793239593505859e+01
2.206270027160644531e+01 1.482231044769287109e+01 3.231278896331787109e+00 1.159103107452392578e+01
2.208311080932617188e+01 1.483694076538085938e+01 3.272738218307495117e+00 1.156420326232910156e+01
2.210351753234863281e+01 1.490407752990722656e+01 3.304915904998779297e+00 1.159916114807128906e+01
2.212392807006835938e+01 1.495808219909667969e+01 3.310523271560668945e+00 1.164755725860595703e+01
2.214433479309082031e+01 1.501243591308593750e+01 3.295580863952636719e+00 1.171685600280761719e+01
2.216474151611328125e+01 1.510482692718505859e+01 3.284446001052856445e+00 1.182038211822509766e+01
2.218515205383300781e+01 1.518657112121582031e+01 3.282503366470336914e+00 1.190406608581542969e+01
2.220556068420410156e+01 1.527885532379150391e+01 3.270323038101196289e+00 1.200853252410888672e+01
2.222597122192382812e+01 1.547737789154052734e+01 3.289400339126586914e+00 1.218797683715820312e+01
2.224637794494628906e+01 1.566942787170410156e+01 3.239572763442993164e+00 1.242985534667968750e+01
2.226678848266601562e+01 1.594946384429931641e+01 3.219401359558105469e+00 1.273006153106689453e+01
2.228719520568847656e+01 1.626551437377929688e+01 3.276604413986206055e+00 1.298890495300292969e+01
2.230760574340820312e+01 1.665294837951660156e+01 3.366969347000122070e+00 1.328597640991210938e+01
2.232801246643066406e+01 1.718166732788085938e+01 3.389623880386352539e+00 1.379204273223876953e+01
2.234842300415039062e+01 1.708826446533203125e+01 3.364569187164306641e+00 1.372369480133056641e+01
2.236883163452148438e+01 1.726285552978515625e+01 3.435878515243530273e+00 1.382697963714599609e+01
2.238923835754394531e+01 1.742133712768554688e+01 3.506523132324218750e+00 1.391481399536132812e+01
2.240964889526367188e+01 1.705734252929687500e+01 3.533774614334106445e+00 1.352356624603271484e+01
2.243005561828613281e+01 1.687766265869140625e+01 3.254667758941650391e+00 1.362299156188964844e+01
2.245046615600585938e+01 1.668260192871093750e+01 3.042712450027465820e+00 1.363988685607910156e+01
2.247087287902832031e+01 1.650024986267089844e+01 2.870560169219970703e+00 1.362969017028808594e+01
2.249128341674804688e+01 1.627250862121582031e+01 2.754066944122314453e+00 1.351844024658203125e+01
2.251169013977050781e+01 1.585828018188476562e+01 2.739872932434082031e+00 1.311840820312500000e+01
2.253210067749023438e+01 1.558074188232421875e+01 2.624240875244140625e+00 1.295650291442871094e+01
2.255250930786132812e+01 1.589204978942871094e+01 2.747652053833007812e+00 1.314439773559570312e+01
2.257291984558105469e+01 1.593252372741699219e+01 2.726608276367187500e+00 1.320591545104980469e+01
2.259332656860351562e+01 1.620125961303710938e+01 2.648386478424072266e+00 1.355287361145019531e+01
2.261373329162597656e+01 1.644147682189941406e+01 2.743388652801513672e+00 1.369808864593505859e+01
2.263414382934570312e+01 1.646621894836425781e+01 2.839277029037475586e+00 1.362694168090820312e+01
2.265455055236816406e+01 1.633545875549316406e+01 2.865778446197509766e+00 1.346967887878417969e+01
2.267496109008789062e+01 1.633733558654785156e+01 2.863198757171630859e+00 1.347413539886474609e+01
2.269536972045898438e+01 1.667316055297851562e+01 2.965049743652343750e+00 1.370810699462890625e+01
2.271578025817871094e+01 1.670498847961425781e+01 3.123625516891479492e+00 1.358136558532714844e+01
2.273618698120117188e+01 1.666784858703613281e+01 3.262964725494384766e+00 1.340488147735595703e+01
2.275659751892089844e+01 1.620514488220214844e+01 3.053327083587646484e+00 1.315181541442871094e+01
2.277700424194335938e+01 1.588375854492187500e+01 3.026417732238769531e+00 1.285733985900878906e+01
2.279741477966308594e+01 1.565919780731201172e+01 3.092488288879394531e+00 1.256670951843261719e+01
2.281782150268554688e+01 1.529232501983642578e+01 2.966973066329956055e+00 1.232535266876220703e+01
2.283823013305664062e+01 1.505520439147949219e+01 3.001533269882202148e+00 1.205367088317871094e+01
2.285863876342773438e+01 1.499500560760498047e+01 3.148612499237060547e+00 1.184639263153076172e+01
2.287904739379882812e+01 1.481050777435302734e+01 3.006118535995483398e+00 1.180439090728759766e+01
2.289945793151855469e+01 1.467971611022949219e+01 2.951691627502441406e+00 1.172802352905273438e+01
2.291986465454101562e+01 1.455076408386230469e+01 2.910940408706665039e+00 1.163982391357421875e+01
2.294027519226074219e+01 1.443952560424804688e+01 2.877044200897216797e+00 1.156248092651367188e+01
2.296068191528320312e+01 1.429459190368652344e+01 2.890126705169677734e+00 1.140446567535400391e+01
2.298109245300292969e+01 1.423534488677978516e+01 3.008916139602661133e+00 1.122642993927001953e+01
2.300149917602539062e+01 1.423517513275146484e+01 3.041632652282714844e+00 1.119354248046875000e+01
2.302190971374511719e+01 1.421291732788085938e+01 3.069611310958862305e+00 1.114330673217773438e+01
2.304231834411621094e+01 1.405462932586669922e+01 3.043517112731933594e+00 1.101111030578613281e+01
2.306272506713867188e+01 1.392572879791259766e+01 3.043419122695922852e+00 1.088230895996093750e+01
2.308313560485839844e+01 1.382331371307373047e+01 3.060432672500610352e+00 1.076287937164306641e+01
2.310354232788085938e+01 1.385618019104003906e+01 3.098657846450805664e+00 1.075752353668212891e+01
2.312395286560058594e+01 1.391799926757812500e+01 3.220670700073242188e+00 1.069732856750488281e+01
2.314435958862304688e+01 1.395455646514892578e+01 3.203867197036743164e+00 1.075069046020507812e+01
2.316477012634277344e+01 1.379842185974121094e+01 3.032595872879028320e+00 1.076582813262939453e+01
2.318517875671386719e+01 1.367408180236816406e+01 2.927190780639648438e+00 1.074689102172851562e+01
2.320558929443359375e+01 1.372299480438232422e+01 2.982386350631713867e+00 1.074060916900634766e+01
2.322599601745605469e+01 1.360166835784912109e+01 2.929776668548583984e+00 1.067189216613769531e+01
2.324640655517578125e+01 1.365427684783935547e+01 2.993626356124877930e+00 1.066064834594726562e+01
2.326681327819824219e+01 1.373122119903564453e+01 3.048104524612426758e+00 1.068311882019042969e+01
2.328722000122070312e+01 1.389057350158691406e+01 3.140522718429565430e+00 1.075004959106445312e+01
2.330763053894042969e+01 1.404413223266601562e+01 3.255888462066650391e+00 1.078824329376220703e+01
2.332803726196289062e+01 1.421603870391845703e+01 3.320255994796752930e+00 1.089578247070312500e+01
2.334844779968261719e+01 1.445287227630615234e+01 3.379897117614746094e+00 1.107297611236572266e+01
2.336885643005371094e+01 1.455266380310058594e+01 3.388214111328125000e+00 1.116444969177246094e+01
2.338926696777343750e+01 1.449746704101562500e+01 3.314123153686523438e+00 1.118334197998046875e+01
2.340967369079589844e+01 1.450161170959472656e+01 3.293849706649780273e+00 1.120776176452636719e+01
2.343008422851562500e+01 1.453662300109863281e+01 3.362501144409179688e+00 1.117412185668945312e+01
2.345049095153808594e+01 1.478844738006591797e+01 3.467783451080322266e+00 1.132066440582275391e+01
2.347090148925781250e+01 1.487830257415771484e+01 3.463238239288330078e+00 1.141506290435791016e+01
2.349130821228027344e+01 1.486684036254882812e+01 3.455643653869628906e+00 1.141119575500488281e+01
2.351171875000000000e+01 1.524540901184082031e+01 3.611989021301269531e+00 1.163341999053955078e+01
2.353212738037109375e+01 1.530137443542480469e+01 3.629711151123046875e+00 1.167166137695312500e+01
2.355253410339355469e+01 1.535415744781494141e+01 3.571679830551147461e+00 1.178247928619384766e+01
2.357294464111328125e+01 1.512765026092529297e+01 3.315211296081542969e+00 1.181243896484375000e+01
2.359335136413574219e+01 1.500215339660644531e+01 3.203268289566040039e+00 1.179888534545898438e+01
2.361376190185546875e+01 1.469044017791748047e+01 3.105711460113525391e+00 1.158472919464111328e+01
2.363416862487792969e+01 1.463501739501953125e+01 3.103029727935791016e+00 1.153198623657226562e+01
2.365457916259765625e+01 1.516251182556152344e+01 3.247096776962280273e+00 1.191541576385498047e+01
2.367498779296875000e+01 1.490206146240234375e+01 2.949545621871948242e+00 1.195251655578613281e+01
2.369539642333984375e+01 1.506635665893554688e+01 2.946499586105346680e+00 1.211985778808593750e+01
2.371580505371093750e+01 1.488293266296386719e+01 2.972228050231933594e+00 1.191070461273193359e+01
2.373621559143066406e+01 1.520235919952392578e+01 2.970176219940185547e+00 1.223218250274658203e+01
2.375662231445312500e+01 1.531203174591064453e+01 3.058316230773925781e+00 1.225371551513671875e+01
2.377702903747558594e+01 1.527411174774169922e+01 3.009881258010864258e+00 1.226423072814941406e+01
2.379743957519531250e+01 1.547528743743896484e+01 3.027418851852416992e+00 1.244786834716796875e+01
2.381784629821777344e+01 1.555996227264404297e+01 3.212776899337768555e+00 1.234718513488769531e+01
2.383825683593750000e+01 1.588919448852539062e+01 3.273293256759643555e+00 1.261590194702148438e+01
2.385866546630859375e+01 1.619495964050292969e+01 3.267483234405517578e+00 1.292747783660888672e+01
2.387907600402832031e+01 1.598002910614013672e+01 3.185992956161499023e+00 1.279403686523437500e+01
2.389948272705078125e+01 1.603097534179687500e+01 2.889786243438720703e+00 1.314118957519531250e+01
2.391989326477050781e+01 1.642525672912597656e+01 2.759717941284179688e+00 1.366553688049316406e+01
2.394029998779296875e+01 1.690513038635253906e+01 2.610372543334960938e+00 1.429475593566894531e+01
2.396071052551269531e+01 1.728664207458496094e+01 2.414823293685913086e+00 1.487182140350341797e+01
2.398111724853515625e+01 1.716257286071777344e+01 2.311945199966430664e+00 1.485062885284423828e+01
2.400152587890625000e+01 1.712690544128417969e+01 2.257117271423339844e+00 1.486978721618652344e+01
2.402193641662597656e+01 1.729912376403808594e+01 2.307518482208251953e+00 1.499160861968994141e+01
2.404234313964843750e+01 1.681438064575195312e+01 2.340409755706787109e+00 1.447396755218505859e+01
2.406275367736816406e+01 1.667691040039062500e+01 2.408562421798706055e+00 1.426834869384765625e+01
2.408316040039062500e+01 1.680540466308593750e+01 2.513378381729125977e+00 1.429202938079833984e+01
2.410357093811035156e+01 1.677482795715332031e+01 2.527141094207763672e+00 1.424768638610839844e+01
2.412397766113281250e+01 1.643445205688476562e+01 2.549315452575683594e+00 1.388514041900634766e+01
2.414438819885253906e+01 1.626595306396484375e+01 2.540219783782958984e+00 1.372573375701904297e+01
2.416479492187500000e+01 1.589927577972412109e+01 2.508850097656250000e+00 1.339042568206787109e+01
