# NTRMN  = 66
# NTRANS = 111
-1.196487247943878174e-01 0.000000000000000000e+00 0.000000000000000000e+00 0.000000000000000000e+00
-9.923987835645675659e-02 0.000000000000000000e+00 0.000000000000000000e+00 0.000000000000000000e+00
-7.883103936910629272e-02 0.000000000000000000e+00 0.000000000000000000e+00 0.000000000000000000e+00
-5.842219665646553040e-02 0.000000000000000000e+00 0.000000000000000000e+00 0.000000000000000000e+00
-3.801335394382476807e-02 0.000000000000000000e+00 0.000000000000000000e+00 0.000000000000000000e+00
-1.760451123118400574e-02 0.000000000000000000e+00 0.000000000000000000e+00 0.000000000000000000e+00
2.321236208081245422e-02 0.000000000000000000e+00 0.000000000000000000e+00 0.000000000000000000e+00
4.362120479345321655e-02 0.000000000000000000e+00 0.000000000000000000e+00 0.000000000000000000e+00
6.403004378080368042e-02 0.000000000000000000e+00 0.000000000000000000e+00 0.000000000000000000e+00
1.048477292060852051e-01 0.000000000000000000e+00 0.000000000000000000e+00 0.000000000000000000e+00
1.252557635307312012e-01 0.000000000000000000e+00 0.000000000000000000e+00 0.000000000000000000e+00
1.456646025180816650e-01 0.000000000000000000e+00 0.000000000000000000e+00 0.000000000000000000e+00
1.660734415054321289e-01 0.000000000000000000e+00 0.000000000000000000e+00 0.000000000000000000e+00
2.068911343812942505e-01 0.000000000000000000e+00 0.000000000000000000e+00 0.000000000000000000e+00
2.272991687059402466e-01 0.000000000000000000e+00 0.000000000000000000e+00 0.000000000000000000e+00
2.477080076932907104e-01 0.000000000000000000e+00 0.000000000000000000e+00 0.000000000000000000e+00
2.681168317794799805e-01 0.000000000000000000e+00 0.000000000000000000e+00 0.000000000000000000e+00
2.885257005691528320e-01 0.000000000000000000e+00 0.000000000000000000e+00 0.000000000000000000e+00
3.089345395565032959e-01 0.000000000000000000e+00 0.000000000000000000e+00 0.000000000000000000e+00
3.293433785438537598e-01 0.000000000000000000e+00 0.000000000000000000e+00 0.000000000000000000e+00
3.905690908432006836e-01 0.000000000000000000e+00 0.000000000000000000e+00 0.000000000000000000e+00
4.109779298305511475e-01 0.000000000000000000e+00 0.000000000000000000e+00 0.000000000000000000e+00
4.313867688179016113e-01 0.000000000000000000e+00 0.000000000000000000e+00 0.000000000000000000e+00
4.517956078052520752e-01 0.000000000000000000e+00 0.000000000000000000e+00 0.000000000000000000e+00
4.722036421298980713e-01 0.000000000000000000e+00 0.000000000000000000e+00 0.000000000000000000e+00
4.926124811172485352e-01 0.000000000000000000e+00 0.000000000000000000e+00 0.000000000000000000e+00
5.130213499069213867e-01 0.000000000000000000e+00 0.000000000000000000e+00 0.000000000000000000e+00
5.334301590919494629e-01 0.000000000000000000e+00 0.000000000000000000e+00 0.000000000000000000e+00
5.538390278816223145e-01 0.000000000000000000e+00 0.000000000000000000e+00 0.000000000000000000e+00
5.742470622062683105e-01 0.000000000000000000e+00 0.000000000000000000e+00 0.000000000000000000e+00
5.946558713912963867e-01 0.000000000000000000e+00 0.000000000000000000e+00 0.000000000000000000e+00
6.150647401809692383e-01 0.000000000000000000e+00 0.000000000000000000e+00 0.000000000000000000e+00
6.354735493659973145e-01 0.000000000000000000e+00 0.000000000000000000e+00 0.000000000000000000e+00
6.558824181556701660e-01 0.000000000000000000e+00 0.000000000000000000e+00 0.000000000000000000e+00
6.762912869453430176e-01 0.000000000000000000e+00 0.000000000000000000e+00 0.000000000000000000e+00
6.966992616653442383e-01 0.000000000000000000e+00 0.000000000000000000e+00 0.000000000000000000e+00
7.171081304550170898e-01 0.000000000000000000e+00 0.000000000000000000e+00 0.000000000000000000e+00
7.375169992446899414e-01 0.000000000000000000e+00 0.000000000000000000e+00 0.000000000000000000e+00
7.579258084297180176e-01 0.000000000000000000e+00 0.000000000000000000e+00 0.000000000000000000e+00
7.783346772193908691e-01 0.000000000000000000e+00 0.000000000000000000e+00 0.000000000000000000e+00
7.987434864044189453e-01 0.000000000000000000e+00 0.000000000000000000e+00 0.000000000000000000e+00
8.191515207290649414e-01 0.000000000000000000e+00 0.000000000000000000e+00 0.000000000000000000e+00
8.395603895187377930e-01 0.000000000000000000e+00 0.000000000000000000e+00 0.000000000000000000e+00
8.599691987037658691e-01 0.000000000000000000e+00 0.000000000000000000e+00 0.000000000000000000e+00
8.803780674934387207e-01 0.000000000000000000e+00 0.000000000000000000e+00 0.000000000000000000e+00
9.007868766784667969e-01 0.000000000000000000e+00 0.000000000000000000e+00 0.000000000000000000e+00
9.211949110031127930e-01 0.000000000000000000e+00 0.000000000000000000e+00 0.000000000000000000e+00
9.416037797927856445e-01 0.000000000000000000e+00 0.000000000000000000e+00 0.000000000000000000e+00
9.620125889778137207e-01 0.000000000000000000e+00 0.000000000000000000e+00 0.000000000000000000e+00
9.824214577674865723e-01 0.000000000000000000e+00 0.000000000000000000e+00 0.000000000000000000e+00
1.002830266952514648e+00 0.000000000000000000e+00 0.000000000000000000e+00 0.000000000000000000e+00
1.023239135742187500e+00 0.000000000000000000e+00 0.000000000000000000e+00 0.000000000000000000e+00
1.043647170066833496e+00 0.000000000000000000e+00 0.000000000000000000e+00 0.000000000000000000e+00
1.064056038856506348e+00 0.000000000000000000e+00 0.000000000000000000e+00 0.000000000000000000e+00
1.084464907646179199e+00 0.000000000000000000e+00 0.000000000000000000e+00 0.000000000000000000e+00
1.104873657226562500e+00 0.000000000000000000e+00 0.000000000000000000e+00 0.000000000000000000e+00
1.125282526016235352e+00 0.000000000000000000e+00 0.000000000000000000e+00 0.000000000000000000e+00
1.145691394805908203e+00 0.000000000000000000e+00 0.000000000000000000e+00 0.000000000000000000e+00
1.166099429130554199e+00 0.000000000000000000e+00 0.000000000000000000e+00 0.000000000000000000e+00
1.186508297920227051e+00 0.000000000000000000e+00 0.000000000000000000e+00 0.000000000000000000e+00
1.206917047500610352e+00 0.000000000000000000e+00 0.000000000000000000e+00 0.000000000000000000e+00
1.227325916290283203e+00 0.000000000000000000e+00 0.000000000000000000e+00 0.000000000000000000e+00
1.247734785079956055e+00 0.000000000000000000e+00 0.000000000000000000e+00 0.000000000000000000e+00
1.268142819404602051e+00 0.000000000000000000e+00 0.000000000000000000e+00 0.000000000000000000e+00
1.288551688194274902e+00 0.000000000000000000e+00 0.000000000000000000e+00 0.000000000000000000e+00
1.308960556983947754e+00 0.000000000000000000e+00 0.000000000000000000e+00 0.000000000000000000e+00
1.329369306564331055e+00 0.000000000000000000e+00 0.000000000000000000e+00 0.000000000000000000e+00
1.349778175354003906e+00 0.000000000000000000e+00 0.000000000000000000e+00 0.000000000000000000e+00
1.411003947257995605e+00 0.000000000000000000e+00 0.000000000000000000e+00 0.000000000000000000e+00
1.431412696838378906e+00 0.000000000000000000e+00 0.000000000000000000e+00 0.000000000000000000e+00
1.451821565628051758e+00 0.000000000000000000e+00 0.000000000000000000e+00 0.000000000000000000e+00
1.472230434417724609e+00 0.000000000000000000e+00 0.000000000000000000e+00 0.000000000000000000e+00
1.492639303207397461e+00 0.000000000000000000e+00 0.000000000000000000e+00 0.000000000000000000e+00
1.574273824691772461e+00 0.000000000000000000e+00 0.000000000000000000e+00 0.000000000000000000e+00
1.594682693481445312e+00 0.000000000000000000e+00 0.000000000000000000e+00 0.000000000000000000e+00
1.655908346176147461e+00 0.000000000000000000e+00 0.000000000000000000e+00 0.000000000000000000e+00
1.676317214965820312e+00 0.000000000000000000e+00 0.000000000000000000e+00 0.000000000000000000e+00
1.696726083755493164e+00 0.000000000000000000e+00 0.000000000000000000e+00 0.000000000000000000e+00
1.717134952545166016e+00 0.000000000000000000e+00 0.000000000000000000e+00 0.000000000000000000e+00
1.819178342819213867e+00 7.678458404541015625e+01 7.678458404541015625e+01 0.000000000000000000e+00
1.839587211608886719e+00 8.528928375244140625e+01 8.528928375244140625e+01 0.000000000000000000e+00
1.859995245933532715e+00 9.606567382812500000e+01 9.606567382812500000e+01 0.000000000000000000e+00
1.880403995513916016e+00 1.029034194946289062e+02 1.029034194946289062e+02 0.000000000000000000e+00
1.900812864303588867e+00 1.019370880126953125e+02 1.019370880126953125e+02 0.000000000000000000e+00
1.921221733093261719e+00 9.670492553710937500e+01 9.670492553710937500e+01 0.000000000000000000e+00
1.941630601882934570e+00 9.160740661621093750e+01 9.160740661621093750e+01 0.000000000000000000e+00
1.962038636207580566e+00 8.843395233154296875e+01 8.843395233154296875e+01 0.000000000000000000e+00
1.982447385787963867e+00 8.660580444335937500e+01 8.660580444335937500e+01 0.000000000000000000e+00
2.002856254577636719e+00 8.748031616210937500e+01 8.748031616210937500e+01 0.000000000000000000e+00
2.064081907272338867e+00 8.038542938232421875e+01 8.038542938232421875e+01 0.000000000000000000e+00
2.084490776062011719e+00 7.772644042968750000e+01 7.772644042968750000e+01 0.000000000000000000e+00
2.104899644851684570e+00 7.456172943115234375e+01 7.456172943115234375e+01 0.000000000000000000e+00
2.125308513641357422e+00 7.146905517578125000e+01 7.146905517578125000e+01 0.000000000000000000e+00
2.145717382431030273e+00 6.897074127197265625e+01 6.897074127197265625e+01 0.000000000000000000e+00
2.166126251220703125e+00 6.718260192871093750e+01 6.718260192871093750e+01 0.000000000000000000e+00
2.186535120010375977e+00 6.596430969238281250e+01 6.596430969238281250e+01 0.000000000000000000e+00
2.206943988800048828e+00 6.528921508789062500e+01 6.528921508789062500e+01 0.000000000000000000e+00
2.227352619171142578e+00 6.565827941894531250e+01 6.565827941894531250e+01 0.000000000000000000e+00
2.288577556610107422e+00 6.437536621093750000e+01 6.391222763061523438e+01 4.631388783454895020e-01
2.329395294189453125e+00 6.393284225463867188e+01 6.278202438354492188e+01 1.150817990303039551e+00
2.431439638137817383e+00 5.541687774658203125e+01 5.377700424194335938e+01 1.639873385429382324e+00
2.472257137298583984e+00 4.922335052490234375e+01 4.692433929443359375e+01 2.299010515213012695e+00
2.492664337158203125e+00 4.886977386474609375e+01 4.654017639160156250e+01 2.329600334167480469e+00
2.553890943527221680e+00 5.030124664306640625e+01 4.778657531738281250e+01 2.514672517776489258e+00
2.594708681106567383e+00 5.415886688232421875e+01 5.138956832885742188e+01 2.769295930862426758e+00
2.615117549896240234e+00 5.045082855224609375e+01 4.769303512573242188e+01 2.757797241210937500e+00
2.717159986495971680e+00 6.173386383056640625e+01 4.590192794799804688e+01 1.583193397521972656e+01
2.757977724075317383e+00 6.156569671630859375e+01 4.423306274414062500e+01 1.733263015747070312e+01
2.778386592864990234e+00 6.195109558105468750e+01 4.337395095825195312e+01 1.857714271545410156e+01
2.798795461654663086e+00 6.279829025268554688e+01 4.252735137939453125e+01 2.027093696594238281e+01
2.819204330444335938e+00 6.417634582519531250e+01 4.146375274658203125e+01 2.271259117126464844e+01
2.839613199234008789e+00 6.375291061401367188e+01 4.022153472900390625e+01 2.353137969970703125e+01
2.860022068023681641e+00 6.532349395751953125e+01 4.003496551513671875e+01 2.528852844238281250e+01
2.880430698394775391e+00 6.417691040039062500e+01 3.684246444702148438e+01 2.733444213867187500e+01
2.900839567184448242e+00 6.601269531250000000e+01 3.963668441772460938e+01 2.637600898742675781e+01
2.921248435974121094e+00 6.196444702148437500e+01 3.854847335815429688e+01 2.341597366333007812e+01
3.023291110992431641e+00 5.872361755371093750e+01 3.722362518310546875e+01 2.149998283386230469e+01
3.043699979782104492e+00 5.972218322753906250e+01 3.765044021606445312e+01 2.207174301147460938e+01
3.064108848571777344e+00 6.068733215332031250e+01 3.835281372070312500e+01 2.233451271057128906e+01
3.309013366699218750e+00 6.420738983154296875e+01 3.542745971679687500e+01 2.877992820739746094e+01
3.329421997070312500e+00 6.347986221313476562e+01 3.562732315063476562e+01 2.785254096984863281e+01
3.431464672088623047e+00 5.860127639770507812e+01 3.205637359619140625e+01 2.654489326477050781e+01
3.615144252777099609e+00 5.712628555297851562e+01 3.037466621398925781e+01 2.675162696838378906e+01
3.635553121566772461e+00 5.612301635742187500e+01 2.927570343017578125e+01 2.684731101989746094e+01
3.860048770904541016e+00 5.426263809204101562e+01 2.803819847106933594e+01 2.622444725036621094e+01
3.900864839553833008e+00 5.482045745849609375e+01 2.773869132995605469e+01 2.708176231384277344e+01
3.921273708343505859e+00 5.483888626098632812e+01 2.775915145874023438e+01 2.707973480224609375e+01
4.023317813873291016e+00 5.566572952270507812e+01 2.762630271911621094e+01 2.803942108154296875e+01
4.043726921081542969e+00 5.505318450927734375e+01 2.759342956542968750e+01 2.745975303649902344e+01
4.145769119262695312e+00 5.327743530273437500e+01 2.658511543273925781e+01 2.669232177734375000e+01
4.288630962371826172e+00 5.351097106933593750e+01 2.684383010864257812e+01 2.666714477539062500e+01
4.390673637390136719e+00 5.312718200683593750e+01 2.629629135131835938e+01 2.683088874816894531e+01
4.411082744598388672e+00 5.326085662841796875e+01 2.640255928039550781e+01 2.685830307006835938e+01
4.431491374969482422e+00 5.275863265991210938e+01 2.609189605712890625e+01 2.666673660278320312e+01
4.451900482177734375e+00 5.274609756469726562e+01 2.603680801391601562e+01 2.670929527282714844e+01
4.472309112548828125e+00 5.267329025268554688e+01 2.600899124145507812e+01 2.666429901123046875e+01
4.492718219757080078e+00 5.266066741943359375e+01 2.605069351196289062e+01 2.660997962951660156e+01
4.615169525146484375e+00 5.140472030639648438e+01 2.569666671752929688e+01 2.570805358886718750e+01
4.778439998626708984e+00 5.059368515014648438e+01 2.477857780456542969e+01 2.581511497497558594e+01
4.941709518432617188e+00 4.962377929687500000e+01 2.400835800170898438e+01 2.561542701721191406e+01
4.982526779174804688e+00 4.975555801391601562e+01 2.399905967712402344e+01 2.575650787353515625e+01
5.002935886383056641e+00 4.963291931152343750e+01 2.391551589965820312e+01 2.571741294860839844e+01
5.023344516754150391e+00 4.939564514160156250e+01 2.382311630249023438e+01 2.557252693176269531e+01
5.043751716613769531e+00 4.952878189086914062e+01 2.393556213378906250e+01 2.559322738647460938e+01
5.084569454193115234e+00 4.916152191162109375e+01 2.366337585449218750e+01 2.549815177917480469e+01
5.104978561401367188e+00 4.909472274780273438e+01 2.364380264282226562e+01 2.545091629028320312e+01
5.125387191772460938e+00 4.887378692626953125e+01 2.354965400695800781e+01 2.532413101196289062e+01
5.145796298980712891e+00 4.874247741699218750e+01 2.354464530944824219e+01 2.519783592224121094e+01
5.166204929351806641e+00 4.906137466430664062e+01 2.347943496704101562e+01 2.558193778991699219e+01
5.186613559722900391e+00 4.848444747924804688e+01 2.351628494262695312e+01 2.496817016601562500e+01
5.207022666931152344e+00 4.865609359741210938e+01 2.364478874206542969e+01 2.501129531860351562e+01
5.227431297302246094e+00 4.831082916259765625e+01 2.341051292419433594e+01 2.490030860900878906e+01
5.288656234741210938e+00 4.806458282470703125e+01 2.309875869750976562e+01 2.496582221984863281e+01
5.309065341949462891e+00 4.796931457519531250e+01 2.297839736938476562e+01 2.499092102050781250e+01
5.329473972320556641e+00 4.799323654174804688e+01 2.297574996948242188e+01 2.501748085021972656e+01
5.349883079528808594e+00 4.805778503417968750e+01 2.289257621765136719e+01 2.516522026062011719e+01
5.370291709899902344e+00 4.776759719848632812e+01 2.279666137695312500e+01 2.497094154357910156e+01
5.390700340270996094e+00 4.764366531372070312e+01 2.274143791198730469e+01 2.490223121643066406e+01
5.492744922637939453e+00 4.792052078247070312e+01 2.289860725402832031e+01 2.502191734313964844e+01
5.594787597656250000e+00 4.727648162841796875e+01 2.284466361999511719e+01 2.443180656433105469e+01
5.615196228027343750e+00 4.716125488281250000e+01 2.280852890014648438e+01 2.435272789001464844e+01
5.656013965606689453e+00 4.718528366088867188e+01 2.285978126525878906e+01 2.432550048828125000e+01
5.676422595977783203e+00 4.711203384399414062e+01 2.280289840698242188e+01 2.430912399291992188e+01
5.696831703186035156e+00 4.703362274169921875e+01 2.269179153442382812e+01 2.434182357788085938e+01
5.798874378204345703e+00 4.641625595092773438e+01 2.227597236633300781e+01 2.414028358459472656e+01
5.819283008575439453e+00 4.626187133789062500e+01 2.224721145629882812e+01 2.401465797424316406e+01
5.839691638946533203e+00 4.606032943725585938e+01 2.212846755981445312e+01 2.393185615539550781e+01
5.880509376525878906e+00 4.583417129516601562e+01 2.201150894165039062e+01 2.382265472412109375e+01
5.900918483734130859e+00 4.574537277221679688e+01 2.199217605590820312e+01 2.375319290161132812e+01
5.921327114105224609e+00 4.589918899536132812e+01 2.223576164245605469e+01 2.366341972351074219e+01
5.962143421173095703e+00 4.543547058105468750e+01 2.186270332336425781e+01 2.357277297973632812e+01
5.982552051544189453e+00 4.549599838256835938e+01 2.194017791748046875e+01 2.355581092834472656e+01
6.002961158752441406e+00 4.535790634155273438e+01 2.180975532531738281e+01 2.354815292358398438e+01
6.023369789123535156e+00 4.531747055053710938e+01 2.180739593505859375e+01 2.351007461547851562e+01
6.105005264282226562e+00 4.515780639648437500e+01 2.174322128295898438e+01 2.341457557678222656e+01
6.125413894653320312e+00 4.515857696533203125e+01 2.173330879211425781e+01 2.342526245117187500e+01
6.145823001861572266e+00 4.502426147460937500e+01 2.162218666076660156e+01 2.340208625793457031e+01
6.166231632232666016e+00 4.483933258056640625e+01 2.155450248718261719e+01 2.328482246398925781e+01
6.186640739440917969e+00 4.507202529907226562e+01 2.166913223266601562e+01 2.340289878845214844e+01
6.207047939300537109e+00 4.533550262451171875e+01 2.162874412536621094e+01 2.370675659179687500e+01
6.227456569671630859e+00 4.505261993408203125e+01 2.162705802917480469e+01 2.342555427551269531e+01
6.288682937622070312e+00 4.487387847900390625e+01 2.146978950500488281e+01 2.340408706665039062e+01
6.309092044830322266e+00 4.486194229125976562e+01 2.145346069335937500e+01 2.340849113464355469e+01
6.329500675201416016e+00 4.483514404296875000e+01 2.145992851257324219e+01 2.337521743774414062e+01
6.349909782409667969e+00 4.472938156127929688e+01 2.141357803344726562e+01 2.331580734252929688e+01
6.451952457427978516e+00 4.430676651000976562e+01 2.120847702026367188e+01 2.309828376770019531e+01
6.513178825378417969e+00 4.407766723632812500e+01 2.098705291748046875e+01 2.309060668945312500e+01
6.533587455749511719e+00 4.399637222290039062e+01 2.094714736938476562e+01 2.304921913146972656e+01
6.594814300537109375e+00 4.440242004394531250e+01 2.089061164855957031e+01 2.351181602478027344e+01
6.635632038116455078e+00 4.357275009155273438e+01 2.080539894104003906e+01 2.276736068725585938e+01
6.656040668487548828e+00 4.344257736206054688e+01 2.077038002014160156e+01 2.267219924926757812e+01
6.676447868347167969e+00 4.333225250244140625e+01 2.071047782897949219e+01 2.262177658081054688e+01
6.696856975555419922e+00 4.332789611816406250e+01 2.073672866821289062e+01 2.259116172790527344e+01
6.717265605926513672e+00 4.318659591674804688e+01 2.065234375000000000e+01 2.253426742553710938e+01
6.778491973876953125e+00 4.297745513916015625e+01 2.062119102478027344e+01 2.235624694824218750e+01
6.798901081085205078e+00 4.383940505981445312e+01 2.166489601135253906e+01 2.217450523376464844e+01
6.941761016845703125e+00 4.245325088500976562e+01 2.064657402038574219e+01 2.180666732788085938e+01
6.962170124053955078e+00 4.267060089111328125e+01 2.058260917663574219e+01 2.208800125122070312e+01
6.982578754425048828e+00 4.253536224365234375e+01 2.052931022644042969e+01 2.200603866577148438e+01
7.002987861633300781e+00 4.252584075927734375e+01 2.051391792297363281e+01 2.201191139221191406e+01
7.023396492004394531e+00 4.255597305297851562e+01 2.054974937438964844e+01 2.200622367858886719e+01
7.043805599212646484e+00 4.283179473876953125e+01 2.087764739990234375e+01 2.195415115356445312e+01
7.064214229583740234e+00 4.239374160766601562e+01 2.048523139953613281e+01 2.190850067138671875e+01
7.105031967163085938e+00 4.224071121215820312e+01 2.042145347595214844e+01 2.181924819946289062e+01
7.125439167022705078e+00 4.220195007324218750e+01 2.040328216552734375e+01 2.179866790771484375e+01
7.145847797393798828e+00 4.208523941040039062e+01 2.034836006164550781e+01 2.173687934875488281e+01
7.166256904602050781e+00 4.190265274047851562e+01 2.029375076293945312e+01 2.160890388488769531e+01
7.186665534973144531e+00 4.188736724853515625e+01 2.032938957214355469e+01 2.155797767639160156e+01
7.207074642181396484e+00 4.182407760620117188e+01 2.024192428588867188e+01 2.158215332031250000e+01
7.227483272552490234e+00 4.182702636718750000e+01 2.018807792663574219e+01 2.163893508911132812e+01
7.247892379760742188e+00 4.174936676025390625e+01 2.017086982727050781e+01 2.157850646972656250e+01
7.268301010131835938e+00 4.163316345214843750e+01 2.012081527709960938e+01 2.151234626770019531e+01
7.288710117340087891e+00 4.156505966186523438e+01 2.008090019226074219e+01 2.148416328430175781e+01
7.309118747711181641e+00 4.147831726074218750e+01 2.007068061828613281e+01 2.140765190124511719e+01
7.329527378082275391e+00 4.137488937377929688e+01 2.002459526062011719e+01 2.135029602050781250e+01
7.349936485290527344e+00 4.132667160034179688e+01 1.998527717590332031e+01 2.134138870239257812e+01
7.370343685150146484e+00 4.120788574218750000e+01 1.995917129516601562e+01 2.124872016906738281e+01
7.390752315521240234e+00 4.108912658691406250e+01 1.987166786193847656e+01 2.121745681762695312e+01
7.411161422729492188e+00 4.095176696777343750e+01 1.982017517089843750e+01 2.113158798217773438e+01
7.431570053100585938e+00 4.084989929199218750e+01 1.976574516296386719e+01 2.108414459228515625e+01
7.492796897888183594e+00 4.063299942016601562e+01 1.954991531372070312e+01 2.108310317993164062e+01
7.513205528259277344e+00 4.053403854370117188e+01 1.948725318908691406e+01 2.104678726196289062e+01
7.533614635467529297e+00 4.045378112792968750e+01 1.943445968627929688e+01 2.101932144165039062e+01
7.554023265838623047e+00 4.034453201293945312e+01 1.938512229919433594e+01 2.095940780639648438e+01
7.574431896209716797e+00 4.026158523559570312e+01 1.933921051025390625e+01 2.092236900329589844e+01
7.594839096069335938e+00 4.016174316406250000e+01 1.930615997314453125e+01 2.085557937622070312e+01
7.615248203277587891e+00 4.005671691894531250e+01 1.926070785522460938e+01 2.079600715637207031e+01
7.635656833648681641e+00 3.993649291992187500e+01 1.921549606323242188e+01 2.072099304199218750e+01
7.656065940856933594e+00 3.990410232543945312e+01 1.920492362976074219e+01 2.069916915893554688e+01
7.676474571228027344e+00 3.981839370727539062e+01 1.915074348449707031e+01 2.066765975952148438e+01
7.696883678436279297e+00 3.979850769042968750e+01 1.913728904724121094e+01 2.066121864318847656e+01
7.717292308807373047e+00 3.967034149169921875e+01 1.908978080749511719e+01 2.058055496215820312e+01
7.737701416015625000e+00 3.961792755126953125e+01 1.907346343994140625e+01 2.054447174072265625e+01
7.758110046386718750e+00 3.952952957153320312e+01 1.902020072937011719e+01 2.050931739807128906e+01
7.778518676757812500e+00 3.956093215942382812e+01 1.901030540466308594e+01 2.055062675476074219e+01
7.798927783966064453e+00 3.943392944335937500e+01 1.900046157836914062e+01 2.043347358703613281e+01
7.819334983825683594e+00 3.936705398559570312e+01 1.896311950683593750e+01 2.040394020080566406e+01
7.839743614196777344e+00 3.933883666992187500e+01 1.897177124023437500e+01 2.036706352233886719e+01
7.860152721405029297e+00 3.929018020629882812e+01 1.895905876159667969e+01 2.033112525939941406e+01
7.880561351776123047e+00 3.925013732910156250e+01 1.894944953918457031e+01 2.030068778991699219e+01
7.900970458984375000e+00 3.919411468505859375e+01 1.894292068481445312e+01 2.025119018554687500e+01
7.962196826934814453e+00 3.928694915771484375e+01 1.888745498657226562e+01 2.039949035644531250e+01
7.982605457305908203e+00 3.928858184814453125e+01 1.889614486694335938e+01 2.039241981506347656e+01
8.003014564514160156e+00 3.944156646728515625e+01 1.885693168640136719e+01 2.058462333679199219e+01
8.023423194885253906e+00 4.024249649047851562e+01 1.979058647155761719e+01 2.045191383361816406e+01
8.043831825256347656e+00 3.932254028320312500e+01 1.894278335571289062e+01 2.037975692749023438e+01
8.064239501953125000e+00 3.899339294433593750e+01 1.889484786987304688e+01 2.009853744506835938e+01
8.084648132324218750e+00 3.896087265014648438e+01 1.887676048278808594e+01 2.008411216735839844e+01
8.145874977111816406e+00 3.891640853881835938e+01 1.886124610900878906e+01 2.005516433715820312e+01
8.166283607482910156e+00 3.889490509033203125e+01 1.886687469482421875e+01 2.002802848815917969e+01
8.186692237854003906e+00 3.887730026245117188e+01 1.886662864685058594e+01 2.001067924499511719e+01
8.207100868225097656e+00 3.877083206176757812e+01 1.881387710571289062e+01 1.995695686340332031e+01
8.349961280822753906e+00 3.843675994873046875e+01 1.865827369689941406e+01 1.977849006652832031e+01
8.390779495239257812e+00 3.837636566162109375e+01 1.863312911987304688e+01 1.974323844909667969e+01
8.411188125610351562e+00 3.835612869262695312e+01 1.859360885620117188e+01 1.976251602172851562e+01
8.452005386352539062e+00 3.830564117431640625e+01 1.862560653686523438e+01 1.968004798889160156e+01
8.472414970397949219e+00 3.829891586303710938e+01 1.861182022094726562e+01 1.968709564208984375e+01
8.574457168579101562e+00 3.815109634399414062e+01 1.853550529479980469e+01 1.961558723449707031e+01
8.594865798950195312e+00 3.804918670654296875e+01 1.852491569519042969e+01 1.952426528930664062e+01
8.615275382995605469e+00 3.797712326049804688e+01 1.850326156616210938e+01 1.947386550903320312e+01
8.635684013366699219e+00 3.787624740600585938e+01 1.849279785156250000e+01 1.938345336914062500e+01
8.656092643737792969e+00 3.781270217895507812e+01 1.847132110595703125e+01 1.934138488769531250e+01
8.676501274108886719e+00 3.773497009277343750e+01 1.847477722167968750e+01 1.926020050048828125e+01
8.696909904479980469e+00 3.770508956909179688e+01 1.845894813537597656e+01 1.924614524841308594e+01
8.717319488525390625e+00 3.768683624267578125e+01 1.844594192504882812e+01 1.924089050292968750e+01
8.737728118896484375e+00 3.756921768188476562e+01 1.841107559204101562e+01 1.915814781188964844e+01
8.758134841918945312e+00 3.758265304565429688e+01 1.845017623901367188e+01 1.913247680664062500e+01
8.778544425964355469e+00 3.755518722534179688e+01 1.845364189147949219e+01 1.910154342651367188e+01
8.798953056335449219e+00 3.750410079956054688e+01 1.843532562255859375e+01 1.906878089904785156e+01
8.880588531494140625e+00 3.745428466796875000e+01 1.838716316223144531e+01 1.906711959838867188e+01
8.941814422607421875e+00 3.729764556884765625e+01 1.837905883789062500e+01 1.891858673095703125e+01
8.982630729675292969e+00 3.750809097290039062e+01 1.840214920043945312e+01 1.910594558715820312e+01
9.003039360046386719e+00 3.743437957763671875e+01 1.836841011047363281e+01 1.906597137451171875e+01
9.043857574462890625e+00 3.704535675048828125e+01 1.829609680175781250e+01 1.874925994873046875e+01
9.064266204833984375e+00 3.706784057617187500e+01 1.835261917114257812e+01 1.871522140502929688e+01
9.207128524780273438e+00 3.686715698242187500e+01 1.833045768737792969e+01 1.853669929504394531e+01
9.227535247802734375e+00 3.680876922607421875e+01 1.831845664978027344e+01 1.849030685424804688e+01
9.247943878173828125e+00 3.675123596191406250e+01 1.832980346679687500e+01 1.842144584655761719e+01
9.268353462219238281e+00 3.672959899902343750e+01 1.830752182006835938e+01 1.842207336425781250e+01
9.288762092590332031e+00 3.672610092163085938e+01 1.833430290222167969e+01 1.839180374145507812e+01
9.329579353332519531e+00 3.668875503540039062e+01 1.833106803894042969e+01 1.835767555236816406e+01
9.452031135559082031e+00 3.617377090454101562e+01 1.811891555786132812e+01 1.805485343933105469e+01
9.472439765930175781e+00 3.639935684204101562e+01 1.832501792907714844e+01 1.807434082031250000e+01
9.492848396301269531e+00 3.642201614379882812e+01 1.832597160339355469e+01 1.809605216979980469e+01
9.513257980346679688e+00 3.678891754150390625e+01 1.849551773071289062e+01 1.829339981079101562e+01
9.533666610717773438e+00 3.629536819458007812e+01 1.836552810668945312e+01 1.792984390258789062e+01
9.554075241088867188e+00 3.621588897705078125e+01 1.833882331848144531e+01 1.787707328796386719e+01
9.574483871459960938e+00 3.617187881469726562e+01 1.835474014282226562e+01 1.781714630126953125e+01
9.594892501831054688e+00 3.613006210327148438e+01 1.837308311462402344e+01 1.775696563720703125e+01
9.615302085876464844e+00 3.615072631835937500e+01 1.839383697509765625e+01 1.775690078735351562e+01
9.635710716247558594e+00 3.611883926391601562e+01 1.838469314575195312e+01 1.773413467407226562e+01
9.656119346618652344e+00 3.607036590576171875e+01 1.840285682678222656e+01 1.766750144958496094e+01
9.676527023315429688e+00 3.603561019897460938e+01 1.840115547180175781e+01 1.763445663452148438e+01
9.696935653686523438e+00 3.600251770019531250e+01 1.839204978942871094e+01 1.761046409606933594e+01
9.717344284057617188e+00 3.599987030029296875e+01 1.841008567810058594e+01 1.758978462219238281e+01
9.737752914428710938e+00 3.597306060791015625e+01 1.842804336547851562e+01 1.754502105712890625e+01
9.758161544799804688e+00 3.591967010498046875e+01 1.840912628173828125e+01 1.751055145263671875e+01
9.778571128845214844e+00 3.588894271850585938e+01 1.840742874145507812e+01 1.748151206970214844e+01
9.798979759216308594e+00 3.584797668457031250e+01 1.840329170227050781e+01 1.744467353820800781e+01
9.819388389587402344e+00 3.580103683471679688e+01 1.839917182922363281e+01 1.740186882019042969e+01
9.839797019958496094e+00 3.575938796997070312e+01 1.839020729064941406e+01 1.736917495727539062e+01
9.860206604003906250e+00 3.571396636962890625e+01 1.837156295776367188e+01 1.734239387512207031e+01
9.880615234375000000e+00 3.566864776611328125e+01 1.836026763916015625e+01 1.730837440490722656e+01
9.901023864746093750e+00 3.562482452392578125e+01 1.835143470764160156e+01 1.727338790893554688e+01
9.921431541442871094e+00 3.556856155395507812e+01 1.833299255371093750e+01 1.723556900024414062e+01
9.941840171813964844e+00 3.553909683227539062e+01 1.832425308227539062e+01 1.721483802795410156e+01
9.962248802185058594e+00 3.548875045776367188e+01 1.831795310974121094e+01 1.717078781127929688e+01
9.982657432556152344e+00 3.543405532836914062e+01 1.829728889465332031e+01 1.713676643371582031e+01
1.000306606292724609e+01 3.537635421752929688e+01 1.828149604797363281e+01 1.709486007690429688e+01
1.002347564697265625e+01 3.533946609497070312e+01 1.826815795898437500e+01 1.707130432128906250e+01
1.004388427734375000e+01 3.529214096069335938e+01 1.825010299682617188e+01 1.704204368591308594e+01
1.006429290771484375e+01 3.523643875122070312e+01 1.823212432861328125e+01 1.700431632995605469e+01
1.008470153808593750e+01 3.518334579467773438e+01 1.821184349060058594e+01 1.697149658203125000e+01
1.010511112213134766e+01 3.513813018798828125e+01 1.818927574157714844e+01 1.694884681701660156e+01
1.012551975250244141e+01 3.509224319458007812e+01 1.816207122802734375e+01 1.693016624450683594e+01
1.014592647552490234e+01 3.503804397583007812e+01 1.814677619934082031e+01 1.689126968383789062e+01
1.016633605957031250e+01 3.500872802734375000e+01 1.814095878601074219e+01 1.686777496337890625e+01
1.018674468994140625e+01 3.495487594604492188e+01 1.811636543273925781e+01 1.683851432800292969e+01
1.020715332031250000e+01 3.490435791015625000e+01 1.809890365600585938e+01 1.680545043945312500e+01
1.022756195068359375e+01 3.484482955932617188e+01 1.806981086730957031e+01 1.677502441406250000e+01
1.024797058105468750e+01 3.480473709106445312e+01 1.804784011840820312e+01 1.675689315795898438e+01
1.026838016510009766e+01 3.476079559326171875e+01 1.803062057495117188e+01 1.673018455505371094e+01
1.030919742584228516e+01 3.472755432128906250e+01 1.801263809204101562e+01 1.671492004394531250e+01
1.032960605621337891e+01 3.468328094482421875e+01 1.799327468872070312e+01 1.669000625610351562e+01
1.035001564025878906e+01 3.493620300292968750e+01 1.798323249816894531e+01 1.695297431945800781e+01
1.037042236328125000e+01 3.458330535888671875e+01 1.794092178344726562e+01 1.664238548278808594e+01
1.039083099365234375e+01 3.453858184814453125e+01 1.792641830444335938e+01 1.661215591430664062e+01
1.041123962402343750e+01 3.446945190429687500e+01 1.790047645568847656e+01 1.656897735595703125e+01
1.043164920806884766e+01 3.444640731811523438e+01 1.789528846740722656e+01 1.655112075805664062e+01
1.045205783843994141e+01 3.439719772338867188e+01 1.787866783142089844e+01 1.651852989196777344e+01
1.047246646881103516e+01 3.434232330322265625e+01 1.785754203796386719e+01 1.648477935791015625e+01
1.049287509918212891e+01 3.429577255249023438e+01 1.783649444580078125e+01 1.645927810668945312e+01
1.051328468322753906e+01 3.448587799072265625e+01 1.776999282836914062e+01 1.671588516235351562e+01
1.053369331359863281e+01 3.428483963012695312e+01 1.782419586181640625e+01 1.646064376831054688e+01
1.055410194396972656e+01 3.418229293823242188e+01 1.777838706970214844e+01 1.640389633178710938e+01
1.057451057434082031e+01 3.414376449584960938e+01 1.775992202758789062e+01 1.638384437561035156e+01
1.059491920471191406e+01 3.410213470458984375e+01 1.774378776550292969e+01 1.635835266113281250e+01
1.061532688140869141e+01 3.406659698486328125e+01 1.771644210815429688e+01 1.635015296936035156e+01
1.063573551177978516e+01 3.403394317626953125e+01 1.770945549011230469e+01 1.632448387145996094e+01
1.065614414215087891e+01 3.398907852172851562e+01 1.769126510620117188e+01 1.629781913757324219e+01
1.067655372619628906e+01 3.408105468750000000e+01 1.767762565612792969e+01 1.640342330932617188e+01
1.069696235656738281e+01 3.389594650268554688e+01 1.765508842468261719e+01 1.624085998535156250e+01
1.071737098693847656e+01 3.385179901123046875e+01 1.763710403442382812e+01 1.621469306945800781e+01
1.073777961730957031e+01 3.381381225585937500e+01 1.762587738037109375e+01 1.618793296813964844e+01
1.075818920135498047e+01 3.377599334716796875e+01 1.761246490478515625e+01 1.616352844238281250e+01
1.077859783172607422e+01 3.372939682006835938e+01 1.759466361999511719e+01 1.613472938537597656e+01
1.079900646209716797e+01 3.368632888793945312e+01 1.757471275329589844e+01 1.611161422729492188e+01
1.081941509246826172e+01 3.364207458496093750e+01 1.755483627319335938e+01 1.608724403381347656e+01
1.083982276916503906e+01 3.361226272583007812e+01 1.754608154296875000e+01 1.606617927551269531e+01
1.086023139953613281e+01 3.357033920288085938e+01 1.753735351562500000e+01 1.603298187255859375e+01
1.088064002990722656e+01 3.352854919433593750e+01 1.752206230163574219e+01 1.600648689270019531e+01
1.090104866027832031e+01 3.349769210815429688e+01 1.751341438293457031e+01 1.598427581787109375e+01
1.092145824432373047e+01 3.345334243774414062e+01 1.749822235107421875e+01 1.595512676239013672e+01
1.094186687469482422e+01 3.342088317871093750e+01 1.748965072631835938e+01 1.593123531341552734e+01
1.096227550506591797e+01 3.338710784912109375e+01 1.747455787658691406e+01 1.591255187988281250e+01
1.098268413543701172e+01 3.334111404418945312e+01 1.746606254577636719e+01 1.587504768371582031e+01
1.100309371948242188e+01 3.331516647338867188e+01 1.745542335510253906e+01 1.585973930358886719e+01
1.102350234985351562e+01 3.329098129272460938e+01 1.744699478149414062e+01 1.584399414062500000e+01
1.104391098022460938e+01 3.325677490234375000e+01 1.744076538085937500e+01 1.581600666046142578e+01
1.106431770324707031e+01 3.323692321777343750e+01 1.743239784240722656e+01 1.580451774597167969e+01
1.108472728729248047e+01 3.320885848999023438e+01 1.742837715148925781e+01 1.578048515319824219e+01
1.110513591766357422e+01 3.318226623535156250e+01 1.742436981201171875e+01 1.575790691375732422e+01
1.112554454803466797e+01 3.315143966674804688e+01 1.741392517089843750e+01 1.573750972747802734e+01
1.114595317840576172e+01 3.313495635986328125e+01 1.741425704956054688e+01 1.572070312500000000e+01
1.116636276245117188e+01 3.311203384399414062e+01 1.740815162658691406e+01 1.570388031005859375e+01
1.118677139282226562e+01 3.309017181396484375e+01 1.740207481384277344e+01 1.568810367584228516e+01
1.120718002319335938e+01 3.306545639038085938e+01 1.740242576599121094e+01 1.566302967071533203e+01
1.122758865356445312e+01 3.304685974121093750e+01 1.739850997924804688e+01 1.564835643768310547e+01
1.124799728393554688e+01 3.302473068237304688e+01 1.739248085021972656e+01 1.563224601745605469e+01
1.126840686798095703e+01 3.300041198730468750e+01 1.738647460937500000e+01 1.561394214630126953e+01
1.128881549835205078e+01 3.297149658203125000e+01 1.738261032104492188e+01 1.558887863159179688e+01
1.130922222137451172e+01 3.295449447631835938e+01 1.738087654113769531e+01 1.557362079620361328e+01
1.132963180541992188e+01 3.293187332153320312e+01 1.737281036376953125e+01 1.555907058715820312e+01
1.135004043579101562e+01 3.290884399414062500e+01 1.736477470397949219e+01 1.554406166076660156e+01
1.137044906616210938e+01 3.288244628906250000e+01 1.736308097839355469e+01 1.551936149597167969e+01
1.139085769653320312e+01 3.286140441894531250e+01 1.735929107666015625e+01 1.550210571289062500e+01
1.141126728057861328e+01 3.283931732177734375e+01 1.735342025756835938e+01 1.548589992523193359e+01
1.143167591094970703e+01 3.280534744262695312e+01 1.734547424316406250e+01 1.545988273620605469e+01
1.145208454132080078e+01 3.279988861083984375e+01 1.734591865539550781e+01 1.545397377014160156e+01
1.147249317169189453e+01 3.276108169555664062e+01 1.732757949829101562e+01 1.543350028991699219e+01
1.149290180206298828e+01 3.273164367675781250e+01 1.731972312927246094e+01 1.541191577911376953e+01
1.161535358428955078e+01 3.284081268310546875e+01 1.753902816772460938e+01 1.530178070068359375e+01
1.163576221466064453e+01 3.263958740234375000e+01 1.721817588806152344e+01 1.542141246795654297e+01
1.165617179870605469e+01 3.261119461059570312e+01 1.722499656677246094e+01 1.538619899749755859e+01
1.173780632019042969e+01 3.249016189575195312e+01 1.716842269897460938e+01 1.532174015045166016e+01
1.179903125762939453e+01 3.241203689575195312e+01 1.711382675170898438e+01 1.529821300506591797e+01
1.181944084167480469e+01 3.259107589721679688e+01 1.731719779968261719e+01 1.527387809753417969e+01
1.183984947204589844e+01 3.229470825195312500e+01 1.709930992126464844e+01 1.519540023803710938e+01
1.188066673278808594e+01 3.223080444335937500e+01 1.706675720214843750e+01 1.516405105590820312e+01
1.202352714538574219e+01 3.194963264465332031e+01 1.692569732666015625e+01 1.502393913269042969e+01
1.204393577575683594e+01 3.198145675659179688e+01 1.690695190429687500e+01 1.507450675964355469e+01
1.206434535980224609e+01 3.205597305297851562e+01 1.702320480346679688e+01 1.503277397155761719e+01
1.214597988128662109e+01 3.192925453186035156e+01 1.694426536560058594e+01 1.498498821258544922e+01
1.216638946533203125e+01 3.190981101989746094e+01 1.694929122924804688e+01 1.496052074432373047e+01
1.218679809570312500e+01 3.228171157836914062e+01 1.691108703613281250e+01 1.537062740325927734e+01
1.220720672607421875e+01 3.188199615478515625e+01 1.694360733032226562e+01 1.493839359283447266e+01
1.222761440277099609e+01 3.180842208862304688e+01 1.692511558532714844e+01 1.488330841064453125e+01
1.224802303314208984e+01 3.179668807983398438e+01 1.693405151367187500e+01 1.486263656616210938e+01
1.226843166351318359e+01 3.178285408020019531e+01 1.693515014648437500e+01 1.484769916534423828e+01
1.228884029388427734e+01 3.175767326354980469e+01 1.694014167785644531e+01 1.481753063201904297e+01
1.232965850830078125e+01 3.170163536071777344e+01 1.691318321228027344e+01 1.478845596313476562e+01
1.235006713867187500e+01 3.168890762329101562e+01 1.691431045532226562e+01 1.477459621429443359e+01
1.239088439941406250e+01 3.161445426940917969e+01 1.689529800415039062e+01 1.471916103363037109e+01
1.245211124420166016e+01 3.154600524902343750e+01 1.687374496459960938e+01 1.467226505279541016e+01
1.247251892089843750e+01 3.175763130187988281e+01 1.696897697448730469e+01 1.478865718841552734e+01
1.251333618164062500e+01 3.150056076049804688e+01 1.686771011352539062e+01 1.463284778594970703e+01
1.253374481201171875e+01 3.146918106079101562e+01 1.685552406311035156e+01 1.461365604400634766e+01
1.255415344238281250e+01 3.146932220458984375e+01 1.687961006164550781e+01 1.458971500396728516e+01
1.257456302642822266e+01 3.144571876525878906e+01 1.687125015258789062e+01 1.457447242736816406e+01
1.259497165679931641e+01 3.142316627502441406e+01 1.685911750793457031e+01 1.456404590606689453e+01
1.265619850158691406e+01 3.134703254699707031e+01 1.680782318115234375e+01 1.453920459747314453e+01
1.271742343902587891e+01 3.124526214599609375e+01 1.678337860107421875e+01 1.446188259124755859e+01
1.273783206939697266e+01 3.124406433105468750e+01 1.679219436645507812e+01 1.445186805725097656e+01
1.275824069976806641e+01 3.123935699462890625e+01 1.679347610473632812e+01 1.444588565826416016e+01
1.279905796051025391e+01 3.122045516967773438e+01 1.678855133056640625e+01 1.443190574645996094e+01
1.290110301971435547e+01 3.116632270812988281e+01 1.672255897521972656e+01 1.444376277923583984e+01
1.292150974273681641e+01 3.114908981323242188e+01 1.674431991577148438e+01 1.440476417541503906e+01
1.296232795715332031e+01 3.113494491577148438e+01 1.675069046020507812e+01 1.438425636291503906e+01
1.302355384826660156e+01 3.110336685180664062e+01 1.677120208740234375e+01 1.433216285705566406e+01
1.304396247863769531e+01 3.106590843200683594e+01 1.675597190856933594e+01 1.430993080139160156e+01
1.308478069305419922e+01 3.102602577209472656e+01 1.676773643493652344e+01 1.425828838348388672e+01
1.310518932342529297e+01 3.102956199645996094e+01 1.676719856262207031e+01 1.426236152648925781e+01
1.316641426086425781e+01 3.095447349548339844e+01 1.674377250671386719e+01 1.421069717407226562e+01
1.318682289123535156e+01 3.093660545349121094e+01 1.675053596496582031e+01 1.418606758117675781e+01
1.328886699676513672e+01 3.084851264953613281e+01 1.676242256164550781e+01 1.408609104156494141e+01
1.330927658081054688e+01 3.082349967956542969e+01 1.676190185546875000e+01 1.406159782409667969e+01
1.332968521118164062e+01 3.083064842224121094e+01 1.677035903930664062e+01 1.406029319763183594e+01
1.335009384155273438e+01 3.078962707519531250e+01 1.676265525817871094e+01 1.402697563171386719e+01
1.337050247192382812e+01 3.076509666442871094e+01 1.676929664611816406e+01 1.399580478668212891e+01
1.339091014862060547e+01 3.076016616821289062e+01 1.677234458923339844e+01 1.398782253265380859e+01
1.347254562377929688e+01 3.061986351013183594e+01 1.673645782470703125e+01 1.388340187072753906e+01
1.349295425415039062e+01 3.060056686401367188e+01 1.672710990905761719e+01 1.387345504760742188e+01
1.351336288452148438e+01 3.055847930908203125e+01 1.671247673034667969e+01 1.384600543975830078e+01
1.353377151489257812e+01 3.056663513183593750e+01 1.672088241577148438e+01 1.384575271606445312e+01
1.355418109893798828e+01 3.052906608581542969e+01 1.670630455017089844e+01 1.382276725769042969e+01
1.357458972930908203e+01 3.059647941589355469e+01 1.668824195861816406e+01 1.390823936462402344e+01
1.359499835968017578e+01 3.083979797363281250e+01 1.694140625000000000e+01 1.389839172363281250e+01
1.361540508270263672e+01 3.004273033142089844e+01 1.629887390136718750e+01 1.374385929107666016e+01
1.363581562042236328e+01 3.042622184753417969e+01 1.667826652526855469e+01 1.374795532226562500e+01
1.365622234344482422e+01 3.038355636596679688e+01 1.667087173461914062e+01 1.371267986297607422e+01
1.367663288116455078e+01 3.035849761962890625e+01 1.667224884033203125e+01 1.368624496459960938e+01
1.369704055786132812e+01 3.034361267089843750e+01 1.668236351013183594e+01 1.366125202178955078e+01
1.371745109558105469e+01 3.033152008056640625e+01 1.668720817565917969e+01 1.364430904388427734e+01
1.373785781860351562e+01 3.030964660644531250e+01 1.668507385253906250e+01 1.362457466125488281e+01
1.375826835632324219e+01 3.028211975097656250e+01 1.667598342895507812e+01 1.360613727569580078e+01
1.377867507934570312e+01 3.025983619689941406e+01 1.667213249206542969e+01 1.358770561218261719e+01
1.379908561706542969e+01 3.023893928527832031e+01 1.666135215759277344e+01 1.357759571075439453e+01
1.381949329376220703e+01 3.020469665527343750e+01 1.664714241027832031e+01 1.355755996704101562e+01
1.383990383148193359e+01 3.020267105102539062e+01 1.665026664733886719e+01 1.355241012573242188e+01
1.386031055450439453e+01 3.017873382568359375e+01 1.664302253723144531e+01 1.353571319580078125e+01
1.388071823120117188e+01 3.015627670288085938e+01 1.663752555847167969e+01 1.351874923706054688e+01
1.390112876892089844e+01 3.013319778442382812e+01 1.663031768798828125e+01 1.350288105010986328e+01
1.392153549194335938e+01 3.011075782775878906e+01 1.662485694885253906e+01 1.348589897155761719e+01
1.394194602966308594e+01 3.009612846374511719e+01 1.661940574645996094e+01 1.347672557830810547e+01
1.396235370635986328e+01 3.007445335388183594e+01 1.661568832397460938e+01 1.345875835418701172e+01
1.398276424407958984e+01 3.005017471313476562e+01 1.660513114929199219e+01 1.344504737854003906e+01
1.400317096710205078e+01 3.002883720397949219e+01 1.659802818298339844e+01 1.343080520629882812e+01
1.402358150482177734e+01 3.000061607360839844e+01 1.659264755249023438e+01 1.340797233581542969e+01
1.404398918151855469e+01 2.998385810852050781e+01 1.658558464050292969e+01 1.339827632904052734e+01
1.406439971923828125e+01 2.995948028564453125e+01 1.658193969726562500e+01 1.337753868103027344e+01
1.408480644226074219e+01 2.994411277770996094e+01 1.657491111755371094e+01 1.336920452117919922e+01
1.410521411895751953e+01 2.992460441589355469e+01 1.656959915161132812e+01 1.335500812530517578e+01
1.412562465667724609e+01 2.990353584289550781e+01 1.656260490417480469e+01 1.334092712402343750e+01
1.414603137969970703e+01 2.987956428527832031e+01 1.655563354492187500e+01 1.332392787933349609e+01
1.416644191741943359e+01 2.985753822326660156e+01 1.655036926269531250e+01 1.330716896057128906e+01
1.418684959411621094e+01 2.983481025695800781e+01 1.654174995422363281e+01 1.329306507110595703e+01
1.420725917816162109e+01 2.982116889953613281e+01 1.653989028930664062e+01 1.328128528594970703e+01
1.422766685485839844e+01 2.979794120788574219e+01 1.653467559814453125e+01 1.326327133178710938e+01
1.424807739257812500e+01 2.977454566955566406e+01 1.652443122863769531e+01 1.325011348724365234e+01
1.426848411560058594e+01 2.975317001342773438e+01 1.651925277709960938e+01 1.323391342163085938e+01
1.428889465332031250e+01 2.972924995422363281e+01 1.651073265075683594e+01 1.321851730346679688e+01
1.430930233001708984e+01 2.971035957336425781e+01 1.650057029724121094e+01 1.320979309082031250e+01
1.432970905303955078e+01 2.968523788452148438e+01 1.649544906616210938e+01 1.318978595733642578e+01
1.435011959075927734e+01 2.966716766357421875e+01 1.649033737182617188e+01 1.317683219909667969e+01
1.437052726745605469e+01 2.964925193786621094e+01 1.648191261291503906e+01 1.316734027862548828e+01
1.439093780517578125e+01 2.962710762023925781e+01 1.647184562683105469e+01 1.315526103973388672e+01
1.441134452819824219e+01 2.960449028015136719e+01 1.646347045898437500e+01 1.314101028442382812e+01
1.443175506591796875e+01 2.958623313903808594e+01 1.645677375793457031e+01 1.312945461273193359e+01
1.445216274261474609e+01 2.956611442565917969e+01 1.644844245910644531e+01 1.311767482757568359e+01
1.447257328033447266e+01 2.953822708129882812e+01 1.643517112731933594e+01 1.310305690765380859e+01
1.449298000335693359e+01 2.951908111572265625e+01 1.642854690551757812e+01 1.309053802490234375e+01
1.451339054107666016e+01 2.950114250183105469e+01 1.642028808593750000e+01 1.308085823059082031e+01
1.453379821777343750e+01 2.947835731506347656e+01 1.640876388549804688e+01 1.306958866119384766e+01
1.455420494079589844e+01 2.945792961120605469e+01 1.639891242980957031e+01 1.305902194976806641e+01
1.457461547851562500e+01 2.943321990966796875e+01 1.638908767700195312e+01 1.304413700103759766e+01
1.459502315521240234e+01 2.941791725158691406e+01 1.638093376159667969e+01 1.303699302673339844e+01
1.461543273925781250e+01 2.939641380310058594e+01 1.637116050720214844e+01 1.302525138854980469e+01
1.463584041595458984e+01 2.936980819702148438e+01 1.635651397705078125e+01 1.301328563690185547e+01
1.465625095367431641e+01 2.935200309753417969e+01 1.635006904602050781e+01 1.300192832946777344e+01
1.467665767669677734e+01 2.933876609802246094e+01 1.634364700317382812e+01 1.299512577056884766e+01
1.469706821441650391e+01 2.931804847717285156e+01 1.633723831176757812e+01 1.298081111907958984e+01
1.471747589111328125e+01 2.930160140991210938e+01 1.633084869384765625e+01 1.297074985504150391e+01
1.473788642883300781e+01 2.926799011230468750e+01 1.630823135375976562e+01 1.295976161956787109e+01
1.475829315185546875e+01 2.925000190734863281e+01 1.630190277099609375e+01 1.294809532165527344e+01
1.477870082855224609e+01 2.923307228088378906e+01 1.629559135437011719e+01 1.293748569488525391e+01
1.479911136627197266e+01 2.921257781982421875e+01 1.628929328918457031e+01 1.292328548431396484e+01
1.481951808929443359e+01 2.918320846557617188e+01 1.626686286926269531e+01 1.291634273529052734e+01
1.483992862701416016e+01 2.916366577148437500e+01 1.626062202453613281e+01 1.290305328369140625e+01
1.486033630371093750e+01 2.914845085144042969e+01 1.625440025329589844e+01 1.289405155181884766e+01
1.488074684143066406e+01 2.913117408752441406e+01 1.624819183349609375e+01 1.288298034667968750e+01
1.490115356445312500e+01 2.911619758605957031e+01 1.624200630187988281e+01 1.287418556213378906e+01
1.492156410217285156e+01 2.908123016357421875e+01 1.621978950500488281e+01 1.286144351959228516e+01
1.494197177886962891e+01 2.906299591064453125e+01 1.621365737915039062e+01 1.284934139251708984e+01
1.496238231658935547e+01 2.904384231567382812e+01 1.620754051208496094e+01 1.283630275726318359e+01
1.498278903961181641e+01 2.903478240966796875e+01 1.620144462585449219e+01 1.283334732055664062e+01
1.500319957733154297e+01 2.901472854614257812e+01 1.619535827636718750e+01 1.281936931610107422e+01
1.502360725402832031e+01 2.899556541442871094e+01 1.618929481506347656e+01 1.280627632141113281e+01
1.504401397705078125e+01 2.897229766845703125e+01 1.618324470520019531e+01 1.278905582427978516e+01
1.506442451477050781e+01 2.896223258972167969e+01 1.617720985412597656e+01 1.278501796722412109e+01
1.508483123779296875e+01 2.892713165283203125e+01 1.615532493591308594e+01 1.277180480957031250e+01
1.510524177551269531e+01 2.891528511047363281e+01 1.614934539794921875e+01 1.276593303680419922e+01
1.512564945220947266e+01 2.889282226562500000e+01 1.614338302612304688e+01 1.274944305419921875e+01
1.514605998992919922e+01 2.887682723999023438e+01 1.613743591308593750e+01 1.273939037322998047e+01
1.516646671295166016e+01 2.885822677612304688e+01 1.613150405883789062e+01 1.272672271728515625e+01
1.518687725067138672e+01 2.884134864807128906e+01 1.612558746337890625e+01 1.271576309204101562e+01
1.520728492736816406e+01 2.882395744323730469e+01 1.611968994140625000e+01 1.270426654815673828e+01
1.522769546508789062e+01 2.879133605957031250e+01 1.609808349609375000e+01 1.269325733184814453e+01
1.524810218811035156e+01 2.878832435607910156e+01 1.610793876647949219e+01 1.268038177490234375e+01
1.526850986480712891e+01 2.875704956054687500e+01 1.608641052246093750e+01 1.267064380645751953e+01
1.528892040252685547e+01 2.874133872985839844e+01 1.608059120178222656e+01 1.266075134277343750e+01
1.530932712554931641e+01 2.872189712524414062e+01 1.607479286193847656e+01 1.264710712432861328e+01
1.532973766326904297e+01 2.870337867736816406e+01 1.606900787353515625e+01 1.263436698913574219e+01
1.535014533996582031e+01 2.868617248535156250e+01 1.606324005126953125e+01 1.262293815612792969e+01
1.537055587768554688e+01 2.867238235473632812e+01 1.605748367309570312e+01 1.261489677429199219e+01
1.539096260070800781e+01 2.865323066711425781e+01 1.605174636840820312e+01 1.260148239135742188e+01
1.541137313842773438e+01 2.863902091979980469e+01 1.604602241516113281e+01 1.259299755096435547e+01
1.543178081512451172e+01 2.862549209594726562e+01 1.604031753540039062e+01 1.258517074584960938e+01
1.545219039916992188e+01 2.858928871154785156e+01 1.601912879943847656e+01 1.257015895843505859e+01
1.547259807586669922e+01 2.857608032226562500e+01 1.601347160339355469e+01 1.256260776519775391e+01
1.549300575256347656e+01 2.855809402465820312e+01 1.600783157348632812e+01 1.255026054382324219e+01
1.551341533660888672e+01 2.854199981689453125e+01 1.600219917297363281e+01 1.253980255126953125e+01
1.553382301330566406e+01 2.852814102172851562e+01 1.599658966064453125e+01 1.253155136108398438e+01
1.555423355102539062e+01 2.851263236999511719e+01 1.599099063873291016e+01 1.252164268493652344e+01
1.557464027404785156e+01 2.849491500854492188e+01 1.598540782928466797e+01 1.250950336456298828e+01
1.559505081176757812e+01 2.848013114929199219e+01 1.597983741760253906e+01 1.250028991699218750e+01
1.561545848846435547e+01 2.844966316223144531e+01 1.595895290374755859e+01 1.249070453643798828e+01
1.563586902618408203e+01 2.842977333068847656e+01 1.595343208312988281e+01 1.247633838653564453e+01
1.565627574920654297e+01 2.841457176208496094e+01 1.594792652130126953e+01 1.246664714813232422e+01
1.567668342590332031e+01 2.840256309509277344e+01 1.594243717193603516e+01 1.246012687683105469e+01
1.569709396362304688e+01 2.838454818725585938e+01 1.593695735931396484e+01 1.244759750366210938e+01
1.571750068664550781e+01 2.837061882019042969e+01 1.593149852752685547e+01 1.243911361694335938e+01
1.573791122436523438e+01 2.835347175598144531e+01 1.592604827880859375e+01 1.242742919921875000e+01
1.575831890106201172e+01 2.833757400512695312e+01 1.592061328887939453e+01 1.241696166992187500e+01
1.577872943878173828e+01 2.832095146179199219e+01 1.591519260406494141e+01 1.240575695037841797e+01
1.579913616180419922e+01 2.829034614562988281e+01 1.589463424682617188e+01 1.239571094512939453e+01
1.581954383850097656e+01 2.827039527893066406e+01 1.588926219940185547e+01 1.238112831115722656e+01
1.583995437622070312e+01 2.825587654113769531e+01 1.588390159606933594e+01 1.237197208404541016e+01
1.586036109924316406e+01 2.823976707458496094e+01 1.587856006622314453e+01 1.236120414733886719e+01
1.588077163696289062e+01 2.822464942932128906e+01 1.587322521209716797e+01 1.235143089294433594e+01
1.590117931365966797e+01 2.820930099487304688e+01 1.586790847778320312e+01 1.234138679504394531e+01
1.592158889770507812e+01 2.819177246093750000e+01 1.586260128021240234e+01 1.232917499542236328e+01
1.594199657440185547e+01 2.817503738403320312e+01 1.585731315612792969e+01 1.231772422790527344e+01
1.596240711212158203e+01 2.815662002563476562e+01 1.585203361511230469e+01 1.230459117889404297e+01
1.598281383514404297e+01 2.813927459716796875e+01 1.584677124023437500e+01 1.229250335693359375e+01
1.600322532653808594e+01 2.811997795104980469e+01 1.584152030944824219e+01 1.227845859527587891e+01
1.602363204956054688e+01 2.810391807556152344e+01 1.583628463745117188e+01 1.226763534545898438e+01
1.604404258728027344e+01 2.809123420715332031e+01 1.583105945587158203e+01 1.226017284393310547e+01
1.606444931030273438e+01 2.807037162780761719e+01 1.582585144042968750e+01 1.224451828002929688e+01
1.608485603332519531e+01 2.805837059020996094e+01 1.582065391540527344e+01 1.223771953582763672e+01
1.610526657104492188e+01 2.802379989624023438e+01 1.580060386657714844e+01 1.222319316864013672e+01
1.612567520141601562e+01 2.802011299133300781e+01 1.581030082702636719e+01 1.220980930328369141e+01
1.614608573913574219e+01 2.800306129455566406e+01 1.580514049530029297e+01 1.219791698455810547e+01
1.616649246215820312e+01 2.798727798461914062e+01 1.579999923706054688e+01 1.218728256225585938e+01
1.618690299987792969e+01 2.797076988220214844e+01 1.579486465454101562e+01 1.217591094970703125e+01
1.620730972290039062e+01 2.795450401306152344e+01 1.578974723815917969e+01 1.216475582122802734e+01
1.622772026062011719e+01 2.793769645690917969e+01 1.578464031219482422e+01 1.215305805206298828e+01
1.624812698364257812e+01 2.792236328125000000e+01 1.577954769134521484e+01 1.214280796051025391e+01
1.626853752136230469e+01 2.789701461791992188e+01 1.577446556091308594e+01 1.212254714965820312e+01
1.628894615173339844e+01 2.788860511779785156e+01 1.576939868927001953e+01 1.211920833587646484e+01
1.630935287475585938e+01 2.787228012084960938e+01 1.576434707641601562e+01 1.210793304443359375e+01
1.632976341247558594e+01 2.785936737060546875e+01 1.575930309295654297e+01 1.210006618499755859e+01
1.635017013549804688e+01 2.784103393554687500e+01 1.575427341461181641e+01 1.208675765991210938e+01
1.637058067321777344e+01 2.782595634460449219e+01 1.574925613403320312e+01 1.207670497894287109e+01
1.639098739624023438e+01 2.780794334411621094e+01 1.574425125122070312e+01 1.206368732452392578e+01
1.641139793395996094e+01 2.781074905395507812e+01 1.575384521484375000e+01 1.205690765380859375e+01
1.643180465698242188e+01 2.779314804077148438e+01 1.574884796142578125e+01 1.204430103302001953e+01
1.645221519470214844e+01 2.777730941772460938e+01 1.574386119842529297e+01 1.203344821929931641e+01
1.647262382507324219e+01 2.776261711120605469e+01 1.573888874053955078e+01 1.202372932434082031e+01
1.649303436279296875e+01 2.774736785888671875e+01 1.573392772674560547e+01 1.201343536376953125e+01
1.651344108581542969e+01 2.773326683044433594e+01 1.572898006439208984e+01 1.200428390502929688e+01
1.653384780883789062e+01 2.771830177307128906e+01 1.572404384613037109e+01 1.199426555633544922e+01
1.655425834655761719e+01 2.770583343505859375e+01 1.571911907196044922e+01 1.198671436309814453e+01
1.657466506958007812e+01 2.768981361389160156e+01 1.571420955657958984e+01 1.197560024261474609e+01
1.659507560729980469e+01 2.767408370971679688e+01 1.570930671691894531e+01 1.196477222442626953e+01
1.661548423767089844e+01 2.767355155944824219e+01 1.571882820129394531e+01 1.195473098754882812e+01
1.663589477539062500e+01 2.765905189514160156e+01 1.571393299102783203e+01 1.194511699676513672e+01
1.665630149841308594e+01 2.764427566528320312e+01 1.570905399322509766e+01 1.193522739410400391e+01
1.667671203613281250e+01 2.763093376159667969e+01 1.570418071746826172e+01 1.192675018310546875e+01
1.669711875915527344e+01 2.761601257324218750e+01 1.569932460784912109e+01 1.191668415069580078e+01
1.671752929687500000e+01 2.760106277465820312e+01 1.569447708129882812e+01 1.190658378601074219e+01
1.673793601989746094e+01 2.758624839782714844e+01 1.568964481353759766e+01 1.189661121368408203e+01
1.675834465026855469e+01 2.758750915527343750e+01 1.569911003112792969e+01 1.188840007781982422e+01
1.677875518798828125e+01 2.757332038879394531e+01 1.569427967071533203e+01 1.187903690338134766e+01
1.679916191101074219e+01 2.755513763427734375e+01 1.568946361541748047e+01 1.186567497253417969e+01
1.681957244873046875e+01 2.754521560668945312e+01 1.568465900421142578e+01 1.186055564880371094e+01
1.683997917175292969e+01 2.752504730224609375e+01 1.567986679077148438e+01 1.184518241882324219e+01
1.686038970947265625e+01 2.751252746582031250e+01 1.567508220672607422e+01 1.183744621276855469e+01
1.688079643249511719e+01 2.749979591369628906e+01 1.567031574249267578e+01 1.182947826385498047e+01
1.690120697021484375e+01 2.748432350158691406e+01 1.566555500030517578e+01 1.181876373291015625e+01
1.692161369323730469e+01 2.748342704772949219e+01 1.567495918273925781e+01 1.180846881866455078e+01
1.694202423095703125e+01 2.747087287902832031e+01 1.567020416259765625e+01 1.180067729949951172e+01
1.696243286132812500e+01 2.745763969421386719e+01 1.566546344757080078e+01 1.179217338562011719e+01
1.698283958435058594e+01 2.744021606445312500e+01 1.566073417663574219e+01 1.177947902679443359e+01
1.700325012207031250e+01 2.742445373535156250e+01 1.565601539611816406e+01 1.176843357086181641e+01
1.702365684509277344e+01 2.741076278686523438e+01 1.565131092071533203e+01 1.175945854187011719e+01
1.704406738281250000e+01 2.739711189270019531e+01 1.564661216735839844e+01 1.175049686431884766e+01
1.706447410583496094e+01 2.739407157897949219e+01 1.565596008300781250e+01 1.173811340332031250e+01
1.708488464355468750e+01 2.738179588317871094e+01 1.565126705169677734e+01 1.173052978515625000e+01
1.710529327392578125e+01 2.736923980712890625e+01 1.564659023284912109e+01 1.172264385223388672e+01
1.712570381164550781e+01 2.735175895690917969e+01 1.564192008972167969e+01 1.170984172821044922e+01
1.714611053466796875e+01 2.733894157409667969e+01 1.563726425170898438e+01 1.170167827606201172e+01
1.716652107238769531e+01 2.732371139526367188e+01 1.563261890411376953e+01 1.169110298156738281e+01
1.718692779541015625e+01 2.730856704711914062e+01 1.562798500061035156e+01 1.168058300018310547e+01
1.720733833312988281e+01 2.730934715270996094e+01 1.563727283477783203e+01 1.167207431793212891e+01
1.722774505615234375e+01 2.729321479797363281e+01 1.563264560699462891e+01 1.166056442260742188e+01
1.724815368652343750e+01 2.727924537658691406e+01 1.562802886962890625e+01 1.165121364593505859e+01
1.726856231689453125e+01 2.726714515686035156e+01 1.562342071533203125e+01 1.164372539520263672e+01
1.728897094726562500e+01 2.724920272827148438e+01 1.561882495880126953e+01 1.163037681579589844e+01
1.730938148498535156e+01 2.724033355712890625e+01 1.561423683166503906e+01 1.162609291076660156e+01
1.732978820800781250e+01 2.722749900817871094e+01 1.560966587066650391e+01 1.161783409118652344e+01
1.735019874572753906e+01 2.722776603698730469e+01 1.561889743804931641e+01 1.160887241363525391e+01
1.737060546875000000e+01 2.721426582336425781e+01 1.561433124542236328e+01 1.159993839263916016e+01
1.739101600646972656e+01 2.720116615295410156e+01 1.560976982116699219e+01 1.159139537811279297e+01
1.741142272949218750e+01 2.718910026550292969e+01 1.560522270202636719e+01 1.158387851715087891e+01
1.743183326721191406e+01 2.717485237121582031e+01 1.560068511962890625e+01 1.157417011260986328e+01
1.745224189758300781e+01 2.716426849365234375e+01 1.559615802764892578e+01 1.156810855865478516e+01
1.747264862060546875e+01 2.716349601745605469e+01 1.560534667968750000e+01 1.155814170837402344e+01
1.749305915832519531e+01 2.715232276916503906e+01 1.560082244873046875e+01 1.155149745941162109e+01
1.751346588134765625e+01 2.713895988464355469e+01 1.559631347656250000e+01 1.154264640808105469e+01
1.753387641906738281e+01 2.712490463256835938e+01 1.559181022644042969e+01 1.153308963775634766e+01
1.755428314208984375e+01 2.711335754394531250e+01 1.558732318878173828e+01 1.152603244781494141e+01
1.757469367980957031e+01 2.710302543640136719e+01 1.558284187316894531e+01 1.152018833160400391e+01
1.759510231018066406e+01 2.710194015502929688e+01 1.559197902679443359e+01 1.150995731353759766e+01
1.761551284790039062e+01 2.709202766418457031e+01 1.558750152587890625e+01 1.150452423095703125e+01
1.763591957092285156e+01 2.707998657226562500e+01 1.558304023742675781e+01 1.149694442749023438e+01
1.765633010864257812e+01 2.706864738464355469e+01 1.557858562469482422e+01 1.149006271362304688e+01
1.767673683166503906e+01 2.705651855468750000e+01 1.557414245605468750e+01 1.148238086700439453e+01
1.769714355468750000e+01 2.704450035095214844e+01 1.556971073150634766e+01 1.147479152679443359e+01
1.771755409240722656e+01 2.704543685913085938e+01 1.557879734039306641e+01 1.146663379669189453e+01
1.773796081542968750e+01 2.703478240966796875e+01 1.557436943054199219e+01 1.146040725708007812e+01
1.775837135314941406e+01 2.702297973632812500e+01 1.556995010375976562e+01 1.145303153991699219e+01
1.777877998352050781e+01 2.701121902465820312e+01 1.556554412841796875e+01 1.144567108154296875e+01
1.779919052124023438e+01 2.699822998046875000e+01 1.556114292144775391e+01 1.143708515167236328e+01
1.781959724426269531e+01 2.700094604492187500e+01 1.557019233703613281e+01 1.143074893951416016e+01
1.784000778198242188e+01 2.698983001708984375e+01 1.556579685211181641e+01 1.142403316497802734e+01
1.786041450500488281e+01 2.697829818725585938e+01 1.556141567230224609e+01 1.141687965393066406e+01
1.788082504272460938e+01 2.696475601196289062e+01 1.555703926086425781e+01 1.140771293640136719e+01
1.790123176574707031e+01 2.696440315246582031e+01 1.556605148315429688e+01 1.139834403991699219e+01
1.792164039611816406e+01 2.695442390441894531e+01 1.556168365478515625e+01 1.139274024963378906e+01
1.794205093383789062e+01 2.694197845458984375e+01 1.555732345581054688e+01 1.138465690612792969e+01
1.796245765686035156e+01 2.693106079101562500e+01 1.555297756195068359e+01 1.137808609008789062e+01
1.798286819458007812e+01 2.691743850708007812e+01 1.554863643646240234e+01 1.136879634857177734e+01
1.800327491760253906e+01 2.691999435424804688e+01 1.555760478973388672e+01 1.136238956451416016e+01
1.802368545532226562e+01 2.690583610534667969e+01 1.555326938629150391e+01 1.135256290435791016e+01
1.804409217834472656e+01 2.689328575134277344e+01 1.554894638061523438e+01 1.134433841705322266e+01
1.806450271606445312e+01 2.688083457946777344e+01 1.554462909698486328e+01 1.133620071411132812e+01
1.808491134643554688e+01 2.686613273620605469e+01 1.554032707214355469e+01 1.132580375671386719e+01
1.810531997680664062e+01 2.686836242675781250e+01 1.554925155639648438e+01 1.131911659240722656e+01
1.812572860717773438e+01 2.685664749145507812e+01 1.554495429992675781e+01 1.131169605255126953e+01
1.814613533020019531e+01 2.684276962280273438e+01 1.554066276550292969e+01 1.130210018157958984e+01
1.816654586791992188e+01 2.683170509338378906e+01 1.553638076782226562e+01 1.129532527923583984e+01
1.818695259094238281e+01 2.681665802001953125e+01 1.553210830688476562e+01 1.128454399108886719e+01
1.820736312866210938e+01 2.681763648986816406e+01 1.554099464416503906e+01 1.127664279937744141e+01
1.822776985168457031e+01 2.679075622558593750e+01 1.552359580993652344e+01 1.126715850830078125e+01
1.824818038940429688e+01 2.679285812377929688e+01 1.553246974945068359e+01 1.126038742065429688e+01
1.826858901977539062e+01 2.678125190734863281e+01 1.552822303771972656e+01 1.125302124023437500e+01
1.828899955749511719e+01 2.676590538024902344e+01 1.552398300170898438e+01 1.124192237854003906e+01
1.830940628051757812e+01 2.676733970642089844e+01 1.553282928466796875e+01 1.123450374603271484e+01
1.832981681823730469e+01 2.675198364257812500e+01 1.552859497070312500e+01 1.122339248657226562e+01
1.835022354125976562e+01 2.673960304260253906e+01 1.552437114715576172e+01 1.121522521972656250e+01
1.837063026428222656e+01 2.672938537597656250e+01 1.552015590667724609e+01 1.120923709869384766e+01
1.839104080200195312e+01 2.671512222290039062e+01 1.551594924926757812e+01 1.119917583465576172e+01
1.841144943237304688e+01 2.671732139587402344e+01 1.552475643157958984e+01 1.119256305694580078e+01
1.843185997009277344e+01 2.670604896545410156e+01 1.552055358886718750e+01 1.118549823760986328e+01
1.845226669311523438e+01 2.669273757934570312e+01 1.551636123657226562e+01 1.117637920379638672e+01
1.847267723083496094e+01 2.668161201477050781e+01 1.551217651367187500e+01 1.116943931579589844e+01
1.849308395385742188e+01 2.668126869201660156e+01 1.552094745635986328e+01 1.116032123565673828e+01
1.851349449157714844e+01 2.667039108276367188e+01 1.551676750183105469e+01 1.115361499786376953e+01
1.853390121459960938e+01 2.665978240966796875e+01 1.551259803771972656e+01 1.114718818664550781e+01
1.855431175231933594e+01 2.665924453735351562e+01 1.552133846282958984e+01 1.113790988922119141e+01
1.857471847534179688e+01 2.664857673645019531e+01 1.551717376708984375e+01 1.113139724731445312e+01
1.859512901306152344e+01 2.663740348815917969e+01 1.551301670074462891e+01 1.112439346313476562e+01
1.861553764343261719e+01 2.663862991333007812e+01 1.552172946929931641e+01 1.111689662933349609e+01
1.863594436645507812e+01 2.662842178344726562e+01 1.551757621765136719e+01 1.111084270477294922e+01
1.865635490417480469e+01 2.663227081298828125e+01 1.552626419067382812e+01 1.110600376129150391e+01
1.867676162719726562e+01 2.662295722961425781e+01 1.552211666107177734e+01 1.110084056854248047e+01
1.869717216491699219e+01 2.662835502624511719e+01 1.553078079223632812e+01 1.109757041931152344e+01
1.871757888793945312e+01 2.663260459899902344e+01 1.553942775726318359e+01 1.109318161010742188e+01
1.873798942565917969e+01 2.662653350830078125e+01 1.553527641296386719e+01 1.109125709533691406e+01
1.875839805603027344e+01 2.663102340698242188e+01 1.554389953613281250e+01 1.108712959289550781e+01
1.877880859375000000e+01 2.663774681091308594e+01 1.555249977111816406e+01 1.108524894714355469e+01
1.879921531677246094e+01 2.664133262634277344e+01 1.556108474731445312e+01 1.108025550842285156e+01
1.881962585449218750e+01 2.664367103576660156e+01 1.556964969635009766e+01 1.107402515411376953e+01
1.884003257751464844e+01 2.664587593078613281e+01 1.557819747924804688e+01 1.106767749786376953e+01
1.886043930053710938e+01 2.665633392333984375e+01 1.559942054748535156e+01 1.105692100524902344e+01
1.888084983825683594e+01 2.665491867065429688e+01 1.560791587829589844e+01 1.104700565338134766e+01
1.890125846862792969e+01 2.666901016235351562e+01 1.562905979156494141e+01 1.103995037078857422e+01
1.892166900634765625e+01 2.668350410461425781e+01 1.565015602111816406e+01 1.103335094451904297e+01
1.894207572937011719e+01 2.669678306579589844e+01 1.567120933532714844e+01 1.102557373046875000e+01
1.896248626708984375e+01 2.672729873657226562e+01 1.570483875274658203e+01 1.102246475219726562e+01
1.898289299011230469e+01 2.675738143920898438e+01 1.573840045928955078e+01 1.101897907257080078e+01
1.900330352783203125e+01 2.678697967529296875e+01 1.577188587188720703e+01 1.101509952545166016e+01
1.902371025085449219e+01 2.683204841613769531e+01 1.581788635253906250e+01 1.101415824890136719e+01
1.904412078857421875e+01 2.689194107055664062e+01 1.587635612487792969e+01 1.101558399200439453e+01
1.906452751159667969e+01 2.695516586303710938e+01 1.593470287322998047e+01 1.102046394348144531e+01
1.908493614196777344e+01 2.703320121765136719e+01 1.600546646118164062e+01 1.102773094177246094e+01
1.910534667968750000e+01 2.712815475463867188e+01 1.608860969543457031e+01 1.103954124450683594e+01
1.912575340270996094e+01 2.721582412719726562e+01 1.615905952453613281e+01 1.105676460266113281e+01
1.914616394042968750e+01 2.729482460021972656e+01 1.621685409545898438e+01 1.107797527313232422e+01
1.916657066345214844e+01 2.731605720520019531e+01 1.621207809448242188e+01 1.110397911071777344e+01
1.918698120117187500e+01 2.729276657104492188e+01 1.616987991333007812e+01 1.112288856506347656e+01
1.920738792419433594e+01 2.719816970825195312e+01 1.606545448303222656e+01 1.113271427154541016e+01
1.922779846191406250e+01 2.708131217956542969e+01 1.594879817962646484e+01 1.113251304626464844e+01
1.924820709228515625e+01 2.696405029296875000e+01 1.584482955932617188e+01 1.111922454833984375e+01
1.926861763000488281e+01 2.686740303039550781e+01 1.576592636108398438e+01 1.110147571563720703e+01
1.928902435302734375e+01 2.678537368774414062e+01 1.569960308074951172e+01 1.108576488494873047e+01
1.930943107604980469e+01 2.670671463012695312e+01 1.563342189788818359e+01 1.107329273223876953e+01
1.932984161376953125e+01 2.663988494873046875e+01 1.556737518310546875e+01 1.107251739501953125e+01
1.935024833679199219e+01 2.659497833251953125e+01 1.551384162902832031e+01 1.108113479614257812e+01
1.937065887451171875e+01 2.657960700988769531e+01 1.548513793945312500e+01 1.109446620941162109e+01
1.939106750488281250e+01 2.658831214904785156e+01 1.548118495941162109e+01 1.110713481903076172e+01
1.941147613525390625e+01 2.660351943969726562e+01 1.548957347869873047e+01 1.111394500732421875e+01
1.943188476562500000e+01 2.662822151184082031e+01 1.552258396148681641e+01 1.110563564300537109e+01
1.945229530334472656e+01 2.660631942749023438e+01 1.553091049194335938e+01 1.107541084289550781e+01
1.947270202636718750e+01 2.654076957702636719e+01 1.551463413238525391e+01 1.102612972259521484e+01
1.949311256408691406e+01 2.644971275329589844e+01 1.548610973358154297e+01 1.096360206604003906e+01
1.951351928710937500e+01 2.642452430725097656e+01 1.550671863555908203e+01 1.091780853271484375e+01
1.953392601013183594e+01 2.642668533325195312e+01 1.553953742980957031e+01 1.088714027404785156e+01
1.955433654785156250e+01 2.638515090942382812e+01 1.552331733703613281e+01 1.086183261871337891e+01
1.957474517822265625e+01 2.633184051513671875e+01 1.548267555236816406e+01 1.084916210174560547e+01
1.959515571594238281e+01 2.628519058227539062e+01 1.544211578369140625e+01 1.084307861328125000e+01
1.961556243896484375e+01 2.624671936035156250e+01 1.540164089202880859e+01 1.084507656097412109e+01
1.963597297668457031e+01 2.621310615539550781e+01 1.536124897003173828e+01 1.085186100006103516e+01
1.965637969970703125e+01 2.617051696777343750e+01 1.532094383239746094e+01 1.084956741333007812e+01
1.967679023742675781e+01 2.611994171142578125e+01 1.529288482666015625e+01 1.082705879211425781e+01
1.969719696044921875e+01 2.608170318603515625e+01 1.527703952789306641e+01 1.080466079711914062e+01
1.971760749816894531e+01 2.607185935974121094e+01 1.528550815582275391e+01 1.078635692596435547e+01
1.973801612854003906e+01 2.614526939392089844e+01 1.535460472106933594e+01 1.079066371917724609e+01
1.975842666625976562e+01 2.620619773864746094e+01 1.541143798828125000e+01 1.079475593566894531e+01
1.977883338928222656e+01 2.621258163452148438e+01 1.541974544525146484e+01 1.079283905029296875e+01
1.979924011230468750e+01 2.621082115173339844e+01 1.542803287506103516e+01 1.078279304504394531e+01
1.981965065002441406e+01 2.619317817687988281e+01 1.542422199249267578e+01 1.076895809173583984e+01
1.984005737304687500e+01 2.617658424377441406e+01 1.542042350769042969e+01 1.075615882873535156e+01
1.986046791076660156e+01 2.614232063293457031e+01 1.540457630157470703e+01 1.073774242401123047e+01
1.988087463378906250e+01 2.610574913024902344e+01 1.538876438140869141e+01 1.071698665618896484e+01
1.990128517150878906e+01 2.606873321533203125e+01 1.537298202514648438e+01 1.069575119018554688e+01
1.992169380187988281e+01 2.603374099731445312e+01 1.535723495483398438e+01 1.067650222778320312e+01
1.994210433959960938e+01 2.599973487854003906e+01 1.534151649475097656e+01 1.065821361541748047e+01
1.996251106262207031e+01 2.593939590454101562e+01 1.530184841156005859e+01 1.063754558563232422e+01
1.998292160034179688e+01 2.585149383544921875e+01 1.523830032348632812e+01 1.061318778991699219e+01
2.000332832336425781e+01 2.581424140930175781e+01 1.521078681945800781e+01 1.060345363616943359e+01
2.002373504638671875e+01 2.582921791076660156e+01 1.521919536590576172e+01 1.061002063751220703e+01
2.004414558410644531e+01 2.586339950561523438e+01 1.523952770233154297e+01 1.062387561798095703e+01
2.006455421447753906e+01 2.591144180297851562e+01 1.527175331115722656e+01 1.063969230651855469e+01
2.008496475219726562e+01 2.597003746032714844e+01 1.531582736968994141e+01 1.065420436859130859e+01
2.010537147521972656e+01 2.599957656860351562e+01 1.533600234985351562e+01 1.066357517242431641e+01
2.012578201293945312e+01 2.598939895629882812e+01 1.533234500885009766e+01 1.065705204010009766e+01
2.014618873596191406e+01 2.594035911560058594e+01 1.529304695129394531e+01 1.064731597900390625e+01
2.016659927368164062e+01 2.588453102111816406e+01 1.525382709503173828e+01 1.063070487976074219e+01
2.018700599670410156e+01 2.583375358581542969e+01 1.522655010223388672e+01 1.060720443725585938e+01
2.020741653442382812e+01 2.579156875610351562e+01 1.521117019653320312e+01 1.058039760589599609e+01
2.022782516479492188e+01 2.574837875366210938e+01 1.519582462310791016e+01 1.055255222320556641e+01
2.024823188781738281e+01 2.570789146423339844e+01 1.518050956726074219e+01 1.052738285064697266e+01
2.026864242553710938e+01 2.570107269287109375e+01 1.518884468078613281e+01 1.051222801208496094e+01
2.028904914855957031e+01 2.570156669616699219e+01 1.519716358184814453e+01 1.050440311431884766e+01
2.030945968627929688e+01 2.570660018920898438e+01 1.520546531677246094e+01 1.050113677978515625e+01
2.032986640930175781e+01 2.570452690124511719e+01 1.520197868347167969e+01 1.050254726409912109e+01
2.035027694702148438e+01 2.570301628112792969e+01 1.519849586486816406e+01 1.050451660156250000e+01
2.037068367004394531e+01 2.569390869140625000e+01 1.519502162933349609e+01 1.049888896942138672e+01
2.039109420776367188e+01 2.573028755187988281e+01 1.523851108551025391e+01 1.049178028106689453e+01
2.041150283813476562e+01 2.576496124267578125e+01 1.527019023895263672e+01 1.049476623535156250e+01
2.043191337585449219e+01 2.577086639404296875e+01 1.527836799621582031e+01 1.049249744415283203e+01
2.045232009887695312e+01 2.575268173217773438e+01 1.526312255859375000e+01 1.048955440521240234e+01
2.047272682189941406e+01 2.569168472290039062e+01 1.521282958984375000e+01 1.047885417938232422e+01
2.049313735961914062e+01 2.560329627990722656e+01 1.513927078247070312e+01 1.046401977539062500e+01
2.051354408264160156e+01 2.555548477172851562e+01 1.510087013244628906e+01 1.045461463928222656e+01
2.053395462036132812e+01 2.553810119628906250e+01 1.507420158386230469e+01 1.046390342712402344e+01
2.055436325073242188e+01 2.556521224975585938e+01 1.505923557281494141e+01 1.050597000122070312e+01
2.057477378845214844e+01 2.555103683471679688e+01 1.503266239166259766e+01 1.051836967468261719e+01
2.059518051147460938e+01 2.549058151245117188e+01 1.499451732635498047e+01 1.049606800079345703e+01
2.061559104919433594e+01 2.546667861938476562e+01 1.497967243194580078e+01 1.048700618743896484e+01
2.063599777221679688e+01 2.546397018432617188e+01 1.497645950317382812e+01 1.048751258850097656e+01
2.065640830993652344e+01 2.549094390869140625e+01 1.499642944335937500e+01 1.049451160430908203e+01
2.067681503295898438e+01 2.550503349304199219e+01 1.500478458404541016e+01 1.050024986267089844e+01
2.069722366333007812e+01 2.549356460571289062e+01 1.500155639648437500e+01 1.049201583862304688e+01
2.071763229370117188e+01 2.547676277160644531e+01 1.499833106994628906e+01 1.047843074798583984e+01
2.073804092407226562e+01 2.543934440612792969e+01 1.497202873229980469e+01 1.046731758117675781e+01
2.075845146179199219e+01 2.542501640319824219e+01 1.496883964538574219e+01 1.045618057250976562e+01
2.077885818481445312e+01 2.540500640869140625e+01 1.496566009521484375e+01 1.043934249877929688e+01
2.079926872253417969e+01 2.536221504211425781e+01 1.495097446441650391e+01 1.041124248504638672e+01
2.081967544555664062e+01 2.533159255981445312e+01 1.497081565856933594e+01 1.036078262329101562e+01
2.084008598327636719e+01 2.529786872863769531e+01 1.499061298370361328e+01 1.030725574493408203e+01
2.086049270629882812e+01 2.525590324401855469e+01 1.499890041351318359e+01 1.025700664520263672e+01
2.088090324401855469e+01 2.521738433837890625e+01 1.500716876983642578e+01 1.021021556854248047e+01
2.090131187438964844e+01 2.519136810302734375e+01 1.500396823883056641e+01 1.018739604949951172e+01
2.092171859741210938e+01 2.513622856140136719e+01 1.495500755310058594e+01 1.018121719360351562e+01
2.094212913513183594e+01 2.509745788574218750e+01 1.492900085449218750e+01 1.016845703125000000e+01
2.096253585815429688e+01 2.507610702514648438e+01 1.491446781158447266e+01 1.016163921356201172e+01
2.098294639587402344e+01 2.507862854003906250e+01 1.491136932373046875e+01 1.016726016998291016e+01
2.100335311889648438e+01 2.508440399169921875e+01 1.490827751159667969e+01 1.017612075805664062e+01
2.102376365661621094e+01 2.507673454284667969e+01 1.489380455017089844e+01 1.018293571472167969e+01
2.104417228698730469e+01 2.509307670593261719e+01 1.490211200714111328e+01 1.019096374511718750e+01
2.106458282470703125e+01 2.509804916381835938e+01 1.491040325164794922e+01 1.018764209747314453e+01
2.108498954772949219e+01 2.510503196716308594e+01 1.491868019104003906e+01 1.018635177612304688e+01
2.110540008544921875e+01 2.513031005859375000e+01 1.493828105926513672e+01 1.019203376770019531e+01
2.112580680847167969e+01 2.514164161682128906e+01 1.492385101318359375e+01 1.021778964996337891e+01
2.114621734619140625e+01 2.516138648986816406e+01 1.490944671630859375e+01 1.025194168090820312e+01
2.116662406921386719e+01 2.514923286437988281e+01 1.489507198333740234e+01 1.025416564941406250e+01
2.118703079223632812e+01 2.513652610778808594e+01 1.490332126617431641e+01 1.023320198059082031e+01
2.120744132995605469e+01 2.512489318847656250e+01 1.491155433654785156e+01 1.021334266662597656e+01
2.122784996032714844e+01 2.512305831909179688e+01 1.490849685668945312e+01 1.021455287933349609e+01
2.124826049804687500e+01 2.511122512817382812e+01 1.489417648315429688e+01 1.021705150604248047e+01
2.126866722106933594e+01 2.513408088684082031e+01 1.490239715576171875e+01 1.023168468475341797e+01
2.128907775878906250e+01 2.516504478454589844e+01 1.489935493469238281e+01 1.026569271087646484e+01
2.130948448181152344e+01 2.518134498596191406e+01 1.486261653900146484e+01 1.031872844696044922e+01
2.132989501953125000e+01 2.518964004516601562e+01 1.481472682952880859e+01 1.037491130828857422e+01
2.135030174255371094e+01 2.519973564147949219e+01 1.476692771911621094e+01 1.043280696868896484e+01
2.137071228027343750e+01 2.525437355041503906e+01 1.475282478332519531e+01 1.050154495239257812e+01
2.139112091064453125e+01 2.530878067016601562e+01 1.473875045776367188e+01 1.057002353668212891e+01
2.141152763366699219e+01 2.536202239990234375e+01 1.474706363677978516e+01 1.061496257781982422e+01
2.143193817138671875e+01 2.536509132385253906e+01 1.475535964965820312e+01 1.060972690582275391e+01
2.145234489440917969e+01 2.529433059692382812e+01 1.470784473419189453e+01 1.058648109436035156e+01
2.147275543212890625e+01 2.521055984497070312e+01 1.467156696319580078e+01 1.053899192810058594e+01
2.149316215515136719e+01 2.510429382324218750e+01 1.465763664245605469e+01 1.044666099548339844e+01
2.151357269287109375e+01 2.501256942749023438e+01 1.466598510742187500e+01 1.034658336639404297e+01
2.153398132324218750e+01 2.500424194335937500e+01 1.471878910064697266e+01 1.028545379638671875e+01
2.155438995361328125e+01 2.498539543151855469e+01 1.473817062377929688e+01 1.024722480773925781e+01
2.157479858398437500e+01 2.494438934326171875e+01 1.473532581329345703e+01 1.020906829833984375e+01
2.159520912170410156e+01 2.493352508544921875e+01 1.474357032775878906e+01 1.018995380401611328e+01
2.161561584472656250e+01 2.490193367004394531e+01 1.476287364959716797e+01 1.013905906677246094e+01
2.163602256774902344e+01 2.477408981323242188e+01 1.474894905090332031e+01 1.002514266967773438e+01
2.165643310546875000e+01 2.468211364746093750e+01 1.474610328674316406e+01 9.936007499694824219e+00
2.167683982849121094e+01 2.470136070251464844e+01 1.477639675140380859e+01 9.924965858459472656e+00
2.169725036621093750e+01 2.478700637817382812e+01 1.480662918090820312e+01 9.980370521545410156e+00
2.171765899658203125e+01 2.480251693725585938e+01 1.481476211547851562e+01 9.987755775451660156e+00
2.173806953430175781e+01 2.478195190429687500e+01 1.481186485290527344e+01 9.970087051391601562e+00
2.175847625732421875e+01 2.479051589965820312e+01 1.483098030090332031e+01 9.959541320800781250e+00
2.177888679504394531e+01 2.473764801025390625e+01 1.482807159423828125e+01 9.909572601318359375e+00
2.179929351806640625e+01 2.467416572570800781e+01 1.479222679138183594e+01 9.881945610046386719e+00
2.181970405578613281e+01 2.463850975036621094e+01 1.477838993072509766e+01 9.860113143920898438e+00
2.184011077880859375e+01 2.463098144531250000e+01 1.477554512023925781e+01 9.855433464050292969e+00
2.186051940917968750e+01 2.461689567565917969e+01 1.477270126342773438e+01 9.844195365905761719e+00
2.188092994689941406e+01 2.458719253540039062e+01 1.475892066955566406e+01 9.828274726867675781e+00
2.190133666992187500e+01 2.458939743041992188e+01 1.476702880859375000e+01 9.822368621826171875e+00
2.192174720764160156e+01 2.459344291687011719e+01 1.476420116424560547e+01 9.829245567321777344e+00
2.194215393066406250e+01 2.455670738220214844e+01 1.471773815155029297e+01 9.838967323303222656e+00
2.196256446838378906e+01 2.449425506591796875e+01 1.467136096954345703e+01 9.822892189025878906e+00
2.198297119140625000e+01 2.447800445556640625e+01 1.467952346801757812e+01 9.798481941223144531e+00
2.200338172912597656e+01 2.445742416381835938e+01 1.467678356170654297e+01 9.780638694763183594e+00
2.202378845214843750e+01 2.442274856567382812e+01 1.465231609344482422e+01 9.770434379577636719e+00
2.204419898986816406e+01 2.442103767395019531e+01 1.466046810150146484e+01 9.760570526123046875e+00
2.206460762023925781e+01 2.448132705688476562e+01 1.471200561523437500e+01 9.769318580627441406e+00
2.208501434326171875e+01 2.453986549377441406e+01 1.474176883697509766e+01 9.798099517822265625e+00
2.210542488098144531e+01 2.456658172607421875e+01 1.474981689453125000e+01 9.816766738891601562e+00
2.212583160400390625e+01 2.455976104736328125e+01 1.473621463775634766e+01 9.823547363281250000e+00
2.214624214172363281e+01 2.450757408142089844e+01 1.469020271301269531e+01 9.817369461059570312e+00
2.216664886474609375e+01 2.444021987915039062e+01 1.465507984161376953e+01 9.785141944885253906e+00
2.218705940246582031e+01 2.440624809265136719e+01 1.466317844390869141e+01 9.743072509765625000e+00
2.220746803283691406e+01 2.439341163635253906e+01 1.468204212188720703e+01 9.711373329162597656e+00
2.222787857055664062e+01 2.439444923400878906e+01 1.467933082580566406e+01 9.715122222900390625e+00
2.224828529357910156e+01 2.438816833496093750e+01 1.467662525177001953e+01 9.711544036865234375e+00
2.226869583129882812e+01 2.438275527954101562e+01 1.468467426300048828e+01 9.698075294494628906e+00
2.228910255432128906e+01 2.438731575012207031e+01 1.469270992279052734e+01 9.694604873657226562e+00
2.230951309204101562e+01 2.438706588745117188e+01 1.468999958038330078e+01 9.697059631347656250e+00
2.232991981506347656e+01 2.438747406005859375e+01 1.467657375335693359e+01 9.710905075073242188e+00
2.235032844543457031e+01 2.440337753295898438e+01 1.467388343811035156e+01 9.729495048522949219e+00
2.237073898315429688e+01 2.439734840393066406e+01 1.466049575805664062e+01 9.736847877502441406e+00
2.239114570617675781e+01 2.441410255432128906e+01 1.465782546997070312e+01 9.756278991699218750e+00
2.241155624389648438e+01 2.445171165466308594e+01 1.465515708923339844e+01 9.796549797058105469e+00
2.243196296691894531e+01 2.448781013488769531e+01 1.463115406036376953e+01 9.856652259826660156e+00
2.245237350463867188e+01 2.455091857910156250e+01 1.462851619720458984e+01 9.922398567199707031e+00
2.247278022766113281e+01 2.463205718994140625e+01 1.463653659820556641e+01 9.995523452758789062e+00
2.249319076538085938e+01 2.472635078430175781e+01 1.464454174041748047e+01 1.008180427551269531e+01
2.251359748840332031e+01 2.484400939941406250e+01 1.464190006256103516e+01 1.020211315155029297e+01
2.253400802612304688e+01 2.482580757141113281e+01 1.466050815582275391e+01 1.016530227661132812e+01
2.255441665649414062e+01 2.485556983947753906e+01 1.470031261444091797e+01 1.015525436401367188e+01
2.257482337951660156e+01 2.480100250244140625e+01 1.465521049499511719e+01 1.014578819274902344e+01
2.259523391723632812e+01 2.468981742858886719e+01 1.467375850677490234e+01 1.001606464385986328e+01
2.261564064025878906e+01 2.464395523071289062e+01 1.463934707641601562e+01 1.000460910797119141e+01
2.263605117797851562e+01 2.459949493408203125e+01 1.459441947937011719e+01 1.000507926940917969e+01
2.265645790100097656e+01 2.459580421447753906e+01 1.457070732116699219e+01 1.002509498596191406e+01
2.267686843872070312e+01 2.451607894897460938e+01 1.454703617095947266e+01 9.969042778015136719e+00
2.269727706909179688e+01 2.440319061279296875e+01 1.454450321197509766e+01 9.858687400817871094e+00
2.271768760681152344e+01 2.429464149475097656e+01 1.452089881896972656e+01 9.773746490478515625e+00
2.273809432983398438e+01 2.432116699218750000e+01 1.454998016357421875e+01 9.771187782287597656e+00
2.275850486755371094e+01 2.428248596191406250e+01 1.451589298248291016e+01 9.766594886779785156e+00
2.277891159057617188e+01 2.429866600036621094e+01 1.449237918853759766e+01 9.806287765502929688e+00
2.279931831359863281e+01 2.420045661926269531e+01 1.447940731048583984e+01 9.721050262451171875e+00
2.281972885131835938e+01 2.418395042419433594e+01 1.448743820190429688e+01 9.696514129638671875e+00
2.284013748168945312e+01 2.419650077819824219e+01 1.449545574188232422e+01 9.701047897338867188e+00
2.286054801940917969e+01 2.418275833129882812e+01 1.448251438140869141e+01 9.700242996215820312e+00
2.288095474243164062e+01 2.421791076660156250e+01 1.450098609924316406e+01 9.716922760009765625e+00
2.290136528015136719e+01 2.418343734741210938e+01 1.451942062377929688e+01 9.664019584655761719e+00
2.292177200317382812e+01 2.415903663635253906e+01 1.451693820953369141e+01 9.642102241516113281e+00
2.294218254089355469e+01 2.409937667846679688e+01 1.447271919250488281e+01 9.626651763916015625e+00
2.296258926391601562e+01 2.403805351257324219e+01 1.443900585174560547e+01 9.599048614501953125e+00
2.298299980163574219e+01 2.406180763244628906e+01 1.446784877777099609e+01 9.593961715698242188e+00
2.300340652465820312e+01 2.395314788818359375e+01 1.437175846099853516e+01 9.581385612487792969e+00
2.302381515502929688e+01 2.396776962280273438e+01 1.441100978851318359e+01 9.556755065917968750e+00
2.304422569274902344e+01 2.396569061279296875e+01 1.442940902709960938e+01 9.536277770996093750e+00
2.306463241577148438e+01 2.396957969665527344e+01 1.441664314270019531e+01 9.552942276000976562e+00
2.308504295349121094e+01 2.401278114318847656e+01 1.444537639617919922e+01 9.567409515380859375e+00
2.310544967651367188e+01 2.406908798217773438e+01 1.449478244781494141e+01 9.574300765991210938e+00
2.312586021423339844e+01 2.405275726318359375e+01 1.449234104156494141e+01 9.560415267944335938e+00
2.314626693725585938e+01 2.400317955017089844e+01 1.447956275939941406e+01 9.523612976074218750e+00
2.316667747497558594e+01 2.397611236572265625e+01 1.450813961029052734e+01 9.467968940734863281e+00
2.318708610534667969e+01 2.393595123291015625e+01 1.448504638671875000e+01 9.450907707214355469e+00
2.320749664306640625e+01 2.393640708923339844e+01 1.448262405395507812e+01 9.453787803649902344e+00
2.322790336608886719e+01 2.390226745605468750e+01 1.445959377288818359e+01 9.442673683166503906e+00
2.324831008911132812e+01 2.384571075439453125e+01 1.444690036773681641e+01 9.398808479309082031e+00
2.326872062683105469e+01 2.381248664855957031e+01 1.446509265899658203e+01 9.347399711608886719e+00
2.328912734985351562e+01 2.380496978759765625e+01 1.448325443267822266e+01 9.321714401245117188e+00
2.330953788757324219e+01 2.382647323608398438e+01 1.453219318389892578e+01 9.294278144836425781e+00
2.332994651794433594e+01 2.384401512145996094e+01 1.452974224090576172e+01 9.314272880554199219e+00
2.335035514831542969e+01 2.379654693603515625e+01 1.449654006958007812e+01 9.300003051757812500e+00
2.337076377868652344e+01 2.375102615356445312e+01 1.446339321136474609e+01 9.287637710571289062e+00
2.339117431640625000e+01 2.374630546569824219e+01 1.447124290466308594e+01 9.275063514709472656e+00
2.341158103942871094e+01 2.372927284240722656e+01 1.447907829284667969e+01 9.250192642211914062e+00
2.343199157714843750e+01 2.371924591064453125e+01 1.447668361663818359e+01 9.242558479309082031e+00
2.345239830017089844e+01 2.373138427734375000e+01 1.448450088500976562e+01 9.246884346008300781e+00
2.347280502319335938e+01 2.374757957458496094e+01 1.449230480194091797e+01 9.255277633666992188e+00
2.349321556091308594e+01 2.375791168212890625e+01 1.450009441375732422e+01 9.257819175720214844e+00
2.351362419128417969e+01 2.378073120117187500e+01 1.451805305480957031e+01 9.262678146362304688e+00
2.353403472900390625e+01 2.381670951843261719e+01 1.453597831726074219e+01 9.280730247497558594e+00
2.355444145202636719e+01 2.384283638000488281e+01 1.454371070861816406e+01 9.299127578735351562e+00
2.357485198974609375e+01 2.385289573669433594e+01 1.454127407073974609e+01 9.311624526977539062e+00
2.359525871276855469e+01 2.385461235046386719e+01 1.453884220123291016e+01 9.315772056579589844e+00
2.361566925048828125e+01 2.383578109741210938e+01 1.453641414642333984e+01 9.299365997314453125e+00
2.363607597351074219e+01 2.389706802368164062e+01 1.457450580596923828e+01 9.322561264038085938e+00
2.365648651123046875e+01 2.390402412414550781e+01 1.457204914093017578e+01 9.331974983215332031e+00
2.367689514160156250e+01 2.384759330749511719e+01 1.453926849365234375e+01 9.308324813842773438e+00
2.369730567932128906e+01 2.396389007568359375e+01 1.458735847473144531e+01 9.376535415649414062e+00
2.371771240234375000e+01 2.397624015808105469e+01 1.458490085601806641e+01 9.391334533691406250e+00
2.373811912536621094e+01 2.403324127197265625e+01 1.458244609832763672e+01 9.450788497924804688e+00
2.375852966308593750e+01 2.396107101440429688e+01 1.452961540222167969e+01 9.431453704833984375e+00
2.377893638610839844e+01 2.395964813232421875e+01 1.452721309661865234e+01 9.432435989379882812e+00
2.379934692382812500e+01 2.384879875183105469e+01 1.451475334167480469e+01 9.334042549133300781e+00
2.381975364685058594e+01 2.384461975097656250e+01 1.453246974945068359e+01 9.312151908874511719e+00
2.384016418457031250e+01 2.391642570495605469e+01 1.450998687744140625e+01 9.406435966491699219e+00
2.386057281494140625e+01 2.385077095031738281e+01 1.441731262207031250e+01 9.433456420898437500e+00
2.388098335266113281e+01 2.380837821960449219e+01 1.438494110107421875e+01 9.423441886901855469e+00
2.390139007568359375e+01 2.368535232543945312e+01 1.435262680053710938e+01 9.332726478576660156e+00
2.392180061340332031e+01 2.381322860717773438e+01 1.445046138763427734e+01 9.362766265869140625e+00
2.394220733642578125e+01 2.377893257141113281e+01 1.440814781188964844e+01 9.370783805847167969e+00
2.396261405944824219e+01 2.371852493286132812e+01 1.437589931488037109e+01 9.342625617980957031e+00
2.398302459716796875e+01 2.374244880676269531e+01 1.439361000061035156e+01 9.348837852478027344e+00
2.400343322753906250e+01 2.365967178344726562e+01 1.433150577545166016e+01 9.328162193298339844e+00
2.402384376525878906e+01 2.363427543640136719e+01 1.429939937591552734e+01 9.334876060485839844e+00
2.404425048828125000e+01 2.374654579162597656e+01 1.433704566955566406e+01 9.409504890441894531e+00
2.406466102600097656e+01 2.376780891418457031e+01 1.435472869873046875e+01 9.413084030151367188e+00
2.408506774902343750e+01 2.374215126037597656e+01 1.424317073822021484e+01 9.498984336853027344e+00
2.410547828674316406e+01 2.390530586242675781e+01 1.427083683013916016e+01 9.634467124938964844e+00
2.412588500976562500e+01 2.403863525390625000e+01 1.424884223937988281e+01 9.789798736572265625e+00
2.414629554748535156e+01 2.410256958007812500e+01 1.422688388824462891e+01 9.875689506530761719e+00
2.416670417785644531e+01 2.412166213989257812e+01 1.424458694458007812e+01 9.877077102661132812e+00
2.418711090087890625e+01 2.406286048889160156e+01 1.420287609100341797e+01 9.859988212585449219e+00
2.420752143859863281e+01 2.416175270080566406e+01 1.418101215362548828e+01 9.980739593505859375e+00
2.422792816162109375e+01 2.414439010620117188e+01 1.418882846832275391e+01 9.955556869506835938e+00
2.424833869934082031e+01 2.410628318786621094e+01 1.420650482177734375e+01 9.899776458740234375e+00
2.426874542236328125e+01 2.413149642944335938e+01 1.422415161132812500e+01 9.907347679138183594e+00
2.428915596008300781e+01 2.410856246948242188e+01 1.420234203338623047e+01 9.906219482421875000e+00
2.430956268310546875e+01 2.398236846923828125e+01 1.417072391510009766e+01 9.811648368835449219e+00
2.432997322082519531e+01 2.393110847473144531e+01 1.417851448059082031e+01 9.752595901489257812e+00
2.435038185119628906e+01 2.380838775634765625e+01 1.418629360198974609e+01 9.622093200683593750e+00
