# NTRMN  = 61
# NTRANS = 111
-1.196487247943878174e-01 0.000000000000000000e+00 0.000000000000000000e+00 0.000000000000000000e+00
-9.923987835645675659e-02 0.000000000000000000e+00 0.000000000000000000e+00 0.000000000000000000e+00
-7.883103936910629272e-02 0.000000000000000000e+00 0.000000000000000000e+00 0.000000000000000000e+00
-5.842219665646553040e-02 0.000000000000000000e+00 0.000000000000000000e+00 0.000000000000000000e+00
-3.801335394382476807e-02 0.000000000000000000e+00 0.000000000000000000e+00 0.000000000000000000e+00
-1.760451123118400574e-02 0.000000000000000000e+00 0.000000000000000000e+00 0.000000000000000000e+00
2.321236208081245422e-02 0.000000000000000000e+00 0.000000000000000000e+00 0.000000000000000000e+00
4.362120479345321655e-02 0.000000000000000000e+00 0.000000000000000000e+00 0.000000000000000000e+00
6.403004378080368042e-02 0.000000000000000000e+00 0.000000000000000000e+00 0.000000000000000000e+00
1.048477292060852051e-01 0.000000000000000000e+00 0.000000000000000000e+00 0.000000000000000000e+00
1.252557635307312012e-01 0.000000000000000000e+00 0.000000000000000000e+00 0.000000000000000000e+00
1.456646025180816650e-01 0.000000000000000000e+00 0.000000000000000000e+00 0.000000000000000000e+00
1.660734415054321289e-01 0.000000000000000000e+00 0.000000000000000000e+00 0.000000000000000000e+00
2.068911343812942505e-01 0.000000000000000000e+00 0.000000000000000000e+00 0.000000000000000000e+00
2.272991687059402466e-01 0.000000000000000000e+00 0.000000000000000000e+00 0.000000000000000000e+00
2.477080076932907104e-01 0.000000000000000000e+00 0.000000000000000000e+00 0.000000000000000000e+00
2.681168317794799805e-01 0.000000000000000000e+00 0.000000000000000000e+00 0.000000000000000000e+00
2.885257005691528320e-01 0.000000000000000000e+00 0.000000000000000000e+00 0.000000000000000000e+00
3.089345395565032959e-01 0.000000000000000000e+00 0.000000000000000000e+00 0.000000000000000000e+00
3.293433785438537598e-01 0.000000000000000000e+00 0.000000000000000000e+00 0.000000000000000000e+00
3.905690908432006836e-01 0.000000000000000000e+00 0.000000000000000000e+00 0.000000000000000000e+00
4.109779298305511475e-01 0.000000000000000000e+00 0.000000000000000000e+00 0.000000000000000000e+00
4.313867688179016113e-01 0.000000000000000000e+00 0.000000000000000000e+00 0.000000000000000000e+00
4.517956078052520752e-01 0.000000000000000000e+00 0.000000000000000000e+00 0.000000000000000000e+00
4.722036421298980713e-01 0.000000000000000000e+00 0.000000000000000000e+00 0.000000000000000000e+00
4.926124811172485352e-01 0.000000000000000000e+00 0.000000000000000000e+00 0.000000000000000000e+00
5.130213499069213867e-01 0.000000000000000000e+00 0.000000000000000000e+00 0.000000000000000000e+00
5.334301590919494629e-01 0.000000000000000000e+00 0.000000000000000000e+00 0.000000000000000000e+00
5.538390278816223145e-01 0.000000000000000000e+00 0.000000000000000000e+00 0.000000000000000000e+00
5.742470622062683105e-01 0.000000000000000000e+00 0.000000000000000000e+00 0.000000000000000000e+00
5.946558713912963867e-01 0.000000000000000000e+00 0.000000000000000000e+00 0.000000000000000000e+00
6.150647401809692383e-01 0.000000000000000000e+00 0.000000000000000000e+00 0.000000000000000000e+00
6.354735493659973145e-01 0.000000000000000000e+00 0.000000000000000000e+00 0.000000000000000000e+00
6.558824181556701660e-01 0.000000000000000000e+00 0.000000000000000000e+00 0.000000000000000000e+00
6.762912869453430176e-01 0.000000000000000000e+00 0.000000000000000000e+00 0.000000000000000000e+00
6.966992616653442383e-01 0.000000000000000000e+00 0.000000000000000000e+00 0.000000000000000000e+00
7.171081304550170898e-01 0.000000000000000000e+00 0.000000000000000000e+00 0.000000000000000000e+00
7.375169992446899414e-01 0.000000000000000000e+00 0.000000000000000000e+00 0.000000000000000000e+00
7.579258084297180176e-01 0.000000000000000000e+00 0.000000000000000000e+00 0.000000000000000000e+00
7.783346772193908691e-01 0.000000000000000000e+00 0.000000000000000000e+00 0.000000000000000000e+00
7.987434864044189453e-01 0.000000000000000000e+00 0.000000000000000000e+00 0.000000000000000000e+00
8.191515207290649414e-01 0.000000000000000000e+00 0.000000000000000000e+00 0.000000000000000000e+00
8.395603895187377930e-01 0.000000000000000000e+00 0.000000000000000000e+00 0.000000000000000000e+00
8.599691987037658691e-01 0.000000000000000000e+00 0.000000000000000000e+00 0.000000000000000000e+00
8.803780674934387207e-01 0.000000000000000000e+00 0.000000000000000000e+00 0.000000000000000000e+00
9.007868766784667969e-01 0.000000000000000000e+00 0.000000000000000000e+00 0.000000000000000000e+00
9.211949110031127930e-01 0.000000000000000000e+00 0.000000000000000000e+00 0.000000000000000000e+00
9.416037797927856445e-01 0.000000000000000000e+00 0.000000000000000000e+00 0.000000000000000000e+00
9.620125889778137207e-01 0.000000000000000000e+00 0.000000000000000000e+00 0.000000000000000000e+00
9.824214577674865723e-01 0.000000000000000000e+00 0.000000000000000000e+00 0.000000000000000000e+00
1.002830266952514648e+00 0.000000000000000000e+00 0.000000000000000000e+00 0.000000000000000000e+00
1.023239135742187500e+00 0.000000000000000000e+00 0.000000000000000000e+00 0.000000000000000000e+00
1.043647170066833496e+00 0.000000000000000000e+00 0.000000000000000000e+00 0.000000000000000000e+00
1.064056038856506348e+00 0.000000000000000000e+00 0.000000000000000000e+00 0.000000000000000000e+00
1.084464907646179199e+00 0.000000000000000000e+00 0.000000000000000000e+00 0.000000000000000000e+00
1.104873657226562500e+00 0.000000000000000000e+00 0.000000000000000000e+00 0.000000000000000000e+00
1.125282526016235352e+00 0.000000000000000000e+00 0.000000000000000000e+00 0.000000000000000000e+00
1.145691394805908203e+00 0.000000000000000000e+00 0.000000000000000000e+00 0.000000000000000000e+00
1.166099429130554199e+00 0.000000000000000000e+00 0.000000000000000000e+00 0.000000000000000000e+00
1.186508297920227051e+00 0.000000000000000000e+00 0.000000000000000000e+00 0.000000000000000000e+00
1.206917047500610352e+00 0.000000000000000000e+00 0.000000000000000000e+00 0.000000000000000000e+00
1.227325916290283203e+00 0.000000000000000000e+00 0.000000000000000000e+00 0.000000000000000000e+00
1.247734785079956055e+00 0.000000000000000000e+00 0.000000000000000000e+00 0.000000000000000000e+00
1.268142819404602051e+00 0.000000000000000000e+00 0.000000000000000000e+00 0.000000000000000000e+00
1.288551688194274902e+00 0.000000000000000000e+00 0.000000000000000000e+00 0.000000000000000000e+00
1.308960556983947754e+00 0.000000000000000000e+00 0.000000000000000000e+00 0.000000000000000000e+00
1.329369306564331055e+00 0.000000000000000000e+00 0.000000000000000000e+00 0.000000000000000000e+00
1.349778175354003906e+00 0.000000000000000000e+00 0.000000000000000000e+00 0.000000000000000000e+00
1.411003947257995605e+00 0.000000000000000000e+00 0.000000000000000000e+00 0.000000000000000000e+00
1.431412696838378906e+00 0.000000000000000000e+00 0.000000000000000000e+00 0.000000000000000000e+00
1.451821565628051758e+00 0.000000000000000000e+00 0.000000000000000000e+00 0.000000000000000000e+00
1.472230434417724609e+00 0.000000000000000000e+00 0.000000000000000000e+00 0.000000000000000000e+00
1.492639303207397461e+00 0.000000000000000000e+00 0.000000000000000000e+00 0.000000000000000000e+00
1.574273824691772461e+00 1.032366577148437500e+03 1.032366577148437500e+03 0.000000000000000000e+00
1.594682693481445312e+00 1.338606323242187500e+03 1.338606323242187500e+03 0.000000000000000000e+00
1.655908346176147461e+00 1.918417114257812500e+03 1.918417114257812500e+03 0.000000000000000000e+00
1.676317214965820312e+00 1.927906372070312500e+03 1.927906372070312500e+03 0.000000000000000000e+00
1.696726083755493164e+00 1.969618408203125000e+03 1.969618408203125000e+03 0.000000000000000000e+00
1.717134952545166016e+00 2.039615478515625000e+03 2.039615478515625000e+03 0.000000000000000000e+00
1.819178342819213867e+00 2.294983886718750000e+03 2.294983886718750000e+03 2.240298186961808824e-07
1.839587211608886719e+00 2.260413330078125000e+03 2.260413330078125000e+03 2.566533225945022423e-07
1.859995245933532715e+00 2.225315673828125000e+03 2.225315673828125000e+03 3.069604019856342347e-07
1.880403995513916016e+00 2.156605224609375000e+03 2.156605224609375000e+03 3.639923704668035498e-07
1.900812864303588867e+00 2.100705078125000000e+03 2.100705078125000000e+03 4.051694020290597109e-07
1.921221733093261719e+00 2.057207031250000000e+03 2.057207031250000000e+03 4.144540071138180792e-07
1.941630601882934570e+00 2.029418579101562500e+03 2.029418579101562500e+03 4.027900786240934394e-07
1.962038636207580566e+00 2.016850463867187500e+03 2.016850463867187500e+03 3.881871464272990124e-07
1.982447385787963867e+00 2.021446044921875000e+03 2.021446044921875000e+03 3.784651880778255872e-07
2.002856254577636719e+00 2.031924316406250000e+03 2.031924316406250000e+03 3.763088614050502656e-07
2.064081907272338867e+00 2.115467285156250000e+03 2.115467285156250000e+03 3.626720115335047012e-07
2.084490776062011719e+00 2.144137939453125000e+03 2.144137939453125000e+03 3.558539560799545143e-07
2.104899644851684570e+00 2.160879882812500000e+03 2.160879882812500000e+03 3.494376983326219488e-07
2.125308513641357422e+00 2.179552734375000000e+03 2.179552734375000000e+03 3.428776835789903998e-07
2.145717382431030273e+00 2.195639404296875000e+03 2.195639404296875000e+03 3.385584079751424724e-07
2.166126251220703125e+00 2.210317382812500000e+03 2.210317382812500000e+03 3.361546134783566231e-07
2.186535120010375977e+00 2.223626708984375000e+03 2.223626708984375000e+03 3.353530360072909389e-07
2.206943988800048828e+00 2.235605224609375000e+03 2.235605224609375000e+03 3.366235716839582892e-07
2.227352619171142578e+00 2.249513671875000000e+03 2.249513671875000000e+03 3.447505605436163023e-07
2.288577556610107422e+00 2.329501464843750000e+03 2.329501464843750000e+03 3.523908276292786468e-07
2.329395294189453125e+00 2.339040771484375000e+03 2.339039062500000000e+03 1.663303119130432606e-03
2.431439638137817383e+00 2.425793945312500000e+03 2.139462402343750000e+03 2.863316040039062500e+02
2.472257137298583984e+00 2.475471679687500000e+03 2.110917480468750000e+03 3.645541992187500000e+02
2.492664337158203125e+00 2.509734619140625000e+03 2.147416992187500000e+03 3.623177185058593750e+02
2.553890943527221680e+00 2.574349121093750000e+03 2.120306640625000000e+03 4.540426635742187500e+02
2.594708681106567383e+00 2.587497558593750000e+03 2.134004882812500000e+03 4.534927978515625000e+02
2.615117549896240234e+00 2.603028808593750000e+03 2.142066894531250000e+03 4.609619750976562500e+02
2.717159986495971680e+00 2.622238281250000000e+03 2.151487548828125000e+03 4.707507019042968750e+02
2.757977724075317383e+00 2.642678466796875000e+03 2.157837646484375000e+03 4.848407592773437500e+02
2.778386592864990234e+00 2.648525634765625000e+03 2.155772949218750000e+03 4.927527465820312500e+02
2.798795461654663086e+00 2.650494384765625000e+03 2.152883056640625000e+03 4.976112060546875000e+02
2.819204330444335938e+00 2.645323730468750000e+03 2.145789550781250000e+03 4.995342102050781250e+02
2.839613199234008789e+00 2.646096191406250000e+03 2.137111328125000000e+03 5.089848022460937500e+02
2.860022068023681641e+00 2.643815429687500000e+03 2.121024414062500000e+03 5.227911987304687500e+02
2.880430698394775391e+00 2.703260009765625000e+03 2.143395507812500000e+03 5.598646240234375000e+02
2.900839567184448242e+00 2.699033691406250000e+03 2.153073242187500000e+03 5.459600830078125000e+02
2.921248435974121094e+00 2.694291992187500000e+03 2.160976562500000000e+03 5.333154296875000000e+02
3.023291110992431641e+00 2.619567871093750000e+03 2.096748779296875000e+03 5.228188476562500000e+02
3.043699979782104492e+00 2.631437744140625000e+03 2.104712158203125000e+03 5.267257080078125000e+02
3.064108848571777344e+00 2.612521240234375000e+03 2.117256591796875000e+03 4.952644958496093750e+02
3.309013366699218750e+00 2.648949218750000000e+03 2.099458496093750000e+03 5.494906005859375000e+02
3.329421997070312500e+00 2.715510253906250000e+03 2.140515625000000000e+03 5.749949340820312500e+02
3.431464672088623047e+00 2.706569824218750000e+03 2.122208496093750000e+03 5.843613281250000000e+02
3.615144252777099609e+00 2.703483398437500000e+03 2.082588378906250000e+03 6.208954467773437500e+02
3.635553121566772461e+00 2.692981689453125000e+03 2.084725097656250000e+03 6.082570800781250000e+02
3.860048770904541016e+00 2.757392822265625000e+03 2.120384765625000000e+03 6.370086059570312500e+02
3.900864839553833008e+00 2.744983642578125000e+03 2.114154785156250000e+03 6.308291015625000000e+02
3.921273708343505859e+00 2.741663574218750000e+03 2.112918945312500000e+03 6.287449951171875000e+02
4.023317813873291016e+00 2.791485351562500000e+03 2.145605224609375000e+03 6.458801879882812500e+02
4.043726921081542969e+00 2.812644042968750000e+03 2.160232421875000000e+03 6.524118652343750000e+02
4.145769119262695312e+00 2.811091308593750000e+03 2.168269042968750000e+03 6.428225097656250000e+02
4.288630962371826172e+00 2.797752685546875000e+03 2.164140869140625000e+03 6.336118774414062500e+02
4.390673637390136719e+00 2.820877197265625000e+03 2.178726562500000000e+03 6.421505737304687500e+02
4.411082744598388672e+00 2.819672363281250000e+03 2.171902343750000000e+03 6.477700195312500000e+02
4.431491374969482422e+00 2.833942138671875000e+03 2.186749267578125000e+03 6.471933593750000000e+02
4.451900482177734375e+00 2.842580078125000000e+03 2.193931640625000000e+03 6.486487426757812500e+02
4.472309112548828125e+00 2.848097167968750000e+03 2.200513671875000000e+03 6.475842895507812500e+02
4.492718219757080078e+00 2.851089843750000000e+03 2.203305419921875000e+03 6.477846679687500000e+02
4.615169525146484375e+00 2.836914550781250000e+03 2.199829589843750000e+03 6.370852661132812500e+02
4.778439998626708984e+00 2.853061767578125000e+03 2.212838134765625000e+03 6.402239990234375000e+02
4.941709518432617188e+00 2.891284179687500000e+03 2.242427246093750000e+03 6.488571777343750000e+02
4.982526779174804688e+00 2.896748046875000000e+03 2.247599365234375000e+03 6.491491699218750000e+02
5.002935886383056641e+00 2.898381103515625000e+03 2.248958007812500000e+03 6.494228515625000000e+02
5.023344516754150391e+00 2.894977783203125000e+03 2.248875244140625000e+03 6.461027832031250000e+02
5.043751716613769531e+00 2.905001220703125000e+03 2.255913818359375000e+03 6.490875854492187500e+02
5.084569454193115234e+00 2.912110107421875000e+03 2.261815673828125000e+03 6.502944946289062500e+02
5.104978561401367188e+00 2.912061035156250000e+03 2.264965576171875000e+03 6.470956420898437500e+02
5.125387191772460938e+00 2.916755126953125000e+03 2.269491699218750000e+03 6.472637329101562500e+02
5.145796298980712891e+00 2.917310302734375000e+03 2.270725830078125000e+03 6.465848388671875000e+02
5.166204929351806641e+00 2.924072998046875000e+03 2.279826904296875000e+03 6.442463378906250000e+02
5.186613559722900391e+00 2.909779541015625000e+03 2.270394531250000000e+03 6.393853149414062500e+02
5.207022666931152344e+00 2.912327392578125000e+03 2.273449218750000000e+03 6.388781738281250000e+02
5.227431297302246094e+00 2.915288818359375000e+03 2.276479980468750000e+03 6.388086547851562500e+02
5.288656234741210938e+00 2.937044677734375000e+03 2.294938476562500000e+03 6.421056518554687500e+02
5.309065341949462891e+00 2.940710449218750000e+03 2.299192626953125000e+03 6.415177612304687500e+02
5.329473972320556641e+00 2.942351318359375000e+03 2.300719238281250000e+03 6.416319580078125000e+02
5.349883079528808594e+00 2.940633056640625000e+03 2.300891845703125000e+03 6.397417602539062500e+02
5.370291709899902344e+00 2.943454589843750000e+03 2.305520751953125000e+03 6.379340820312500000e+02
5.390700340270996094e+00 2.944498779296875000e+03 2.307006103515625000e+03 6.374927368164062500e+02
5.492744922637939453e+00 2.952205566406250000e+03 2.318625732421875000e+03 6.335801391601562500e+02
5.594787597656250000e+00 2.968883544921875000e+03 2.336239990234375000e+03 6.326434936523437500e+02
5.615196228027343750e+00 2.969366699218750000e+03 2.336701660156250000e+03 6.326651611328125000e+02
5.656013965606689453e+00 2.974227539062500000e+03 2.340577636718750000e+03 6.336501464843750000e+02
5.676422595977783203e+00 2.975164794921875000e+03 2.343971191406250000e+03 6.311938476562500000e+02
5.696831703186035156e+00 2.977220703125000000e+03 2.346499267578125000e+03 6.307213134765625000e+02
5.798874378204345703e+00 2.982864257812500000e+03 2.353921142578125000e+03 6.289432373046875000e+02
5.819283008575439453e+00 2.979793212890625000e+03 2.352248046875000000e+03 6.275454101562500000e+02
5.839691638946533203e+00 2.982019531250000000e+03 2.355505126953125000e+03 6.265142822265625000e+02
5.880509376525878906e+00 2.982706542968750000e+03 2.360323974609375000e+03 6.223822631835937500e+02
5.900918483734130859e+00 2.983755615234375000e+03 2.361897216796875000e+03 6.218585205078125000e+02
5.921327114105224609e+00 2.984814208984375000e+03 2.363863769531250000e+03 6.209508056640625000e+02
5.962143421173095703e+00 2.981318115234375000e+03 2.363340332031250000e+03 6.179777832031250000e+02
5.982552051544189453e+00 2.984069580078125000e+03 2.365681884765625000e+03 6.183878173828125000e+02
6.002961158752441406e+00 2.988170654296875000e+03 2.368805175781250000e+03 6.193652343750000000e+02
6.023369789123535156e+00 2.987485351562500000e+03 2.370714843750000000e+03 6.167705688476562500e+02
6.105005264282226562e+00 2.998838623046875000e+03 2.382147460937500000e+03 6.166915893554687500e+02
6.125413894653320312e+00 3.001657714843750000e+03 2.384371826171875000e+03 6.172858276367187500e+02
6.145823001861572266e+00 3.005503417968750000e+03 2.388139404296875000e+03 6.173641357421875000e+02
6.166231632232666016e+00 3.044080566406250000e+03 2.428763916015625000e+03 6.153170776367187500e+02
6.186640739440917969e+00 3.005427001953125000e+03 2.390182617187500000e+03 6.152445068359375000e+02
6.207047939300537109e+00 3.012415283203125000e+03 2.395437255859375000e+03 6.169785156250000000e+02
6.227456569671630859e+00 3.011910888671875000e+03 2.397197509765625000e+03 6.147133789062500000e+02
6.288682937622070312e+00 3.018337158203125000e+03 2.404312011718750000e+03 6.140254516601562500e+02
6.309092044830322266e+00 3.020952392578125000e+03 2.407158691406250000e+03 6.137936401367187500e+02
6.329500675201416016e+00 3.021777587890625000e+03 2.408474121093750000e+03 6.133034057617187500e+02
6.349909782409667969e+00 3.020690429687500000e+03 2.409027343750000000e+03 6.116630249023437500e+02
6.451952457427978516e+00 3.027680908203125000e+03 2.418790527343750000e+03 6.088907470703125000e+02
6.513178825378417969e+00 3.027928466796875000e+03 2.420311035156250000e+03 6.076180419921875000e+02
6.533587455749511719e+00 3.028795654296875000e+03 2.421544189453125000e+03 6.072512817382812500e+02
6.594814300537109375e+00 3.032062744140625000e+03 2.427376708984375000e+03 6.046857910156250000e+02
6.635632038116455078e+00 3.031343017578125000e+03 2.427597412109375000e+03 6.037457275390625000e+02
6.656040668487548828e+00 3.032064941406250000e+03 2.428785644531250000e+03 6.032797851562500000e+02
6.676447868347167969e+00 3.024232177734375000e+03 2.422796142578125000e+03 6.014360961914062500e+02
6.696856975555419922e+00 3.042273193359375000e+03 2.432928466796875000e+03 6.093450317382812500e+02
6.717265605926513672e+00 3.035442382812500000e+03 2.435515136718750000e+03 5.999272460937500000e+02
6.778491973876953125e+00 3.040263183593750000e+03 2.441769531250000000e+03 5.984940185546875000e+02
6.798901081085205078e+00 3.089678222656250000e+03 2.467889648437500000e+03 6.217887573242187500e+02
6.941761016845703125e+00 3.058390869140625000e+03 2.460208007812500000e+03 5.981824951171875000e+02
6.962170124053955078e+00 3.050607910156250000e+03 2.458841552734375000e+03 5.917667846679687500e+02
6.982578754425048828e+00 3.043304687500000000e+03 2.453368896484375000e+03 5.899357299804687500e+02
7.002987861633300781e+00 3.052272460937500000e+03 2.462285644531250000e+03 5.899870605468750000e+02
7.023396492004394531e+00 3.053519042968750000e+03 2.464674316406250000e+03 5.888446655273437500e+02
7.043805599212646484e+00 3.055492431640625000e+03 2.467389160156250000e+03 5.881035766601562500e+02
7.064214229583740234e+00 3.055754638671875000e+03 2.469071777343750000e+03 5.866832885742187500e+02
7.105031967163085938e+00 3.056506347656250000e+03 2.470385986328125000e+03 5.861208496093750000e+02
7.125439167022705078e+00 3.056849121093750000e+03 2.471038330078125000e+03 5.858111572265625000e+02
7.145847797393798828e+00 3.049799804687500000e+03 2.465655761718750000e+03 5.841439208984375000e+02
7.166256904602050781e+00 3.042474365234375000e+03 2.459969970703125000e+03 5.825042114257812500e+02
7.186665534973144531e+00 3.059728027343750000e+03 2.474968994140625000e+03 5.847590942382812500e+02
7.207074642181396484e+00 3.060365478515625000e+03 2.476264648437500000e+03 5.841011962890625000e+02
7.227483272552490234e+00 3.058980957031250000e+03 2.476558837890625000e+03 5.824225463867187500e+02
7.247892379760742188e+00 3.058921875000000000e+03 2.477512451171875000e+03 5.814093017578125000e+02
7.268301010131835938e+00 3.111264160156250000e+03 2.531488037109375000e+03 5.797761840820312500e+02
7.288710117340087891e+00 3.059850585937500000e+03 2.479731689453125000e+03 5.801187133789062500e+02
7.309118747711181641e+00 3.060903076171875000e+03 2.482305664062500000e+03 5.785969848632812500e+02
7.329527378082275391e+00 3.062700439453125000e+03 2.484865722656250000e+03 5.778349609375000000e+02
7.349936485290527344e+00 3.061302001953125000e+03 2.484479980468750000e+03 5.768215942382812500e+02
7.370343685150146484e+00 3.061869873046875000e+03 2.485720947265625000e+03 5.761491699218750000e+02
7.390752315521240234e+00 3.062317382812500000e+03 2.486954589843750000e+03 5.753628540039062500e+02
7.411161422729492188e+00 3.079728271484375000e+03 2.505947021484375000e+03 5.737816162109375000e+02
7.431570053100585938e+00 3.064058105468750000e+03 2.491333984375000000e+03 5.727238769531250000e+02
7.492796897888183594e+00 3.066820068359375000e+03 2.493979980468750000e+03 5.728395385742187500e+02
7.513205528259277344e+00 3.073147705078125000e+03 2.501862304687500000e+03 5.712855224609375000e+02
7.533614635467529297e+00 3.067119628906250000e+03 2.495720214843750000e+03 5.713992309570312500e+02
7.554023265838623047e+00 3.066667480468750000e+03 2.495949707031250000e+03 5.707177734375000000e+02
7.574431896209716797e+00 3.066626220703125000e+03 2.496493408203125000e+03 5.701328735351562500e+02
7.594839096069335938e+00 3.066674560546875000e+03 2.498295898437500000e+03 5.683786621093750000e+02
7.615248203277587891e+00 3.065737060546875000e+03 2.498202148437500000e+03 5.675348510742187500e+02
7.635656833648681641e+00 3.059255859375000000e+03 2.493405761718750000e+03 5.658507080078125000e+02
7.656065940856933594e+00 3.066831542968750000e+03 2.502393310546875000e+03 5.644378662109375000e+02
7.676474571228027344e+00 3.066730468750000000e+03 2.503224609375000000e+03 5.635062255859375000e+02
7.696883678436279297e+00 3.065228271484375000e+03 2.504051757812500000e+03 5.611762084960937500e+02
7.717292308807373047e+00 3.068896484375000000e+03 2.507666259765625000e+03 5.612298583984375000e+02
7.737701416015625000e+00 3.069439941406250000e+03 2.509405761718750000e+03 5.600341186523437500e+02
7.758110046386718750e+00 3.069983154296875000e+03 2.510826904296875000e+03 5.591562500000000000e+02
7.778518676757812500e+00 3.071524169921875000e+03 2.513164306640625000e+03 5.583597412109375000e+02
7.798927783966064453e+00 3.072297119140625000e+03 2.514875244140625000e+03 5.574214477539062500e+02
7.819334983825683594e+00 3.072292724609375000e+03 2.515659423828125000e+03 5.566331176757812500e+02
7.839743614196777344e+00 3.072989257812500000e+03 2.517355468750000000e+03 5.556334838867187500e+02
7.860152721405029297e+00 3.073606689453125000e+03 2.518737304687500000e+03 5.548692016601562500e+02
7.880561351776123047e+00 3.074906982421875000e+03 2.520720458984375000e+03 5.541864624023437500e+02
7.900970458984375000e+00 3.075422851562500000e+03 2.521783935546875000e+03 5.536384277343750000e+02
7.962196826934814453e+00 3.077732421875000000e+03 2.522235839843750000e+03 5.554969482421875000e+02
7.982605457305908203e+00 3.079010986328125000e+03 2.522984619140625000e+03 5.560259399414062500e+02
8.003014564514160156e+00 3.134568847656250000e+03 2.579965576171875000e+03 5.546029663085937500e+02
8.023423194885253906e+00 3.122510253906250000e+03 2.549832031250000000e+03 5.726787719726562500e+02
8.043831825256347656e+00 3.086978271484375000e+03 2.532351074218750000e+03 5.546275024414062500e+02
8.064239501953125000e+00 3.080656005859375000e+03 2.527427246093750000e+03 5.532291259765625000e+02
8.084648132324218750e+00 3.080450195312500000e+03 2.527857177734375000e+03 5.525931396484375000e+02
8.145874977111816406e+00 3.083324951171875000e+03 2.531780029296875000e+03 5.515451660156250000e+02
8.166283607482910156e+00 3.083196044921875000e+03 2.532781250000000000e+03 5.504149780273437500e+02
8.186692237854003906e+00 3.082557617187500000e+03 2.532900390625000000e+03 5.496575317382812500e+02
8.207100868225097656e+00 3.083062744140625000e+03 2.533018554687500000e+03 5.500444946289062500e+02
8.349961280822753906e+00 3.084463134765625000e+03 2.539279785156250000e+03 5.451833496093750000e+02
8.390779495239257812e+00 3.083804443359375000e+03 2.542333740234375000e+03 5.414713745117187500e+02
8.411188125610351562e+00 3.211602050781250000e+03 2.672208984375000000e+03 5.393935546875000000e+02
8.452005386352539062e+00 3.082467773437500000e+03 2.545443115234375000e+03 5.370247802734375000e+02
8.472414970397949219e+00 3.082099609375000000e+03 2.545809814453125000e+03 5.362894287109375000e+02
8.574457168579101562e+00 3.082173583984375000e+03 2.547619873046875000e+03 5.345540771484375000e+02
8.594865798950195312e+00 3.082128173828125000e+03 2.548533691406250000e+03 5.335944213867187500e+02
8.615275382995605469e+00 3.082324951171875000e+03 2.548609375000000000e+03 5.337153320312500000e+02
8.635684013366699219e+00 3.080959472656250000e+03 2.548685058593750000e+03 5.322746582031250000e+02
8.656092643737792969e+00 3.081133056640625000e+03 2.549313232421875000e+03 5.318200073242187500e+02
8.676501274108886719e+00 3.080082031250000000e+03 2.549110839843750000e+03 5.309716796875000000e+02
8.696909904479980469e+00 3.079808837890625000e+03 2.549735107421875000e+03 5.300741577148437500e+02
8.717319488525390625e+00 3.079942382812500000e+03 2.550356689453125000e+03 5.295858154296875000e+02
8.737728118896484375e+00 3.159735351562500000e+03 2.631523681640625000e+03 5.282119140625000000e+02
8.758134841918945312e+00 3.078399658203125000e+03 2.551044433593750000e+03 5.273553466796875000e+02
8.778544425964355469e+00 3.078697998046875000e+03 2.551931396484375000e+03 5.267666015625000000e+02
8.798953056335449219e+00 3.078726318359375000e+03 2.552813720703125000e+03 5.259132690429687500e+02
8.880588531494140625e+00 3.079768066406250000e+03 2.555764160156250000e+03 5.240042724609375000e+02
8.941814422607421875e+00 3.078345947265625000e+03 2.557808349609375000e+03 5.205374145507812500e+02
8.982630729675292969e+00 3.079667236328125000e+03 2.560577148437500000e+03 5.190900878906250000e+02
9.003039360046386719e+00 3.074526855468750000e+03 2.557165527343750000e+03 5.173614501953125000e+02
9.043857574462890625e+00 3.086433105468750000e+03 2.571829833984375000e+03 5.146035156250000000e+02
9.064266204833984375e+00 3.077919189453125000e+03 2.564190185546875000e+03 5.137289428710937500e+02
9.207128524780273438e+00 3.079255126953125000e+03 2.568344238281250000e+03 5.109111633300781250e+02
9.227535247802734375e+00 3.078768310546875000e+03 2.569669189453125000e+03 5.090994567871093750e+02
9.247943878173828125e+00 3.077635742187500000e+03 2.569434082031250000e+03 5.082018127441406250e+02
9.268353462219238281e+00 3.075609130859375000e+03 2.568425537109375000e+03 5.071838073730468750e+02
9.288762092590332031e+00 3.075373046875000000e+03 2.568709716796875000e+03 5.066628112792968750e+02
9.329579353332519531e+00 3.071782470703125000e+03 2.565939208984375000e+03 5.058433532714843750e+02
9.452031135559082031e+00 3.076585937500000000e+03 2.573220458984375000e+03 5.033651428222656250e+02
9.472439765930175781e+00 3.060513916015625000e+03 2.560094482421875000e+03 5.004197998046875000e+02
9.492848396301269531e+00 3.059973144531250000e+03 2.559634277343750000e+03 5.003388977050781250e+02
9.513257980346679688e+00 3.059999267578125000e+03 2.561691894531250000e+03 4.983077087402343750e+02
9.533666610717773438e+00 3.064804931640625000e+03 2.566252197265625000e+03 4.985531616210937500e+02
9.554075241088867188e+00 3.067250000000000000e+03 2.568287353515625000e+03 4.989626770019531250e+02
9.574483871459960938e+00 3.068147949218750000e+03 2.570313964843750000e+03 4.978340148925781250e+02
9.594892501831054688e+00 3.069477050781250000e+03 2.572331298828125000e+03 4.971455993652343750e+02
9.615302085876464844e+00 3.068084228515625000e+03 2.571851318359375000e+03 4.962332763671875000e+02
9.635710716247558594e+00 3.066931884765625000e+03 2.571372314453125000e+03 4.955596008300781250e+02
9.656119346618652344e+00 3.067333251953125000e+03 2.573375244140625000e+03 4.939583129882812500e+02
9.676527023315429688e+00 3.066101562500000000e+03 2.572896240234375000e+03 4.932051391601562500e+02
9.696935653686523438e+00 3.067088134765625000e+03 2.574887207031250000e+03 4.922006835937500000e+02
9.717344284057617188e+00 3.066397949218750000e+03 2.574406494140625000e+03 4.919917907714843750e+02
9.737752914428710938e+00 3.067587646484375000e+03 2.576385986328125000e+03 4.912019653320312500e+02
9.758161544799804688e+00 3.065343750000000000e+03 2.575904052734375000e+03 4.894404296875000000e+02
9.778571128845214844e+00 3.064043701171875000e+03 2.575423828125000000e+03 4.886201171875000000e+02
9.798979759216308594e+00 3.065865966796875000e+03 2.577389160156250000e+03 4.884771423339843750e+02
9.819388389587402344e+00 3.064300292968750000e+03 2.576908203125000000e+03 4.873920898437500000e+02
9.839797019958496094e+00 3.065487792968750000e+03 2.578862060546875000e+03 4.866253356933593750e+02
9.860206604003906250e+00 3.064386230468750000e+03 2.578379882812500000e+03 4.860067443847656250e+02
9.880615234375000000e+00 3.063158935546875000e+03 2.577899902343750000e+03 4.852590637207031250e+02
9.901023864746093750e+00 3.064349853515625000e+03 2.579839355468750000e+03 4.845106811523437500e+02
9.921431541442871094e+00 3.063221679687500000e+03 2.579359130859375000e+03 4.838624572753906250e+02
9.941840171813964844e+00 3.062014648437500000e+03 2.578879882812500000e+03 4.831348266601562500e+02
9.962248802185058594e+00 3.061092529296875000e+03 2.578402587890625000e+03 4.826895751953125000e+02
9.982657432556152344e+00 3.059911132812500000e+03 2.577927490234375000e+03 4.819836120605468750e+02
1.000306606292724609e+01 3.060891113281250000e+03 2.579847412109375000e+03 4.810439453125000000e+02
1.002347564697265625e+01 3.059768554687500000e+03 2.579371093750000000e+03 4.803973083496093750e+02
1.004388427734375000e+01 3.058799560546875000e+03 2.578896728515625000e+03 4.799030456542968750e+02
1.006429290771484375e+01 3.057679443359375000e+03 2.578424560546875000e+03 4.792549743652343750e+02
1.008470153808593750e+01 3.058716552734375000e+03 2.580327636718750000e+03 4.783888244628906250e+02
1.010511112213134766e+01 3.057575683593750000e+03 2.579854492187500000e+03 4.777212219238281250e+02
1.012551975250244141e+01 3.056723144531250000e+03 2.579382812500000000e+03 4.773403930664062500e+02
1.014592647552490234e+01 3.055604248046875000e+03 2.578914062500000000e+03 4.766902465820312500e+02
1.016633605957031250e+01 3.054474853515625000e+03 2.578446289062500000e+03 4.760290527343750000e+02
1.018674468994140625e+01 3.053136474609375000e+03 2.577980224609375000e+03 4.751558837890625000e+02
1.020715332031250000e+01 3.052283691406250000e+03 2.577516601562500000e+03 4.747672424316406250e+02
1.022756195068359375e+01 3.053528320312500000e+03 2.579395019531250000e+03 4.741333923339843750e+02
1.024797058105468750e+01 3.052408447265625000e+03 2.578930419921875000e+03 4.734781188964843750e+02
1.026838016510009766e+01 3.051335937500000000e+03 2.578467041015625000e+03 4.728687744140625000e+02
1.030919742584228516e+01 3.050296875000000000e+03 2.577546630859375000e+03 4.727501525878906250e+02
1.032960605621337891e+01 3.049070068359375000e+03 2.577088867187500000e+03 4.719811096191406250e+02
1.035001564025878906e+01 3.049680664062500000e+03 2.576633300781250000e+03 4.730475463867187500e+02
1.037042236328125000e+01 3.049041015625000000e+03 2.578488037109375000e+03 4.705531616210937500e+02
1.039083099365234375e+01 3.048031005859375000e+03 2.578031494140625000e+03 4.699999084472656250e+02
1.041123962402343750e+01 3.044541015625000000e+03 2.575277099609375000e+03 4.692640075683593750e+02
1.043164920806884766e+01 3.047245361328125000e+03 2.577123535156250000e+03 4.701217651367187500e+02
1.045205783843994141e+01 3.046057617187500000e+03 2.576671875000000000e+03 4.693854370117187500e+02
1.047246646881103516e+01 3.044594238281250000e+03 2.576222167968750000e+03 4.683719177246093750e+02
1.049287509918212891e+01 3.045859619140625000e+03 2.578055664062500000e+03 4.678039855957031250e+02
1.051328468322753906e+01 3.041682128906250000e+03 2.575328369140625000e+03 4.663534851074218750e+02
1.053369331359863281e+01 3.052144531250000000e+03 2.586247070312500000e+03 4.658970947265625000e+02
1.055410194396972656e+01 3.043414550781250000e+03 2.578977783203125000e+03 4.644361572265625000e+02
1.057451057434082031e+01 3.042113769531250000e+03 2.578527832031250000e+03 4.635859375000000000e+02
1.059491920471191406e+01 3.040848388671875000e+03 2.578079833984375000e+03 4.627686462402343750e+02
1.061532688140869141e+01 3.040370605468750000e+03 2.577634277343750000e+03 4.627364196777343750e+02
1.063573551177978516e+01 3.039302734375000000e+03 2.577189453125000000e+03 4.621134338378906250e+02
1.065614414215087891e+01 3.040507812500000000e+03 2.578993164062500000e+03 4.615148010253906250e+02
1.067655372619628906e+01 3.039562255859375000e+03 2.571820800781250000e+03 4.677412719726562500e+02
1.069696235656738281e+01 3.038708007812500000e+03 2.578104003906250000e+03 4.606038818359375000e+02
1.071737098693847656e+01 3.037725341796875000e+03 2.577661621093750000e+03 4.600631713867187500e+02
1.073777961730957031e+01 3.036473876953125000e+03 2.577221435546875000e+03 4.592527465820312500e+02
1.075818920135498047e+01 3.035666015625000000e+03 2.576782714843750000e+03 4.588832702636718750e+02
1.077859783172607422e+01 3.034706298828125000e+03 2.576345947265625000e+03 4.583605041503906250e+02
1.079900646209716797e+01 3.035900634765625000e+03 2.578126953125000000e+03 4.577735900878906250e+02
1.081941509246826172e+01 3.034679687500000000e+03 2.577689208984375000e+03 4.569899902343750000e+02
1.083982276916503906e+01 3.033905517578125000e+03 2.577253173828125000e+03 4.566525573730468750e+02
1.086023139953613281e+01 3.032891845703125000e+03 2.576818359375000000e+03 4.560734863281250000e+02
1.088064002990722656e+01 3.031923339843750000e+03 2.576385498046875000e+03 4.555375061035156250e+02
1.090104866027832031e+01 3.033166992187500000e+03 2.578150146484375000e+03 4.550169677734375000e+02
1.092145824432373047e+01 3.032155517578125000e+03 2.577716308593750000e+03 4.544385681152343750e+02
1.094186687469482422e+01 3.031169921875000000e+03 2.577283935546875000e+03 4.538859558105468750e+02
1.096227550506591797e+01 3.030192871093750000e+03 2.576853027343750000e+03 4.533401184082031250e+02
1.098268413543701172e+01 3.029216064453125000e+03 2.576424316406250000e+03 4.527917175292968750e+02
1.100309371948242188e+01 3.028017822265625000e+03 2.575996826171875000e+03 4.520209350585937500e+02
1.102350234985351562e+01 3.029423583984375000e+03 2.577742431640625000e+03 4.516812744140625000e+02
1.104391098022460938e+01 3.028464355468750000e+03 2.577313964843750000e+03 4.511506652832031250e+02
1.106431770324707031e+01 3.027490478515625000e+03 2.576887695312500000e+03 4.506026000976562500e+02
1.108472728729248047e+01 3.026539550781250000e+03 2.576462646484375000e+03 4.500771789550781250e+02
1.110513591766357422e+01 3.025552001953125000e+03 2.576038818359375000e+03 4.495129394531250000e+02
1.112554454803466797e+01 3.024568359375000000e+03 2.575616943359375000e+03 4.489518737792968750e+02
1.114595317840576172e+01 3.023658691406250000e+03 2.575196533203125000e+03 4.484619750976562500e+02
1.116636276245117188e+01 3.022863769531250000e+03 2.574777343750000000e+03 4.480864868164062500e+02
1.118677139282226562e+01 3.023898925781250000e+03 2.576499755859375000e+03 4.473991699218750000e+02
1.120718002319335938e+01 3.025045410156250000e+03 2.578216064453125000e+03 4.468294067382812500e+02
1.122758865356445312e+01 3.024265380859375000e+03 2.577793945312500000e+03 4.464715576171875000e+02
1.124799728393554688e+01 3.023335449218750000e+03 2.577373291015625000e+03 4.459620056152343750e+02
1.126840686798095703e+01 3.022383300781250000e+03 2.576954101562500000e+03 4.454291992187500000e+02
1.128881549835205078e+01 3.021607666015625000e+03 2.576536621093750000e+03 4.450711059570312500e+02
1.130922222137451172e+01 3.020641357421875000e+03 2.576120849609375000e+03 4.445210876464843750e+02
1.132963180541992188e+01 3.019480712890625000e+03 2.575706054687500000e+03 4.437745971679687500e+02
1.135004043579101562e+01 3.019009277343750000e+03 2.575293212890625000e+03 4.437160949707031250e+02
1.137044906616210938e+01 3.017842773437500000e+03 2.574881591796875000e+03 4.429608154296875000e+02
1.139085769653320312e+01 3.016935058593750000e+03 2.574471191406250000e+03 4.424638061523437500e+02
1.141126728057861328e+01 3.016184326171875000e+03 2.574062255859375000e+03 4.421223754882812500e+02
1.143167591094970703e+01 3.015239013671875000e+03 2.573655517578125000e+03 4.415831909179687500e+02
1.145208454132080078e+01 3.014304199218750000e+03 2.573249755859375000e+03 4.410543823242187500e+02
1.147249317169189453e+01 3.013602539062500000e+03 2.572845214843750000e+03 4.407573242187500000e+02
1.149290180206298828e+01 3.012701171875000000e+03 2.572442382812500000e+03 4.402590942382812500e+02
1.161535358428955078e+01 3.005026611328125000e+03 2.567994140625000000e+03 4.370319824218750000e+02
1.163576221466064453e+01 3.006006103515625000e+03 2.567604492187500000e+03 4.384017944335937500e+02
1.165617179870605469e+01 3.003014404296875000e+03 2.565162841796875000e+03 4.378515319824218750e+02
1.173780632019042969e+01 2.999893310546875000e+03 2.563638183593750000e+03 4.362553710937500000e+02
1.179903125762939453e+01 2.998516601562500000e+03 2.562509033203125000e+03 4.360074157714843750e+02
1.181944084167480469e+01 3.003505615234375000e+03 2.558084228515625000e+03 4.454212646484375000e+02
1.183984947204589844e+01 2.995675781250000000e+03 2.561762451171875000e+03 4.339134826660156250e+02
1.188066673278808594e+01 2.996102294921875000e+03 2.563035888671875000e+03 4.330668029785156250e+02
1.202352714538574219e+01 2.976901855468750000e+03 2.548510986328125000e+03 4.283908081054687500e+02
1.204393577575683594e+01 3.006219726562500000e+03 2.564068603515625000e+03 4.421511535644531250e+02
1.206434535980224609e+01 2.990322021484375000e+03 2.557746826171875000e+03 4.325749206542968750e+02
1.214597988128662109e+01 2.976426757812500000e+03 2.548439697265625000e+03 4.279866943359375000e+02
1.216638946533203125e+01 2.981274902343750000e+03 2.554002929687500000e+03 4.272723388671875000e+02
1.218679809570312500e+01 2.992334716796875000e+03 2.561511718750000000e+03 4.308228759765625000e+02
1.220720672607421875e+01 2.983308105468750000e+03 2.557229248046875000e+03 4.260787658691406250e+02
1.222761440277099609e+01 2.980034912109375000e+03 2.554919189453125000e+03 4.251155395507812500e+02
1.224802303314208984e+01 2.981139404296875000e+03 2.556525634765625000e+03 4.246136779785156250e+02
1.226843166351318359e+01 2.979056396484375000e+03 2.554224121093750000e+03 4.248323974609375000e+02
1.228884029388427734e+01 2.977981201171875000e+03 2.553878173828125000e+03 4.241029968261718750e+02
1.232965850830078125e+01 2.978002685546875000e+03 2.555131835937500000e+03 4.228705444335937500e+02
1.235006713867187500e+01 2.977002441406250000e+03 2.554785888671875000e+03 4.222168884277343750e+02
1.239088439941406250e+01 2.975078125000000000e+03 2.554097656250000000e+03 4.209804077148437500e+02
1.245211124420166016e+01 2.972145263671875000e+03 2.553074462890625000e+03 4.190705871582031250e+02
1.247251892089843750e+01 2.971562011718750000e+03 2.552736083984375000e+03 4.188261108398437500e+02
1.251333618164062500e+01 2.969492187500000000e+03 2.552061035156250000e+03 4.174311523437500000e+02
1.253374481201171875e+01 2.966827880859375000e+03 2.549815917968750000e+03 4.170117797851562500e+02
1.255415344238281250e+01 2.966452880859375000e+03 2.549484375000000000e+03 4.169684143066406250e+02
1.257456302642822266e+01 2.965969726562500000e+03 2.549154052734375000e+03 4.168157348632812500e+02
1.259497165679931641e+01 2.966853515625000000e+03 2.550725341796875000e+03 4.161281433105468750e+02
1.265619850158691406e+01 2.963426757812500000e+03 2.549735107421875000e+03 4.136917724609375000e+02
1.271742343902587891e+01 2.962034179687500000e+03 2.550636474609375000e+03 4.113977661132812500e+02
1.273783206939697266e+01 2.959637207031250000e+03 2.548429199218750000e+03 4.112075805664062500e+02
1.275824069976806641e+01 2.958568115234375000e+03 2.548105224609375000e+03 4.104624023437500000e+02
1.279905796051025391e+01 2.962003906250000000e+03 2.545590332031250000e+03 4.164131469726562500e+02
1.290110301971435547e+01 2.952864013671875000e+03 2.544011230468750000e+03 4.088523559570312500e+02
1.292150974273681641e+01 2.952173095703125000e+03 2.543698730468750000e+03 4.084741210937500000e+02
1.296232795715332031e+01 2.951094726562500000e+03 2.543075927734375000e+03 4.080190734863281250e+02
1.302355384826660156e+01 2.948995849609375000e+03 2.542149414062500000e+03 4.068464660644531250e+02
1.304396247863769531e+01 2.942699462890625000e+03 2.536336669921875000e+03 4.063630981445312500e+02
1.308478069305419922e+01 2.946903076171875000e+03 2.541231201171875000e+03 4.056715698242187500e+02
1.310518932342529297e+01 2.946194580078125000e+03 2.540927246093750000e+03 4.052669677734375000e+02
1.316641426086425781e+01 2.944254150390625000e+03 2.540020996093750000e+03 4.042333984375000000e+02
1.318682289123535156e+01 2.943138916015625000e+03 2.539720214843750000e+03 4.034188537597656250e+02
1.328886699676513672e+01 2.939869384765625000e+03 2.538232421875000000e+03 4.016368408203125000e+02
1.330927658081054688e+01 2.937230957031250000e+03 2.536139160156250000e+03 4.010920104980468750e+02
1.332968521118164062e+01 2.937063232421875000e+03 2.535847900390625000e+03 4.012154235839843750e+02
1.335009384155273438e+01 2.936569091796875000e+03 2.537350830078125000e+03 3.992184143066406250e+02
1.337050247192382812e+01 2.933654785156250000e+03 2.535268310546875000e+03 3.983865356445312500e+02
1.339091014862060547e+01 2.933491455078125000e+03 2.534979980468750000e+03 3.985122375488281250e+02
1.347254562377929688e+01 2.930321777343750000e+03 2.533834716796875000e+03 3.964879760742187500e+02
1.349295425415039062e+01 2.928110595703125000e+03 2.531776367187500000e+03 3.963349609375000000e+02
1.351336288452148438e+01 2.925113281250000000e+03 2.529724121093750000e+03 3.953900146484375000e+02
1.353377151489257812e+01 2.928258300781250000e+03 2.532984619140625000e+03 3.952736206054687500e+02
1.355418109893798828e+01 2.925569824218750000e+03 2.530937011718750000e+03 3.946332092285156250e+02
1.357458972930908203e+01 2.925664794921875000e+03 2.530658691406250000e+03 3.950064697265625000e+02
1.359499835968017578e+01 2.930771972656250000e+03 2.530381347656250000e+03 4.003907165527343750e+02
1.361540508270263672e+01 2.859945312500000000e+03 2.465050781250000000e+03 3.948948669433593750e+02
1.363581562042236328e+01 2.925691894531250000e+03 2.531585449218750000e+03 3.941063537597656250e+02
1.365622234344482422e+01 2.925286865234375000e+03 2.531308105468750000e+03 3.939790039062500000e+02
1.367663288116455078e+01 2.922531738281250000e+03 2.529281005859375000e+03 3.932509155273437500e+02
1.369704055786132812e+01 2.921675048828125000e+03 2.529007812500000000e+03 3.926675109863281250e+02
1.371745109558105469e+01 2.922242919921875000e+03 2.530480224609375000e+03 3.917630615234375000e+02
1.373785781860351562e+01 2.919502929687500000e+03 2.528464111328125000e+03 3.910389404296875000e+02
1.375826835632324219e+01 2.918681884765625000e+03 2.528193115234375000e+03 3.904885864257812500e+02
1.377867507934570312e+01 2.918180664062500000e+03 2.527923583984375000e+03 3.902569580078125000e+02
1.379908561706542969e+01 2.917375244140625000e+03 2.527654052734375000e+03 3.897214355468750000e+02
1.381949329376220703e+01 2.914808105468750000e+03 2.525653808593750000e+03 3.891545410156250000e+02
1.383990383148193359e+01 2.915794677734375000e+03 2.527118408203125000e+03 3.886764526367187500e+02
1.386031055450439453e+01 2.913615234375000000e+03 2.525124511718750000e+03 3.884910278320312500e+02
1.388071823120117188e+01 2.914527343750000000e+03 2.526585937500000000e+03 3.879413146972656250e+02
1.390112876892089844e+01 2.913736328125000000e+03 2.526320556640625000e+03 3.874158935546875000e+02
1.392153549194335938e+01 2.911584960937500000e+03 2.524336914062500000e+03 3.872483825683593750e+02
1.394194602966308594e+01 2.910991455078125000e+03 2.524075439453125000e+03 3.869160461425781250e+02
1.396235370635986328e+01 2.912104980468750000e+03 2.525530029296875000e+03 3.865751342773437500e+02
1.398276424407958984e+01 2.909636718750000000e+03 2.523555419921875000e+03 3.860820007324218750e+02
1.400317096710205078e+01 2.909043945312500000e+03 2.523296875000000000e+03 3.857476806640625000e+02
1.402358150482177734e+01 2.906571777343750000e+03 2.521331298828125000e+03 3.852406005859375000e+02
1.404398918151855469e+01 2.907701171875000000e+03 2.522781738281250000e+03 3.849196472167968750e+02
1.406439971923828125e+01 2.907143554687500000e+03 2.522524414062500000e+03 3.846191406250000000e+02
1.408480644226074219e+01 2.904886230468750000e+03 2.520569580078125000e+03 3.843169250488281250e+02
1.410521411895751953e+01 2.904323974609375000e+03 2.520317138671875000e+03 3.840072021484375000e+02
1.412562465667724609e+01 2.903604980468750000e+03 2.520064941406250000e+03 3.835398559570312500e+02
1.414603137969970703e+01 2.903221435546875000e+03 2.519813720703125000e+03 3.834082031250000000e+02
1.416644191741943359e+01 2.900819824218750000e+03 2.517873291015625000e+03 3.829464416503906250e+02
1.418684959411621094e+01 2.900276611328125000e+03 2.517626464843750000e+03 3.826500549316406250e+02
1.420725917816162109e+01 2.899744140625000000e+03 2.517379150390625000e+03 3.823652648925781250e+02
1.422766685485839844e+01 2.899070068359375000e+03 2.517134033203125000e+03 3.819365539550781250e+02
1.424807739257812500e+01 2.898536865234375000e+03 2.516888427734375000e+03 3.816487426757812500e+02
1.426848411560058594e+01 2.896179931640625000e+03 2.514966308593750000e+03 3.812138977050781250e+02
1.428889465332031250e+01 2.897509033203125000e+03 2.516399902343750000e+03 3.811095581054687500e+02
1.430930233001708984e+01 2.895175048828125000e+03 2.514484130859375000e+03 3.806909484863281250e+02
1.432970905303955078e+01 2.894675292968750000e+03 2.514244628906250000e+03 3.804304504394531250e+02
1.435011959075927734e+01 2.894146728515625000e+03 2.514004882812500000e+03 3.801421813964843750e+02
1.437052726745605469e+01 2.893660888671875000e+03 2.513766601562500000e+03 3.798945922851562500e+02
1.439093780517578125e+01 2.891310302734375000e+03 2.511864990234375000e+03 3.794457092285156250e+02
1.441134452819824219e+01 2.890661865234375000e+03 2.511630126953125000e+03 3.790324707031250000e+02
1.443175506591796875e+01 2.890306640625000000e+03 2.511395507812500000e+03 3.789116516113281250e+02
1.445216274261474609e+01 2.889650146484375000e+03 2.511162109375000000e+03 3.784880676269531250e+02
1.447257328033447266e+01 2.887662353515625000e+03 2.509274658203125000e+03 3.783881530761718750e+02
1.449298000335693359e+01 2.886982666015625000e+03 2.509045166015625000e+03 3.779374694824218750e+02
1.451339054107666016e+01 2.888117431640625000e+03 2.510465087890625000e+03 3.776523132324218750e+02
1.453379821777343750e+01 2.885794433593750000e+03 2.508587402343750000e+03 3.772069396972656250e+02
1.455420494079589844e+01 2.885468017578125000e+03 2.508359375000000000e+03 3.771087646484375000e+02
1.457461547851562500e+01 2.884800781250000000e+03 2.508131591796875000e+03 3.766694335937500000e+02
1.459502315521240234e+01 2.884294677734375000e+03 2.507905029296875000e+03 3.763898620605468750e+02
1.461543273925781250e+01 2.882139404296875000e+03 2.506040527343750000e+03 3.760988464355468750e+02
1.463584041595458984e+01 2.881460937500000000e+03 2.505817871093750000e+03 3.756429138183593750e+02
1.465625095367431641e+01 2.880952392578125000e+03 2.505594970703125000e+03 3.753581237792968750e+02
1.467665767669677734e+01 2.880443115234375000e+03 2.505373535156250000e+03 3.750695495605468750e+02
1.469706821441650391e+01 2.878308105468750000e+03 2.503522949218750000e+03 3.747852478027343750e+02
1.471747589111328125e+01 2.877612792968750000e+03 2.503304443359375000e+03 3.743088989257812500e+02
1.473788642883300781e+01 2.877111083984375000e+03 2.503086425781250000e+03 3.740247497558593750e+02
1.475829315185546875e+01 2.876615478515625000e+03 2.502869384765625000e+03 3.737463073730468750e+02
1.477870082855224609e+01 2.874446289062500000e+03 2.501032958984375000e+03 3.734136962890625000e+02
1.479911136627197266e+01 2.875386962890625000e+03 2.502436523437500000e+03 3.729504394531250000e+02
1.481951808929443359e+01 2.873118408203125000e+03 2.500606201171875000e+03 3.725120544433593750e+02
1.483992862701416016e+01 2.872608642578125000e+03 2.500393066406250000e+03 3.722156066894531250e+02
1.486033630371093750e+01 2.872114990234375000e+03 2.500181152343750000e+03 3.719341430664062500e+02
1.488074684143066406e+01 2.870001708984375000e+03 2.498360839843750000e+03 3.716412048339843750e+02
1.490115356445312500e+01 2.869337890625000000e+03 2.498152099609375000e+03 3.711862792968750000e+02
1.492156410217285156e+01 2.867244140625000000e+03 2.496339355468750000e+03 3.709044799804687500e+02
1.494197177886962891e+01 2.868205810546875000e+03 2.497736328125000000e+03 3.704701843261718750e+02
1.496238231658935547e+01 2.866134033203125000e+03 2.495929199218750000e+03 3.702052612304687500e+02
1.498278903961181641e+01 2.865867431640625000e+03 2.495725097656250000e+03 3.701426696777343750e+02
1.500319957733154297e+01 2.863442382812500000e+03 2.493925781250000000e+03 3.695168457031250000e+02
1.502360725402832031e+01 2.864559570312500000e+03 2.495318359375000000e+03 3.692410888671875000e+02
1.504401397705078125e+01 2.862496093750000000e+03 2.493524414062500000e+03 3.689714965820312500e+02
1.506442451477050781e+01 2.860452880859375000e+03 2.491735351562500000e+03 3.687177124023437500e+02
1.508483123779296875e+01 2.861434814453125000e+03 2.493125488281250000e+03 3.683093566894531250e+02
1.510524177551269531e+01 2.859398437500000000e+03 2.491341552734375000e+03 3.680570678710937500e+02
1.512564945220947266e+01 2.858783203125000000e+03 2.491145507812500000e+03 3.676380310058593750e+02
1.514605998992919922e+01 2.858504638671875000e+03 2.490949951171875000e+03 3.675543823242187500e+02
1.516646671295166016e+01 2.857920654296875000e+03 2.490754882812500000e+03 3.671661682128906250e+02
1.518687725067138672e+01 2.855902099609375000e+03 2.488983398437500000e+03 3.669189758300781250e+02
1.520728492736816406e+01 2.855305664062500000e+03 2.488791992187500000e+03 3.665142517089843750e+02
1.522769546508789062e+01 2.854910156250000000e+03 2.488600097656250000e+03 3.663099975585937500e+02
1.524810218811035156e+01 2.852915283203125000e+03 2.486839599609375000e+03 3.660755920410156250e+02
1.526850986480712891e+01 2.852333251953125000e+03 2.486651855468750000e+03 3.656815490722656250e+02
1.528892040252685547e+01 2.851779541015625000e+03 2.486463623046875000e+03 3.653160705566406250e+02
1.530932712554931641e+01 2.851206054687500000e+03 2.486276611328125000e+03 3.649294433593750000e+02
1.532973766326904297e+01 2.849395263671875000e+03 2.484527832031250000e+03 3.648675231933593750e+02
1.535014533996582031e+01 2.850384521484375000e+03 2.485903076171875000e+03 3.644815063476562500e+02
1.537055587768554688e+01 2.848411132812500000e+03 2.484159667968750000e+03 3.642514343261718750e+02
1.539096260070800781e+01 2.847876708984375000e+03 2.483976806640625000e+03 3.639001464843750000e+02
1.541137313842773438e+01 2.847480468750000000e+03 2.483793701171875000e+03 3.636868896484375000e+02
1.543178081512451172e+01 2.845532714843750000e+03 2.482060546875000000e+03 3.634722595214843750e+02
1.545219039916992188e+01 2.845125976562500000e+03 2.481880615234375000e+03 3.632457885742187500e+02
1.547259807586669922e+01 2.843032470703125000e+03 2.480154296875000000e+03 3.628782958984375000e+02
1.549300575256347656e+01 2.844186523437500000e+03 2.481522949218750000e+03 3.626639099121093750e+02
1.551341533660888672e+01 2.842079589843750000e+03 2.479800781250000000e+03 3.622790222167968750e+02
1.553382301330566406e+01 2.841697998046875000e+03 2.479625244140625000e+03 3.620729980468750000e+02
1.555423355102539062e+01 2.841136962890625000e+03 2.479449951171875000e+03 3.616870422363281250e+02
1.557464027404785156e+01 2.840728515625000000e+03 2.479275390625000000e+03 3.614532775878906250e+02
1.559505081176757812e+01 2.838801025390625000e+03 2.477565429687500000e+03 3.612359313964843750e+02
1.561545848846435547e+01 2.839767333984375000e+03 2.478926757812500000e+03 3.608406066894531250e+02
1.563586902618408203e+01 2.837825439453125000e+03 2.477221923828125000e+03 3.606037902832031250e+02
1.565627574920654297e+01 2.837250244140625000e+03 2.477051025390625000e+03 3.601994628906250000e+02
1.567668342590332031e+01 2.835328369140625000e+03 2.475353759765625000e+03 3.599747009277343750e+02
1.569709396362304688e+01 2.834793212890625000e+03 2.475185058593750000e+03 3.596084289550781250e+02
1.571750068664550781e+01 2.834533203125000000e+03 2.475017578125000000e+03 3.595152587890625000e+02
1.573791122436523438e+01 2.832438232421875000e+03 2.473329101562500000e+03 3.591093750000000000e+02
1.575831890106201172e+01 2.833565429687500000e+03 2.474683105468750000e+03 3.588823242187500000e+02
1.577872943878173828e+01 2.831493652343750000e+03 2.472999267578125000e+03 3.584940795898437500e+02
1.579913616180419922e+01 2.829579345703125000e+03 2.471320068359375000e+03 3.582594299316406250e+02
1.581954383850097656e+01 2.830543945312500000e+03 2.472671875000000000e+03 3.578722229003906250e+02
1.583995437622070312e+01 2.828481201171875000e+03 2.470997070312500000e+03 3.574843444824218750e+02
1.586036109924316406e+01 2.828083251953125000e+03 2.470836669921875000e+03 3.572470703125000000e+02
1.588077163696289062e+01 2.827536621093750000e+03 2.470675781250000000e+03 3.568608398437500000e+02
1.590117931365966797e+01 2.825646972656250000e+03 2.469010498046875000e+03 3.566363220214843750e+02
1.592158889770507812e+01 2.825105224609375000e+03 2.468852294921875000e+03 3.562532653808593750e+02
1.594199657440185547e+01 2.824887451171875000e+03 2.468695068359375000e+03 3.561925048828125000e+02
1.596240711212158203e+01 2.822850341796875000e+03 2.467038330078125000e+03 3.558118286132812500e+02
1.598281383514404297e+01 2.822478027343750000e+03 2.466884033203125000e+03 3.555936889648437500e+02
1.600322532653808594e+01 2.820477050781250000e+03 2.465233886718750000e+03 3.552431335449218750e+02
1.602363204956054688e+01 2.821594970703125000e+03 2.466576171875000000e+03 3.550190429687500000e+02
1.604404258728027344e+01 2.819622558593750000e+03 2.464930419921875000e+03 3.546922607421875000e+02
1.606444931030273438e+01 2.817755859375000000e+03 2.463289306640625000e+03 3.544667968750000000e+02
1.608485603332519531e+01 2.818750244140625000e+03 2.464628906250000000e+03 3.541215515136718750e+02
1.610526657104492188e+01 2.816942138671875000e+03 2.462991699218750000e+03 3.539504394531250000e+02
1.612567520141601562e+01 2.814961914062500000e+03 2.461359375000000000e+03 3.536024780273437500e+02
1.614608573913574219e+01 2.816108642578125000e+03 2.462696044921875000e+03 3.534122924804687500e+02
1.616649246215820312e+01 2.814160644531250000e+03 2.461068115234375000e+03 3.530924682617187500e+02
1.618690299987792969e+01 2.812352050781250000e+03 2.459443847656250000e+03 3.529079895019531250e+02
1.620730972290039062e+01 2.813362060546875000e+03 2.460778320312500000e+03 3.525837402343750000e+02
1.622772026062011719e+01 2.811726318359375000e+03 2.459158203125000000e+03 3.525681152343750000e+02
1.624812698364257812e+01 2.809792236328125000e+03 2.457542968750000000e+03 3.522493286132812500e+02
1.626853752136230469e+01 2.810949951171875000e+03 2.458874267578125000e+03 3.520756530761718750e+02
1.628894615173339844e+01 2.809024414062500000e+03 2.457263183593750000e+03 3.517609558105468750e+02
1.630935287475585938e+01 2.807117675781250000e+03 2.455656738281250000e+03 3.514606628417968750e+02
1.632976341247558594e+01 2.808282714843750000e+03 2.456985351562500000e+03 3.512978210449218750e+02
1.635017013549804688e+01 2.806372558593750000e+03 2.455382568359375000e+03 3.509908142089843750e+02
1.637058067321777344e+01 2.806062988281250000e+03 2.455245849609375000e+03 3.508174438476562500e+02
1.639098739624023438e+01 2.805613281250000000e+03 2.455110107421875000e+03 3.505038146972656250e+02
1.641139793395996094e+01 2.803871582031250000e+03 2.453515380859375000e+03 3.503567810058593750e+02
1.643180465698242188e+01 2.803434326171875000e+03 2.453382080078125000e+03 3.500522766113281250e+02
1.645221519470214844e+01 2.803267333984375000e+03 2.453248779296875000e+03 3.500187683105468750e+02
1.647262382507324219e+01 2.801209716796875000e+03 2.451662597656250000e+03 3.495475769042968750e+02
1.649303436279296875e+01 2.801055419921875000e+03 2.451531494140625000e+03 3.495238647460937500e+02
1.651344108581542969e+01 2.800618164062500000e+03 2.451401367187500000e+03 3.492170410156250000e+02
1.653384780883789062e+01 2.800312744140625000e+03 2.451271484375000000e+03 3.490416870117187500e+02
1.655425834655761719e+01 2.798392822265625000e+03 2.449695068359375000e+03 3.486978149414062500e+02
1.657466506958007812e+01 2.798104736328125000e+03 2.449567871093750000e+03 3.485373840332031250e+02
1.659507560729980469e+01 2.797644531250000000e+03 2.449440185546875000e+03 3.482046813964843750e+02
1.661548423767089844e+01 2.795893310546875000e+03 2.447872558593750000e+03 3.480210266113281250e+02
1.663589477539062500e+01 2.796869140625000000e+03 2.449186279296875000e+03 3.476834716796875000e+02
1.665630149841308594e+01 2.795113037109375000e+03 2.447622802734375000e+03 3.474905700683593750e+02
1.667671203613281250e+01 2.793343750000000000e+03 2.446062500000000000e+03 3.472808532714843750e+02
1.669711875915527344e+01 2.794451171875000000e+03 2.447374023437500000e+03 3.470772094726562500e+02
1.671752929687500000e+01 2.792544433593750000e+03 2.445818115234375000e+03 3.467264709472656250e+02
1.673793601989746094e+01 2.790792236328125000e+03 2.444266357421875000e+03 3.465263671875000000e+02
1.675834465026855469e+01 2.791733886718750000e+03 2.445575439453125000e+03 3.461583557128906250e+02
1.677875518798828125e+01 2.790104980468750000e+03 2.444027343750000000e+03 3.460780029296875000e+02
1.679916191101074219e+01 2.789482421875000000e+03 2.443908447265625000e+03 3.455743103027343750e+02
1.681957244873046875e+01 2.789284179687500000e+03 2.443789306640625000e+03 3.454946899414062500e+02
1.683997917175292969e+01 2.787396728515625000e+03 2.442249511718750000e+03 3.451476135253906250e+02
1.686038970947265625e+01 2.787068603515625000e+03 2.442132324218750000e+03 3.449359741210937500e+02
1.688079643249511719e+01 2.786543212890625000e+03 2.442016357421875000e+03 3.445272827148437500e+02
1.690120697021484375e+01 2.784797607421875000e+03 2.440483886718750000e+03 3.443136291503906250e+02
1.692161369323730469e+01 2.784450195312500000e+03 2.440370117187500000e+03 3.440800476074218750e+02
1.694202423095703125e+01 2.783957031250000000e+03 2.440256347656250000e+03 3.437013549804687500e+02
1.696243286132812500e+01 2.782220703125000000e+03 2.438731689453125000e+03 3.434892883300781250e+02
1.698283958435058594e+01 2.781730712890625000e+03 2.438620361328125000e+03 3.431109924316406250e+02
1.700325012207031250e+01 2.781529785156250000e+03 2.438508789062500000e+03 3.430211486816406250e+02
1.702365684509277344e+01 2.779647949218750000e+03 2.436992187500000000e+03 3.426560058593750000e+02
1.704406738281250000e+01 2.777919189453125000e+03 2.435478027343750000e+03 3.424414062500000000e+02
1.706447410583496094e+01 2.778843994140625000e+03 2.436774169921875000e+03 3.420702514648437500e+02
1.708488464355468750e+01 2.777128662109375000e+03 2.435264404296875000e+03 3.418645935058593750e+02
1.710529327392578125e+01 2.775271484375000000e+03 2.433758300781250000e+03 3.415133972167968750e+02
1.712570381164550781e+01 2.776492919921875000e+03 2.435051513671875000e+03 3.414416809082031250e+02
1.714611053466796875e+01 2.774646972656250000e+03 2.433549316406250000e+03 3.410976867675781250e+02
1.716652107238769531e+01 2.772942871093750000e+03 2.432050537109375000e+03 3.408925781250000000e+02
1.718692779541015625e+01 2.772503906250000000e+03 2.431948730468750000e+03 3.405554199218750000e+02
1.720733833312988281e+01 2.772199218750000000e+03 2.431846435546875000e+03 3.403534851074218750e+02
1.722774505615234375e+01 2.770374267578125000e+03 2.430355224609375000e+03 3.400191345214843750e+02
1.724815368652343750e+01 2.770226562500000000e+03 2.430255859375000000e+03 3.399713134765625000e+02
1.726856231689453125e+01 2.769809570312500000e+03 2.430156005859375000e+03 3.396539001464843750e+02
1.728897094726562500e+01 2.768135253906250000e+03 2.428671630859375000e+03 3.394641113281250000e+02
1.730938148498535156e+01 2.767716552734375000e+03 2.428574218750000000e+03 3.391424560546875000e+02
1.732978820800781250e+01 2.766070800781250000e+03 2.427095703125000000e+03 3.389750671386718750e+02
1.735019874572753906e+01 2.767181884765625000e+03 2.428379882812500000e+03 3.388020629882812500e+02
1.737060546875000000e+01 2.765532958984375000e+03 2.426905273437500000e+03 3.386276550292968750e+02
1.739101600646972656e+01 2.763742675781250000e+03 2.425433349609375000e+03 3.383094177246093750e+02
1.741142272949218750e+01 2.764847412109375000e+03 2.426715332031250000e+03 3.381322326660156250e+02
1.743183326721191406e+01 2.763079101562500000e+03 2.425247314453125000e+03 3.378321838378906250e+02
1.745224189758300781e+01 2.761444335937500000e+03 2.423782958984375000e+03 3.376613769531250000e+02
1.747264862060546875e+01 2.761182128906250000e+03 2.423692138671875000e+03 3.374902038574218750e+02
1.749305915832519531e+01 2.760911621093750000e+03 2.423601562500000000e+03 3.373099365234375000e+02
1.751346588134765625e+01 2.759137451171875000e+03 2.422144287109375000e+03 3.369937133789062500e+02
1.753387641906738281e+01 2.758889160156250000e+03 2.422055419921875000e+03 3.368337402343750000e+02
1.755428314208984375e+01 2.758621826171875000e+03 2.421967285156250000e+03 3.366543884277343750e+02
1.757469367980957031e+01 2.756990722656250000e+03 2.420516601562500000e+03 3.364739379882812500e+02
1.759510231018066406e+01 2.756584472656250000e+03 2.420430175781250000e+03 3.361549682617187500e+02
1.761551284790039062e+01 2.756312988281250000e+03 2.420343750000000000e+03 3.359698791503906250e+02
1.763591957092285156e+01 2.754543945312500000e+03 2.418900634765625000e+03 3.356432495117187500e+02
1.765633010864257812e+01 2.754413330078125000e+03 2.418815917968750000e+03 3.355976562500000000e+02
1.767673683166503906e+01 2.754006347656250000e+03 2.418732177734375000e+03 3.352745056152343750e+02
1.769714355468750000e+01 2.752360595703125000e+03 2.417295654296875000e+03 3.350648803710937500e+02
1.771755409240722656e+01 2.752078125000000000e+03 2.417213134765625000e+03 3.348648986816406250e+02
1.773796081542968750e+01 2.751787597656250000e+03 2.417131347656250000e+03 3.346565246582031250e+02
1.775837135314941406e+01 2.750020996093750000e+03 2.415701416015625000e+03 3.343199157714843750e+02
1.777877998352050781e+01 2.749844726562500000e+03 2.415621582031250000e+03 3.342232360839843750e+02
1.779919052124023438e+01 2.748076660156250000e+03 2.414196533203125000e+03 3.338801574707031250e+02
1.781959724426269531e+01 2.747774414062500000e+03 2.414118652343750000e+03 3.336563110351562500e+02
1.784000778198242188e+01 2.747483154296875000e+03 2.414040283203125000e+03 3.334432373046875000e+02
1.786041450500488281e+01 2.745814453125000000e+03 2.412622558593750000e+03 3.331923828125000000e+02
1.788082504272460938e+01 2.746720947265625000e+03 2.413885009765625000e+03 3.328357849121093750e+02
1.790123176574707031e+01 2.745056152343750000e+03 2.412470214843750000e+03 3.325859680175781250e+02
1.792164039611816406e+01 2.743430664062500000e+03 2.411059082031250000e+03 3.323719482421875000e+02
1.794205093383789062e+01 2.744425292968750000e+03 2.412319091796875000e+03 3.321063537597656250e+02
1.796245765686035156e+01 2.742657470703125000e+03 2.410911376953125000e+03 3.317461547851562500e+02
1.798286819458007812e+01 2.741143310546875000e+03 2.409506103515625000e+03 3.316371154785156250e+02
1.800327491760253906e+01 2.740687988281250000e+03 2.409434326171875000e+03 3.312535095214843750e+02
1.802368545532226562e+01 2.740381103515625000e+03 2.409362060546875000e+03 3.310191650390625000e+02
1.804409217834472656e+01 2.738739990234375000e+03 2.407963867187500000e+03 3.307763061523437500e+02
1.806450271606445312e+01 2.738437988281250000e+03 2.407893554687500000e+03 3.305442199707031250e+02
1.808491134643554688e+01 2.736652832031250000e+03 2.406500244140625000e+03 3.301530151367187500e+02
1.810531997680664062e+01 2.736348876953125000e+03 2.406431884765625000e+03 3.299168090820312500e+02
1.812572860717773438e+01 2.736050048828125000e+03 2.406364013671875000e+03 3.296862487792968750e+02
1.814613533020019531e+01 2.734434082031250000e+03 2.404977050781250000e+03 3.294570312500000000e+02
1.816654586791992188e+01 2.732668701171875000e+03 2.403592773437500000e+03 3.290761718750000000e+02
1.818695259094238281e+01 2.733810791015625000e+03 2.404844482421875000e+03 3.289663391113281250e+02
1.820736312866210938e+01 2.732090820312500000e+03 2.403463378906250000e+03 3.286274414062500000e+02
1.822776985168457031e+01 2.730496093750000000e+03 2.402085937500000000e+03 3.284107055664062500e+02
1.824818038940429688e+01 2.730068115234375000e+03 2.402023193359375000e+03 3.280448913574218750e+02
1.826858901977539062e+01 2.728608886718750000e+03 2.400650146484375000e+03 3.279585876464843750e+02
1.828899955749511719e+01 2.728195556640625000e+03 2.400588867187500000e+03 3.276071472167968750e+02
1.830940628051757812e+01 2.727951904296875000e+03 2.400528320312500000e+03 3.274235229492187500e+02
1.832981681823730469e+01 2.726235595703125000e+03 2.399161132812500000e+03 3.270746154785156250e+02
1.835022354125976562e+01 2.724793945312500000e+03 2.397797607421875000e+03 3.269961242675781250e+02
1.837063026428222656e+01 2.724401611328125000e+03 2.397740234375000000e+03 3.266612854003906250e+02
1.839104080200195312e+01 2.722846679687500000e+03 2.396381103515625000e+03 3.264651794433593750e+02
1.841144943237304688e+01 2.722477783203125000e+03 2.396325439453125000e+03 3.261526794433593750e+02
1.843185997009277344e+01 2.722222900390625000e+03 2.396269531250000000e+03 3.259537963867187500e+02
1.845226669311523438e+01 2.720683837890625000e+03 2.394916748046875000e+03 3.257674255371093750e+02
1.847267723083496094e+01 2.720305664062500000e+03 2.394862304687500000e+03 3.254433593750000000e+02
1.849308395385742188e+01 2.718777099609375000e+03 2.393513671875000000e+03 3.252635192871093750e+02
1.851349449157714844e+01 2.718437500000000000e+03 2.393461181640625000e+03 3.249763793945312500e+02
1.853390121459960938e+01 2.718287109375000000e+03 2.393409179687500000e+03 3.248776550292968750e+02
1.855431175231933594e+01 2.716628662109375000e+03 2.392066650390625000e+03 3.245617370605468750e+02
1.857471847534179688e+01 2.715102539062500000e+03 2.390727539062500000e+03 3.243751525878906250e+02
1.859512901306152344e+01 2.714873779296875000e+03 2.390677978515625000e+03 3.241956176757812500e+02
1.861553764343261719e+01 2.714512939453125000e+03 2.390629150390625000e+03 3.238836975097656250e+02
1.863594436645507812e+01 2.713124023437500000e+03 2.389295898437500000e+03 3.238284301757812500e+02
1.865635490417480469e+01 2.712757324218750000e+03 2.389248291015625000e+03 3.235086669921875000e+02
1.867676162719726562e+01 2.711112060546875000e+03 2.387919433593750000e+03 3.231926574707031250e+02
1.869717216491699219e+01 2.710866699218750000e+03 2.387873291015625000e+03 3.229933166503906250e+02
1.871757888793945312e+01 2.710494628906250000e+03 2.387828125000000000e+03 3.226662597656250000e+02
1.873798942565917969e+01 2.709093994140625000e+03 2.386504638671875000e+03 3.225893859863281250e+02
1.875839805603027344e+01 2.707455566406250000e+03 2.385184326171875000e+03 3.222715454101562500e+02
1.877880859375000000e+01 2.708487304687500000e+03 2.386416503906250000e+03 3.220709228515625000e+02
1.879921531677246094e+01 2.707072265625000000e+03 2.385099365234375000e+03 3.219729919433593750e+02
1.881962585449218750e+01 2.706706298828125000e+03 2.385056640625000000e+03 3.216499023437500000e+02
1.884003257751464844e+01 2.705207275390625000e+03 2.383743896484375000e+03 3.214633789062500000e+02
1.886043930053710938e+01 2.704834960937500000e+03 2.383703369140625000e+03 3.211317138671875000e+02
1.888084983825683594e+01 2.704602539062500000e+03 2.383662109375000000e+03 3.209401245117187500e+02
1.890125846862792969e+01 2.703088134765625000e+03 2.382355224609375000e+03 3.207331848144531250e+02
1.892166900634765625e+01 2.702842041015625000e+03 2.382315673828125000e+03 3.205263977050781250e+02
1.894207572937011719e+01 2.702476806640625000e+03 2.382276611328125000e+03 3.202005004882812500e+02
1.896248626708984375e+01 2.700949462890625000e+03 2.380974853515625000e+03 3.199746704101562500e+02
1.898289299011230469e+01 2.699434082031250000e+03 2.379676269531250000e+03 3.197578735351562500e+02
1.900330352783203125e+01 2.700424316406250000e+03 2.380899658203125000e+03 3.195248718261718750e+02
1.902371025085449219e+01 2.698778564453125000e+03 2.379604003906250000e+03 3.191747131347656250e+02
1.904412078857421875e+01 2.697391357421875000e+03 2.378310791015625000e+03 3.190805664062500000e+02
1.906452751159667969e+01 2.697010742187500000e+03 2.378276367187500000e+03 3.187341613769531250e+02
1.908493614196777344e+01 2.695495361328125000e+03 2.376987548828125000e+03 3.185077209472656250e+02
1.910534667968750000e+01 2.693978271484375000e+03 2.375701416015625000e+03 3.182768249511718750e+02
1.912575340270996094e+01 2.693724121093750000e+03 2.375669677734375000e+03 3.180544738769531250e+02
1.914616394042968750e+01 2.692084716796875000e+03 2.374387451171875000e+03 3.176971435546875000e+02
1.916657066345214844e+01 2.691858642578125000e+03 2.374357421875000000e+03 3.175014343261718750e+02
1.918698120117187500e+01 2.690262207031250000e+03 2.373079345703125000e+03 3.171831054687500000e+02
1.920738792419433594e+01 2.688795166015625000e+03 2.371804443359375000e+03 3.169911193847656250e+02
1.922779846191406250e+01 2.688434082031250000e+03 2.371776855468750000e+03 3.166576538085937500e+02
1.924820709228515625e+01 2.686952880859375000e+03 2.370506103515625000e+03 3.164471130371093750e+02
1.926861763000488281e+01 2.685452392578125000e+03 2.369237060546875000e+03 3.162153930664062500e+02
1.928902435302734375e+01 2.685207031250000000e+03 2.369212890625000000e+03 3.159942932128906250e+02
1.930943107604980469e+01 2.683617431640625000e+03 2.367948730468750000e+03 3.156686096191406250e+02
1.932984161376953125e+01 2.682165771484375000e+03 2.366687011718750000e+03 3.154787597656250000e+02
1.935024833679199219e+01 2.683075439453125000e+03 2.367902099609375000e+03 3.151737670898437500e+02
1.937065887451171875e+01 2.681612060546875000e+03 2.366643310546875000e+03 3.149692382812500000e+02
1.939106750488281250e+01 2.680020507812500000e+03 2.365386962890625000e+03 3.146339416503906250e+02
1.941147613525390625e+01 2.679731445312500000e+03 2.365366455078125000e+03 3.143652954101562500e+02
1.943188476562500000e+01 2.678079101562500000e+03 2.364114013671875000e+03 3.139652404785156250e+02
1.945229530334472656e+01 2.676522949218750000e+03 2.362864257812500000e+03 3.136587524414062500e+02
1.947270202636718750e+01 2.676169189453125000e+03 2.362846679687500000e+03 3.133222961425781250e+02
1.949311256408691406e+01 2.674629882812500000e+03 2.361601074218750000e+03 3.130287170410156250e+02
1.951351928710937500e+01 2.673000000000000000e+03 2.360357910156250000e+03 3.126423950195312500e+02
1.953392601013183594e+01 2.672906250000000000e+03 2.360343017578125000e+03 3.125630187988281250e+02
1.955433654785156250e+01 2.671386474609375000e+03 2.359103515625000000e+03 3.122832641601562500e+02
1.957474517822265625e+01 2.670024902343750000e+03 2.357867187500000000e+03 3.121578063964843750e+02
1.959515571594238281e+01 2.670992431640625000e+03 2.359076171875000000e+03 3.119161071777343750e+02
1.961556243896484375e+01 2.669742187500000000e+03 2.357842285156250000e+03 3.119000549316406250e+02
1.963597297668457031e+01 2.668209472656250000e+03 2.356610839843750000e+03 3.115983581542968750e+02
1.965637969970703125e+01 2.669129882812500000e+03 2.357817871093750000e+03 3.113122863769531250e+02
1.967679023742675781e+01 2.667440429687500000e+03 2.356588378906250000e+03 3.108522949218750000e+02
1.969719696044921875e+01 2.666110107421875000e+03 2.355362304687500000e+03 3.107477722167968750e+02
1.971760749816894531e+01 2.665768310546875000e+03 2.355352294921875000e+03 3.104161071777343750e+02
1.973801612854003906e+01 2.664384765625000000e+03 2.354130126953125000e+03 3.102550048828125000e+02
1.975842666625976562e+01 2.662873046875000000e+03 2.352909912109375000e+03 3.099630737304687500e+02
1.977883338928222656e+01 2.662889892578125000e+03 2.352902832031250000e+03 3.099871215820312500e+02
1.979924011230468750e+01 2.661407226562500000e+03 2.351686767578125000e+03 3.097206726074218750e+02
1.981965065002441406e+01 2.660031005859375000e+03 2.350472900390625000e+03 3.095584106445312500e+02
1.984005737304687500e+01 2.659700195312500000e+03 2.350468505859375000e+03 3.092315979003906250e+02
1.986046791076660156e+01 2.658433593750000000e+03 2.349258300781250000e+03 3.091756286621093750e+02
1.988087463378906250e+01 2.658153320312500000e+03 2.349255126953125000e+03 3.088981018066406250e+02
1.990128517150878906e+01 2.657959228515625000e+03 2.349251464843750000e+03 3.087079467773437500e+02
1.992169380187988281e+01 2.656611572265625000e+03 2.348046630859375000e+03 3.085650634765625000e+02
1.994210433959960938e+01 2.656458007812500000e+03 2.348044433593750000e+03 3.084135131835937500e+02
1.996251106262207031e+01 2.656166015625000000e+03 2.348042236328125000e+03 3.081238098144531250e+02
1.998292160034179688e+01 2.655985351562500000e+03 2.348040039062500000e+03 3.079452209472656250e+02
2.000332832336425781e+01 2.655706787109375000e+03 2.348037841796875000e+03 3.076691894531250000e+02
2.002373504638671875e+01 2.654420654296875000e+03 2.346840820312500000e+03 3.075796508789062500e+02
2.004414558410644531e+01 2.652881835937500000e+03 2.345645263671875000e+03 3.072366027832031250e+02
2.006455421447753906e+01 2.652680175781250000e+03 2.345645996093750000e+03 3.070340881347656250e+02
2.008496475219726562e+01 2.651157958984375000e+03 2.344453857421875000e+03 3.067043151855468750e+02
2.010537147521972656e+01 2.651067382812500000e+03 2.344455566406250000e+03 3.066118469238281250e+02
2.012578201293945312e+01 2.650768066406250000e+03 2.344457031250000000e+03 3.063110351562500000e+02
2.014618873596191406e+01 2.649379394531250000e+03 2.343270263671875000e+03 3.061094970703125000e+02
2.016659927368164062e+01 2.647741455078125000e+03 2.342085693359375000e+03 3.056557922363281250e+02
2.018700599670410156e+01 2.648713378906250000e+03 2.343275878906250000e+03 3.054376831054687500e+02
2.020741653442382812e+01 2.647213867187500000e+03 2.342093505859375000e+03 3.051203308105468750e+02
2.022782516479492188e+01 2.645831787109375000e+03 2.340914550781250000e+03 3.049170837402343750e+02
2.024823188781738281e+01 2.645532470703125000e+03 2.340919433593750000e+03 3.046131896972656250e+02
2.026864242553710938e+01 2.644306152343750000e+03 2.339743652343750000e+03 3.045624084472656250e+02
2.028904914855957031e+01 2.642836914062500000e+03 2.338569824218750000e+03 3.042669067382812500e+02
2.030945968627929688e+01 2.642657226562500000e+03 2.338576904296875000e+03 3.040798645019531250e+02
2.032986640930175781e+01 2.641195068359375000e+03 2.337406982421875000e+03 3.037876892089843750e+02
2.035027694702148438e+01 2.639829589843750000e+03 2.336239257812500000e+03 3.035901184082031250e+02
2.037068367004394531e+01 2.639676269531250000e+03 2.336249267578125000e+03 3.034268493652343750e+02
2.039109420776367188e+01 2.638435546875000000e+03 2.335084716796875000e+03 3.033512878417968750e+02
2.041150283813476562e+01 2.639380859375000000e+03 2.336268554687500000e+03 3.031122741699218750e+02
2.043191337585449219e+01 2.638063720703125000e+03 2.335106445312500000e+03 3.029572143554687500e+02
2.045232009887695312e+01 2.637757080078125000e+03 2.335117431640625000e+03 3.026393432617187500e+02
2.047272682189941406e+01 2.637548095703125000e+03 2.335128417968750000e+03 3.024197998046875000e+02
2.049313735961914062e+01 2.637281982421875000e+03 2.335138916015625000e+03 3.021430358886718750e+02
2.051354408264160156e+01 2.635988037109375000e+03 2.333983154296875000e+03 3.020043640136718750e+02
2.053395462036132812e+01 2.634573974609375000e+03 2.332829101562500000e+03 3.017445678710937500e+02
2.055436325073242188e+01 2.633171142578125000e+03 2.331677490234375000e+03 3.014935302734375000e+02
2.057477378845214844e+01 2.631790039062500000e+03 2.330527832031250000e+03 3.012624816894531250e+02
2.059518051147460938e+01 2.630626953125000000e+03 2.329380859375000000e+03 3.012463989257812500e+02
2.061559104919433594e+01 2.631527587890625000e+03 2.330558349609375000e+03 3.009697265625000000e+02
2.063599777221679688e+01 2.630205322265625000e+03 2.329413818359375000e+03 3.007922363281250000e+02
2.065640830993652344e+01 2.629905517578125000e+03 2.329429931640625000e+03 3.004757995605468750e+02
2.067681503295898438e+01 2.628554199218750000e+03 2.328288818359375000e+03 3.002656250000000000e+02
2.069722366333007812e+01 2.626947021484375000e+03 2.327149658203125000e+03 2.997973327636718750e+02
2.071763229370117188e+01 2.626727783203125000e+03 2.327167968750000000e+03 2.995603332519531250e+02
2.073804092407226562e+01 2.625115478515625000e+03 2.326032226562500000e+03 2.990836791992187500e+02
2.075845146179199219e+01 2.623621337890625000e+03 2.324898437500000000e+03 2.987233886718750000e+02
2.077885818481445312e+01 2.621966552734375000e+03 2.323767089843750000e+03 2.981991271972656250e+02
2.079926872253417969e+01 2.621739746093750000e+03 2.323788574218750000e+03 2.979513854980468750e+02
2.081967544555664062e+01 2.619413818359375000e+03 2.321510986328125000e+03 2.979025878906250000e+02
2.084008598327636719e+01 2.619305175781250000e+03 2.321534912109375000e+03 2.977707824707031250e+02
2.086049270629882812e+01 2.618003906250000000e+03 2.320411132812500000e+03 2.975926208496093750e+02
2.088090324401855469e+01 2.617849121093750000e+03 2.320436035156250000e+03 2.974135742187500000e+02
2.090131187438964844e+01 2.616558349609375000e+03 2.319315673828125000e+03 2.972431640625000000e+02
2.092171859741210938e+01 2.616375000000000000e+03 2.319342041015625000e+03 2.970332641601562500e+02
2.094212913513183594e+01 2.615050781250000000e+03 2.318224609375000000e+03 2.968263244628906250e+02
2.096253585815429688e+01 2.614035400390625000e+03 2.317109863281250000e+03 2.969253845214843750e+02
2.098294639587402344e+01 2.613886718750000000e+03 2.317137939453125000e+03 2.967486572265625000e+02
2.100335311889648438e+01 2.612801025390625000e+03 2.316026123046875000e+03 2.967748413085937500e+02
2.102376365661621094e+01 2.611593994140625000e+03 2.314916503906250000e+03 2.966773986816406250e+02
2.104417228698730469e+01 2.612615722656250000e+03 2.316083984375000000e+03 2.965315551757812500e+02
2.106458282470703125e+01 2.611488037109375000e+03 2.314976318359375000e+03 2.965118713378906250e+02
2.108498954772949219e+01 2.610183593750000000e+03 2.313871337890625000e+03 2.963122253417968750e+02
2.110540008544921875e+01 2.610074707031250000e+03 2.313902099609375000e+03 2.961727294921875000e+02
2.112580680847167969e+01 2.608592529296875000e+03 2.312800292968750000e+03 2.957924499511718750e+02
2.114621734619140625e+01 2.607133789062500000e+03 2.311699951171875000e+03 2.954347229003906250e+02
2.116662406921386719e+01 2.606629394531250000e+03 2.311732910156250000e+03 2.948970947265625000e+02
2.118703079223632812e+01 2.605175537109375000e+03 2.310636474609375000e+03 2.945392150878906250e+02
2.120744132995605469e+01 2.603993164062500000e+03 2.309541259765625000e+03 2.944521179199218750e+02
2.122784996032714844e+01 2.604174072265625000e+03 2.309576660156250000e+03 2.945974121093750000e+02
2.124826049804687500e+01 2.602958496093750000e+03 2.308484375000000000e+03 2.944743041992187500e+02
2.126866722106933594e+01 2.603026123046875000e+03 2.308520751953125000e+03 2.945058593750000000e+02
2.128907775878906250e+01 2.603034912109375000e+03 2.308556640625000000e+03 2.944788208007812500e+02
2.130948448181152344e+01 2.601823730468750000e+03 2.307468994140625000e+03 2.943552856445312500e+02
2.132989501953125000e+01 2.601765869140625000e+03 2.307505859375000000e+03 2.942602539062500000e+02
2.135030174255371094e+01 2.600641357421875000e+03 2.306421386718750000e+03 2.942204895019531250e+02
2.137071228027343750e+01 2.599319824218750000e+03 2.305338623046875000e+03 2.939816894531250000e+02
2.139112091064453125e+01 2.597821044921875000e+03 2.304258544921875000e+03 2.935628662109375000e+02
2.141152763366699219e+01 2.597173583984375000e+03 2.304298583984375000e+03 2.928751220703125000e+02
2.143193817138671875e+01 2.595303466796875000e+03 2.303221191406250000e+03 2.920828247070312500e+02
2.145234489440917969e+01 2.593423828125000000e+03 2.302145996093750000e+03 2.912784423828125000e+02
2.147275543212890625e+01 2.591495117187500000e+03 2.301072509765625000e+03 2.904231262207031250e+02
2.149316215515136719e+01 2.590743164062500000e+03 2.301115478515625000e+03 2.896274414062500000e+02
2.151357269287109375e+01 2.590412597656250000e+03 2.301157714843750000e+03 2.892548522949218750e+02
2.153398132324218750e+01 2.590114746093750000e+03 2.301200195312500000e+03 2.889143676757812500e+02
2.155438995361328125e+01 2.588928710937500000e+03 2.300132080078125000e+03 2.887968750000000000e+02
2.157479858398437500e+01 2.588867187500000000e+03 2.300175537109375000e+03 2.886915588378906250e+02
2.159520912170410156e+01 2.587944335937500000e+03 2.299109863281250000e+03 2.888348083496093750e+02
2.161561584472656250e+01 2.586814941406250000e+03 2.298047119140625000e+03 2.887676086425781250e+02
2.163602256774902344e+01 2.586405517578125000e+03 2.298092041015625000e+03 2.883134460449218750e+02
2.165643310546875000e+01 2.584670410156250000e+03 2.297031982421875000e+03 2.876385803222656250e+02
2.167683982849121094e+01 2.583522216796875000e+03 2.295973388671875000e+03 2.875485839843750000e+02
2.169725036621093750e+01 2.585330078125000000e+03 2.297123779296875000e+03 2.882062377929687500e+02
2.171765899658203125e+01 2.584674560546875000e+03 2.296067626953125000e+03 2.886073913574218750e+02
2.173806953430175781e+01 2.583212646484375000e+03 2.295013183593750000e+03 2.881995239257812500e+02
2.175847625732421875e+01 2.583021728515625000e+03 2.295061035156250000e+03 2.879606018066406250e+02
2.177888679504394531e+01 2.581621826171875000e+03 2.294009277343750000e+03 2.876125488281250000e+02
2.179929351806640625e+01 2.579290527343750000e+03 2.291861816406250000e+03 2.874290771484375000e+02
2.181970405578613281e+01 2.579062255859375000e+03 2.291912109375000000e+03 2.871500854492187500e+02
2.184011077880859375e+01 2.577881591796875000e+03 2.290866943359375000e+03 2.870147399902343750e+02
2.186051940917968750e+01 2.576495361328125000e+03 2.289823486328125000e+03 2.866717529296875000e+02
2.188092994689941406e+01 2.575282226562500000e+03 2.288781494140625000e+03 2.865007324218750000e+02
2.190133666992187500e+01 2.575261230468750000e+03 2.288834716796875000e+03 2.864266967773437500e+02
2.192174720764160156e+01 2.574291015625000000e+03 2.287795898437500000e+03 2.864952392578125000e+02
2.194215393066406250e+01 2.572013427734375000e+03 2.285667968750000000e+03 2.863453979492187500e+02
2.196256446838378906e+01 2.571831787109375000e+03 2.285723876953125000e+03 2.861082153320312500e+02
2.198297119140625000e+01 2.571509765625000000e+03 2.285780273437500000e+03 2.857296752929687500e+02
2.200338172912597656e+01 2.571384277343750000e+03 2.285835693359375000e+03 2.855484313964843750e+02
2.202378845214843750e+01 2.570088134765625000e+03 2.284804687500000000e+03 2.852833251953125000e+02
2.204419898986816406e+01 2.568887695312500000e+03 2.283775146484375000e+03 2.851128234863281250e+02
2.206460762023925781e+01 2.567840087890625000e+03 2.282747802734375000e+03 2.850924682617187500e+02
2.208501434326171875e+01 2.567707519531250000e+03 2.282806396484375000e+03 2.849011840820312500e+02
2.210542488098144531e+01 2.566214111328125000e+03 2.281781494140625000e+03 2.844327392578125000e+02
2.212583160400390625e+01 2.563742919921875000e+03 2.279677001953125000e+03 2.840658264160156250e+02
2.214624214172363281e+01 2.563449462890625000e+03 2.279737792968750000e+03 2.837114868164062500e+02
2.216664886474609375e+01 2.563348632812500000e+03 2.279799316406250000e+03 2.835490417480468750e+02
2.218705940246582031e+01 2.563157226562500000e+03 2.279859863281250000e+03 2.832972106933593750e+02
2.220746803283691406e+01 2.562248046875000000e+03 2.278842773437500000e+03 2.834055786132812500e+02
2.222787857055664062e+01 2.562281494140625000e+03 2.278904296875000000e+03 2.833767395019531250e+02
2.224828529357910156e+01 2.560987304687500000e+03 2.277889892578125000e+03 2.830978393554687500e+02
2.226869583129882812e+01 2.559963867187500000e+03 2.276876953125000000e+03 2.830871887207031250e+02
2.228910255432128906e+01 2.560022216796875000e+03 2.276940429687500000e+03 2.830819091796875000e+02
2.230951309204101562e+01 2.559083740234375000e+03 2.275930419921875000e+03 2.831536560058593750e+02
2.232991981506347656e+01 2.557952636718750000e+03 2.274922607421875000e+03 2.830301513671875000e+02
2.235032844543457031e+01 2.558106201171875000e+03 2.274987548828125000e+03 2.831185302734375000e+02
2.237073898315429688e+01 2.555997558593750000e+03 2.272911865234375000e+03 2.830858459472656250e+02
2.239114570617675781e+01 2.556213867187500000e+03 2.272978759765625000e+03 2.832352905273437500e+02
2.241155624389648438e+01 2.555224121093750000e+03 2.271976562500000000e+03 2.832478942871093750e+02
2.243196296691894531e+01 2.555205810546875000e+03 2.272044189453125000e+03 2.831618041992187500e+02
2.245237350463867188e+01 2.554253906250000000e+03 2.271045166015625000e+03 2.832086486816406250e+02
2.247278022766113281e+01 2.553073486328125000e+03 2.270048095703125000e+03 2.830253601074218750e+02
2.249319076538085938e+01 2.552745117187500000e+03 2.270116699218750000e+03 2.826281433105468750e+02
2.251359748840332031e+01 2.551507568359375000e+03 2.269122070312500000e+03 2.823855285644531250e+02
2.253400802612304688e+01 2.549400878906250000e+03 2.268129394531250000e+03 2.812714233398437500e+02
2.255441665649414062e+01 2.547564208984375000e+03 2.267138427734375000e+03 2.804259948730468750e+02
2.257482337951660156e+01 2.545859130859375000e+03 2.266149414062500000e+03 2.797094421386718750e+02
2.259523391723632812e+01 2.545402587890625000e+03 2.266221679687500000e+03 2.791812133789062500e+02
2.261564064025878906e+01 2.545194580078125000e+03 2.266293701171875000e+03 2.789010009765625000e+02
2.263605117797851562e+01 2.545092529296875000e+03 2.266365234375000000e+03 2.787270202636718750e+02
2.265645790100097656e+01 2.543750244140625000e+03 2.265380371093750000e+03 2.783696899414062500e+02
2.267686843872070312e+01 2.543553222656250000e+03 2.265452880859375000e+03 2.781006164550781250e+02
2.269727706909179688e+01 2.540971679687500000e+03 2.263416015625000000e+03 2.775555114746093750e+02
2.271768760681152344e+01 2.539762451171875000e+03 2.262436035156250000e+03 2.773263549804687500e+02
2.273809432983398438e+01 2.538365478515625000e+03 2.261458496093750000e+03 2.769070434570312500e+02
2.275850486755371094e+01 2.537059082031250000e+03 2.260481933593750000e+03 2.765769348144531250e+02
2.277891159057617188e+01 2.537089355468750000e+03 2.260559082031250000e+03 2.765302429199218750e+02
2.279931831359863281e+01 2.538232421875000000e+03 2.261685546875000000e+03 2.765473022460937500e+02
2.281972885131835938e+01 2.538146484375000000e+03 2.261760986328125000e+03 2.763854980468750000e+02
2.284013748168945312e+01 2.535945312500000000e+03 2.259739990234375000e+03 2.762048950195312500e+02
2.286054801940917969e+01 2.535948242187500000e+03 2.259816650390625000e+03 2.761314697265625000e+02
2.288095474243164062e+01 2.535101562500000000e+03 2.258847656250000000e+03 2.762542419433593750e+02
2.290136528015136719e+01 2.533908935546875000e+03 2.257879394531250000e+03 2.760296325683593750e+02
2.292177200317382812e+01 2.533111083984375000e+03 2.256914062500000000e+03 2.761970520019531250e+02
2.294218254089355469e+01 2.533264160156250000e+03 2.256992919921875000e+03 2.762712402343750000e+02
2.296258926391601562e+01 2.533403808593750000e+03 2.257072265625000000e+03 2.763313903808593750e+02
2.298299980163574219e+01 2.531305175781250000e+03 2.255067626953125000e+03 2.762377624511718750e+02
2.300340652465820312e+01 2.532170166015625000e+03 2.256189208984375000e+03 2.759812316894531250e+02
2.302381515502929688e+01 2.531852050781250000e+03 2.256269042968750000e+03 2.755827636718750000e+02
2.304422569274902344e+01 2.529881835937500000e+03 2.254270263671875000e+03 2.756119079589843750e+02
2.306463241577148438e+01 2.529592773437500000e+03 2.254351806640625000e+03 2.752409973144531250e+02
2.308504295349121094e+01 2.528376953125000000e+03 2.253395751953125000e+03 2.749807128906250000e+02
2.310544967651367188e+01 2.526979492187500000e+03 2.252441406250000000e+03 2.745385131835937500e+02
2.312586021423339844e+01 2.527736083984375000e+03 2.253559082031250000e+03 2.741766967773437500e+02
2.314626693725585938e+01 2.526372314453125000e+03 2.252606201171875000e+03 2.737657470703125000e+02
2.316667747497558594e+01 2.525324462890625000e+03 2.251654785156250000e+03 2.736697998046875000e+02
2.318708610534667969e+01 2.525159912109375000e+03 2.251738037109375000e+03 2.734219055175781250e+02
2.320749664306640625e+01 2.523903320312500000e+03 2.250789550781250000e+03 2.731140136718750000e+02
2.322790336608886719e+01 2.522530761718750000e+03 2.249842773437500000e+03 2.726879272460937500e+02
2.324831008911132812e+01 2.521439697265625000e+03 2.248897460937500000e+03 2.725423278808593750e+02
2.326872062683105469e+01 2.521585205078125000e+03 2.248982421875000000e+03 2.726027832031250000e+02
2.328912734985351562e+01 2.520626220703125000e+03 2.248039550781250000e+03 2.725867004394531250e+02
2.330953788757324219e+01 2.518649169921875000e+03 2.246071044921875000e+03 2.725781860351562500e+02
2.332994651794433594e+01 2.518361083984375000e+03 2.246158447265625000e+03 2.722023620605468750e+02
2.335035514831542969e+01 2.516233642578125000e+03 2.244195312500000000e+03 2.720386352539062500e+02
2.337076377868652344e+01 2.516227294921875000e+03 2.244284423828125000e+03 2.719428405761718750e+02
2.339117431640625000e+01 2.515247070312500000e+03 2.243349609375000000e+03 2.718976440429687500e+02
2.341158103942871094e+01 2.515347167968750000e+03 2.243438964843750000e+03 2.719086303710937500e+02
2.343199157714843750e+01 2.514282470703125000e+03 2.242506591796875000e+03 2.717760314941406250e+02
2.345239830017089844e+01 2.513285400390625000e+03 2.241575927734375000e+03 2.717092285156250000e+02
2.347280502319335938e+01 2.513268310546875000e+03 2.241666748046875000e+03 2.716013488769531250e+02
2.349321556091308594e+01 2.512291748046875000e+03 2.240738525390625000e+03 2.715533142089843750e+02
2.351362419128417969e+01 2.511280273437500000e+03 2.239811767578125000e+03 2.714685363769531250e+02
2.353403472900390625e+01 2.510458496093750000e+03 2.238886718750000000e+03 2.715715332031250000e+02
2.355444145202636719e+01 2.510614990234375000e+03 2.238979248046875000e+03 2.716356201171875000e+02
2.357485198974609375e+01 2.509392089843750000e+03 2.238056396484375000e+03 2.713357543945312500e+02
2.359525871276855469e+01 2.507979980468750000e+03 2.237135253906250000e+03 2.708446960449218750e+02
2.361566925048828125e+01 2.507842773437500000e+03 2.237229003906250000e+03 2.706134643554687500e+02
2.363607597351074219e+01 2.506698730468750000e+03 2.236310546875000000e+03 2.703883361816406250e+02
2.365648651123046875e+01 2.505703125000000000e+03 2.235392578125000000e+03 2.703106079101562500e+02
2.367689514160156250e+01 2.504612304687500000e+03 2.234477294921875000e+03 2.701348876953125000e+02
2.369730567932128906e+01 2.504786621093750000e+03 2.234572998046875000e+03 2.702134399414062500e+02
2.371771240234375000e+01 2.502667236328125000e+03 2.232650390625000000e+03 2.700172424316406250e+02
2.373811912536621094e+01 2.500467041015625000e+03 2.230730957031250000e+03 2.697359008789062500e+02
2.375852966308593750e+01 2.499981689453125000e+03 2.230829833984375000e+03 2.691517944335937500e+02
2.377893638610839844e+01 2.496877929687500000e+03 2.228915527343750000e+03 2.679626464843750000e+02
2.379934692382812500e+01 2.496052490234375000e+03 2.228009521484375000e+03 2.680428771972656250e+02
2.381975364685058594e+01 2.495284423828125000e+03 2.227106201171875000e+03 2.681779785156250000e+02
2.384016418457031250e+01 2.494390625000000000e+03 2.226203369140625000e+03 2.681874084472656250e+02
2.386057281494140625e+01 2.493352539062500000e+03 2.225302734375000000e+03 2.680498352050781250e+02
2.388098335266113281e+01 2.492939208984375000e+03 2.225405761718750000e+03 2.675330505371093750e+02
2.390139007568359375e+01 2.492836425781250000e+03 2.225508544921875000e+03 2.673280639648437500e+02
2.392180061340332031e+01 2.491749267578125000e+03 2.224610595703125000e+03 2.671387939453125000e+02
2.394220733642578125e+01 2.489407226562500000e+03 2.222714355468750000e+03 2.666929016113281250e+02
2.396261405944824219e+01 2.490470703125000000e+03 2.223818847656250000e+03 2.666521606445312500e+02
2.398302459716796875e+01 2.490317871093750000e+03 2.223922363281250000e+03 2.663958129882812500e+02
2.400343322753906250e+01 2.489164062500000000e+03 2.223029052734375000e+03 2.661351318359375000e+02
2.402384376525878906e+01 2.488281005859375000e+03 2.222136718750000000e+03 2.661445007324218750e+02
2.404425048828125000e+01 2.488328613281250000e+03 2.222241943359375000e+03 2.660867309570312500e+02
2.406466102600097656e+01 2.487166748046875000e+03 2.221351806640625000e+03 2.658146057128906250e+02
2.408506774902343750e+01 2.487056396484375000e+03 2.221457763671875000e+03 2.655987243652343750e+02
2.410547828674316406e+01 2.487024169921875000e+03 2.221562988281250000e+03 2.654610290527343750e+02
2.412588500976562500e+01 2.486071289062500000e+03 2.220676269531250000e+03 2.653955078125000000e+02
2.414629554748535156e+01 2.485771240234375000e+03 2.220781982421875000e+03 2.649889221191406250e+02
2.416670417785644531e+01 2.486560546875000000e+03 2.221878417968750000e+03 2.646818847656250000e+02
2.418711090087890625e+01 2.485255859375000000e+03 2.220993408203125000e+03 2.642624206542968750e+02
2.420752143859863281e+01 2.485585693359375000e+03 2.221098632812500000e+03 2.644871215820312500e+02
2.422792816162109375e+01 2.484273681640625000e+03 2.220215820312500000e+03 2.640582885742187500e+02
2.424833869934082031e+01 2.484211181640625000e+03 2.220321533203125000e+03 2.638895874023437500e+02
2.426874542236328125e+01 2.483474609375000000e+03 2.219440917968750000e+03 2.640334777832031250e+02
2.428915596008300781e+01 2.483167968750000000e+03 2.218561523437500000e+03 2.646069030761718750e+02
2.430956268310546875e+01 2.482198486328125000e+03 2.217683837890625000e+03 2.645150451660156250e+02
2.432997322082519531e+01 2.482303222656250000e+03 2.217791015625000000e+03 2.645120544433593750e+02
2.435038185119628906e+01 2.481114990234375000e+03 2.216915771484375000e+03 2.641993408203125000e+02
