# NTRMN  = 63
# NTRANS = 111
-1.196487247943878174e-01 0.000000000000000000e+00 0.000000000000000000e+00 0.000000000000000000e+00
-9.923987835645675659e-02 0.000000000000000000e+00 0.000000000000000000e+00 0.000000000000000000e+00
-7.883103936910629272e-02 0.000000000000000000e+00 0.000000000000000000e+00 0.000000000000000000e+00
-5.842219665646553040e-02 0.000000000000000000e+00 0.000000000000000000e+00 0.000000000000000000e+00
-3.801335394382476807e-02 0.000000000000000000e+00 0.000000000000000000e+00 0.000000000000000000e+00
-1.760451123118400574e-02 0.000000000000000000e+00 0.000000000000000000e+00 0.000000000000000000e+00
2.321236208081245422e-02 0.000000000000000000e+00 0.000000000000000000e+00 0.000000000000000000e+00
4.362120479345321655e-02 0.000000000000000000e+00 0.000000000000000000e+00 0.000000000000000000e+00
6.403004378080368042e-02 0.000000000000000000e+00 0.000000000000000000e+00 0.000000000000000000e+00
1.048477292060852051e-01 0.000000000000000000e+00 0.000000000000000000e+00 0.000000000000000000e+00
1.252557635307312012e-01 0.000000000000000000e+00 0.000000000000000000e+00 0.000000000000000000e+00
1.456646025180816650e-01 0.000000000000000000e+00 0.000000000000000000e+00 0.000000000000000000e+00
1.660734415054321289e-01 0.000000000000000000e+00 0.000000000000000000e+00 0.000000000000000000e+00
2.068911343812942505e-01 0.000000000000000000e+00 0.000000000000000000e+00 0.000000000000000000e+00
2.272991687059402466e-01 0.000000000000000000e+00 0.000000000000000000e+00 0.000000000000000000e+00
2.477080076932907104e-01 0.000000000000000000e+00 0.000000000000000000e+00 0.000000000000000000e+00
2.681168317794799805e-01 0.000000000000000000e+00 0.000000000000000000e+00 0.000000000000000000e+00
2.885257005691528320e-01 0.000000000000000000e+00 0.000000000000000000e+00 0.000000000000000000e+00
3.089345395565032959e-01 0.000000000000000000e+00 0.000000000000000000e+00 0.000000000000000000e+00
3.293433785438537598e-01 0.000000000000000000e+00 0.000000000000000000e+00 0.000000000000000000e+00
3.905690908432006836e-01 0.000000000000000000e+00 0.000000000000000000e+00 0.000000000000000000e+00
4.109779298305511475e-01 0.000000000000000000e+00 0.000000000000000000e+00 0.000000000000000000e+00
4.313867688179016113e-01 0.000000000000000000e+00 0.000000000000000000e+00 0.000000000000000000e+00
4.517956078052520752e-01 0.000000000000000000e+00 0.000000000000000000e+00 0.000000000000000000e+00
4.722036421298980713e-01 0.000000000000000000e+00 0.000000000000000000e+00 0.000000000000000000e+00
4.926124811172485352e-01 0.000000000000000000e+00 0.000000000000000000e+00 0.000000000000000000e+00
5.130213499069213867e-01 0.000000000000000000e+00 0.000000000000000000e+00 0.000000000000000000e+00
5.334301590919494629e-01 0.000000000000000000e+00 0.000000000000000000e+00 0.000000000000000000e+00
5.538390278816223145e-01 0.000000000000000000e+00 0.000000000000000000e+00 0.000000000000000000e+00
5.742470622062683105e-01 0.000000000000000000e+00 0.000000000000000000e+00 0.000000000000000000e+00
5.946558713912963867e-01 0.000000000000000000e+00 0.000000000000000000e+00 0.000000000000000000e+00
6.150647401809692383e-01 0.000000000000000000e+00 0.000000000000000000e+00 0.000000000000000000e+00
6.354735493659973145e-01 0.000000000000000000e+00 0.000000000000000000e+00 0.000000000000000000e+00
6.558824181556701660e-01 0.000000000000000000e+00 0.000000000000000000e+00 0.000000000000000000e+00
6.762912869453430176e-01 0.000000000000000000e+00 0.000000000000000000e+00 0.000000000000000000e+00
6.966992616653442383e-01 0.000000000000000000e+00 0.000000000000000000e+00 0.000000000000000000e+00
7.171081304550170898e-01 0.000000000000000000e+00 0.000000000000000000e+00 0.000000000000000000e+00
7.375169992446899414e-01 0.000000000000000000e+00 0.000000000000000000e+00 0.000000000000000000e+00
7.579258084297180176e-01 0.000000000000000000e+00 0.000000000000000000e+00 0.000000000000000000e+00
7.783346772193908691e-01 0.000000000000000000e+00 0.000000000000000000e+00 0.000000000000000000e+00
7.987434864044189453e-01 0.000000000000000000e+00 0.000000000000000000e+00 0.000000000000000000e+00
8.191515207290649414e-01 0.000000000000000000e+00 0.000000000000000000e+00 0.000000000000000000e+00
8.395603895187377930e-01 0.000000000000000000e+00 0.000000000000000000e+00 0.000000000000000000e+00
8.599691987037658691e-01 0.000000000000000000e+00 0.000000000000000000e+00 0.000000000000000000e+00
8.803780674934387207e-01 0.000000000000000000e+00 0.000000000000000000e+00 0.000000000000000000e+00
9.007868766784667969e-01 0.000000000000000000e+00 0.000000000000000000e+00 0.000000000000000000e+00
9.211949110031127930e-01 0.000000000000000000e+00 0.000000000000000000e+00 0.000000000000000000e+00
9.416037797927856445e-01 0.000000000000000000e+00 0.000000000000000000e+00 0.000000000000000000e+00
9.620125889778137207e-01 0.000000000000000000e+00 0.000000000000000000e+00 0.000000000000000000e+00
9.824214577674865723e-01 0.000000000000000000e+00 0.000000000000000000e+00 0.000000000000000000e+00
1.002830266952514648e+00 0.000000000000000000e+00 0.000000000000000000e+00 0.000000000000000000e+00
1.023239135742187500e+00 0.000000000000000000e+00 0.000000000000000000e+00 0.000000000000000000e+00
1.043647170066833496e+00 0.000000000000000000e+00 0.000000000000000000e+00 0.000000000000000000e+00
1.064056038856506348e+00 0.000000000000000000e+00 0.000000000000000000e+00 0.000000000000000000e+00
1.084464907646179199e+00 0.000000000000000000e+00 0.000000000000000000e+00 0.000000000000000000e+00
1.104873657226562500e+00 0.000000000000000000e+00 0.000000000000000000e+00 0.000000000000000000e+00
1.125282526016235352e+00 0.000000000000000000e+00 0.000000000000000000e+00 0.000000000000000000e+00
1.145691394805908203e+00 0.000000000000000000e+00 0.000000000000000000e+00 0.000000000000000000e+00
1.166099429130554199e+00 0.000000000000000000e+00 0.000000000000000000e+00 0.000000000000000000e+00
1.186508297920227051e+00 0.000000000000000000e+00 0.000000000000000000e+00 0.000000000000000000e+00
1.206917047500610352e+00 0.000000000000000000e+00 0.000000000000000000e+00 0.000000000000000000e+00
1.227325916290283203e+00 0.000000000000000000e+00 0.000000000000000000e+00 0.000000000000000000e+00
1.247734785079956055e+00 0.000000000000000000e+00 0.000000000000000000e+00 0.000000000000000000e+00
1.268142819404602051e+00 0.000000000000000000e+00 0.000000000000000000e+00 0.000000000000000000e+00
1.288551688194274902e+00 0.000000000000000000e+00 0.000000000000000000e+00 0.000000000000000000e+00
1.308960556983947754e+00 0.000000000000000000e+00 0.000000000000000000e+00 0.000000000000000000e+00
1.329369306564331055e+00 0.000000000000000000e+00 0.000000000000000000e+00 0.000000000000000000e+00
1.349778175354003906e+00 0.000000000000000000e+00 0.000000000000000000e+00 0.000000000000000000e+00
1.411003947257995605e+00 0.000000000000000000e+00 0.000000000000000000e+00 0.000000000000000000e+00
1.431412696838378906e+00 0.000000000000000000e+00 0.000000000000000000e+00 0.000000000000000000e+00
1.451821565628051758e+00 0.000000000000000000e+00 0.000000000000000000e+00 0.000000000000000000e+00
1.472230434417724609e+00 0.000000000000000000e+00 0.000000000000000000e+00 0.000000000000000000e+00
1.492639303207397461e+00 0.000000000000000000e+00 0.000000000000000000e+00 0.000000000000000000e+00
1.574273824691772461e+00 0.000000000000000000e+00 0.000000000000000000e+00 0.000000000000000000e+00
1.594682693481445312e+00 0.000000000000000000e+00 0.000000000000000000e+00 0.000000000000000000e+00
1.655908346176147461e+00 1.539649047851562500e+02 1.539649047851562500e+02 9.378696430584199106e-11
1.676317214965820312e+00 1.849362030029296875e+02 1.849362030029296875e+02 9.576530540789107704e-11
1.696726083755493164e+00 1.827117309570312500e+02 1.827117309570312500e+02 1.133463878311147255e-10
1.717134952545166016e+00 2.017309417724609375e+02 2.017309417724609375e+02 1.403973326485896678e-10
1.819178342819213867e+00 2.204184417724609375e+02 2.204184417724609375e+02 6.104131955453340197e-08
1.839587211608886719e+00 2.212264099121093750e+02 2.212264099121093750e+02 6.787962547605275176e-08
1.859995245933532715e+00 2.230463562011718750e+02 2.230463562011718750e+02 7.645764554808920366e-08
1.880403995513916016e+00 2.246994171142578125e+02 2.246994171142578125e+02 8.413385899075365160e-08
1.900812864303588867e+00 2.292136383056640625e+02 2.292136383056640625e+02 8.829136532995107700e-08
1.921221733093261719e+00 2.337565460205078125e+02 2.337565460205078125e+02 8.950373597826910554e-08
1.941630601882934570e+00 2.356147613525390625e+02 2.356147613525390625e+02 8.891909430985833751e-08
1.962038636207580566e+00 2.356042633056640625e+02 2.356042633056640625e+02 8.907491633181052748e-08
1.982447385787963867e+00 2.348693542480468750e+02 2.348693542480468750e+02 8.962224740116653265e-08
2.002856254577636719e+00 2.316393737792968750e+02 2.316393737792968750e+02 9.203641582189447945e-08
2.064081907272338867e+00 2.313792266845703125e+02 2.313792266845703125e+02 1.040023605014539498e-07
2.084490776062011719e+00 2.319849243164062500e+02 2.319849243164062500e+02 1.089915500074312149e-07
2.104899644851684570e+00 2.331475524902343750e+02 2.331475524902343750e+02 1.138715362003495102e-07
2.125308513641357422e+00 2.350763092041015625e+02 2.350763092041015625e+02 1.180923092647390149e-07
2.145717382431030273e+00 2.371914978027343750e+02 2.371914978027343750e+02 1.205602160325724981e-07
2.166126251220703125e+00 2.391563415527343750e+02 2.391563415527343750e+02 1.217517109353138949e-07
2.186535120010375977e+00 2.411939849853515625e+02 2.411939849853515625e+02 1.234834599017631263e-07
2.206943988800048828e+00 2.434108581542968750e+02 2.434108581542968750e+02 1.286117026211286429e-07
2.227352619171142578e+00 2.475217285156250000e+02 2.475217285156250000e+02 1.309154242790100398e-07
2.288577556610107422e+00 2.609799194335937500e+02 2.601468200683593750e+02 8.330875039100646973e-01
2.329395294189453125e+00 2.720189819335937500e+02 2.698732910156250000e+02 2.145687103271484375e+00
2.431439638137817383e+00 2.505004425048828125e+02 2.474214935302734375e+02 3.078950166702270508e+00
2.472257137298583984e+00 2.135777893066406250e+02 1.998593292236328125e+02 1.371846389770507812e+01
2.492664337158203125e+00 2.356362457275390625e+02 2.219445800781250000e+02 1.369165420532226562e+01
2.553890943527221680e+00 2.371694641113281250e+02 2.151239471435546875e+02 2.204552841186523438e+01
2.594708681106567383e+00 2.464875946044921875e+02 2.136772918701171875e+02 3.281029129028320312e+01
2.615117549896240234e+00 2.463788452148437500e+02 2.132912902832031250e+02 3.308754730224609375e+01
2.717159986495971680e+00 2.494143829345703125e+02 2.111841125488281250e+02 3.823027801513671875e+01
2.757977724075317383e+00 2.498929138183593750e+02 2.096209716796875000e+02 4.027194595336914062e+01
2.778386592864990234e+00 2.500085754394531250e+02 2.084258575439453125e+02 4.158272552490234375e+01
2.798795461654663086e+00 2.496177215576171875e+02 2.065638580322265625e+02 4.305385971069335938e+01
2.819204330444335938e+00 2.482181549072265625e+02 2.032004089355468750e+02 4.501774597167968750e+01
2.839613199234008789e+00 2.443865356445312500e+02 1.986206817626953125e+02 4.576586914062500000e+01
2.860022068023681641e+00 2.397882995605468750e+02 1.927671203613281250e+02 4.702119064331054688e+01
2.880430698394775391e+00 2.400253601074218750e+02 1.927310485839843750e+02 4.729431915283203125e+01
2.900839567184448242e+00 2.426236419677734375e+02 1.958314514160156250e+02 4.679216766357421875e+01
2.921248435974121094e+00 2.427654418945312500e+02 1.961022491455078125e+02 4.666319656372070312e+01
3.023291110992431641e+00 2.289595947265625000e+02 1.855242614746093750e+02 4.343533706665039062e+01
3.043699979782104492e+00 2.265967254638671875e+02 1.834151153564453125e+02 4.318160629272460938e+01
3.064108848571777344e+00 2.255485687255859375e+02 1.833653411865234375e+02 4.218322372436523438e+01
3.309013366699218750e+00 2.045008392333984375e+02 1.684197082519531250e+02 3.608108139038085938e+01
3.329421997070312500e+00 2.114661712646484375e+02 1.738584594726562500e+02 3.760777282714843750e+01
3.431464672088623047e+00 1.999114837646484375e+02 1.617120208740234375e+02 3.819946289062500000e+01
3.615144252777099609e+00 1.954193725585937500e+02 1.564093322753906250e+02 3.901005935668945312e+01
3.635553121566772461e+00 1.928998107910156250e+02 1.543460388183593750e+02 3.855378341674804688e+01
3.860048770904541016e+00 1.870018463134765625e+02 1.490285186767578125e+02 3.797332763671875000e+01
3.900864839553833008e+00 1.856830749511718750e+02 1.477146606445312500e+02 3.796844482421875000e+01
3.921273708343505859e+00 1.859394531250000000e+02 1.482889251708984375e+02 3.765057754516601562e+01
4.023317813873291016e+00 1.868436126708984375e+02 1.493474426269531250e+02 3.749613952636718750e+01
4.043726921081542969e+00 1.872328033447265625e+02 1.498368835449218750e+02 3.739595031738281250e+01
4.145769119262695312e+00 1.832070312500000000e+02 1.464953155517578125e+02 3.671171569824218750e+01
4.288630962371826172e+00 1.792434997558593750e+02 1.438480987548828125e+02 3.539542007446289062e+01
4.390673637390136719e+00 1.782109069824218750e+02 1.430130004882812500e+02 3.519790267944335938e+01
4.411082744598388672e+00 1.788518066406250000e+02 1.432739257812500000e+02 3.557788848876953125e+01
4.431491374969482422e+00 1.784566955566406250e+02 1.432083129882812500e+02 3.524843215942382812e+01
4.451900482177734375e+00 1.784265441894531250e+02 1.430357513427734375e+02 3.539080429077148438e+01
4.472309112548828125e+00 1.781710357666015625e+02 1.428647766113281250e+02 3.530628967285156250e+01
4.492718219757080078e+00 1.779224700927734375e+02 1.425887756347656250e+02 3.533367538452148438e+01
4.615169525146484375e+00 1.752309875488281250e+02 1.406728973388671875e+02 3.455807495117187500e+01
4.778439998626708984e+00 1.712556762695312500e+02 1.378201904296875000e+02 3.343550491333007812e+01
4.941709518432617188e+00 1.713303833007812500e+02 1.376266174316406250e+02 3.370374298095703125e+01
4.982526779174804688e+00 1.710374908447265625e+02 1.373159332275390625e+02 3.372154617309570312e+01
5.002935886383056641e+00 1.707034454345703125e+02 1.370907287597656250e+02 3.361273193359375000e+01
5.023344516754150391e+00 1.698657226562500000e+02 1.365337524414062500e+02 3.333196258544921875e+01
5.043751716613769531e+00 1.697488861083984375e+02 1.364559631347656250e+02 3.329293060302734375e+01
5.084569454193115234e+00 1.699375000000000000e+02 1.367729949951171875e+02 3.316451644897460938e+01
5.104978561401367188e+00 1.695738220214843750e+02 1.365544433593750000e+02 3.301942062377929688e+01
5.125387191772460938e+00 1.694429016113281250e+02 1.365244750976562500e+02 3.291842651367187500e+01
5.145796298980712891e+00 1.687948303222656250e+02 1.360760498046875000e+02 3.271879577636718750e+01
5.166204929351806641e+00 1.693086547851562500e+02 1.363725738525390625e+02 3.293608856201171875e+01
5.186613559722900391e+00 1.680718841552734375e+02 1.359282836914062500e+02 3.214359283447265625e+01
5.207022666931152344e+00 1.680126953125000000e+02 1.359931640625000000e+02 3.201950073242187500e+01
5.227431297302246094e+00 1.678751525878906250e+02 1.361033630371093750e+02 3.177177619934082031e+01
5.288656234741210938e+00 1.675074157714843750e+02 1.357498931884765625e+02 3.175753211975097656e+01
5.309065341949462891e+00 1.670653991699218750e+02 1.354084167480468750e+02 3.165697288513183594e+01
5.329473972320556641e+00 1.669461975097656250e+02 1.354289093017578125e+02 3.151731300354003906e+01
5.349883079528808594e+00 1.667047271728515625e+02 1.352702484130859375e+02 3.143446731567382812e+01
5.370291709899902344e+00 1.665664825439453125e+02 1.352465209960937500e+02 3.131995582580566406e+01
5.390700340270996094e+00 1.662846832275390625e+02 1.350009307861328125e+02 3.128376007080078125e+01
5.492744922637939453e+00 1.666938629150390625e+02 1.353693695068359375e+02 3.132447624206542969e+01
5.594787597656250000e+00 1.672661590576171875e+02 1.359383697509765625e+02 3.132776451110839844e+01
5.615196228027343750e+00 1.672403106689453125e+02 1.360411376953125000e+02 3.119918823242187500e+01
5.656013965606689453e+00 1.671582183837890625e+02 1.360328521728515625e+02 3.112534713745117188e+01
5.676422595977783203e+00 1.670103607177734375e+02 1.360076599121093750e+02 3.100270080566406250e+01
5.696831703186035156e+00 1.668531188964843750e+02 1.359406280517578125e+02 3.091249084472656250e+01
5.798874378204345703e+00 1.663821716308593750e+02 1.355713348388671875e+02 3.081084251403808594e+01
5.819283008575439453e+00 1.651895599365234375e+02 1.351370239257812500e+02 3.005255699157714844e+01
5.839691638946533203e+00 1.649636688232421875e+02 1.350746612548828125e+02 2.988900566101074219e+01
5.880509376525878906e+00 1.645394439697265625e+02 1.349512786865234375e+02 2.958815383911132812e+01
5.900918483734130859e+00 1.643034057617187500e+02 1.348090820312500000e+02 2.949432563781738281e+01
5.921327114105224609e+00 1.646733551025390625e+02 1.350317230224609375e+02 2.964163589477539062e+01
5.962143421173095703e+00 1.639134063720703125e+02 1.347497406005859375e+02 2.916366958618164062e+01
5.982552051544189453e+00 1.639335174560546875e+02 1.347702331542968750e+02 2.916329002380371094e+01
6.002961158752441406e+00 1.638105926513671875e+02 1.345912017822265625e+02 2.921939086914062500e+01
6.023369789123535156e+00 1.638806762695312500e+02 1.348108062744140625e+02 2.906988906860351562e+01
6.105005264282226562e+00 1.639557189941406250e+02 1.349687347412109375e+02 2.898697090148925781e+01
6.125413894653320312e+00 1.639181060791015625e+02 1.349489593505859375e+02 2.896916198730468750e+01
6.145823001861572266e+00 1.640283508300781250e+02 1.350461425781250000e+02 2.898222351074218750e+01
6.166231632232666016e+00 1.700911712646484375e+02 1.411990966796875000e+02 2.889206886291503906e+01
6.186640739440917969e+00 1.641950836181640625e+02 1.351999053955078125e+02 2.899521827697753906e+01
6.207047939300537109e+00 1.643382415771484375e+02 1.351796569824218750e+02 2.915860748291015625e+01
6.227456569671630859e+00 1.640529327392578125e+02 1.350826110839843750e+02 2.897028923034667969e+01
6.288682937622070312e+00 1.639313964843750000e+02 1.350236511230468750e+02 2.890779685974121094e+01
6.309092044830322266e+00 1.638284912109375000e+02 1.349283752441406250e+02 2.890009689331054688e+01
6.329500675201416016e+00 1.638531494140625000e+02 1.348715209960937500e+02 2.898167228698730469e+01
6.349909782409667969e+00 1.637799224853515625e+02 1.348904418945312500e+02 2.888946342468261719e+01
6.451952457427978516e+00 1.634405364990234375e+02 1.348348541259765625e+02 2.860571098327636719e+01
6.513178825378417969e+00 1.632609100341796875e+02 1.348537597656250000e+02 2.840715026855468750e+01
6.533587455749511719e+00 1.631832733154296875e+02 1.347989349365234375e+02 2.838433837890625000e+01
6.594814300537109375e+00 1.630386810302734375e+02 1.346727600097656250e+02 2.836594009399414062e+01
6.635632038116455078e+00 1.626076202392578125e+02 1.347823333740234375e+02 2.782529640197753906e+01
6.656040668487548828e+00 1.624967956542968750e+02 1.347287292480468750e+02 2.776807022094726562e+01
6.676447868347167969e+00 1.620398712158203125e+02 1.343527832031250000e+02 2.768707466125488281e+01
6.696856975555419922e+00 1.631045989990234375e+02 1.354089508056640625e+02 2.769564437866210938e+01
6.717265605926513672e+00 1.621115722656250000e+02 1.346055297851562500e+02 2.750604820251464844e+01
6.778491973876953125e+00 1.619696502685546875e+02 1.347670288085937500e+02 2.720264816284179688e+01
6.798901081085205078e+00 1.656325988769531250e+02 1.385173187255859375e+02 2.711528396606445312e+01
6.941761016845703125e+00 1.626521148681640625e+02 1.360459899902343750e+02 2.660612106323242188e+01
6.962170124053955078e+00 1.618725280761718750e+02 1.349594879150390625e+02 2.691307449340820312e+01
6.982578754425048828e+00 1.614382171630859375e+02 1.345993194580078125e+02 2.683890151977539062e+01
7.002987861633300781e+00 1.617301788330078125e+02 1.348223571777343750e+02 2.690785217285156250e+01
7.023396492004394531e+00 1.617596130371093750e+02 1.349077758789062500e+02 2.685185813903808594e+01
7.043805599212646484e+00 1.625315246582031250e+02 1.352645874023437500e+02 2.726693534851074219e+01
7.064214229583740234e+00 1.617657775878906250e+02 1.350432434082031250e+02 2.672252082824707031e+01
7.105031967163085938e+00 1.617715606689453125e+02 1.352108459472656250e+02 2.656072235107421875e+01
7.125439167022705078e+00 1.618464355468750000e+02 1.352267761230468750e+02 2.661967658996582031e+01
7.145847797393798828e+00 1.614178466796875000e+02 1.348740386962890625e+02 2.654381752014160156e+01
7.166256904602050781e+00 1.609984893798828125e+02 1.345567474365234375e+02 2.644172859191894531e+01
7.186665534973144531e+00 1.616038360595703125e+02 1.351406402587890625e+02 2.646320343017578125e+01
7.207074642181396484e+00 1.615184631347656250e+02 1.350569000244140625e+02 2.646155357360839844e+01
7.227483272552490234e+00 1.615220642089843750e+02 1.350729827880859375e+02 2.644906806945800781e+01
7.247892379760742188e+00 1.614635162353515625e+02 1.350559844970703125e+02 2.640756225585937500e+01
7.268301010131835938e+00 1.610584411621093750e+02 1.347096710205078125e+02 2.634877586364746094e+01
7.288710117340087891e+00 1.614425048828125000e+02 1.351207427978515625e+02 2.632175827026367188e+01
7.309118747711181641e+00 1.614911193847656250e+02 1.352674865722656250e+02 2.622360420227050781e+01
7.329527378082275391e+00 1.614615020751953125e+02 1.352827911376953125e+02 2.617876815795898438e+01
7.349936485290527344e+00 1.614805450439453125e+02 1.353305511474609375e+02 2.615001678466796875e+01
7.370343685150146484e+00 1.614063873291015625e+02 1.353455963134765625e+02 2.606080436706542969e+01
7.390752315521240234e+00 1.612866821289062500e+02 1.352633819580078125e+02 2.602332878112792969e+01
7.411161422729492188e+00 1.609134521484375000e+02 1.349554901123046875e+02 2.595797729492187500e+01
7.431570053100585938e+00 1.611851654052734375e+02 1.353257751464843750e+02 2.585944557189941406e+01
7.492796897888183594e+00 1.606234436035156250e+02 1.348909149169921875e+02 2.573254013061523438e+01
7.513205528259277344e+00 1.605495910644531250e+02 1.348749847412109375e+02 2.567460823059082031e+01
7.533614635467529297e+00 1.606364288330078125e+02 1.349226837158203125e+02 2.571375656127929688e+01
7.554023265838623047e+00 1.605364074707031250e+02 1.348750915527343750e+02 2.566129112243652344e+01
7.574431896209716797e+00 1.604561004638671875e+02 1.348276977539062500e+02 2.562841224670410156e+01
7.594839096069335938e+00 1.603759918212890625e+02 1.348436737060546875e+02 2.553233146667480469e+01
7.615248203277587891e+00 1.604954528808593750e+02 1.350481414794921875e+02 2.544730567932128906e+01
7.635656833648681641e+00 1.600519256591796875e+02 1.347185211181640625e+02 2.533337593078613281e+01
7.656065940856933594e+00 1.602947845458984375e+02 1.350160369873046875e+02 2.527874374389648438e+01
7.676474571228027344e+00 1.602536926269531250e+02 1.350312957763671875e+02 2.522239494323730469e+01
7.696883678436279297e+00 1.602207031250000000e+02 1.350464935302734375e+02 2.517422485351562500e+01
7.717292308807373047e+00 1.601181793212890625e+02 1.350305786132812500e+02 2.508761215209960938e+01
7.737701416015625000e+00 1.600516204833984375e+02 1.350147399902343750e+02 2.503690910339355469e+01
7.758110046386718750e+00 1.600274963378906250e+02 1.350606994628906250e+02 2.496685409545898438e+01
7.778518676757812500e+00 1.599608001708984375e+02 1.350448760986328125e+02 2.491592597961425781e+01
7.798927783966064453e+00 1.599393310546875000e+02 1.350905151367187500e+02 2.484880828857421875e+01
7.819334983825683594e+00 1.598744506835937500e+02 1.350747222900390625e+02 2.479972839355468750e+01
7.839743614196777344e+00 1.599467773437500000e+02 1.352116546630859375e+02 2.473512649536132812e+01
7.860152721405029297e+00 1.599070129394531250e+02 1.352260589599609375e+02 2.468099594116210938e+01
7.880561351776123047e+00 1.599248809814453125e+02 1.353011322021484375e+02 2.462377166748046875e+01
7.900970458984375000e+00 1.598893127441406250e+02 1.353152313232421875e+02 2.457406425476074219e+01
7.962196826934814453e+00 1.598885040283203125e+02 1.351766815185546875e+02 2.471183586120605469e+01
7.982605457305908203e+00 1.598622741699218750e+02 1.352209320068359375e+02 2.464134979248046875e+01
8.003014564514160156e+00 1.688321838378906250e+02 1.442686767578125000e+02 2.456348800659179688e+01
8.023423194885253906e+00 1.607553863525390625e+02 1.362337036132812500e+02 2.452167701721191406e+01
8.043831825256347656e+00 1.603829040527343750e+02 1.359475860595703125e+02 2.443533515930175781e+01
8.064239501953125000e+00 1.600361480712890625e+02 1.356629333496093750e+02 2.437321472167968750e+01
8.084648132324218750e+00 1.600135192871093750e+02 1.356757812500000000e+02 2.433775329589843750e+01
8.145874977111816406e+00 1.601013488769531250e+02 1.356846008300781250e+02 2.441671752929687500e+01
8.166283607482910156e+00 1.600671234130859375e+02 1.356972808837890625e+02 2.436986351013183594e+01
8.186692237854003906e+00 1.600629119873046875e+02 1.357391357421875000e+02 2.432376861572265625e+01
8.207100868225097656e+00 1.599459228515625000e+02 1.356641082763671875e+02 2.428186225891113281e+01
8.349961280822753906e+00 1.598138427734375000e+02 1.357799377441406250e+02 2.403392982482910156e+01
8.390779495239257812e+00 1.597894287109375000e+02 1.358041534423828125e+02 2.398530197143554688e+01
8.411188125610351562e+00 1.594626464843750000e+02 1.355315704345703125e+02 2.393108940124511719e+01
8.452005386352539062e+00 1.598082733154296875e+02 1.359533386230468750e+02 2.385494995117187500e+01
8.472414970397949219e+00 1.597938690185546875e+02 1.359648895263671875e+02 2.382897567749023438e+01
8.574457168579101562e+00 1.597208404541015625e+02 1.361336364746093750e+02 2.358717346191406250e+01
8.594865798950195312e+00 1.596269073486328125e+02 1.360889282226562500e+02 2.353798294067382812e+01
8.615275382995605469e+00 1.595572052001953125e+02 1.360166168212890625e+02 2.354061508178710938e+01
8.635684013366699219e+00 1.593987426757812500e+02 1.359169311523437500e+02 2.348182296752929688e+01
8.656092643737792969e+00 1.593288116455078125e+02 1.359006805419921875e+02 2.342815208435058594e+01
8.676501274108886719e+00 1.593007659912109375e+02 1.359948883056640625e+02 2.330586242675781250e+01
8.696909904479980469e+00 1.592794494628906250e+02 1.360060577392578125e+02 2.327339744567871094e+01
8.717319488525390625e+00 1.593011169433593750e+02 1.360995635986328125e+02 2.320156097412109375e+01
8.737728118896484375e+00 1.589815673828125000e+02 1.358638763427734375e+02 2.311769294738769531e+01
8.758134841918945312e+00 1.592142181396484375e+02 1.361486358642578125e+02 2.306561470031738281e+01
8.778544425964355469e+00 1.591825866699218750e+02 1.361593627929687500e+02 2.302320861816406250e+01
8.798953056335449219e+00 1.591703338623046875e+02 1.361972198486328125e+02 2.297315216064453125e+01
8.880588531494140625e+00 1.590771179199218750e+02 1.361043548583984375e+02 2.297278785705566406e+01
8.941814422607421875e+00 1.590893554687500000e+02 1.362700805664062500e+02 2.281932258605957031e+01
8.982630729675292969e+00 1.595031127929687500e+02 1.366102905273437500e+02 2.289279365539550781e+01
9.003039360046386719e+00 1.592211303710937500e+02 1.363804016113281250e+02 2.284072303771972656e+01
9.043857574462890625e+00 1.584981384277343750e+02 1.359236907958984375e+02 2.257445716857910156e+01
9.064266204833984375e+00 1.588384399414062500e+02 1.363043060302734375e+02 2.253415489196777344e+01
9.207128524780273438e+00 1.587357330322265625e+02 1.363994140625000000e+02 2.233628082275390625e+01
9.227535247802734375e+00 1.586667327880859375e+02 1.364090728759765625e+02 2.225770187377929688e+01
9.247943878173828125e+00 1.586296081542968750e+02 1.364186706542968750e+02 2.221094131469726562e+01
9.268353462219238281e+00 1.584987335205078125e+02 1.363249053955078125e+02 2.217381858825683594e+01
9.288762092590332031e+00 1.584728851318359375e+02 1.363604125976562500e+02 2.211249923706054688e+01
9.329579353332519531e+00 1.584217224121093750e+02 1.363796539306640625e+02 2.204206848144531250e+01
9.452031135559082031e+00 1.587774810791015625e+02 1.370189208984375000e+02 2.175856208801269531e+01
9.472439765930175781e+00 1.579983215332031250e+02 1.362688140869140625e+02 2.172951316833496094e+01
9.492848396301269531e+00 1.579127349853515625e+02 1.362028045654296875e+02 2.170998764038085938e+01
9.513257980346679688e+00 1.579750823974609375e+02 1.363132171630859375e+02 2.166185188293457031e+01
9.533666610717773438e+00 1.579702301025390625e+02 1.363478393554687500e+02 2.162239837646484375e+01
9.554075241088867188e+00 1.579583892822265625e+02 1.363322143554687500e+02 2.162619590759277344e+01
9.574483871459960938e+00 1.580633087158203125e+02 1.364916687011718750e+02 2.157162666320800781e+01
9.594892501831054688e+00 1.580141448974609375e+02 1.365256805419921875e+02 2.148845672607421875e+01
9.615302085876464844e+00 1.580656433105468750e+02 1.366093597412109375e+02 2.145628547668457031e+01
9.635710716247558594e+00 1.580354461669921875e+02 1.366181335449218750e+02 2.141731071472167969e+01
9.656119346618652344e+00 1.579597320556640625e+02 1.366269073486328125e+02 2.133283042907714844e+01
9.676527023315429688e+00 1.579416351318359375e+02 1.366356201171875000e+02 2.130600547790527344e+01
9.696935653686523438e+00 1.578884735107421875e+02 1.366196136474609375e+02 2.126887321472167969e+01
9.717344284057617188e+00 1.579493713378906250e+02 1.367268524169921875e+02 2.122254562377929688e+01
9.737752914428710938e+00 1.579329376220703125e+02 1.367352905273437500e+02 2.119765281677246094e+01
9.758161544799804688e+00 1.578566436767578125e+02 1.367191772460937500e+02 2.113748931884765625e+01
9.778571128845214844e+00 1.578099822998046875e+02 1.367031250000000000e+02 2.110682678222656250e+01
9.798979759216308594e+00 1.577760925292968750e+02 1.367115783691406250e+02 2.106454658508300781e+01
9.819388389587402344e+00 1.577068939208984375e+02 1.366712036132812500e+02 2.103567886352539062e+01
9.839797019958496094e+00 1.576746978759765625e+02 1.366796875000000000e+02 2.099499130249023438e+01
9.860206604003906250e+00 1.576221008300781250e+02 1.366638488769531250e+02 2.095826530456542969e+01
9.880615234375000000e+00 1.575594482421875000e+02 1.366480712890625000e+02 2.091137123107910156e+01
9.901023864746093750e+00 1.574899597167968750e+02 1.366081848144531250e+02 2.088176345825195312e+01
9.921431541442871094e+00 1.574313812255859375e+02 1.365926055908203125e+02 2.083874130249023438e+01
9.941840171813964844e+00 1.573853302001953125e+02 1.365770874023437500e+02 2.080823135375976562e+01
9.962248802185058594e+00 1.573142700195312500e+02 1.365375976562500000e+02 2.077667427062988281e+01
9.982657432556152344e+00 1.572571258544921875e+02 1.365222473144531250e+02 2.073489379882812500e+01
1.000306606292724609e+01 1.572104187011718750e+02 1.365069427490234375e+02 2.070348548889160156e+01
1.002347564697265625e+01 1.571654205322265625e+02 1.364917297363281250e+02 2.067369651794433594e+01
1.004388427734375000e+01 1.571297302246093750e+02 1.365003967285156250e+02 2.062930297851562500e+01
1.006429290771484375e+01 1.570686187744140625e+02 1.364614410400390625e+02 2.060715484619140625e+01
1.008470153808593750e+01 1.570282592773437500e+02 1.364464111328125000e+02 2.058187294006347656e+01
1.010511112213134766e+01 1.569687042236328125e+02 1.364314117431640625e+02 2.053726577758789062e+01
1.012551975250244141e+01 1.569282379150390625e+02 1.364165039062500000e+02 2.051172447204589844e+01
1.014592647552490234e+01 1.568502197265625000e+02 1.363780670166015625e+02 2.047216224670410156e+01
1.016633605957031250e+01 1.568527679443359375e+02 1.364104156494140625e+02 2.044233512878417969e+01
1.018674468994140625e+01 1.567631530761718750e+02 1.363486022949218750e+02 2.041456604003906250e+01
1.020715332031250000e+01 1.567373199462890625e+02 1.363574218750000000e+02 2.037989425659179688e+01
1.022756195068359375e+01 1.566783447265625000e+02 1.363193817138671875e+02 2.035897254943847656e+01
1.024797058105468750e+01 1.566327056884765625e+02 1.363048858642578125e+02 2.032782554626464844e+01
1.026838016510009766e+01 1.565644531250000000e+02 1.362670898437500000e+02 2.029739952087402344e+01
1.030919742584228516e+01 1.565891265869140625e+02 1.362848663330078125e+02 2.030423927307128906e+01
1.032960605621337891e+01 1.565612487792968750e+02 1.362705383300781250e+02 2.029072189331054688e+01
1.035001564025878906e+01 1.565018463134765625e+02 1.361406097412109375e+02 2.036125946044921875e+01
1.037042236328125000e+01 1.563548889160156250e+02 1.361497039794921875e+02 2.020514869689941406e+01
1.039083099365234375e+01 1.563549804687500000e+02 1.362048492431640625e+02 2.015015411376953125e+01
1.041123962402343750e+01 1.561590881347656250e+02 1.360527954101562500e+02 2.010627555847167969e+01
1.043164920806884766e+01 1.562895355224609375e+02 1.361997070312500000e+02 2.008985900878906250e+01
1.045205783843994141e+01 1.562479095458984375e+02 1.362086029052734375e+02 2.003934097290039062e+01
1.047246646881103516e+01 1.561731567382812500e+02 1.361717529296875000e+02 2.000142669677734375e+01
1.049287509918212891e+01 1.561322784423828125e+02 1.361578521728515625e+02 1.997444343566894531e+01
1.051328468322753906e+01 1.560232391357421875e+02 1.358252258300781250e+02 2.019804191589355469e+01
1.053369331359863281e+01 1.582473297119140625e+02 1.382892150878906250e+02 1.995812034606933594e+01
1.055410194396972656e+01 1.559511108398437500e+02 1.360711364746093750e+02 1.988000869750976562e+01
1.057451057434082031e+01 1.558652038574218750e+02 1.360122528076171875e+02 1.985294914245605469e+01
1.059491920471191406e+01 1.558314819335937500e+02 1.359988098144531250e+02 1.983267211914062500e+01
1.061532688140869141e+01 1.557596130371093750e+02 1.359628601074218750e+02 1.979678916931152344e+01
1.063573551177978516e+01 1.557349395751953125e+02 1.359720611572265625e+02 1.976290702819824219e+01
1.065614414215087891e+01 1.556987609863281250e+02 1.359587707519531250e+02 1.973999977111816406e+01
1.067655372619628906e+01 1.558120117187500000e+02 1.360576324462890625e+02 1.975434303283691406e+01
1.069696235656738281e+01 1.555867156982421875e+02 1.359099426269531250e+02 1.967677879333496094e+01
1.071737098693847656e+01 1.555156860351562500e+02 1.358745117187500000e+02 1.964118003845214844e+01
1.073777961730957031e+01 1.554953613281250000e+02 1.358837738037109375e+02 1.961157608032226562e+01
1.075818920135498047e+01 1.554501647949218750e+02 1.358707733154296875e+02 1.957938575744628906e+01
1.077859783172607422e+01 1.553802032470703125e+02 1.358356170654296875e+02 1.954458045959472656e+01
1.079900646209716797e+01 1.553369750976562500e+02 1.358227233886718750e+02 1.951424217224121094e+01
1.081941509246826172e+01 1.552958831787109375e+02 1.358099365234375000e+02 1.948593521118164062e+01
1.083982276916503906e+01 1.552490386962890625e+02 1.357971801757812500e+02 1.945184135437011719e+01
1.086023139953613281e+01 1.552130432128906250e+02 1.357844390869140625e+02 1.942862510681152344e+01
1.088064002990722656e+01 1.551632843017578125e+02 1.357717895507812500e+02 1.939151191711425781e+01
1.090104866027832031e+01 1.551211242675781250e+02 1.357591552734375000e+02 1.936197471618652344e+01
1.092145824432373047e+01 1.550770568847656250e+02 1.357465667724609375e+02 1.933049964904785156e+01
1.094186687469482422e+01 1.550356292724609375e+02 1.357340393066406250e+02 1.930158805847167969e+01
1.096227550506591797e+01 1.550195159912109375e+02 1.357433776855468750e+02 1.927614593505859375e+01
1.098268413543701172e+01 1.549521331787109375e+02 1.357091064453125000e+02 1.924303054809570312e+01
1.100309371948242188e+01 1.549188537597656250e+02 1.356967315673828125e+02 1.922210311889648438e+01
1.102350234985351562e+01 1.548991088867187500e+02 1.357060852050781250e+02 1.919305419921875000e+01
1.104391098022460938e+01 1.548636779785156250e+02 1.356937408447265625e+02 1.916995239257812500e+01
1.106431770324707031e+01 1.548271331787109375e+02 1.356814727783203125e+02 1.914569854736328125e+01
1.108472728729248047e+01 1.547856750488281250e+02 1.356692199707031250e+02 1.911647033691406250e+01
1.110513591766357422e+01 1.547501525878906250e+02 1.356570281982421875e+02 1.909308052062988281e+01
1.112554454803466797e+01 1.547356872558593750e+02 1.356663665771484375e+02 1.906929397583007812e+01
1.114595317840576172e+01 1.547245483398437500e+02 1.356756896972656250e+02 1.904886436462402344e+01
1.116636276245117188e+01 1.546826019287109375e+02 1.356635437011718750e+02 1.901908111572265625e+01
1.118677139282226562e+01 1.546321716308593750e+02 1.356300201416015625e+02 1.900214004516601562e+01
1.120718002319335938e+01 1.546164855957031250e+02 1.356393737792968750e+02 1.897713661193847656e+01
1.122758865356445312e+01 1.545572967529296875e+02 1.356060333251953125e+02 1.895132064819335938e+01
1.124799728393554688e+01 1.545267333984375000e+02 1.355941009521484375e+02 1.893265151977539062e+01
1.126840686798095703e+01 1.545111846923828125e+02 1.356034393310546875e+02 1.890770530700683594e+01
1.128881549835205078e+01 1.544541778564453125e+02 1.355703582763671875e+02 1.888382339477539062e+01
1.130922222137451172e+01 1.544194946289062500e+02 1.355585632324218750e+02 1.886094856262207031e+01
1.132963180541992188e+01 1.543929595947265625e+02 1.355467987060546875e+02 1.884613990783691406e+01
1.135004043579101562e+01 1.543582458496093750e+02 1.355350952148437500e+02 1.882316398620605469e+01
1.137044906616210938e+01 1.543001708984375000e+02 1.355023345947265625e+02 1.879782295227050781e+01
1.139085769653320312e+01 1.542689514160156250e+02 1.354907531738281250e+02 1.877822303771972656e+01
1.141126728057861328e+01 1.542299194335937500e+02 1.354791870117187500e+02 1.875069427490234375e+01
1.143167591094970703e+01 1.542001800537109375e+02 1.354676666259765625e+02 1.873252868652343750e+01
1.145208454132080078e+01 1.541492767333984375e+02 1.354352874755859375e+02 1.871402931213378906e+01
1.147249317169189453e+01 1.540881958007812500e+02 1.354030151367187500e+02 1.868515205383300781e+01
1.149290180206298828e+01 1.540377502441406250e+02 1.353708648681640625e+02 1.866688728332519531e+01
1.161535358428955078e+01 1.554737548828125000e+02 1.368497619628906250e+02 1.862398719787597656e+01
1.163576221466064453e+01 1.536432037353515625e+02 1.349843902587890625e+02 1.865882301330566406e+01
1.165617179870605469e+01 1.536111297607421875e+02 1.349739685058593750e+02 1.863714981079101562e+01
1.173780632019042969e+01 1.533664855957031250e+02 1.347898559570312500e+02 1.857662773132324219e+01
1.179903125762939453e+01 1.535901336669921875e+02 1.348005523681640625e+02 1.878958320617675781e+01
1.181944084167480469e+01 1.553927459716796875e+02 1.361881103515625000e+02 1.920465087890625000e+01
1.183984947204589844e+01 1.532184295654296875e+02 1.347806549072265625e+02 1.843775558471679688e+01
1.188066673278808594e+01 1.531568603515625000e+02 1.347810363769531250e+02 1.837583351135253906e+01
1.202352714538574219e+01 1.519963073730468750e+02 1.337968139648437500e+02 1.819951438903808594e+01
1.204393577575683594e+01 1.555448913574218750e+02 1.373068695068359375e+02 1.823803901672363281e+01
1.206434535980224609e+01 1.528308715820312500e+02 1.344751739501953125e+02 1.835574913024902344e+01
1.214597988128662109e+01 1.520632934570312500e+02 1.339458312988281250e+02 1.811745262145996094e+01
1.216638946533203125e+01 1.525386657714843750e+02 1.344491577148437500e+02 1.808944892883300781e+01
1.218679809570312500e+01 1.524778289794921875e+02 1.340668640136718750e+02 1.841101074218750000e+01
1.220720672607421875e+01 1.524465332031250000e+02 1.344114379882812500e+02 1.803508758544921875e+01
1.222761440277099609e+01 1.551582794189453125e+02 1.372021026611328125e+02 1.795618820190429688e+01
1.224802303314208984e+01 1.523985748291015625e+02 1.344716949462890625e+02 1.792687225341796875e+01
1.226843166351318359e+01 1.523479309082031250e+02 1.344431152343750000e+02 1.790484237670898438e+01
1.228884029388427734e+01 1.523518676757812500e+02 1.344925689697265625e+02 1.785927200317382812e+01
1.232965850830078125e+01 1.521753845214843750e+02 1.342997283935546875e+02 1.787562942504882812e+01
1.235006713867187500e+01 1.521382446289062500e+02 1.342910308837890625e+02 1.784722900390625000e+01
1.239088439941406250e+01 1.520284271240234375e+02 1.342350311279296875e+02 1.779342079162597656e+01
1.245211124420166016e+01 1.519028167724609375e+02 1.341517639160156250e+02 1.775104141235351562e+01
1.247251892089843750e+01 1.519069671630859375e+02 1.341050109863281250e+02 1.780197334289550781e+01
1.251333618164062500e+01 1.517659606933593750e+02 1.340884399414062500e+02 1.767756843566894531e+01
1.253374481201171875e+01 1.516951599121093750e+02 1.340610961914062500e+02 1.763406753540039062e+01
1.255415344238281250e+01 1.517151947021484375e+02 1.341101226806640625e+02 1.760509490966796875e+01
1.257456302642822266e+01 1.516396331787109375e+02 1.340637969970703125e+02 1.757583236694335938e+01
1.259497165679931641e+01 1.516189117431640625e+02 1.340556335449218750e+02 1.756328010559082031e+01
1.265619850158691406e+01 1.513697662353515625e+02 1.338610839843750000e+02 1.750869941711425781e+01
1.271742343902587891e+01 1.512560729980468750e+02 1.338378295898437500e+02 1.741828536987304688e+01
1.273783206939697266e+01 1.512287902832031250e+02 1.338301239013671875e+02 1.739868354797363281e+01
1.275824069976806641e+01 1.511820373535156250e+02 1.338036651611328125e+02 1.737841606140136719e+01
1.279905796051025391e+01 1.517555084228515625e+02 1.340877075195312500e+02 1.766778945922851562e+01
1.290110301971435547e+01 1.510502777099609375e+02 1.336951141357421875e+02 1.735517883300781250e+01
1.292150974273681641e+01 1.509867706298828125e+02 1.336692504882812500e+02 1.731752777099609375e+01
1.296232795715332031e+01 1.508523406982421875e+02 1.335622863769531250e+02 1.729006004333496094e+01
1.302355384826660156e+01 1.508483734130859375e+02 1.336145019531250000e+02 1.723388099670410156e+01
1.304396247863769531e+01 1.507239685058593750e+02 1.334972076416015625e+02 1.722675704956054688e+01
1.308478069305419922e+01 1.507283782958984375e+02 1.335564422607421875e+02 1.717192077636718750e+01
1.310518932342529297e+01 1.507034606933593750e+02 1.335493927001953125e+02 1.715408897399902344e+01
1.316641426086425781e+01 1.505975799560546875e+02 1.335101776123046875e+02 1.708742523193359375e+01
1.318682289123535156e+01 1.505650634765625000e+02 1.335032501220703125e+02 1.706179809570312500e+01
1.328886699676513672e+01 1.503880310058593750e+02 1.334148406982421875e+02 1.697321891784667969e+01
1.330927658081054688e+01 1.503225860595703125e+02 1.333721466064453125e+02 1.695048522949218750e+01
1.332968521118164062e+01 1.502942352294921875e+02 1.333654937744140625e+02 1.692872238159179688e+01
1.335009384155273438e+01 1.502721405029296875e+02 1.333768005371093750e+02 1.689530754089355469e+01
1.337050247192382812e+01 1.502655639648437500e+02 1.333880462646484375e+02 1.687752723693847656e+01
1.339091014862060547e+01 1.502675781250000000e+02 1.334171752929687500e+02 1.685040855407714844e+01
1.347254562377929688e+01 1.499930725097656250e+02 1.332128906250000000e+02 1.678017234802246094e+01
1.349295425415039062e+01 1.499162750244140625e+02 1.331710815429687500e+02 1.674517631530761719e+01
1.351336288452148438e+01 1.497971038818359375e+02 1.330762481689453125e+02 1.672088241577148438e+01
1.353377151489257812e+01 1.499353637695312500e+02 1.332116546630859375e+02 1.672371673583984375e+01
1.355418109893798828e+01 1.498102722167968750e+02 1.331170501708984375e+02 1.669322586059570312e+01
1.357458972930908203e+01 1.499838104248046875e+02 1.332519836425781250e+02 1.673184585571289062e+01
1.359499835968017578e+01 1.498380737304687500e+02 1.331047668457031250e+02 1.673332405090332031e+01
1.361540508270263672e+01 1.497746734619140625e+02 1.331865844726562500e+02 1.658809661865234375e+01
1.363581562042236328e+01 1.501724548339843750e+02 1.335665740966796875e+02 1.660590553283691406e+01
1.365622234344482422e+01 1.502989959716796875e+02 1.337351074218750000e+02 1.656393241882324219e+01
1.367663288116455078e+01 1.500850524902343750e+02 1.335355224609375000e+02 1.654952049255371094e+01
1.369704055786132812e+01 1.498790283203125000e+02 1.333540496826171875e+02 1.652499771118164062e+01
1.371745109558105469e+01 1.496743469238281250e+02 1.331730804443359375e+02 1.650124740600585938e+01
1.373785781860351562e+01 1.496023864746093750e+02 1.331146697998046875e+02 1.648772621154785156e+01
1.375826835632324219e+01 1.495454406738281250e+02 1.330737762451171875e+02 1.647167396545410156e+01
1.377867507934570312e+01 1.494974212646484375e+02 1.330504455566406250e+02 1.644697761535644531e+01
1.379908561706542969e+01 1.494794616699218750e+02 1.330444793701171875e+02 1.643496894836425781e+01
1.381949329376220703e+01 1.493634185791015625e+02 1.329519348144531250e+02 1.641148757934570312e+01
1.383990383148193359e+01 1.493766937255859375e+02 1.329807281494140625e+02 1.639597511291503906e+01
1.386031055450439453e+01 1.493460845947265625e+02 1.329576416015625000e+02 1.638846588134765625e+01
1.388071823120117188e+01 1.492857513427734375e+02 1.329173889160156250e+02 1.636837005615234375e+01
1.390112876892089844e+01 1.492582397460937500e+02 1.329116668701171875e+02 1.634651756286621094e+01
1.392153549194335938e+01 1.492248687744140625e+02 1.328888092041015625e+02 1.633603096008300781e+01
1.394194602966308594e+01 1.491710510253906250e+02 1.328488006591796875e+02 1.632225608825683594e+01
1.396235370635986328e+01 1.491266632080078125e+02 1.328260803222656250e+02 1.630058479309082031e+01
1.398276424407958984e+01 1.490919342041015625e+02 1.328033905029296875e+02 1.628854751586914062e+01
1.400317096710205078e+01 1.490375823974609375e+02 1.327637023925781250e+02 1.627394294738769531e+01
1.402358150482177734e+01 1.489882049560546875e+02 1.327411804199218750e+02 1.624705123901367188e+01
1.404398918151855469e+01 1.489564514160156250e+02 1.327187500000000000e+02 1.623769569396972656e+01
1.406439971923828125e+01 1.488993225097656250e+02 1.326793518066406250e+02 1.621997833251953125e+01
1.408480644226074219e+01 1.488439636230468750e+02 1.326400909423828125e+02 1.620386314392089844e+01
1.410521411895751953e+01 1.488234100341796875e+02 1.326348724365234375e+02 1.618852996826171875e+01
1.412562465667724609e+01 1.487645416259765625e+02 1.325957336425781250e+02 1.616881561279296875e+01
1.414603137969970703e+01 1.487326354980468750e+02 1.325736846923828125e+02 1.615897369384765625e+01
1.416644191741943359e+01 1.486737060546875000e+02 1.325347595214843750e+02 1.613893699645996094e+01
1.418684959411621094e+01 1.486162719726562500e+02 1.324959869384765625e+02 1.612030029296875000e+01
1.420725917816162109e+01 1.485796356201171875e+02 1.324741363525390625e+02 1.610551643371582031e+01
1.422766685485839844e+01 1.485283508300781250e+02 1.324355773925781250e+02 1.609277725219726562e+01
1.424807739257812500e+01 1.485037994384765625e+02 1.324306793212890625e+02 1.607306671142578125e+01
1.426848411560058594e+01 1.484337005615234375e+02 1.323754882812500000e+02 1.605818748474121094e+01
1.428889465332031250e+01 1.483939056396484375e+02 1.323539428710937500e+02 1.603996658325195312e+01
1.430930233001708984e+01 1.483536071777343750e+02 1.323324737548828125e+02 1.602111053466796875e+01
1.432970905303955078e+01 1.483071289062500000e+02 1.322943725585937500e+02 1.601275253295898438e+01
1.435011959075927734e+01 1.482672271728515625e+02 1.322730255126953125e+02 1.599423503875732422e+01
1.437052726745605469e+01 1.482197265625000000e+02 1.322351226806640625e+02 1.598460674285888672e+01
1.439093780517578125e+01 1.481635589599609375e+02 1.321972961425781250e+02 1.596629619598388672e+01
1.441134452819824219e+01 1.481265869140625000e+02 1.321761932373046875e+02 1.595039653778076172e+01
1.443175506591796875e+01 1.480795440673828125e+02 1.321385650634765625e+02 1.594102191925048828e+01
1.445216274261474609e+01 1.480413208007812500e+02 1.321175994873046875e+02 1.592374515533447266e+01
1.447257328033447266e+01 1.479895782470703125e+02 1.320801544189453125e+02 1.590944004058837891e+01
1.449298000335693359e+01 1.479560241699218750e+02 1.320593566894531250e+02 1.589665699005126953e+01
1.451339054107666016e+01 1.479011993408203125e+02 1.320220794677734375e+02 1.587913990020751953e+01
1.453379821777343750e+01 1.478673400878906250e+02 1.320014343261718750e+02 1.586592769622802734e+01
1.455420494079589844e+01 1.478335571289062500e+02 1.319808197021484375e+02 1.585271644592285156e+01
1.457461547851562500e+01 1.477651824951171875e+02 1.319273834228515625e+02 1.583782863616943359e+01
1.459502315521240234e+01 1.477329864501953125e+02 1.319069519042968750e+02 1.582602977752685547e+01
1.461543273925781250e+01 1.476830902099609375e+02 1.318701477050781250e+02 1.581297206878662109e+01
1.463584041595458984e+01 1.476446228027343750e+02 1.318498535156250000e+02 1.579477310180664062e+01
1.465625095367431641e+01 1.475986175537109375e+02 1.318132324218750000e+02 1.578541755676269531e+01
1.467665767669677734e+01 1.475616607666015625e+02 1.317930755615234375e+02 1.576860237121582031e+01
1.469706821441650391e+01 1.474904785156250000e+02 1.317403717041015625e+02 1.575011539459228516e+01
1.471747589111328125e+01 1.474613037109375000e+02 1.317203369140625000e+02 1.574099063873291016e+01
1.473788642883300781e+01 1.474111480712890625e+02 1.316841125488281250e+02 1.572704029083251953e+01
1.475829315185546875e+01 1.473780822753906250e+02 1.316642150878906250e+02 1.571388626098632812e+01
1.477870082855224609e+01 1.473226318359375000e+02 1.316282196044921875e+02 1.569444274902343750e+01
1.479911136627197266e+01 1.472742919921875000e+02 1.315922546386718750e+02 1.568205738067626953e+01
1.481951808929443359e+01 1.472427062988281250e+02 1.315726013183593750e+02 1.567009353637695312e+01
1.483992862701416016e+01 1.471708221435546875e+02 1.315206756591796875e+02 1.565013217926025391e+01
1.486033630371093750e+01 1.471427917480468750e+02 1.315011596679687500e+02 1.564161205291748047e+01
1.488074684143066406e+01 1.470738677978515625e+02 1.314494781494140625e+02 1.562440013885498047e+01
1.490115356445312500e+01 1.470356750488281250e+02 1.314301147460937500e+02 1.560557079315185547e+01
1.492156410217285156e+01 1.469760284423828125e+02 1.313786773681640625e+02 1.559738445281982422e+01
1.494197177886962891e+01 1.469384002685546875e+02 1.313594665527343750e+02 1.557893276214599609e+01
1.496238231658935547e+01 1.468848419189453125e+02 1.313242797851562500e+02 1.556056308746337891e+01
1.498278903961181641e+01 1.468530578613281250e+02 1.312891998291015625e+02 1.556384849548339844e+01
1.500319957733154297e+01 1.468113708496093750e+02 1.312701568603515625e+02 1.554120349884033203e+01
1.502360725402832031e+01 1.467635650634765625e+02 1.312352600097656250e+02 1.552829647064208984e+01
1.504401397705078125e+01 1.467055664062500000e+02 1.312004547119140625e+02 1.550512504577636719e+01
1.506442451477050781e+01 1.466587219238281250e+02 1.311657104492187500e+02 1.549300861358642578e+01
1.508483123779296875e+01 1.466123199462890625e+02 1.311310882568359375e+02 1.548121547698974609e+01
1.510524177551269531e+01 1.465807647705078125e+02 1.311123962402343750e+02 1.546840000152587891e+01
1.512564945220947266e+01 1.465149993896484375e+02 1.310621185302734375e+02 1.545289134979248047e+01
1.514605998992919922e+01 1.464825897216796875e+02 1.310435638427734375e+02 1.543901920318603516e+01
1.516646671295166016e+01 1.464348297119140625e+02 1.310092773437500000e+02 1.542553710937500000e+01
1.518687725067138672e+01 1.463898162841796875e+02 1.309750823974609375e+02 1.541478633880615234e+01
1.520728492736816406e+01 1.463550872802734375e+02 1.309567413330078125e+02 1.539834976196289062e+01
1.522769546508789062e+01 1.463043823242187500e+02 1.309226837158203125e+02 1.538169479370117188e+01
1.524810218811035156e+01 1.462590332031250000e+02 1.308887786865234375e+02 1.537028884887695312e+01
1.526850986480712891e+01 1.462140350341796875e+02 1.308549346923828125e+02 1.535910129547119141e+01
1.528892040252685547e+01 1.461641998291015625e+02 1.308211669921875000e+02 1.534305191040039062e+01
1.530932712554931641e+01 1.461332397460937500e+02 1.308031616210937500e+02 1.533007144927978516e+01
1.532973766326904297e+01 1.460678710937500000e+02 1.307539367675781250e+02 1.531391143798828125e+01
1.535014533996582031e+01 1.460383605957031250e+02 1.307360687255859375e+02 1.530231571197509766e+01
1.537055587768554688e+01 1.460051879882812500e+02 1.307181854248046875e+02 1.528696537017822266e+01
1.539096260070800781e+01 1.459634704589843750e+02 1.306848754882812500e+02 1.527863311767578125e+01
1.541137313842773438e+01 1.459149627685546875e+02 1.306515960693359375e+02 1.526337909698486328e+01
1.543178081512451172e+01 1.458824615478515625e+02 1.306339416503906250e+02 1.524849796295166016e+01
1.545219039916992188e+01 1.458373870849609375e+02 1.306008300781250000e+02 1.523655223846435547e+01
1.547259807586669922e+01 1.457922210693359375e+02 1.305678253173828125e+02 1.522437572479248047e+01
1.549300575256347656e+01 1.457472991943359375e+02 1.305348968505859375e+02 1.521242141723632812e+01
1.551341533660888672e+01 1.457143707275390625e+02 1.305174713134765625e+02 1.519691085815429688e+01
1.553382301330566406e+01 1.456812438964843750e+02 1.305001220703125000e+02 1.518111133575439453e+01
1.555423355102539062e+01 1.456407470703125000e+02 1.304673919677734375e+02 1.517334747314453125e+01
1.557464027404785156e+01 1.456067352294921875e+02 1.304501647949218750e+02 1.515655517578125000e+01
1.559505081176757812e+01 1.455471954345703125e+02 1.304022216796875000e+02 1.514496135711669922e+01
1.561545848846435547e+01 1.455143127441406250e+02 1.303851013183593750e+02 1.512923240661621094e+01
1.563586902618408203e+01 1.454645690917968750e+02 1.303526916503906250e+02 1.511190414428710938e+01
1.565627574920654297e+01 1.454395904541015625e+02 1.303356933593750000e+02 1.510390853881835938e+01
1.567668342590332031e+01 1.454074249267578125e+02 1.303187408447265625e+02 1.508864021301269531e+01
1.569709396362304688e+01 1.453643646240234375e+02 1.302865447998046875e+02 1.507781314849853516e+01
1.571750068664550781e+01 1.453154449462890625e+02 1.302544708251953125e+02 1.506094551086425781e+01
1.573791122436523438e+01 1.452672882080078125e+02 1.302224273681640625e+02 1.504484844207763672e+01
1.575831890106201172e+01 1.452222900390625000e+02 1.301905059814453125e+02 1.503179645538330078e+01
1.577872943878173828e+01 1.451924133300781250e+02 1.301738281250000000e+02 1.501859092712402344e+01
1.579913616180419922e+01 1.451481628417968750e+02 1.301420440673828125e+02 1.500613594055175781e+01
1.581954383850097656e+01 1.450992736816406250e+02 1.301103515625000000e+02 1.498892498016357422e+01
1.583995437622070312e+01 1.450531768798828125e+02 1.300787353515625000e+02 1.497448635101318359e+01
1.586036109924316406e+01 1.450249176025390625e+02 1.300623016357421875e+02 1.496262645721435547e+01
1.588077163696289062e+01 1.449609527587890625e+02 1.300157470703125000e+02 1.494518852233886719e+01
1.590117931365966797e+01 1.449173583984375000e+02 1.299843597412109375e+02 1.493301391601562500e+01
1.592158889770507812e+01 1.448690948486328125e+02 1.299530487060546875e+02 1.491606140136718750e+01
1.594199657440185547e+01 1.448365173339843750e+02 1.299368591308593750e+02 1.489969730377197266e+01
1.596240711212158203e+01 1.447958221435546875e+02 1.299056854248046875e+02 1.489017200469970703e+01
1.598281383514404297e+01 1.447484741210937500e+02 1.298746337890625000e+02 1.487386798858642578e+01
1.600322532653808594e+01 1.447194824218750000e+02 1.298585815429687500e+02 1.486091709136962891e+01
1.602363204956054688e+01 1.446723480224609375e+02 1.298276519775390625e+02 1.484467983245849609e+01
1.604404258728027344e+01 1.446349029541015625e+02 1.297967834472656250e+02 1.483811473846435547e+01
1.606444931030273438e+01 1.445812530517578125e+02 1.297660217285156250e+02 1.481523036956787109e+01
1.608485603332519531e+01 1.445394134521484375e+02 1.297353210449218750e+02 1.480410289764404297e+01
1.610526657104492188e+01 1.444961700439453125e+02 1.297046813964843750e+02 1.479149246215820312e+01
1.612567520141601562e+01 1.444489593505859375e+02 1.296741485595703125e+02 1.477485466003417969e+01
1.614608573913574219e+01 1.444078979492187500e+02 1.296436767578125000e+02 1.476422405242919922e+01
1.616649246215820312e+01 1.443615264892578125e+02 1.296132965087890625e+02 1.474822044372558594e+01
1.618690299987792969e+01 1.443157958984375000e+02 1.295829620361328125e+02 1.473285102844238281e+01
1.620730972290039062e+01 1.442726593017578125e+02 1.295527343750000000e+02 1.471992492675781250e+01
1.622772026062011719e+01 1.442126464843750000e+02 1.295078125000000000e+02 1.470484352111816406e+01
1.624812698364257812e+01 1.441855163574218750e+02 1.294924621582031250e+02 1.469304847717285156e+01
1.626853752136230469e+01 1.441419525146484375e+02 1.294624633789062500e+02 1.467949199676513672e+01
1.628894615173339844e+01 1.440958099365234375e+02 1.294325408935546875e+02 1.466327762603759766e+01
1.630935287475585938e+01 1.440584564208984375e+02 1.294026794433593750e+02 1.465574836730957031e+01
1.632976341247558594e+01 1.440149078369140625e+02 1.293728790283203125e+02 1.464201164245605469e+01
1.635017013549804688e+01 1.439733276367187500e+02 1.293431701660156250e+02 1.463011360168457031e+01
1.637058067321777344e+01 1.439449615478515625e+02 1.293281402587890625e+02 1.461681461334228516e+01
1.639098739624023438e+01 1.438993225097656250e+02 1.292985687255859375e+02 1.460077667236328125e+01
1.641139793395996094e+01 1.438744201660156250e+02 1.292836303710937500e+02 1.459081077575683594e+01
1.643180465698242188e+01 1.438343505859375000e+02 1.292541961669921875e+02 1.458017349243164062e+01
1.645221519470214844e+01 1.437900085449218750e+02 1.292247924804687500e+02 1.456521797180175781e+01
1.647262382507324219e+01 1.437602081298828125e+02 1.292100372314453125e+02 1.455018329620361328e+01
1.649303436279296875e+01 1.437194061279296875e+02 1.291807708740234375e+02 1.453862953186035156e+01
1.651344108581542969e+01 1.436808166503906250e+02 1.291515960693359375e+02 1.452923011779785156e+01
1.653384780883789062e+01 1.436541748046875000e+02 1.291369628906250000e+02 1.451721000671386719e+01
1.655425834655761719e+01 1.436116943359375000e+02 1.291079101562500000e+02 1.450376987457275391e+01
1.657466506958007812e+01 1.435678558349609375e+02 1.290789337158203125e+02 1.448893356323242188e+01
1.659507560729980469e+01 1.435422058105468750e+02 1.290644226074218750e+02 1.447779941558837891e+01
1.661548423767089844e+01 1.434981536865234375e+02 1.290355987548828125e+02 1.446256446838378906e+01
1.663589477539062500e+01 1.434574890136718750e+02 1.290067901611328125e+02 1.445068836212158203e+01
1.665630149841308594e+01 1.434331817626953125e+02 1.289924468994140625e+02 1.444070625305175781e+01
1.667671203613281250e+01 1.433944549560546875e+02 1.289637756347656250e+02 1.443068408966064453e+01
1.669711875915527344e+01 1.433638610839843750e+02 1.289495239257812500e+02 1.441432952880859375e+01
1.671752929687500000e+01 1.433247375488281250e+02 1.289209594726562500e+02 1.440375518798828125e+01
1.673793601989746094e+01 1.432994842529296875e+02 1.289067993164062500e+02 1.439271926879882812e+01
1.675834465026855469e+01 1.432703857421875000e+02 1.288926849365234375e+02 1.437771034240722656e+01
1.677875518798828125e+01 1.432302398681640625e+02 1.288643035888671875e+02 1.436591339111328125e+01
1.679916191101074219e+01 1.431858215332031250e+02 1.288360137939453125e+02 1.434982013702392578e+01
1.681957244873046875e+01 1.431641998291015625e+02 1.288219909667968750e+02 1.434221172332763672e+01
1.683997917175292969e+01 1.431191101074218750e+02 1.287938385009765625e+02 1.432524585723876953e+01
1.686038970947265625e+01 1.430813751220703125e+02 1.287657012939453125e+02 1.431566047668457031e+01
1.688079643249511719e+01 1.430563354492187500e+02 1.287518615722656250e+02 1.430445289611816406e+01
1.690120697021484375e+01 1.430126647949218750e+02 1.287238464355468750e+02 1.428878688812255859e+01
1.692161369323730469e+01 1.429777679443359375e+02 1.286959381103515625e+02 1.428183269500732422e+01
1.694202423095703125e+01 1.429185485839843750e+02 1.286539306640625000e+02 1.426460552215576172e+01
1.696243286132812500e+01 1.429079437255859375e+02 1.286543884277343750e+02 1.425353431701660156e+01
1.698283958435058594e+01 1.428703002929687500e+02 1.286266479492187500e+02 1.424364089965820312e+01
1.700325012207031250e+01 1.428306579589843750e+02 1.285989532470703125e+02 1.423173046112060547e+01
1.702365684509277344e+01 1.427884216308593750e+02 1.285713653564453125e+02 1.421707439422607422e+01
1.704406738281250000e+01 1.427529296875000000e+02 1.285438079833984375e+02 1.420915412902832031e+01
1.706447410583496094e+01 1.427105102539062500e+02 1.285163421630859375e+02 1.419418621063232422e+01
1.708488464355468750e+01 1.426725769042968750e+02 1.284889221191406250e+02 1.418367862701416016e+01
1.710529327392578125e+01 1.426340942382812500e+02 1.284615783691406250e+02 1.417255115509033203e+01
1.712570381164550781e+01 1.425959777832031250e+02 1.284342803955078125e+02 1.416169548034667969e+01
1.714611053466796875e+01 1.425580444335937500e+02 1.284070739746093750e+02 1.415098667144775391e+01
1.716652107238769531e+01 1.425204010009765625e+02 1.283799133300781250e+02 1.414050483703613281e+01
1.718692779541015625e+01 1.424828033447265625e+02 1.283528442382812500e+02 1.412996578216552734e+01
1.720733833312988281e+01 1.424284210205078125e+02 1.283118896484375000e+02 1.411651706695556641e+01
1.722774505615234375e+01 1.423870391845703125e+02 1.282849731445312500e+02 1.410203075408935547e+01
1.724815368652343750e+01 1.423541870117187500e+02 1.282580871582031250e+02 1.409609794616699219e+01
1.726856231689453125e+01 1.423135375976562500e+02 1.282312774658203125e+02 1.408226203918457031e+01
1.728897094726562500e+01 1.422627410888671875e+02 1.281906738281250000e+02 1.407211494445800781e+01
1.730938148498535156e+01 1.422262725830078125e+02 1.281639862060546875e+02 1.406230640411376953e+01
1.732978820800781250e+01 1.421913909912109375e+02 1.281373901367187500e+02 1.405402278900146484e+01
1.735019874572753906e+01 1.421545715332031250e+02 1.281108245849609375e+02 1.404375648498535156e+01
1.737060546875000000e+01 1.421182403564453125e+02 1.280843658447265625e+02 1.403388786315917969e+01
1.739101600646972656e+01 1.420785827636718750e+02 1.280579376220703125e+02 1.402059555053710938e+01
1.741142272949218750e+01 1.420432739257812500e+02 1.280315856933593750e+02 1.401167583465576172e+01
1.743183326721191406e+01 1.420209350585937500e+02 1.280189819335937500e+02 1.400195217132568359e+01
1.745224189758300781e+01 1.419818878173828125e+02 1.279927597045898438e+02 1.398912239074707031e+01
1.747264862060546875e+01 1.419359741210937500e+02 1.279528732299804688e+02 1.398312282562255859e+01
1.749305915832519531e+01 1.418968200683593750e+02 1.279267425537109375e+02 1.397008037567138672e+01
1.751346588134765625e+01 1.418757781982421875e+02 1.279143753051757812e+02 1.396140003204345703e+01
1.753387641906738281e+01 1.418359680175781250e+02 1.278883514404296875e+02 1.394765567779541016e+01
1.755428314208984375e+01 1.418045349121093750e+02 1.278624114990234375e+02 1.394214153289794922e+01
1.757469367980957031e+01 1.417528381347656250e+02 1.278228836059570312e+02 1.392994213104248047e+01
1.759510231018066406e+01 1.417207183837890625e+02 1.277970733642578125e+02 1.392367076873779297e+01
1.761551284790039062e+01 1.416820831298828125e+02 1.277713241577148438e+02 1.391077804565429688e+01
1.763591957092285156e+01 1.416609497070312500e+02 1.277592010498046875e+02 1.390179252624511719e+01
1.765633010864257812e+01 1.416256256103515625e+02 1.277335357666015625e+02 1.389208889007568359e+01
1.767673683166503906e+01 1.415865173339843750e+02 1.277079772949218750e+02 1.387859630584716797e+01
1.769714355468750000e+01 1.415548553466796875e+02 1.276824493408203125e+02 1.387243652343750000e+01
1.771755409240722656e+01 1.415295867919921875e+02 1.276704788208007812e+02 1.385913753509521484e+01
1.773796081542968750e+01 1.414948120117187500e+02 1.276450576782226562e+02 1.384977531433105469e+01
1.775837135314941406e+01 1.414598999023437500e+02 1.276196670532226562e+02 1.384023666381835938e+01
1.777877998352050781e+01 1.414378051757812500e+02 1.276078414916992188e+02 1.382999229431152344e+01
1.779919052124023438e+01 1.413984832763671875e+02 1.275825500488281250e+02 1.381594467163085938e+01
1.781959724426269531e+01 1.413632507324218750e+02 1.275573501586914062e+02 1.380588150024414062e+01
1.784000778198242188e+01 1.413414916992187500e+02 1.275456085205078125e+02 1.379590988159179688e+01
1.786041450500488281e+01 1.413067932128906250e+02 1.275205001831054688e+02 1.378629875183105469e+01
1.788082504272460938e+01 1.412705383300781250e+02 1.274954299926757812e+02 1.377511310577392578e+01
1.790123176574707031e+01 1.412314758300781250e+02 1.274704360961914062e+02 1.376106357574462891e+01
1.792164039611816406e+01 1.412138977050781250e+02 1.274588699340820312e+02 1.375502681732177734e+01
1.794205093383789062e+01 1.411783905029296875e+02 1.274339523315429688e+02 1.374444103240966797e+01
1.796245765686035156e+01 1.411294708251953125e+02 1.273958129882812500e+02 1.373366355895996094e+01
1.798286819458007812e+01 1.411072540283203125e+02 1.273843383789062500e+02 1.372294044494628906e+01
1.800327491760253906e+01 1.410719146728515625e+02 1.273596115112304688e+02 1.371229362487792969e+01
1.802368545532226562e+01 1.410365600585937500e+02 1.273349227905273438e+02 1.370166778564453125e+01
1.804409217834472656e+01 1.409876861572265625e+02 1.272970428466796875e+02 1.369064712524414062e+01
1.806450271606445312e+01 1.409624481201171875e+02 1.272857284545898438e+02 1.367671298980712891e+01
1.808491134643554688e+01 1.409275970458984375e+02 1.272612457275390625e+02 1.366637802124023438e+01
1.810531997680664062e+01 1.408801574707031250e+02 1.272235488891601562e+02 1.365662097930908203e+01
1.812572860717773438e+01 1.408586730957031250e+02 1.272123947143554688e+02 1.364628219604492188e+01
1.814613533020019531e+01 1.408114166259765625e+02 1.271748733520507812e+02 1.363654232025146484e+01
1.816654586791992188e+01 1.407630615234375000e+02 1.271374053955078125e+02 1.362564373016357422e+01
1.818695259094238281e+01 1.407420349121093750e+02 1.271263732910156250e+02 1.361565017700195312e+01
1.820736312866210938e+01 1.406946258544921875e+02 1.270890502929687500e+02 1.360559272766113281e+01
1.822776985168457031e+01 1.406458129882812500e+02 1.270518264770507812e+02 1.359401416778564453e+01
1.824818038940429688e+01 1.406132202148437500e+02 1.270277862548828125e+02 1.358541679382324219e+01
1.826858901977539062e+01 1.405802764892578125e+02 1.270038375854492188e+02 1.357643318176269531e+01
1.828899955749511719e+01 1.405329589843750000e+02 1.269668121337890625e+02 1.356612777709960938e+01
1.830940628051757812e+01 1.404868927001953125e+02 1.269298934936523438e+02 1.355703735351562500e+01
1.832981681823730469e+01 1.404508209228515625e+02 1.269060897827148438e+02 1.354472732543945312e+01
1.835022354125976562e+01 1.404042358398437500e+02 1.268693313598632812e+02 1.353493404388427734e+01
1.837063026428222656e+01 1.403585662841796875e+02 1.268326416015625000e+02 1.352593421936035156e+01
1.839104080200195312e+01 1.403388977050781250e+02 1.268220520019531250e+02 1.351686477661132812e+01
1.841144943237304688e+01 1.402925109863281250e+02 1.267855072021484375e+02 1.350702476501464844e+01
1.843185997009277344e+01 1.402474212646484375e+02 1.267490158081054688e+02 1.349841403961181641e+01
1.845226669311523438e+01 1.402151794433593750e+02 1.267255935668945312e+02 1.348960590362548828e+01
1.847267723083496094e+01 1.401670989990234375e+02 1.266892471313476562e+02 1.347785472869873047e+01
1.849308395385742188e+01 1.401390991210937500e+02 1.266659469604492188e+02 1.347316074371337891e+01
1.851349449157714844e+01 1.400915222167968750e+02 1.266297531127929688e+02 1.346180534362792969e+01
1.853390121459960938e+01 1.400756378173828125e+02 1.266194992065429688e+02 1.345616531372070312e+01
1.855431175231933594e+01 1.400281677246093750e+02 1.265834197998046875e+02 1.344472885131835938e+01
1.857471847534179688e+01 1.399976348876953125e+02 1.265603408813476562e+02 1.343729114532470703e+01
1.859512901306152344e+01 1.399673919677734375e+02 1.265373001098632812e+02 1.343012714385986328e+01
1.861553764343261719e+01 1.399369659423828125e+02 1.265143127441406250e+02 1.342265129089355469e+01
1.863594436645507812e+01 1.399048309326171875e+02 1.264913787841796875e+02 1.341341972351074219e+01
1.865635490417480469e+01 1.398876495361328125e+02 1.264813156127929688e+02 1.340634346008300781e+01
1.867676162719726562e+01 1.398592834472656250e+02 1.264584732055664062e+02 1.340079975128173828e+01
1.869717216491699219e+01 1.398156738281250000e+02 1.264228439331054688e+02 1.339287757873535156e+01
1.871757888793945312e+01 1.397919464111328125e+02 1.264001388549804688e+02 1.339180088043212891e+01
1.873798942565917969e+01 1.397743835449218750e+02 1.263901977539062500e+02 1.338419628143310547e+01
1.875839805603027344e+01 1.397641296386718750e+02 1.263803176879882812e+02 1.338381385803222656e+01
1.877880859375000000e+01 1.397334442138671875e+02 1.263576812744140625e+02 1.337578392028808594e+01
1.879921531677246094e+01 1.397189788818359375e+02 1.263478546142578125e+02 1.337113189697265625e+01
1.881962585449218750e+01 1.396945190429687500e+02 1.263380355834960938e+02 1.335647392272949219e+01
1.884003257751464844e+01 1.396698303222656250e+02 1.263282623291015625e+02 1.334156513214111328e+01
1.886043930053710938e+01 1.396576538085937500e+02 1.263311996459960938e+02 1.332648468017578125e+01
1.888084983825683594e+01 1.396455230712890625e+02 1.263340911865234375e+02 1.331142044067382812e+01
1.890125846862792969e+01 1.396223907470703125e+02 1.263243408203125000e+02 1.329809951782226562e+01
1.892166900634765625e+01 1.396122436523437500e+02 1.263272476196289062e+02 1.328499889373779297e+01
1.894207572937011719e+01 1.396171569824218750e+02 1.263428039550781250e+02 1.327439880371093750e+01
1.896248626708984375e+01 1.396345977783203125e+02 1.263709411621093750e+02 1.326365566253662109e+01
1.898289299011230469e+01 1.396150512695312500e+02 1.263611984252929688e+02 1.325389385223388672e+01
1.900330352783203125e+01 1.395959930419921875e+02 1.263514480590820312e+02 1.324454021453857422e+01
1.902371025085449219e+01 1.397064056396484375e+02 1.264675979614257812e+02 1.323880958557128906e+01
1.904412078857421875e+01 1.396883087158203125e+02 1.264577636718750000e+02 1.323056125640869141e+01
1.906452751159667969e+01 1.398001098632812500e+02 1.265735168457031250e+02 1.322661590576171875e+01
1.908493614196777344e+01 1.397826995849609375e+02 1.265636138916015625e+02 1.321910381317138672e+01
1.910534667968750000e+01 1.398944854736328125e+02 1.266790008544921875e+02 1.321547985076904297e+01
1.912575340270996094e+01 1.398777160644531250e+02 1.266690063476562500e+02 1.320871734619140625e+01
1.914616394042968750e+01 1.399885711669921875e+02 1.267840499877929688e+02 1.320454597473144531e+01
1.916657066345214844e+01 1.399685668945312500e+02 1.267739486694335938e+02 1.319463825225830078e+01
1.918698120117187500e+01 1.398253326416015625e+02 1.266390914916992188e+02 1.318627071380615234e+01
1.920738792419433594e+01 1.396733856201171875e+02 1.265045318603515625e+02 1.316887187957763672e+01
1.922779846191406250e+01 1.395289459228515625e+02 1.263702468872070312e+02 1.315867805480957031e+01
1.924820709228515625e+01 1.393776245117187500e+02 1.262362670898437500e+02 1.314138984680175781e+01
1.926861763000488281e+01 1.392332916259765625e+02 1.261025466918945312e+02 1.313080024719238281e+01
1.928902435302734375e+01 1.390870971679687500e+02 1.259691390991210938e+02 1.311797332763671875e+01
1.930943107604980469e+01 1.389463806152343750e+02 1.258360137939453125e+02 1.311038780212402344e+01
1.932984161376953125e+01 1.388059234619140625e+02 1.257031402587890625e+02 1.310275936126708984e+01
1.935024833679199219e+01 1.386710662841796875e+02 1.255705718994140625e+02 1.310052394866943359e+01
1.937065887451171875e+01 1.385353851318359375e+02 1.254382553100585938e+02 1.309713649749755859e+01
1.939106750488281250e+01 1.385235290527343750e+02 1.254297027587890625e+02 1.309387016296386719e+01
1.941147613525390625e+01 1.385136566162109375e+02 1.254211425781250000e+02 1.309249877929687500e+01
1.943188476562500000e+01 1.384954833984375000e+02 1.254126281738281250e+02 1.308285713195800781e+01
1.945229530334472656e+01 1.384666748046875000e+02 1.254040985107421875e+02 1.306261157989501953e+01
1.947270202636718750e+01 1.384268493652343750e+02 1.253956222534179688e+02 1.303124809265136719e+01
1.949311256408691406e+01 1.383979797363281250e+02 1.253871307373046875e+02 1.301084518432617188e+01
1.951351928710937500e+01 1.382557067871093750e+02 1.252559967041015625e+02 1.299971580505371094e+01
1.953392601013183594e+01 1.382398376464843750e+02 1.252476959228515625e+02 1.299218845367431641e+01
1.955433654785156250e+01 1.382164916992187500e+02 1.252393798828125000e+02 1.297711372375488281e+01
1.957474517822265625e+01 1.381991882324218750e+02 1.252311172485351562e+02 1.296807384490966797e+01
1.959515571594238281e+01 1.380636291503906250e+02 1.251006774902343750e+02 1.296296787261962891e+01
1.961556243896484375e+01 1.380511322021484375e+02 1.250925750732421875e+02 1.295856666564941406e+01
1.963597297668457031e+01 1.379193267822265625e+02 1.249625473022460938e+02 1.295677852630615234e+01
1.965637969970703125e+01 1.379073333740234375e+02 1.249545898437500000e+02 1.295274829864501953e+01
1.967679023742675781e+01 1.377632904052734375e+02 1.248249816894531250e+02 1.293832015991210938e+01
1.969719696044921875e+01 1.377444763183593750e+02 1.248171844482421875e+02 1.292725276947021484e+01
1.971760749816894531e+01 1.376038055419921875e+02 1.246879882812500000e+02 1.291582393646240234e+01
1.973801612854003906e+01 1.377117767333984375e+02 1.248016433715820312e+02 1.291012096405029297e+01
1.975842666625976562e+01 1.376908721923828125e+02 1.247938842773437500e+02 1.289700984954833984e+01
1.977883338928222656e+01 1.376656951904296875e+02 1.247861633300781250e+02 1.287955474853515625e+01
1.979924011230468750e+01 1.376367797851562500e+02 1.247784423828125000e+02 1.285835361480712891e+01
1.981965065002441406e+01 1.376175689697265625e+02 1.247707366943359375e+02 1.284682941436767578e+01
1.984005737304687500e+01 1.375977478027343750e+02 1.247630538940429688e+02 1.283471107482910156e+01
1.986046791076660156e+01 1.375813446044921875e+02 1.247553787231445312e+02 1.282598400115966797e+01
1.988087463378906250e+01 1.375658111572265625e+02 1.247477264404296875e+02 1.281812000274658203e+01
1.990128517150878906e+01 1.374297790527343750e+02 1.246197814941406250e+02 1.281002044677734375e+01
1.992169380187988281e+01 1.374175415039062500e+02 1.246122970581054688e+02 1.280524730682373047e+01
1.994210433959960938e+01 1.374027099609375000e+02 1.246048049926757812e+02 1.279791927337646484e+01
1.996251106262207031e+01 1.373900756835937500e+02 1.245973434448242188e+02 1.279271697998046875e+01
1.998292160034179688e+01 1.372481994628906250e+02 1.244700851440429688e+02 1.277810382843017578e+01
2.000332832336425781e+01 1.371128234863281250e+02 1.243430938720703125e+02 1.276974391937255859e+01
2.002373504638671875e+01 1.371136932373046875e+02 1.243359222412109375e+02 1.277776718139648438e+01
2.004414558410644531e+01 1.369996795654296875e+02 1.242093124389648438e+02 1.279041194915771484e+01
2.006455421447753906e+01 1.371192932128906250e+02 1.243216171264648438e+02 1.279769992828369141e+01
2.008496475219726562e+01 1.371141662597656250e+02 1.243144683837890625e+02 1.279971885681152344e+01
2.010537147521972656e+01 1.371027832031250000e+02 1.243073425292968750e+02 1.279544734954833984e+01
2.012578201293945312e+01 1.370809783935546875e+02 1.243002243041992188e+02 1.278077316284179688e+01
2.014618873596191406e+01 1.370542144775390625e+02 1.242931365966796875e+02 1.276107215881347656e+01
2.016659927368164062e+01 1.370290832519531250e+02 1.242860565185546875e+02 1.274303436279296875e+01
2.018700599670410156e+01 1.368728637695312500e+02 1.241604156494140625e+02 1.271247196197509766e+01
2.020741653442382812e+01 1.368387298583984375e+02 1.241534729003906250e+02 1.268528270721435547e+01
2.022782516479492188e+01 1.367985382080078125e+02 1.241465682983398438e+02 1.265198612213134766e+01
2.024823188781738281e+01 1.366475982666015625e+02 1.240214462280273438e+02 1.262615108489990234e+01
2.026864242553710938e+01 1.366200866699218750e+02 1.240146636962890625e+02 1.260542392730712891e+01
2.028904914855957031e+01 1.365976562500000000e+02 1.240079193115234375e+02 1.258973407745361328e+01
2.030945968627929688e+01 1.365767669677734375e+02 1.240011672973632812e+02 1.257561302185058594e+01
2.032986640930175781e+01 1.365660095214843750e+02 1.239944458007812500e+02 1.257161426544189453e+01
2.035027694702148438e+01 1.365585021972656250e+02 1.239877243041992188e+02 1.257077217102050781e+01
2.037068367004394531e+01 1.365462341308593750e+02 1.239810409545898438e+02 1.256518077850341797e+01
2.039109420776367188e+01 1.364096221923828125e+02 1.238569412231445312e+02 1.255269241333007812e+01
2.041150283813476562e+01 1.363963317871093750e+02 1.238503875732421875e+02 1.254593563079833984e+01
2.043191337585449219e+01 1.363795166015625000e+02 1.238438186645507812e+02 1.253569221496582031e+01
2.045232009887695312e+01 1.363654022216796875e+02 1.238372955322265625e+02 1.252809619903564453e+01
2.047272682189941406e+01 1.362335510253906250e+02 1.237138595581054688e+02 1.251967334747314453e+01
2.049313735961914062e+01 1.362239379882812500e+02 1.237074661254882812e+02 1.251646709442138672e+01
2.051354408264160156e+01 1.360993041992187500e+02 1.235844039916992188e+02 1.251491737365722656e+01
2.053395462036132812e+01 1.359862060546875000e+02 1.234615631103515625e+02 1.252467250823974609e+01
2.055436325073242188e+01 1.359933471679687500e+02 1.234554519653320312e+02 1.253791332244873047e+01
2.057477378845214844e+01 1.359694519042968750e+02 1.234493255615234375e+02 1.252014064788818359e+01
2.059518051147460938e+01 1.359410247802734375e+02 1.234432373046875000e+02 1.249781322479248047e+01
2.061559104919433594e+01 1.359254455566406250e+02 1.234371490478515625e+02 1.248831844329833984e+01
2.063599777221679688e+01 1.359147644042968750e+02 1.234310913085937500e+02 1.248369693756103516e+01
2.065640830993652344e+01 1.357965240478515625e+02 1.233091354370117188e+02 1.248740386962890625e+01
2.067681503295898438e+01 1.357892456054687500e+02 1.233031997680664062e+02 1.248604679107666016e+01
2.069722366333007812e+01 1.357830200195312500e+02 1.232972869873046875e+02 1.248571777343750000e+01
2.071763229370117188e+01 1.357697753906250000e+02 1.232913665771484375e+02 1.247844219207763672e+01
2.073804092407226562e+01 1.356401367187500000e+02 1.231700439453125000e+02 1.247012138366699219e+01
2.075845146179199219e+01 1.356182556152343750e+02 1.231642608642578125e+02 1.245398139953613281e+01
2.077885818481445312e+01 1.355944061279296875e+02 1.231585083007812500e+02 1.243592166900634766e+01
2.079926872253417969e+01 1.354490356445312500e+02 1.230376510620117188e+02 1.241139698028564453e+01
2.081967544555664062e+01 1.354117431640625000e+02 1.230320434570312500e+02 1.237970447540283203e+01
2.084008598327636719e+01 1.353733978271484375e+02 1.230264205932617188e+02 1.234694862365722656e+01
2.086049270629882812e+01 1.353347015380859375e+02 1.230208206176757812e+02 1.231391143798828125e+01
2.088090324401855469e+01 1.352962036132812500e+02 1.230152130126953125e+02 1.228097724914550781e+01
2.090131187438964844e+01 1.352790527343750000e+02 1.230096359252929688e+02 1.226942157745361328e+01
2.092171859741210938e+01 1.351629943847656250e+02 1.228896560668945312e+02 1.227328777313232422e+01
2.094212913513183594e+01 1.351606597900390625e+02 1.228841934204101562e+02 1.227644443511962891e+01
2.096253585815429688e+01 1.350360412597656250e+02 1.227645721435546875e+02 1.227144718170166016e+01
2.098294639587402344e+01 1.350272369384765625e+02 1.227592468261718750e+02 1.226797389984130859e+01
2.100335311889648438e+01 1.349057922363281250e+02 1.226399688720703125e+02 1.226578807830810547e+01
2.102376365661621094e+01 1.348956756591796875e+02 1.226347732543945312e+02 1.226090717315673828e+01
2.104417228698730469e+01 1.348877410888671875e+02 1.226296005249023438e+02 1.225811100006103516e+01
2.106458282470703125e+01 1.348755035400390625e+02 1.226244277954101562e+02 1.225109672546386719e+01
2.108498954772949219e+01 1.348728485107421875e+02 1.226192855834960938e+02 1.225358009338378906e+01
2.110540008544921875e+01 1.348636779785156250e+02 1.226141357421875000e+02 1.224954032897949219e+01
2.112580680847167969e+01 1.348634948730468750e+02 1.226090087890625000e+02 1.225449275970458984e+01
2.114621734619140625e+01 1.347479400634765625e+02 1.224906616210937500e+02 1.225729751586914062e+01
2.116662406921386719e+01 1.347320251464843750e+02 1.224856643676757812e+02 1.224635887145996094e+01
2.118703079223632812e+01 1.345910186767578125e+02 1.223676834106445312e+02 1.222336006164550781e+01
2.120744132995605469e+01 1.345750732421875000e+02 1.223627929687500000e+02 1.221228027343750000e+01
2.122784996032714844e+01 1.345727386474609375e+02 1.223579406738281250e+02 1.221481609344482422e+01
2.124826049804687500e+01 1.345727996826171875e+02 1.223530578613281250e+02 1.221973133087158203e+01
2.126866722106933594e+01 1.345774993896484375e+02 1.223482284545898438e+02 1.222930145263671875e+01
2.128907775878906250e+01 1.345849761962890625e+02 1.223433761596679688e+02 1.224160671234130859e+01
2.130948448181152344e+01 1.344770507812500000e+02 1.222262115478515625e+02 1.225081348419189453e+01
2.132989501953125000e+01 1.344802856445312500e+02 1.222214889526367188e+02 1.225881290435791016e+01
2.135030174255371094e+01 1.343795623779296875e+02 1.221046600341796875e+02 1.227486228942871094e+01
2.137071228027343750e+01 1.344008483886718750e+02 1.221000595092773438e+02 1.230081844329833984e+01
2.139112091064453125e+01 1.344147796630859375e+02 1.220954895019531250e+02 1.231929302215576172e+01
2.141152763366699219e+01 1.344255065917968750e+02 1.220909347534179688e+02 1.233458232879638672e+01
2.143193817138671875e+01 1.344202270507812500e+02 1.220863647460937500e+02 1.233387374877929688e+01
2.145234489440917969e+01 1.343958892822265625e+02 1.220818023681640625e+02 1.231408405303955078e+01
2.147275543212890625e+01 1.342435607910156250e+02 1.219657592773437500e+02 1.227780818939208984e+01
2.149316215515136719e+01 1.343049163818359375e+02 1.220727157592773438e+02 1.223219776153564453e+01
2.151357269287109375e+01 1.342684020996093750e+02 1.220681762695312500e+02 1.220022201538085938e+01
2.153398132324218750e+01 1.342588043212890625e+02 1.220636672973632812e+02 1.219513893127441406e+01
2.155438995361328125e+01 1.342631530761718750e+02 1.220591506958007812e+02 1.220400428771972656e+01
2.157479858398437500e+01 1.341684722900390625e+02 1.219436950683593750e+02 1.222476768493652344e+01
2.159520912170410156e+01 1.341837921142578125e+02 1.219393005371093750e+02 1.224451160430908203e+01
2.161561584472656250e+01 1.341381225585937500e+02 1.219349288940429688e+02 1.220320224761962891e+01
2.163602256774902344e+01 1.339067840576171875e+02 1.218199157714843750e+02 1.208688831329345703e+01
2.165643310546875000e+01 1.338079376220703125e+02 1.218156433105468750e+02 1.199230957031250000e+01
2.167683982849121094e+01 1.338081512451171875e+02 1.218114013671875000e+02 1.199677085876464844e+01
2.169725036621093750e+01 1.338861389160156250e+02 1.218071441650390625e+02 1.207902622222900391e+01
2.171765899658203125e+01 1.337576141357421875e+02 1.216926956176757812e+02 1.206492710113525391e+01
2.173806953430175781e+01 1.337026519775390625e+02 1.216885604858398438e+02 1.201408958435058594e+01
2.175847625732421875e+01 1.337941741943359375e+02 1.217944564819335938e+02 1.199970817565917969e+01
2.177888679504394531e+01 1.336526336669921875e+02 1.216803207397460938e+02 1.197230148315429688e+01
2.179929351806640625e+01 1.335048370361328125e+02 1.215664062500000000e+02 1.193843746185302734e+01
2.181970405578613281e+01 1.334788360595703125e+02 1.215624084472656250e+02 1.191642570495605469e+01
2.184011077880859375e+01 1.334501953125000000e+02 1.215584411621093750e+02 1.189176940917968750e+01
2.186051940917968750e+01 1.333159332275390625e+02 1.214449615478515625e+02 1.187100505828857422e+01
2.188092994689941406e+01 1.333011474609375000e+02 1.214410858154296875e+02 1.186004829406738281e+01
2.190133666992187500e+01 1.333043670654296875e+02 1.214372253417968750e+02 1.186715793609619141e+01
2.192174720764160156e+01 1.331974182128906250e+02 1.213241577148437500e+02 1.187322998046875000e+01
2.194215393066406250e+01 1.331905364990234375e+02 1.213204269409179688e+02 1.187012863159179688e+01
2.196256446838378906e+01 1.331658477783203125e+02 1.213166809082031250e+02 1.184920120239257812e+01
2.198297119140625000e+01 1.331456146240234375e+02 1.213129730224609375e+02 1.183265495300292969e+01
2.200338172912597656e+01 1.330153350830078125e+02 1.212004241943359375e+02 1.181494331359863281e+01
2.202378845214843750e+01 1.330091552734375000e+02 1.211968154907226562e+02 1.181236171722412109e+01
2.204419898986816406e+01 1.330011444091796875e+02 1.211931991577148438e+02 1.180794429779052734e+01
2.206460762023925781e+01 1.330073242187500000e+02 1.211896057128906250e+02 1.181773757934570312e+01
2.208501434326171875e+01 1.329030761718750000e+02 1.210776214599609375e+02 1.182545185089111328e+01
2.210542488098144531e+01 1.328949737548828125e+02 1.210741195678710938e+02 1.182086753845214844e+01
2.212583160400390625e+01 1.327730865478515625e+02 1.209624633789062500e+02 1.181062984466552734e+01
2.214624214172363281e+01 1.327582244873046875e+02 1.209590606689453125e+02 1.179918193817138672e+01
2.216664886474609375e+01 1.326271209716796875e+02 1.208477096557617188e+02 1.177942657470703125e+01
2.218705940246582031e+01 1.326019897460937500e+02 1.208444366455078125e+02 1.175758171081542969e+01
2.220746803283691406e+01 1.325821533203125000e+02 1.208411865234375000e+02 1.174093818664550781e+01
2.222787857055664062e+01 1.325923156738281250e+02 1.208379287719726562e+02 1.175438690185546875e+01
2.224828529357910156e+01 1.325868988037109375e+02 1.208346786499023438e+02 1.175225257873535156e+01
2.226869583129882812e+01 1.324656677246093750e+02 1.207239303588867188e+02 1.174173831939697266e+01
2.228910255432128906e+01 1.324543762207031250e+02 1.207208023071289062e+02 1.173358821868896484e+01
2.230951309204101562e+01 1.324525299072265625e+02 1.207176742553710938e+02 1.173489856719970703e+01
2.232991981506347656e+01 1.323412017822265625e+02 1.206073532104492188e+02 1.173388576507568359e+01
2.235032844543457031e+01 1.323412475585937500e+02 1.206043319702148438e+02 1.173691177368164062e+01
2.237073898315429688e+01 1.323339538574218750e+02 1.206013031005859375e+02 1.173267078399658203e+01
2.239114570617675781e+01 1.322282104492187500e+02 1.204913864135742188e+02 1.173681735992431641e+01
2.241155624389648438e+01 1.322352905273437500e+02 1.204884643554687500e+02 1.174687671661376953e+01
2.243196296691894531e+01 1.321349029541015625e+02 1.203788452148437500e+02 1.175605201721191406e+01
2.245237350463867188e+01 1.321495513916015625e+02 1.203760528564453125e+02 1.177351856231689453e+01
2.247278022766113281e+01 1.321657714843750000e+02 1.203732681274414062e+02 1.179254055023193359e+01
2.249319076538085938e+01 1.321864166259765625e+02 1.203704681396484375e+02 1.181591987609863281e+01
2.251359748840332031e+01 1.321098327636718750e+02 1.202613601684570312e+02 1.184846687316894531e+01
2.253400802612304688e+01 1.320856628417968750e+02 1.202586593627929688e+02 1.182700061798095703e+01
2.255441665649414062e+01 1.320623931884765625e+02 1.202559890747070312e+02 1.180643081665039062e+01
2.257482337951660156e+01 1.320451202392578125e+02 1.202533264160156250e+02 1.179183769226074219e+01
2.259523391723632812e+01 1.320836334228515625e+02 1.203565979003906250e+02 1.172704982757568359e+01
2.261564064025878906e+01 1.320768585205078125e+02 1.203538436889648438e+02 1.172302150726318359e+01
2.263605117797851562e+01 1.319684448242187500e+02 1.202453231811523438e+02 1.172314643859863281e+01
2.265645790100097656e+01 1.319672241210937500e+02 1.202426757812500000e+02 1.172457408905029297e+01
2.267686843872070312e+01 1.318279571533203125e+02 1.201344528198242188e+02 1.169350337982177734e+01
2.269727706909179688e+01 1.317887268066406250e+02 1.201319046020507812e+02 1.165683460235595703e+01
2.271768760681152344e+01 1.316441497802734375e+02 1.200239791870117188e+02 1.162020683288574219e+01
2.273809432983398438e+01 1.316237945556640625e+02 1.200215454101562500e+02 1.160224533081054688e+01
2.275850486755371094e+01 1.316011962890625000e+02 1.200190811157226562e+02 1.158211517333984375e+01
2.277891159057617188e+01 1.316283264160156250e+02 1.200166625976562500e+02 1.161164855957031250e+01
2.279931831359863281e+01 1.316217193603515625e+02 1.200142364501953125e+02 1.160752201080322266e+01
2.281972885131835938e+01 1.316238403320312500e+02 1.200117874145507812e+02 1.161205673217773438e+01
2.284013748168945312e+01 1.315177764892578125e+02 1.199045562744140625e+02 1.161323165893554688e+01
2.286054801940917969e+01 1.315151824951171875e+02 1.199022216796875000e+02 1.161296558380126953e+01
2.288095474243164062e+01 1.315588226318359375e+02 1.198999252319335938e+02 1.165893077850341797e+01
2.290136528015136719e+01 1.315389709472656250e+02 1.198975830078125000e+02 1.164138889312744141e+01
2.292177200317382812e+01 1.314006805419921875e+02 1.197908477783203125e+02 1.160982894897460938e+01
2.294218254089355469e+01 1.313997650146484375e+02 1.197886199951171875e+02 1.161116886138916016e+01
2.296258926391601562e+01 1.313712921142578125e+02 1.197864151000976562e+02 1.158490467071533203e+01
2.298299980163574219e+01 1.313662414550781250e+02 1.197841949462890625e+02 1.158203792572021484e+01
2.300340652465820312e+01 1.312119750976562500e+02 1.196779251098632812e+02 1.153400230407714844e+01
2.302381515502929688e+01 1.311773529052734375e+02 1.196758422851562500e+02 1.150150775909423828e+01
2.304422569274902344e+01 1.311445312500000000e+02 1.196737136840820312e+02 1.147083568572998047e+01
2.306463241577148438e+01 1.311428680419921875e+02 1.196716232299804688e+02 1.147123432159423828e+01
2.308504295349121094e+01 1.311493225097656250e+02 1.196695175170898438e+02 1.147982692718505859e+01
2.310544967651367188e+01 1.311748046875000000e+02 1.196674346923828125e+02 1.150741386413574219e+01
2.312586021423339844e+01 1.310493927001953125e+02 1.195618133544921875e+02 1.148756980895996094e+01
2.314626693725585938e+01 1.309165191650390625e+02 1.194563980102539062e+02 1.146014022827148438e+01
2.316667747497558594e+01 1.308822631835937500e+02 1.194544906616210938e+02 1.142775630950927734e+01
2.318708610534667969e+01 1.308613891601562500e+02 1.194525909423828125e+02 1.140882015228271484e+01
2.320749664306640625e+01 1.307409057617187500e+02 1.193475418090820312e+02 1.139337921142578125e+01
2.322790336608886719e+01 1.307299194335937500e+02 1.193457489013671875e+02 1.138418197631835938e+01
2.324831008911132812e+01 1.307014923095703125e+02 1.193439636230468750e+02 1.135752201080322266e+01
2.326872062683105469e+01 1.305804138183593750e+02 1.192392730712890625e+02 1.134117031097412109e+01
2.328912734985351562e+01 1.305594024658203125e+02 1.192375793457031250e+02 1.132184219360351562e+01
2.330953788757324219e+01 1.305307769775390625e+02 1.192358703613281250e+02 1.129490566253662109e+01
2.332994651794433594e+01 1.305163269042968750e+02 1.192341842651367188e+02 1.128216266632080078e+01
2.335035514831542969e+01 1.303941040039062500e+02 1.191299743652343750e+02 1.126412773132324219e+01
2.337076377868652344e+01 1.303749847412109375e+02 1.191283798217773438e+02 1.124658966064453125e+01
2.339117431640625000e+01 1.303767089843750000e+02 1.191267700195312500e+02 1.124993324279785156e+01
2.341158103942871094e+01 1.302612457275390625e+02 1.190229263305664062e+02 1.123832511901855469e+01
2.343199157714843750e+01 1.302517852783203125e+02 1.190214233398437500e+02 1.123035812377929688e+01
2.345239830017089844e+01 1.302458801269531250e+02 1.190199279785156250e+02 1.122593688964843750e+01
2.347280502319335938e+01 1.302471313476562500e+02 1.190184402465820312e+02 1.122872638702392578e+01
2.349321556091308594e+01 1.302404785156250000e+02 1.190169525146484375e+02 1.122355461120605469e+01
2.351362419128417969e+01 1.301371459960937500e+02 1.189136505126953125e+02 1.122349071502685547e+01
2.353403472900390625e+01 1.301337585449218750e+02 1.189122314453125000e+02 1.122151279449462891e+01
2.355444145202636719e+01 1.301313781738281250e+02 1.189108428955078125e+02 1.122052383422851562e+01
2.357485198974609375e+01 1.301246337890625000e+02 1.189094390869140625e+02 1.121520137786865234e+01
2.359525871276855469e+01 1.300147094726562500e+02 1.188065948486328125e+02 1.120809650421142578e+01
2.361566925048828125e+01 1.300049591064453125e+02 1.188052825927734375e+02 1.119969654083251953e+01
2.363607597351074219e+01 1.300142364501953125e+02 1.188039855957031250e+02 1.121025753021240234e+01
2.365648651123046875e+01 1.299111633300781250e+02 1.187014694213867188e+02 1.120971965789794922e+01
2.367689514160156250e+01 1.298951416015625000e+02 1.187002792358398438e+02 1.119487762451171875e+01
2.369730567932128906e+01 1.299094238281250000e+02 1.186990661621093750e+02 1.121036148071289062e+01
2.371771240234375000e+01 1.299195404052734375e+02 1.186978683471679688e+02 1.122167015075683594e+01
2.373811912536621094e+01 1.298348083496093750e+02 1.185958251953125000e+02 1.123899269104003906e+01
2.375852966308593750e+01 1.297100524902343750e+02 1.184939422607421875e+02 1.121610736846923828e+01
2.377893638610839844e+01 1.296992645263671875e+02 1.184929351806640625e+02 1.120630931854248047e+01
2.379934692382812500e+01 1.296254730224609375e+02 1.184918899536132812e+02 1.113359165191650391e+01
2.381975364685058594e+01 1.295270690917968750e+02 1.183903884887695312e+02 1.113665294647216797e+01
2.384016418457031250e+01 1.295713653564453125e+02 1.183894424438476562e+02 1.118193340301513672e+01
2.386057281494140625e+01 1.294952239990234375e+02 1.182881851196289062e+02 1.120703983306884766e+01
2.388098335266113281e+01 1.294589843750000000e+02 1.182873382568359375e+02 1.117164802551269531e+01
2.390139007568359375e+01 1.294520416259765625e+02 1.182864990234375000e+02 1.116556167602539062e+01
2.392180061340332031e+01 1.294769134521484375e+02 1.182856369018554688e+02 1.119125080108642578e+01
2.394220733642578125e+01 1.293688507080078125e+02 1.181848068237304688e+02 1.118400478363037109e+01
2.396261405944824219e+01 1.293567047119140625e+02 1.181840744018554688e+02 1.117262744903564453e+01
2.398302459716796875e+01 1.293717346191406250e+02 1.181833114624023438e+02 1.118844223022460938e+01
2.400343322753906250e+01 1.292554168701171875e+02 1.180828323364257812e+02 1.117259025573730469e+01
2.402384376525878906e+01 1.292389373779296875e+02 1.180821609497070312e+02 1.115675640106201172e+01
2.404425048828125000e+01 1.292835388183593750e+02 1.180814895629882812e+02 1.120207595825195312e+01
2.406466102600097656e+01 1.292628479003906250e+02 1.180808181762695312e+02 1.118204212188720703e+01
2.408506774902343750e+01 1.293191528320312500e+02 1.180801620483398438e+02 1.123902606964111328e+01
2.410547828674316406e+01 1.294559631347656250e+02 1.181788024902343750e+02 1.127718162536621094e+01
2.412588500976562500e+01 1.295150909423828125e+02 1.181780700683593750e+02 1.133702659606933594e+01
2.414629554748535156e+01 1.296192474365234375e+02 1.181773147583007812e+02 1.144193172454833984e+01
2.416670417785644531e+01 1.295658721923828125e+02 1.181765823364257812e+02 1.138929557800292969e+01
2.418711090087890625e+01 1.294848785400390625e+02 1.180768737792968750e+02 1.140802860260009766e+01
2.420752143859863281e+01 1.295527648925781250e+02 1.180762100219726562e+02 1.147656154632568359e+01
2.422792816162109375e+01 1.294356689453125000e+02 1.179767532348632812e+02 1.145894145965576172e+01
2.424833869934082031e+01 1.293948974609375000e+02 1.179761886596679688e+02 1.141874599456787109e+01
2.426874542236328125e+01 1.292866516113281250e+02 1.178769760131835938e+02 1.140970611572265625e+01
2.428915596008300781e+01 1.292830352783203125e+02 1.178764877319335938e+02 1.140655899047851562e+01
2.430956268310546875e+01 1.291492156982421875e+02 1.177775268554687500e+02 1.137169361114501953e+01
2.432997322082519531e+01 1.291357727050781250e+02 1.177771224975585938e+02 1.135865020751953125e+01
2.435038185119628906e+01 1.290683898925781250e+02 1.177767105102539062e+02 1.129169368743896484e+01
