# NTRMN  = 58
# NTRANS = 111
-1.196487247943878174e-01 0.000000000000000000e+00 0.000000000000000000e+00 0.000000000000000000e+00
-9.923987835645675659e-02 0.000000000000000000e+00 0.000000000000000000e+00 0.000000000000000000e+00
-7.883103936910629272e-02 0.000000000000000000e+00 0.000000000000000000e+00 0.000000000000000000e+00
-5.842219665646553040e-02 0.000000000000000000e+00 0.000000000000000000e+00 0.000000000000000000e+00
-3.801335394382476807e-02 0.000000000000000000e+00 0.000000000000000000e+00 0.000000000000000000e+00
-1.760451123118400574e-02 0.000000000000000000e+00 0.000000000000000000e+00 0.000000000000000000e+00
2.321236208081245422e-02 0.000000000000000000e+00 0.000000000000000000e+00 0.000000000000000000e+00
4.362120479345321655e-02 0.000000000000000000e+00 0.000000000000000000e+00 0.000000000000000000e+00
6.403004378080368042e-02 0.000000000000000000e+00 0.000000000000000000e+00 0.000000000000000000e+00
1.048477292060852051e-01 0.000000000000000000e+00 0.000000000000000000e+00 0.000000000000000000e+00
1.252557635307312012e-01 0.000000000000000000e+00 0.000000000000000000e+00 0.000000000000000000e+00
1.456646025180816650e-01 0.000000000000000000e+00 0.000000000000000000e+00 0.000000000000000000e+00
1.660734415054321289e-01 0.000000000000000000e+00 0.000000000000000000e+00 0.000000000000000000e+00
2.068911343812942505e-01 8.140116577148437500e+02 8.140116577148437500e+02 0.000000000000000000e+00
2.272991687059402466e-01 7.410310668945312500e+02 7.410310668945312500e+02 0.000000000000000000e+00
2.477080076932907104e-01 6.798803100585937500e+02 6.798803100585937500e+02 0.000000000000000000e+00
2.681168317794799805e-01 4.627703247070312500e+02 4.627703247070312500e+02 0.000000000000000000e+00
2.885257005691528320e-01 3.745290222167968750e+02 3.745290222167968750e+02 0.000000000000000000e+00
3.089345395565032959e-01 3.394807739257812500e+02 3.394807739257812500e+02 0.000000000000000000e+00
3.293433785438537598e-01 3.278204345703125000e+02 3.278204345703125000e+02 0.000000000000000000e+00
3.905690908432006836e-01 2.250677032470703125e+02 2.250677032470703125e+02 2.237154639317395777e-08
4.109779298305511475e-01 1.879701385498046875e+02 1.879701385498046875e+02 2.134414600618583790e-08
4.313867688179016113e-01 1.632616729736328125e+02 1.632616729736328125e+02 1.963966056450772157e-08
4.517956078052520752e-01 1.457132720947265625e+02 1.457132720947265625e+02 1.824117923376888939e-08
4.722036421298980713e-01 1.329772491455078125e+02 1.329772491455078125e+02 1.718838049669102475e-08
4.926124811172485352e-01 1.232887420654296875e+02 1.232887420654296875e+02 1.636220403611332586e-08
5.130213499069213867e-01 1.155843429565429688e+02 1.155843429565429688e+02 1.560175810766395443e-08
5.334301590919494629e-01 1.091875000000000000e+02 1.091875000000000000e+02 1.484683398444985869e-08
5.538390278816223145e-01 1.037807998657226562e+02 1.037807998657226562e+02 1.409681793518302584e-08
5.742470622062683105e-01 9.930048370361328125e+01 9.930048370361328125e+01 1.337838906323440824e-08
5.946558713912963867e-01 9.557039642333984375e+01 9.557039642333984375e+01 1.271975413885684247e-08
6.150647401809692383e-01 9.247705841064453125e+01 9.247705841064453125e+01 1.213020350832039185e-08
6.354735493659973145e-01 8.995912933349609375e+01 8.995912933349609375e+01 1.160799456556560472e-08
6.558824181556701660e-01 8.785339355468750000e+01 8.785339355468750000e+01 1.114208370012192972e-08
6.762912869453430176e-01 8.608712768554687500e+01 8.608712768554687500e+01 1.071814015318750535e-08
6.966992616653442383e-01 8.456188201904296875e+01 8.456188201904296875e+01 1.033696861441057990e-08
7.171081304550170898e-01 8.325689697265625000e+01 8.325689697265625000e+01 9.990541727233903657e-09
7.375169992446899414e-01 8.225134277343750000e+01 8.225134277343750000e+01 9.688683633157779695e-09
7.579258084297180176e-01 8.145787048339843750e+01 8.145787048339843750e+01 9.423675173536594230e-09
7.783346772193908691e-01 8.098281860351562500e+01 8.098281860351562500e+01 9.204651263416963047e-09
7.987434864044189453e-01 8.074184417724609375e+01 8.074184417724609375e+01 9.028084058115837252e-09
8.191515207290649414e-01 8.074674987792968750e+01 8.074674987792968750e+01 8.879379898019124084e-09
8.395603895187377930e-01 8.092242431640625000e+01 8.092242431640625000e+01 8.756487979155735957e-09
8.599691987037658691e-01 8.128461456298828125e+01 8.128461456298828125e+01 8.650318683578461787e-09
8.803780674934387207e-01 8.176597595214843750e+01 8.176597595214843750e+01 8.556163777484471211e-09
9.007868766784667969e-01 8.230525207519531250e+01 8.230525207519531250e+01 8.473206136727640114e-09
9.211949110031127930e-01 8.289866638183593750e+01 8.289866638183593750e+01 8.397320172548461414e-09
9.416037797927856445e-01 8.351713562011718750e+01 8.351713562011718750e+01 8.337979195971456647e-09
9.620125889778137207e-01 8.415913391113281250e+01 8.415913391113281250e+01 8.294134268282959965e-09
9.824214577674865723e-01 8.482318878173828125e+01 8.482318878173828125e+01 8.274354534876238176e-09
1.002830266952514648e+00 8.548408508300781250e+01 8.548408508300781250e+01 8.274056995105638634e-09
1.023239135742187500e+00 8.621220397949218750e+01 8.621220397949218750e+01 8.298178144627854635e-09
1.043647170066833496e+00 8.698072814941406250e+01 8.698072814941406250e+01 8.342300183983297757e-09
1.064056038856506348e+00 8.783218383789062500e+01 8.783218383789062500e+01 8.408193252762430348e-09
1.084464907646179199e+00 8.882820892333984375e+01 8.882820892333984375e+01 8.494634329281325336e-09
1.104873657226562500e+00 9.009075927734375000e+01 9.009075927734375000e+01 8.600485656984346861e-09
1.125282526016235352e+00 9.181809234619140625e+01 9.181809234619140625e+01 8.741335655315651820e-09
1.145691394805908203e+00 9.467488861083984375e+01 9.467488861083984375e+01 8.942561358082912193e-09
1.166099429130554199e+00 1.012912597656250000e+02 1.012912597656250000e+02 9.340203277474756760e-09
1.186508297920227051e+00 9.141799926757812500e+01 9.141799926757812500e+01 9.179545124027299607e-09
1.206917047500610352e+00 8.759110260009765625e+01 8.759110260009765625e+01 9.218307894798272173e-09
1.227325916290283203e+00 8.613457489013671875e+01 8.613457489013671875e+01 8.569037923678024526e-09
1.247734785079956055e+00 7.421173858642578125e+01 7.421173858642578125e+01 9.519702359739312669e-09
1.268142819404602051e+00 7.301745605468750000e+01 7.301745605468750000e+01 9.836674585983473662e-09
1.288551688194274902e+00 9.948693084716796875e+01 9.948693084716796875e+01 1.021385731547752584e-08
1.308960556983947754e+00 9.795405578613281250e+01 9.795405578613281250e+01 9.696874414544254250e-09
1.329369306564331055e+00 7.516491699218750000e+01 7.516491699218750000e+01 7.554337599913196755e-09
1.349778175354003906e+00 7.402841949462890625e+01 7.402841949462890625e+01 7.363793574910459938e-09
1.411003947257995605e+00 9.632401275634765625e+01 7.733115386962890625e+01 1.899285888671875000e+01
1.431412696838378906e+00 1.001725006103515625e+02 8.216564941406250000e+01 1.800684928894042969e+01
1.451821565628051758e+00 9.796615600585937500e+01 7.970797729492187500e+01 1.825817871093750000e+01
1.472230434417724609e+00 9.633167266845703125e+01 7.832659912109375000e+01 1.800507545471191406e+01
1.492639303207397461e+00 9.948716735839843750e+01 7.956513214111328125e+01 1.992203903198242188e+01
1.574273824691772461e+00 1.285977020263671875e+02 9.133000183105468750e+01 3.726770019531250000e+01
1.594682693481445312e+00 1.354850769042968750e+02 9.239791870117187500e+01 4.308715438842773438e+01
1.655908346176147461e+00 1.342636566162109375e+02 8.377714538574218750e+01 5.048651123046875000e+01
1.676317214965820312e+00 1.326548614501953125e+02 8.172895812988281250e+01 5.092589950561523438e+01
1.696726083755493164e+00 1.258501358032226562e+02 7.709165191650390625e+01 4.875848770141601562e+01
1.717134952545166016e+00 1.270271377563476562e+02 7.618933105468750000e+01 5.083780670166015625e+01
1.819178342819213867e+00 1.834255523681640625e+02 7.357369995117187500e+01 1.098518524169921875e+02
1.839587211608886719e+00 1.892700958251953125e+02 7.386359405517578125e+01 1.154064941406250000e+02
1.859995245933532715e+00 1.936210479736328125e+02 7.161165618896484375e+01 1.220093841552734375e+02
1.880403995513916016e+00 1.944412841796875000e+02 6.789359283447265625e+01 1.265476837158203125e+02
1.900812864303588867e+00 1.923303680419921875e+02 6.459542083740234375e+01 1.277349472045898438e+02
1.921221733093261719e+00 1.903377532958984375e+02 6.251367187500000000e+01 1.278240814208984375e+02
1.941630601882934570e+00 1.899880065917968750e+02 6.175794219970703125e+01 1.282300720214843750e+02
1.962038636207580566e+00 1.877004852294921875e+02 5.962703323364257812e+01 1.280734405517578125e+02
1.982447385787963867e+00 1.860931701660156250e+02 5.772110366821289062e+01 1.283720703125000000e+02
2.002856254577636719e+00 1.860034027099609375e+02 5.510100936889648438e+01 1.309023895263671875e+02
2.064081907272338867e+00 1.850354614257812500e+02 5.227199172973632812e+01 1.327634735107421875e+02
2.084490776062011719e+00 1.850385589599609375e+02 5.128934478759765625e+01 1.337492065429687500e+02
2.104899644851684570e+00 1.849371643066406250e+02 5.070106506347656250e+01 1.342360992431640625e+02
2.125308513641357422e+00 1.847290954589843750e+02 5.037188720703125000e+01 1.343572082519531250e+02
2.145717382431030273e+00 1.846017303466796875e+02 5.024979400634765625e+01 1.343519287109375000e+02
2.166126251220703125e+00 1.848378143310546875e+02 5.027366638183593750e+01 1.345641479492187500e+02
2.186535120010375977e+00 1.854928283691406250e+02 5.032994461059570312e+01 1.351628875732421875e+02
2.206943988800048828e+00 1.866587524414062500e+02 5.026586151123046875e+01 1.363928833007812500e+02
2.227352619171142578e+00 1.898575134277343750e+02 4.948284912109375000e+01 1.403746643066406250e+02
2.288577556610107422e+00 1.848125762939453125e+02 4.421554565429687500e+01 1.405970306396484375e+02
2.329395294189453125e+00 1.828171844482421875e+02 4.319411468505859375e+01 1.396230621337890625e+02
2.431439638137817383e+00 1.680553131103515625e+02 3.721660232543945312e+01 1.308387145996093750e+02
2.472257137298583984e+00 1.613650970458984375e+02 4.327380752563476562e+01 1.180912933349609375e+02
2.492664337158203125e+00 1.607429199218750000e+02 4.299636077880859375e+01 1.177465591430664062e+02
2.553890943527221680e+00 1.664113006591796875e+02 4.316539382934570312e+01 1.232459106445312500e+02
2.594708681106567383e+00 1.660193328857421875e+02 4.095481491088867188e+01 1.250645141601562500e+02
2.615117549896240234e+00 1.643575592041015625e+02 4.160552978515625000e+01 1.227520217895507812e+02
2.717159986495971680e+00 1.602442016601562500e+02 4.118838882446289062e+01 1.190558166503906250e+02
2.757977724075317383e+00 1.590511627197265625e+02 4.129924011230468750e+01 1.177519302368164062e+02
2.778386592864990234e+00 1.591196899414062500e+02 4.154731369018554688e+01 1.175723571777343750e+02
2.798795461654663086e+00 1.581827850341796875e+02 4.091931915283203125e+01 1.172635040283203125e+02
2.819204330444335938e+00 1.556288909912109375e+02 3.946826171875000000e+01 1.161606216430664062e+02
2.839613199234008789e+00 1.530672760009765625e+02 3.873778152465820312e+01 1.143294982910156250e+02
2.860022068023681641e+00 1.493873138427734375e+02 3.680404281616210938e+01 1.125832672119140625e+02
2.880430698394775391e+00 1.423328552246093750e+02 3.522182464599609375e+01 1.071110534667968750e+02
2.900839567184448242e+00 1.523894653320312500e+02 3.845657730102539062e+01 1.139328994750976562e+02
2.921248435974121094e+00 1.516573791503906250e+02 3.867139816284179688e+01 1.129859848022460938e+02
3.023291110992431641e+00 1.451603698730468750e+02 3.731864547729492188e+01 1.078417205810546875e+02
3.043699979782104492e+00 1.448188629150390625e+02 3.710774230957031250e+01 1.077111511230468750e+02
3.064108848571777344e+00 1.439884033203125000e+02 3.601679992675781250e+01 1.079716110229492188e+02
3.309013366699218750e+00 1.465875396728515625e+02 3.335838699340820312e+01 1.132291717529296875e+02
3.329421997070312500e+00 1.486451110839843750e+02 3.382977676391601562e+01 1.148153533935546875e+02
3.431464672088623047e+00 1.462198181152343750e+02 3.660495758056640625e+01 1.096148757934570312e+02
3.615144252777099609e+00 1.387914123535156250e+02 3.314262390136718750e+01 1.056488037109375000e+02
3.635553121566772461e+00 1.396534271240234375e+02 3.446447372436523438e+01 1.051889648437500000e+02
3.860048770904541016e+00 1.334458160400390625e+02 2.984291267395019531e+01 1.036029052734375000e+02
3.900864839553833008e+00 1.324608764648437500e+02 3.000933456420898438e+01 1.024515380859375000e+02
3.921273708343505859e+00 1.319748382568359375e+02 3.006681823730468750e+01 1.019080276489257812e+02
4.023317813873291016e+00 1.313901824951171875e+02 2.859616851806640625e+01 1.027940063476562500e+02
4.043726921081542969e+00 1.309944915771484375e+02 2.791311264038085938e+01 1.030813674926757812e+02
4.145769119262695312e+00 1.300980072021484375e+02 2.906809043884277344e+01 1.010299224853515625e+02
4.288630962371826172e+00 1.275054702758789062e+02 2.803837966918945312e+01 9.946707916259765625e+01
4.390673637390136719e+00 1.277219085693359375e+02 2.770842933654785156e+01 1.000134735107421875e+02
4.411082744598388672e+00 1.280876312255859375e+02 2.772133064270019531e+01 1.003662948608398438e+02
4.431491374969482422e+00 1.280057983398437500e+02 2.785836601257324219e+01 1.001474304199218750e+02
4.451900482177734375e+00 1.277417602539062500e+02 2.749405479431152344e+01 1.002477035522460938e+02
4.472309112548828125e+00 1.274944839477539062e+02 2.748634529113769531e+01 1.000081405639648438e+02
4.492718219757080078e+00 1.271768188476562500e+02 2.724958801269531250e+01 9.992723083496093750e+01
4.615169525146484375e+00 1.252822494506835938e+02 2.667183113098144531e+01 9.861042022705078125e+01
4.778439998626708984e+00 1.237503662109375000e+02 2.629154396057128906e+01 9.745883178710937500e+01
4.941709518432617188e+00 1.229825363159179688e+02 2.546165084838867188e+01 9.752088165283203125e+01
4.982526779174804688e+00 1.229455871582031250e+02 2.527228355407714844e+01 9.767330169677734375e+01
5.002935886383056641e+00 1.225597305297851562e+02 2.504478073120117188e+01 9.751496124267578125e+01
5.023344516754150391e+00 1.216865158081054688e+02 2.470951080322265625e+01 9.697699737548828125e+01
5.043751716613769531e+00 1.218045730590820312e+02 2.460478973388671875e+01 9.719977569580078125e+01
5.084569454193115234e+00 1.214200820922851562e+02 2.440256118774414062e+01 9.701751708984375000e+01
5.104978561401367188e+00 1.211653137207031250e+02 2.433314132690429688e+01 9.683216857910156250e+01
5.125387191772460938e+00 1.209350738525390625e+02 2.429696655273437500e+01 9.663809967041015625e+01
5.145796298980712891e+00 1.206098556518554688e+02 2.414943122863769531e+01 9.646042633056640625e+01
5.166204929351806641e+00 1.206522979736328125e+02 2.422547912597656250e+01 9.642682647705078125e+01
5.186613559722900391e+00 1.207327194213867188e+02 2.439323997497558594e+01 9.633948516845703125e+01
5.207022666931152344e+00 1.206592407226562500e+02 2.419188880920410156e+01 9.646735382080078125e+01
5.227431297302246094e+00 1.207535018920898438e+02 2.434931373596191406e+01 9.640418243408203125e+01
5.288656234741210938e+00 1.205774536132812500e+02 2.437523460388183594e+01 9.620221710205078125e+01
5.309065341949462891e+00 1.207339553833007812e+02 2.442131042480468750e+01 9.631264495849609375e+01
5.329473972320556641e+00 1.206025314331054688e+02 2.433677864074707031e+01 9.626575469970703125e+01
5.349883079528808594e+00 1.205659484863281250e+02 2.417681503295898438e+01 9.638912963867187500e+01
5.370291709899902344e+00 1.205471496582031250e+02 2.430336380004882812e+01 9.624378204345703125e+01
5.390700340270996094e+00 1.204575653076171875e+02 2.416250228881835938e+01 9.629505920410156250e+01
5.492744922637939453e+00 1.194079132080078125e+02 2.289860725402832031e+01 9.650930023193359375e+01
5.594787597656250000e+00 1.186049118041992188e+02 2.234403991699218750e+01 9.626087188720703125e+01
5.615196228027343750e+00 1.185304946899414062e+02 2.230972290039062500e+01 9.622077178955078125e+01
5.656013965606689453e+00 1.180471191406250000e+02 2.185244750976562500e+01 9.619467163085937500e+01
5.676422595977783203e+00 1.176400222778320312e+02 2.160940361022949219e+01 9.603062438964843750e+01
5.696831703186035156e+00 1.173678741455078125e+02 2.141852951049804688e+01 9.594934844970703125e+01
5.798874378204345703e+00 1.174312438964843750e+02 2.169801902770996094e+01 9.573321533203125000e+01
5.819283008575439453e+00 1.171859283447265625e+02 2.165071868896484375e+01 9.553521728515625000e+01
5.839691638946533203e+00 1.172179183959960938e+02 2.174312400817871094e+01 9.547479248046875000e+01
5.880509376525878906e+00 1.171893081665039062e+02 2.186495590209960938e+01 9.532434844970703125e+01
5.900918483734130859e+00 1.170868453979492188e+02 2.180961608886718750e+01 9.527722930908203125e+01
5.921327114105224609e+00 1.173336639404296875e+02 2.188403320312500000e+01 9.544963073730468750e+01
5.962143421173095703e+00 1.170167083740234375e+02 2.187876510620117188e+01 9.513794708251953125e+01
5.982552051544189453e+00 1.169554595947265625e+02 2.176411247253417969e+01 9.519134521484375000e+01
6.002961158752441406e+00 1.171630935668945312e+02 2.198123359680175781e+01 9.518186187744140625e+01
6.023369789123535156e+00 1.168095550537109375e+02 2.166034507751464844e+01 9.514920806884765625e+01
6.105005264282226562e+00 1.167402267456054688e+02 2.139423370361328125e+01 9.534599304199218750e+01
6.125413894653320312e+00 1.165677566528320312e+02 2.115880966186523438e+01 9.540895080566406250e+01
6.145823001861572266e+00 1.164383850097656250e+02 2.109633445739746094e+01 9.534204101562500000e+01
6.166231632232666016e+00 1.175491409301757812e+02 2.185344123840332031e+01 9.569570159912109375e+01
6.186640739440917969e+00 1.160761489868164062e+02 2.065145683288574219e+01 9.542469024658203125e+01
6.207047939300537109e+00 1.160483245849609375e+02 2.039843750000000000e+01 9.564988708496093750e+01
6.227456569671630859e+00 1.155919876098632812e+02 2.017782211303710938e+01 9.541416931152343750e+01
6.288682937622070312e+00 1.149954528808593750e+02 1.969586753845214844e+01 9.529959106445312500e+01
6.309092044830322266e+00 1.147838211059570312e+02 1.946520233154296875e+01 9.531861877441406250e+01
6.329500675201416016e+00 1.146016311645507812e+02 1.935705184936523438e+01 9.524458312988281250e+01
6.349909782409667969e+00 1.144789733886718750e+02 1.922320747375488281e+01 9.525576782226562500e+01
6.451952457427978516e+00 1.135063247680664062e+02 1.874850273132324219e+01 9.475782012939453125e+01
6.513178825378417969e+00 1.133218917846679688e+02 1.870825004577636719e+01 9.461363983154296875e+01
6.533587455749511719e+00 1.132401046752929688e+02 1.867546081542968750e+01 9.456464385986328125e+01
6.594814300537109375e+00 1.132875747680664062e+02 1.873439598083496094e+01 9.455318450927734375e+01
6.635632038116455078e+00 1.132751770019531250e+02 1.883561325073242188e+01 9.443955993652343750e+01
6.656040668487548828e+00 1.132741928100585938e+02 1.889295387268066406e+01 9.438124084472656250e+01
6.676447868347167969e+00 1.137035522460937500e+02 1.959176826477050781e+01 9.411178588867187500e+01
6.696856975555419922e+00 1.135205383300781250e+02 1.903875350952148438e+01 9.448178100585937500e+01
6.717265605926513672e+00 1.133584365844726562e+02 1.905218887329101562e+01 9.430625152587890625e+01
6.778491973876953125e+00 1.134966659545898438e+02 1.912377929687500000e+01 9.437288665771484375e+01
6.798901081085205078e+00 1.158633193969726562e+02 1.908045959472656250e+01 9.678285217285156250e+01
6.941761016845703125e+00 1.143402328491210938e+02 1.854984474182128906e+01 9.579039001464843750e+01
6.962170124053955078e+00 1.127166213989257812e+02 1.843013763427734375e+01 9.428649139404296875e+01
6.982578754425048828e+00 1.141193237304687500e+02 1.825970268249511719e+01 9.585961914062500000e+01
7.002987861633300781e+00 1.123751373291015625e+02 1.820307159423828125e+01 9.417207336425781250e+01
7.023396492004394531e+00 1.123155136108398438e+02 1.809223175048828125e+01 9.422328948974609375e+01
7.043805599212646484e+00 1.124812088012695312e+02 1.799222755432128906e+01 9.448897552490234375e+01
7.064214229583740234e+00 1.119764480590820312e+02 1.781825447082519531e+01 9.415820312500000000e+01
7.105031967163085938e+00 1.117274780273437500e+02 1.759796333312988281e+01 9.412952423095703125e+01
7.125439167022705078e+00 1.115422973632812500e+02 1.748036766052246094e+01 9.406192779541015625e+01
7.145847797393798828e+00 1.111378707885742188e+02 1.730649185180664062e+01 9.383137512207031250e+01
7.166256904602050781e+00 1.107688598632812500e+02 1.725386428833007812e+01 9.351499938964843750e+01
7.186665534973144531e+00 1.110837783813476562e+02 1.720486640930175781e+01 9.387891387939453125e+01
7.207074642181396484e+00 1.108674163818359375e+02 1.699338722229003906e+01 9.387403106689453125e+01
7.227483272552490234e+00 1.106007156372070312e+02 1.684272003173828125e+01 9.375799560546875000e+01
7.247892379760742188e+00 1.104627075195312500e+02 1.670942115783691406e+01 9.375328063964843750e+01
7.268301010131835938e+00 1.113165130615234375e+02 1.651758003234863281e+01 9.479892730712890625e+01
7.288710117340087891e+00 1.101140747070312500e+02 1.646804618835449219e+01 9.364602661132812500e+01
7.309118747711181641e+00 1.100343780517578125e+02 1.637293434143066406e+01 9.366143798828125000e+01
7.329527378082275391e+00 1.098835525512695312e+02 1.625549125671386719e+01 9.362805938720703125e+01
7.349936485290527344e+00 1.097590942382812500e+02 1.614195251464843750e+01 9.361714172363281250e+01
7.370343685150146484e+00 1.095772781372070312e+02 1.601281166076660156e+01 9.356446838378906250e+01
7.390752315521240234e+00 1.093874969482421875e+02 1.592324733734130859e+01 9.346424865722656250e+01
7.411161422729492188e+00 1.110551528930664062e+02 1.584386444091796875e+01 9.521128082275390625e+01
7.431570053100585938e+00 1.091396102905273438e+02 1.572304439544677734e+01 9.341655731201171875e+01
7.492796897888183594e+00 1.085680694580078125e+02 1.548913097381591797e+01 9.307893371582031250e+01
7.513205528259277344e+00 1.096978988647460938e+02 1.543431186676025391e+01 9.426358795166015625e+01
7.533614635467529297e+00 1.082803344726562500e+02 1.533212280273437500e+01 9.294821166992187500e+01
7.554023265838623047e+00 1.081548995971679688e+02 1.529070091247558594e+01 9.286420440673828125e+01
7.574431896209716797e+00 1.080282669067382812e+02 1.524633979797363281e+01 9.278192901611328125e+01
7.594839096069335938e+00 1.079824981689453125e+02 1.520537376403808594e+01 9.277713012695312500e+01
7.615248203277587891e+00 1.080336608886718750e+02 1.520549106597900391e+01 9.282817077636718750e+01
7.635656833648681641e+00 1.077675704956054688e+02 1.515857696533203125e+01 9.260899353027343750e+01
7.656065940856933594e+00 1.078984298706054688e+02 1.511816978454589844e+01 9.278025817871093750e+01
7.676474571228027344e+00 1.078611984252929688e+02 1.512787151336669922e+01 9.273332977294921875e+01
7.696883678436279297e+00 1.078575592041015625e+02 1.510020065307617188e+01 9.275735473632812500e+01
7.717292308807373047e+00 1.077902145385742188e+02 1.509749126434326172e+01 9.269272613525390625e+01
7.737701416015625000e+00 1.077539443969726562e+02 1.508860874176025391e+01 9.266533660888671875e+01
7.758110046386718750e+00 1.077068557739257812e+02 1.508285808563232422e+01 9.262400054931640625e+01
7.778518676757812500e+00 1.078107757568359375e+02 1.508637237548828125e+01 9.272440338134765625e+01
7.798927783966064453e+00 1.077091140747070312e+02 1.509293460845947266e+01 9.261618041992187500e+01
7.819334983825683594e+00 1.076785125732421875e+02 1.511171340942382812e+01 9.256679534912109375e+01
7.839743614196777344e+00 1.076399917602539062e+02 1.504794692993164062e+01 9.259204101562500000e+01
7.860152721405029297e+00 1.076611404418945312e+02 1.506064987182617188e+01 9.260048675537109375e+01
7.880561351776123047e+00 1.076348495483398438e+02 1.504898738861083984e+01 9.258586120605468750e+01
7.900970458984375000e+00 1.075915145874023438e+02 1.499193286895751953e+01 9.259958648681640625e+01
7.962196826934814453e+00 1.072702026367187500e+02 1.493077087402343750e+01 9.233943176269531250e+01
7.982605457305908203e+00 1.072139587402343750e+02 1.486860561370849609e+01 9.234535217285156250e+01
8.003014564514160156e+00 1.073622589111328125e+02 1.483068847656250000e+01 9.253157043457031250e+01
8.023423194885253906e+00 1.086069030761718750e+02 1.500181961059570312e+01 9.360508728027343750e+01
8.043831825256347656e+00 1.077973175048828125e+02 1.459472274780273438e+01 9.320259857177734375e+01
8.064239501953125000e+00 1.069866485595703125e+02 1.455778980255126953e+01 9.242886352539062500e+01
8.084648132324218750e+00 1.069446563720703125e+02 1.451215744018554688e+01 9.243249511718750000e+01
8.145874977111816406e+00 1.066402969360351562e+02 1.421499729156494141e+01 9.242530059814453125e+01
8.166283607482910156e+00 1.064390106201171875e+02 1.405341815948486328e+01 9.238558959960937500e+01
8.186692237854003906e+00 1.063541030883789062e+02 1.398036956787109375e+01 9.237373352050781250e+01
8.207100868225097656e+00 1.061749038696289062e+02 1.383768081665039062e+01 9.233721923828125000e+01
8.349961280822753906e+00 1.053040695190429688e+02 1.317088413238525391e+01 9.213318634033203125e+01
8.390779495239257812e+00 1.051200332641601562e+02 1.299269104003906250e+01 9.212734222412109375e+01
8.411188125610351562e+00 1.037851638793945312e+02 1.290139770507812500e+01 9.088375854492187500e+01
8.452005386352539062e+00 1.049517288208007812e+02 1.283909225463867188e+01 9.211264801025390625e+01
8.472414970397949219e+00 1.048560104370117188e+02 1.280251407623291016e+01 9.205349731445312500e+01
8.574457168579101562e+00 1.048163528442382812e+02 1.278974914550781250e+01 9.202660369873046875e+01
8.594865798950195312e+00 1.047732238769531250e+02 1.278166294097900391e+01 9.199156188964843750e+01
8.615275382995605469e+00 1.047509841918945312e+02 1.279306316375732422e+01 9.195792388916015625e+01
8.635684013366699219e+00 1.047265701293945312e+02 1.279332256317138672e+01 9.193325042724609375e+01
8.656092643737792969e+00 1.047350387573242188e+02 1.281847095489501953e+01 9.191657257080078125e+01
8.676501274108886719e+00 1.047858810424804688e+02 1.284074306488037109e+01 9.194513702392578125e+01
8.696909904479980469e+00 1.047542572021484375e+02 1.284364032745361328e+01 9.191062164306640625e+01
8.717319488525390625e+00 1.048528060913085938e+02 1.289870262145996094e+01 9.195410156250000000e+01
8.737728118896484375e+00 1.060365600585937500e+02 1.286857414245605469e+01 9.316799926757812500e+01
8.758134841918945312e+00 1.049633789062500000e+02 1.294792366027832031e+01 9.201545715332031250e+01
8.778544425964355469e+00 1.049897994995117188e+02 1.297781562805175781e+01 9.201198577880859375e+01
8.798953056335449219e+00 1.050129394531250000e+02 1.301301097869873047e+01 9.199993896484375000e+01
8.880588531494140625e+00 1.048316345214843750e+02 1.308208465576171875e+01 9.174955749511718750e+01
8.941814422607421875e+00 1.048622360229492188e+02 1.312369251251220703e+01 9.173854827880859375e+01
8.982630729675292969e+00 1.049211883544921875e+02 1.314134597778320312e+01 9.177983093261718750e+01
9.003039360046386719e+00 1.047190933227539062e+02 1.311155605316162109e+01 9.160753631591796875e+01
9.043857574462890625e+00 1.045903778076171875e+02 1.315826034545898438e+01 9.143212127685546875e+01
9.064266204833984375e+00 1.047676925659179688e+02 1.311542797088623047e+01 9.165225982666015625e+01
9.207128524780273438e+00 1.046268844604492188e+02 1.300812530517578125e+01 9.161875915527343750e+01
9.227535247802734375e+00 1.046040802001953125e+02 1.300011157989501953e+01 9.160397338867187500e+01
9.247943878173828125e+00 1.045802841186523438e+02 1.298436641693115234e+01 9.159591674804687500e+01
9.268353462219238281e+00 1.044956130981445312e+02 1.296352386474609375e+01 9.153208160400390625e+01
9.288762092590332031e+00 1.044373626708984375e+02 1.291699981689453125e+01 9.152036285400390625e+01
9.329579353332519531e+00 1.043533859252929688e+02 1.288101291656494141e+01 9.147238159179687500e+01
9.452031135559082031e+00 1.042778625488281250e+02 1.286103630065917969e+01 9.141683197021484375e+01
9.472439765930175781e+00 1.040617523193359375e+02 1.278783607482910156e+01 9.127391815185546875e+01
9.492848396301269531e+00 1.041076431274414062e+02 1.277295303344726562e+01 9.133468627929687500e+01
9.513257980346679688e+00 1.042022781372070312e+02 1.279336261749267578e+01 9.140891265869140625e+01
9.533666610717773438e+00 1.040662918090820312e+02 1.275844097137451172e+01 9.130785369873046875e+01
9.554075241088867188e+00 1.040804061889648438e+02 1.275624465942382812e+01 9.132415771484375000e+01
9.574483871459960938e+00 1.041304550170898438e+02 1.275155639648437500e+01 9.137889862060546875e+01
9.594892501831054688e+00 1.041358184814453125e+02 1.273940181732177734e+01 9.139641571044921875e+01
9.615302085876464844e+00 1.042188415527343750e+02 1.272232151031494141e+01 9.149652099609375000e+01
9.635710716247558594e+00 1.041847610473632812e+02 1.272022056579589844e+01 9.146453094482421875e+01
9.656119346618652344e+00 1.042098236083984375e+02 1.270820999145507812e+01 9.150161743164062500e+01
9.676527023315429688e+00 1.041800613403320312e+02 1.269377994537353516e+01 9.148628997802734375e+01
9.696935653686523438e+00 1.041336059570312500e+02 1.268681144714355469e+01 9.144679260253906250e+01
9.717344284057617188e+00 1.041767807006835938e+02 1.267248535156250000e+01 9.150429534912109375e+01
9.737752914428710938e+00 1.041510848999023438e+02 1.265821743011474609e+01 9.149286651611328125e+01
9.758161544799804688e+00 1.041058807373046875e+02 1.264155578613281250e+01 9.146432495117187500e+01
9.778571128845214844e+00 1.040691452026367188e+02 1.262251663208007812e+01 9.144663238525390625e+01
9.798979759216308594e+00 1.040383758544921875e+02 1.260111236572265625e+01 9.143725585937500000e+01
9.819388389587402344e+00 1.039923095703125000e+02 1.257736015319824219e+01 9.141494750976562500e+01
9.839797019958496094e+00 1.039230957031250000e+02 1.254883956909179688e+01 9.137425231933593750e+01
9.860206604003906250e+00 1.038775482177734375e+02 1.252043819427490234e+01 9.135710906982421875e+01
9.880615234375000000e+00 1.038184280395507812e+02 1.249457740783691406e+01 9.132385253906250000e+01
9.901023864746093750e+00 1.037434158325195312e+02 1.245915031433105469e+01 9.128426361083984375e+01
9.921431541442871094e+00 1.036633834838867188e+02 1.242145919799804688e+01 9.124192810058593750e+01
9.941840171813964844e+00 1.035932693481445312e+02 1.238392066955566406e+01 9.120934295654296875e+01
9.962248802185058594e+00 1.035338516235351562e+02 1.234893798828125000e+01 9.118491363525390625e+01
9.982657432556152344e+00 1.034484100341796875e+02 1.230210971832275391e+01 9.114630126953125000e+01
1.000306606292724609e+01 1.033509292602539062e+02 1.225786495208740234e+01 9.109306335449218750e+01
1.002347564697265625e+01 1.032779846191406250e+02 1.221857738494873047e+01 9.105941772460937500e+01
1.004388427734375000e+01 1.031797790527343750e+02 1.216514682769775391e+01 9.101463317871093750e+01
1.006429290771484375e+01 1.030816879272460938e+02 1.211907100677490234e+01 9.096261596679687500e+01
1.008470153808593750e+01 1.029963150024414062e+02 1.207318019866943359e+01 9.092313385009765625e+01
1.010511112213134766e+01 1.029026794433593750e+02 1.202747631072998047e+01 9.087519836425781250e+01
1.012551975250244141e+01 1.028215484619140625e+02 1.197959041595458984e+01 9.084194946289062500e+01
1.014592647552490234e+01 1.027424621582031250e+02 1.193426036834716797e+01 9.080820465087890625e+01
1.016633605957031250e+01 1.026721267700195312e+02 1.188910961151123047e+01 9.078302001953125000e+01
1.018674468994140625e+01 1.025458526611328125e+02 1.182768917083740234e+01 9.071816253662109375e+01
1.020715332031250000e+01 1.024844818115234375e+02 1.178996753692626953e+01 9.069451141357421875e+01
1.022756195068359375e+01 1.023865814208984375e+02 1.175005626678466797e+01 9.063652038574218750e+01
1.024797058105468750e+01 1.023129501342773438e+02 1.170563316345214844e+01 9.060730743408203125e+01
1.026838016510009766e+01 1.022319869995117188e+02 1.166837978363037109e+01 9.056360626220703125e+01
1.030919742584228516e+01 1.021097564697265625e+02 1.158967018127441406e+01 9.052008819580078125e+01
1.032960605621337891e+01 1.020507965087890625e+02 1.155982017517089844e+01 9.049097442626953125e+01
1.035001564025878906e+01 1.020594253540039062e+02 1.151852130889892578e+01 9.054091644287109375e+01
1.037042236328125000e+01 1.018543930053710938e+02 1.147046279907226562e+01 9.038393402099609375e+01
1.039083099365234375e+01 1.018065643310546875e+02 1.144793415069580078e+01 9.035862731933593750e+01
1.041123962402343750e+01 1.016212539672851562e+02 1.141629505157470703e+01 9.020495605468750000e+01
1.043164920806884766e+01 1.016889190673828125e+02 1.139395999908447266e+01 9.029496765136718750e+01
1.045205783843994141e+01 1.016377944946289062e+02 1.135567951202392578e+01 9.028211212158203125e+01
1.047246646881103516e+01 1.015766754150390625e+02 1.132440662384033203e+01 9.025226593017578125e+01
1.049287509918212891e+01 1.015059967041015625e+02 1.129781627655029297e+01 9.020817565917968750e+01
1.051328468322753906e+01 1.013799438476562500e+02 1.127360820770263672e+01 9.010633850097656250e+01
1.053369331359863281e+01 1.016307601928710938e+02 1.124040222167968750e+01 9.039035797119140625e+01
1.055410194396972656e+01 1.013112182617187500e+02 1.121412944793701172e+01 9.009709167480468750e+01
1.057451057434082031e+01 1.012456283569335938e+02 1.118569469451904297e+01 9.005993652343750000e+01
1.059491920471191406e+01 1.011775512695312500e+02 1.115737056732177734e+01 9.002017974853515625e+01
1.061532688140869141e+01 1.011152343750000000e+02 1.112689971923828125e+01 8.998833465576171875e+01
1.063573551177978516e+01 1.010549240112304688e+02 1.109879589080810547e+01 8.995612335205078125e+01
1.065614414215087891e+01 1.009828262329101562e+02 1.107080078125000000e+01 8.991202545166015625e+01
1.067655372619628906e+01 1.009992218017578125e+02 1.103618335723876953e+01 8.996304321289062500e+01
1.069696235656738281e+01 1.008620223999023438e+02 1.100841426849365234e+01 8.985359954833984375e+01
1.071737098693847656e+01 1.007985992431640625e+02 1.097851562500000000e+01 8.982008361816406250e+01
1.073777961730957031e+01 1.007266616821289062e+02 1.094427394866943359e+01 8.978238677978515625e+01
1.075818920135498047e+01 1.006593627929687500e+02 1.091016006469726562e+01 8.974920654296875000e+01
1.077859783172607422e+01 1.006045761108398438e+02 1.087839794158935547e+01 8.972618103027343750e+01
1.079900646209716797e+01 1.005329132080078125e+02 1.084453773498535156e+01 8.968838500976562500e+01
1.081941509246826172e+01 1.004752807617187500e+02 1.080638122558593750e+01 8.966889953613281250e+01
1.083982276916503906e+01 1.004046783447265625e+02 1.077057743072509766e+01 8.963410186767578125e+01
1.086023139953613281e+01 1.003512802124023438e+02 1.073049736022949219e+01 8.962078857421875000e+01
1.088064002990722656e+01 1.002728958129882812e+02 1.069277000427246094e+01 8.958013153076171875e+01
1.090104866027832031e+01 1.002086181640625000e+02 1.065079116821289062e+01 8.955783081054687500e+01
1.092145824432373047e+01 1.001273880004882812e+02 1.061116123199462891e+01 8.951622772216796875e+01
1.094186687469482422e+01 1.000750808715820312e+02 1.056948947906494141e+01 8.950559234619140625e+01
1.096227550506591797e+01 1.000053253173828125e+02 1.052578926086425781e+01 8.947953796386718750e+01
1.098268413543701172e+01 9.994176483154296875e+01 1.048007392883300781e+01 8.946168518066406250e+01
1.100309371948242188e+01 9.987432861328125000e+01 1.044105529785156250e+01 8.943327331542968750e+01
1.102350234985351562e+01 9.981376647949218750e+01 1.040000724792480469e+01 8.941377258300781250e+01
1.104391098022460938e+01 9.974788665771484375e+01 1.035694408416748047e+01 8.939094543457031250e+01
1.106431770324707031e+01 9.968851470947265625e+01 1.030971431732177734e+01 8.937879943847656250e+01
1.108472728729248047e+01 9.962564086914062500e+01 1.026697635650634766e+01 8.935866546630859375e+01
1.110513591766357422e+01 9.956476593017578125e+01 1.022439479827880859e+01 8.934037017822265625e+01
1.112554454803466797e+01 9.951167297363281250e+01 1.018412399291992188e+01 8.932754516601562500e+01
1.114595317840576172e+01 9.945718383789062500e+01 1.014399719238281250e+01 8.931318664550781250e+01
1.116636276245117188e+01 9.938087463378906250e+01 1.009329891204833984e+01 8.928758239746093750e+01
1.118677139282226562e+01 9.934462738037109375e+01 1.006846427917480469e+01 8.927616119384765625e+01
1.120718002319335938e+01 9.928626251220703125e+01 1.002877044677734375e+01 8.925749206542968750e+01
1.122758865356445312e+01 9.924137878417968750e+01 9.989217758178710938e+00 8.925216674804687500e+01
1.124799728393554688e+01 9.917707061767578125e+01 9.947682380676269531e+00 8.922939300537109375e+01
1.126840686798095703e+01 9.912643432617187500e+01 9.923291206359863281e+00 8.920314788818359375e+01
1.128881549835205078e+01 9.906584930419921875e+01 9.882025718688964844e+00 8.918382263183593750e+01
1.130922222137451172e+01 9.901000213623046875e+01 9.845141410827636719e+00 8.916485595703125000e+01
1.132963180541992188e+01 9.897006988525390625e+01 9.818955421447753906e+00 8.915111541748046875e+01
1.135004043579101562e+01 9.891419219970703125e+01 9.790753364562988281e+00 8.912344360351562500e+01
1.137044906616210938e+01 9.886141967773437500e+01 9.760548591613769531e+00 8.910087585449218750e+01
1.139085769653320312e+01 9.881526184082031250e+01 9.724145889282226562e+00 8.909111785888671875e+01
1.141126728057861328e+01 9.876084136962890625e+01 9.694167137145996094e+00 8.906667327880859375e+01
1.143167591094970703e+01 9.870455169677734375e+01 9.666390419006347656e+00 8.903815460205078125e+01
1.145208454132080078e+01 9.865507507324218750e+01 9.640802383422851562e+00 8.901427459716796875e+01
1.147249317169189453e+01 9.858773803710937500e+01 9.609045028686523438e+00 8.897869110107421875e+01
1.149290180206298828e+01 9.853477478027343750e+01 9.579483032226562500e+00 8.895529174804687500e+01
1.161535358428955078e+01 9.916510772705078125e+01 9.455822944641113281e+00 8.970928955078125000e+01
1.163576221466064453e+01 9.798731231689453125e+01 9.363115310668945312e+00 8.862419891357421875e+01
1.165617179870605469e+01 9.794071197509765625e+01 9.334399223327636719e+00 8.860630798339843750e+01
1.173780632019042969e+01 9.765354919433593750e+01 9.169545173645019531e+00 8.848400878906250000e+01
1.179903125762939453e+01 9.744335937500000000e+01 9.071241378784179688e+00 8.837211608886718750e+01
1.181944084167480469e+01 9.814667510986328125e+01 9.055578231811523438e+00 8.909108734130859375e+01
1.183984947204589844e+01 9.730720520019531250e+01 8.985376358032226562e+00 8.832183837890625000e+01
1.188066673278808594e+01 9.716892242431640625e+01 8.924282073974609375e+00 8.824463653564453125e+01
1.202352714538574219e+01 9.724452972412109375e+01 8.788380622863769531e+00 8.845615386962890625e+01
1.204393577575683594e+01 9.824843597412109375e+01 8.773488044738769531e+00 8.947494506835937500e+01
1.206434535980224609e+01 9.679126739501953125e+01 8.705070495605468750e+00 8.808619689941406250e+01
1.214597988128662109e+01 9.631057739257812500e+01 8.646561622619628906e+00 8.766401672363281250e+01
1.216638946533203125e+01 9.653578948974609375e+01 8.665507316589355469e+00 8.787027740478515625e+01
1.218679809570312500e+01 9.668823242187500000e+01 8.674568176269531250e+00 8.801366424560546875e+01
1.220720672607421875e+01 9.652755737304687500e+01 8.673792839050292969e+00 8.785375976562500000e+01
1.222761440277099609e+01 9.668863677978515625e+01 8.678894042968750000e+00 8.800974273681640625e+01
1.224802303314208984e+01 9.648352813720703125e+01 8.683979034423828125e+00 8.779954528808593750e+01
1.226843166351318359e+01 9.646769714355468750e+01 8.687093734741210938e+00 8.778060913085937500e+01
1.228884029388427734e+01 9.649825286865234375e+01 8.696042060852050781e+00 8.780220794677734375e+01
1.232965850830078125e+01 9.640949249267578125e+01 8.702203750610351562e+00 8.770728302001953125e+01
1.235006713867187500e+01 9.641746520996093750e+01 8.713021278381347656e+00 8.770445251464843750e+01
1.239088439941406250e+01 9.637155914306640625e+01 8.721027374267578125e+00 8.765052795410156250e+01
1.245211124420166016e+01 9.627749633789062500e+01 8.712750434875488281e+00 8.756474304199218750e+01
1.247251892089843750e+01 9.641492462158203125e+01 8.700414657592773438e+00 8.771451568603515625e+01
1.251333618164062500e+01 9.610726928710937500e+01 8.687339782714843750e+00 8.741992950439453125e+01
1.253374481201171875e+01 9.607028198242187500e+01 8.675103187561035156e+00 8.739517974853515625e+01
1.255415344238281250e+01 9.607179260253906250e+01 8.662907600402832031e+00 8.740888977050781250e+01
1.257456302642822266e+01 9.605368041992187500e+01 8.654559135437011719e+00 8.739912414550781250e+01
1.259497165679931641e+01 9.602877044677734375e+01 8.648138046264648438e+00 8.738063049316406250e+01
1.265619850158691406e+01 9.580847167968750000e+01 8.602518081665039062e+00 8.720595550537109375e+01
1.271742343902587891e+01 9.566115570068359375e+01 8.549809455871582031e+00 8.711134338378906250e+01
1.273783206939697266e+01 9.561983489990234375e+01 8.532351493835449219e+00 8.708747863769531250e+01
1.275824069976806641e+01 9.557226562500000000e+01 8.514949798583984375e+00 8.705731964111328125e+01
1.279905796051025391e+01 9.567914581298828125e+01 8.474701881408691406e+00 8.720444488525390625e+01
1.290110301971435547e+01 9.532025909423828125e+01 8.353857040405273438e+00 8.696640014648437500e+01
1.292150974273681641e+01 9.526904296875000000e+01 8.331401824951171875e+00 8.693763732910156250e+01
1.296232795715332031e+01 9.514851379394531250e+01 8.288543701171875000e+00 8.685997009277343750e+01
1.302355384826660156e+01 9.508509063720703125e+01 8.227520942687988281e+00 8.685758209228515625e+01
1.304396247863769531e+01 9.519834899902343750e+01 8.324763298034667969e+00 8.687358856201171875e+01
1.308478069305419922e+01 9.497144317626953125e+01 8.178045272827148438e+00 8.679339599609375000e+01
1.310518932342529297e+01 9.494155120849609375e+01 8.170788764953613281e+00 8.677076721191406250e+01
1.316641426086425781e+01 9.484781646728515625e+01 8.130975723266601562e+00 8.671683502197265625e+01
1.318682289123535156e+01 9.484198760986328125e+01 8.123837471008300781e+00 8.671814727783203125e+01
1.328886699676513672e+01 9.472807312011718750e+01 8.083072662353515625e+00 8.664500427246093750e+01
1.330927658081054688e+01 9.471028137207031250e+01 8.083269119262695312e+00 8.662701416015625000e+01
1.332968521118164062e+01 9.469503784179687500e+01 8.078076362609863281e+00 8.661695861816406250e+01
1.335009384155273438e+01 9.466114807128906250e+01 8.072899818420410156e+00 8.658824920654296875e+01
1.337050247192382812e+01 9.465046691894531250e+01 8.065948486328125000e+00 8.658451843261718750e+01
1.339091014862060547e+01 9.465350341796875000e+01 8.071534156799316406e+00 8.658197021484375000e+01
1.347254562377929688e+01 9.445970916748046875e+01 8.040393829345703125e+00 8.641931915283203125e+01
1.349295425415039062e+01 9.441847991943359375e+01 8.038877487182617188e+00 8.637960052490234375e+01
1.351336288452148438e+01 9.432881164550781250e+01 8.026736259460449219e+00 8.630207824707031250e+01
1.353377151489257812e+01 9.439740753173828125e+01 8.019938468933105469e+00 8.637747192382812500e+01
1.355418109893798828e+01 9.429776000976562500e+01 8.002564430236816406e+00 8.629519653320312500e+01
1.357458972930908203e+01 9.426437377929687500e+01 7.990532875061035156e+00 8.627384185791015625e+01
1.359499835968017578e+01 9.462045288085937500e+01 8.019037246704101562e+00 8.660141754150390625e+01
1.361540508270263672e+01 9.269932556152343750e+01 8.086139678955078125e+00 8.461318969726562500e+01
1.363581562042236328e+01 9.418815612792968750e+01 7.944121837615966797e+00 8.624403381347656250e+01
1.365622234344482422e+01 9.415478515625000000e+01 7.925238132476806641e+00 8.622954559326171875e+01
1.367663288116455078e+01 9.412089538574218750e+01 7.904658794403076172e+00 8.621623992919921875e+01
1.369704055786132812e+01 9.409838867187500000e+01 7.880647182464599609e+00 8.621774291992187500e+01
1.371745109558105469e+01 9.407381439208984375e+01 7.858450889587402344e+00 8.621536254882812500e+01
1.373785781860351562e+01 9.402706146240234375e+01 7.834579944610595703e+00 8.619248199462890625e+01
1.375826835632324219e+01 9.397864532470703125e+01 7.809036731719970703e+00 8.616960906982421875e+01
1.377867507934570312e+01 9.392499542236328125e+01 7.783572673797607422e+00 8.614141845703125000e+01
1.379908561706542969e+01 9.387711334228515625e+01 7.758180618286132812e+00 8.611893463134765625e+01
1.381949329376220703e+01 9.375528717041015625e+01 7.750188350677490234e+00 8.600509643554687500e+01
1.383990383148193359e+01 9.377310943603515625e+01 7.704164981842041016e+00 8.606894683837890625e+01
1.386031055450439453e+01 9.372638702392578125e+01 7.682457447052001953e+00 8.604392242431640625e+01
1.388071823120117188e+01 9.366431427001953125e+01 7.650467872619628906e+00 8.601384735107421875e+01
1.390112876892089844e+01 9.360891723632812500e+01 7.625458717346191406e+00 8.598345947265625000e+01
1.392153549194335938e+01 9.355728149414062500e+01 7.597084999084472656e+00 8.596019744873046875e+01
1.394194602966308594e+01 9.350567626953125000e+01 7.568792343139648438e+00 8.593688964843750000e+01
1.396235370635986328e+01 9.344490051269531250e+01 7.542299270629882812e+00 8.590260314941406250e+01
1.398276424407958984e+01 9.338576507568359375e+01 7.515881061553955078e+00 8.586988067626953125e+01
1.400317096710205078e+01 9.333388519287109375e+01 7.494670391082763672e+00 8.583921813964843750e+01
1.402358150482177734e+01 9.329036712646484375e+01 7.471812725067138672e+00 8.581855010986328125e+01
1.404398918151855469e+01 9.324024200439453125e+01 7.445614814758300781e+00 8.579462432861328125e+01
1.406439971923828125e+01 9.318675231933593750e+01 7.422894954681396484e+00 8.576386260986328125e+01
1.408480644226074219e+01 9.314474487304687500e+01 7.401942253112792969e+00 8.574279785156250000e+01
1.410521411895751953e+01 9.309952545166015625e+01 7.379352569580078125e+00 8.572017669677734375e+01
1.412562465667724609e+01 9.305802917480468750e+01 7.360216140747070312e+00 8.569781494140625000e+01
1.414603137969970703e+01 9.300778961181640625e+01 7.341136455535888672e+00 8.566665649414062500e+01
1.416644191741943359e+01 9.296095275878906250e+01 7.325489997863769531e+00 8.563546752929687500e+01
1.418684959411621094e+01 9.290708160400390625e+01 7.304829120635986328e+00 8.560224914550781250e+01
1.420725917816162109e+01 9.286633300781250000e+01 7.287594795227050781e+00 8.557873535156250000e+01
1.422766685485839844e+01 9.282363891601562500e+01 7.268729209899902344e+00 8.555490112304687500e+01
1.424807739257812500e+01 9.278166198730468750e+01 7.251595973968505859e+00 8.553006744384765625e+01
1.426848411560058594e+01 9.274005126953125000e+01 7.237868785858154297e+00 8.550218200683593750e+01
1.428889465332031250e+01 9.269734954833984375e+01 7.217477321624755859e+00 8.547987365722656250e+01
1.430930233001708984e+01 9.265141296386718750e+01 7.205511093139648438e+00 8.544589996337890625e+01
1.432970905303955078e+01 9.261014556884765625e+01 7.188568115234375000e+00 8.542157745361328125e+01
1.435011959075927734e+01 9.257335662841796875e+01 7.171670436859130859e+00 8.540168762207031250e+01
1.437052726745605469e+01 9.252970123291015625e+01 7.156488418579101562e+00 8.537321472167968750e+01
1.439093780517578125e+01 9.247521209716796875e+01 7.138021945953369141e+00 8.533718872070312500e+01
1.441134452819824219e+01 9.243127441406250000e+01 7.122930049896240234e+00 8.530834197998046875e+01
1.443175506591796875e+01 9.238169097900390625e+01 7.102903842926025391e+00 8.527878570556640625e+01
1.445216274261474609e+01 9.235122680664062500e+01 7.086247920989990234e+00 8.526498413085937500e+01
1.447257328033447266e+01 9.229448699951171875e+01 7.067983627319335938e+00 8.522650146484375000e+01
1.449298000335693359e+01 9.224319458007812500e+01 7.049772739410400391e+00 8.519342041015625000e+01
1.451339054107666016e+01 9.219526672363281250e+01 7.029961585998535156e+00 8.516529846191406250e+01
1.453379821777343750e+01 9.215113067626953125e+01 7.008561611175537109e+00 8.514257049560546875e+01
1.455420494079589844e+01 9.209650421142578125e+01 6.990509986877441406e+00 8.510599517822265625e+01
1.457461547851562500e+01 9.204541015625000000e+01 6.964294910430908203e+00 8.508111572265625000e+01
1.459502315521240234e+01 9.199798583984375000e+01 6.946355819702148438e+00 8.505163574218750000e+01
1.461543273925781250e+01 9.193506622314453125e+01 6.921913623809814453e+00 8.501316070556640625e+01
1.463584041595458984e+01 9.188573455810546875e+01 6.897541999816894531e+00 8.498819732666015625e+01
1.465625095367431641e+01 9.183039093017578125e+01 6.873235702514648438e+00 8.495715332031250000e+01
1.467665767669677734e+01 9.177718353271484375e+01 6.848999023437500000e+00 8.492818450927734375e+01
1.469706821441650391e+01 9.172019195556640625e+01 6.823199748992919922e+00 8.489698791503906250e+01
1.471747589111328125e+01 9.167021942138671875e+01 6.799098968505859375e+00 8.487112426757812500e+01
1.473788642883300781e+01 9.160047149658203125e+01 6.771815299987792969e+00 8.482865142822265625e+01
1.475829315185546875e+01 9.155104064941406250e+01 6.747852325439453125e+00 8.480318450927734375e+01
1.477870082855224609e+01 9.149456024169921875e+01 6.719096660614013672e+00 8.477546691894531250e+01
1.479911136627197266e+01 9.143946075439453125e+01 6.696888923645019531e+00 8.474257659912109375e+01
1.481951808929443359e+01 9.138253021240234375e+01 6.669898033142089844e+00 8.471263122558593750e+01
1.483992862701416016e+01 9.132677459716796875e+01 6.646206378936767578e+00 8.468057250976562500e+01
1.486033630371093750e+01 9.127128601074218750e+01 6.622580528259277344e+00 8.464871215820312500e+01
1.488074684143066406e+01 9.122122192382812500e+01 6.595800876617431641e+00 8.462541961669921875e+01
1.490115356445312500e+01 9.118159484863281250e+01 6.577128410339355469e+00 8.460446929931640625e+01
1.492156410217285156e+01 9.111731719970703125e+01 6.555296897888183594e+00 8.456201934814453125e+01
1.494197177886962891e+01 9.107337188720703125e+01 6.536731719970703125e+00 8.453663635253906250e+01
1.496238231658935547e+01 9.102794647216796875e+01 6.513414859771728516e+00 8.451453399658203125e+01
1.498278903961181641e+01 9.098594665527343750e+01 6.490164279937744141e+00 8.449578094482421875e+01
1.500319957733154297e+01 9.094248199462890625e+01 6.476547718048095703e+00 8.446593475341796875e+01
1.502360725402832031e+01 9.089704132080078125e+01 6.459783554077148438e+00 8.443724822998046875e+01
1.504401397705078125e+01 9.085646057128906250e+01 6.443064212799072266e+00 8.441339874267578125e+01
1.506442451477050781e+01 9.081587219238281250e+01 6.431155681610107422e+00 8.438471221923828125e+01
1.508483123779296875e+01 9.076676940917968750e+01 6.419282436370849609e+00 8.434748840332031250e+01
1.510524177551269531e+01 9.073169708251953125e+01 6.405853748321533203e+00 8.432584381103515625e+01
1.512564945220947266e+01 9.069728851318359375e+01 6.392463684082031250e+00 8.430482482910156250e+01
1.514605998992919922e+01 9.066115570068359375e+01 6.385429859161376953e+00 8.427572631835937500e+01
1.516646671295166016e+01 9.063488006591796875e+01 6.379993915557861328e+00 8.425488281250000000e+01
1.518687725067138672e+01 9.060404205322265625e+01 6.371419429779052734e+00 8.423262023925781250e+01
1.520728492736816406e+01 9.056375885009765625e+01 6.364443302154541016e+00 8.419931030273437500e+01
1.522769546508789062e+01 9.053365325927734375e+01 6.359057426452636719e+00 8.417459869384765625e+01
1.524810218811035156e+01 9.050910186767578125e+01 6.353686809539794922e+00 8.415541076660156250e+01
1.526850986480712891e+01 9.047329711914062500e+01 6.351466655731201172e+00 8.412183380126953125e+01
1.528892040252685547e+01 9.044975280761718750e+01 6.347685337066650391e+00 8.410206604003906250e+01
1.530932712554931641e+01 9.042942810058593750e+01 6.343914031982421875e+00 8.408551025390625000e+01
1.532973766326904297e+01 9.039238739013671875e+01 6.343276023864746094e+00 8.404911804199218750e+01
1.535014533996582031e+01 9.037390136718750000e+01 6.341080665588378906e+00 8.403282165527343750e+01
1.537055587768554688e+01 9.034383392333984375e+01 6.338890552520751953e+00 8.400494384765625000e+01
1.539096260070800781e+01 9.032437133789062500e+01 6.338262557983398438e+00 8.398611450195312500e+01
1.541137313842773438e+01 9.029673767089843750e+01 6.336081504821777344e+00 8.396065521240234375e+01
1.543178081512451172e+01 9.027459716796875000e+01 6.337010860443115234e+00 8.393758392333984375e+01
1.545219039916992188e+01 9.023728942871093750e+01 6.333288192749023438e+00 8.390400695800781250e+01
1.547259807586669922e+01 9.020990753173828125e+01 6.331123828887939453e+00 8.387878417968750000e+01
1.549300575256347656e+01 9.019092559814453125e+01 6.328964233398437500e+00 8.386196136474609375e+01
1.551341533660888672e+01 9.016683959960937500e+01 6.328353404998779297e+00 8.383848571777343750e+01
1.553382301330566406e+01 9.014218902587890625e+01 6.324663162231445312e+00 8.381752777099609375e+01
1.555423355102539062e+01 9.011008453369140625e+01 6.319441795349121094e+00 8.379064178466796875e+01
1.557464027404785156e+01 9.008499145507812500e+01 6.317310333251953125e+00 8.376768493652343750e+01
1.559505081176757812e+01 9.006343841552734375e+01 6.312112331390380859e+00 8.375131988525390625e+01
1.561545848846435547e+01 9.002381134033203125e+01 6.308462142944335938e+00 8.371535491943359375e+01
1.563586902618408203e+01 8.999345397949218750e+01 6.301758289337158203e+00 8.369168853759765625e+01
1.565627574920654297e+01 8.995863342285156250e+01 6.295073032379150391e+00 8.366355895996093750e+01
1.567668342590332031e+01 8.993414306640625000e+01 6.286878585815429688e+00 8.364726257324218750e+01
1.569709396362304688e+01 8.990857696533203125e+01 6.278704166412353516e+00 8.362987518310546875e+01
1.571750068664550781e+01 8.987098693847656250e+01 6.272075176239013672e+00 8.359891510009765625e+01
1.573791122436523438e+01 8.983977508544921875e+01 6.263940811157226562e+00 8.357583618164062500e+01
1.575831890106201172e+01 8.981414031982421875e+01 6.254309654235839844e+00 8.355983734130859375e+01
1.577872943878173828e+01 8.977867126464843750e+01 6.244702339172363281e+00 8.353396606445312500e+01
1.579913616180419922e+01 8.973011016845703125e+01 6.232089996337890625e+00 8.349801635742187500e+01
1.581954383850097656e+01 8.969278717041015625e+01 6.222537994384765625e+00 8.347025299072265625e+01
1.583995437622070312e+01 8.965992736816406250e+01 6.209986209869384766e+00 8.344994354248046875e+01
1.586036109924316406e+01 8.962085723876953125e+01 6.195958614349365234e+00 8.342489624023437500e+01
1.588077163696289062e+01 8.958700561523437500e+01 6.183472633361816406e+00 8.340353393554687500e+01
1.590117931365966797e+01 8.955301666259765625e+01 6.171020984649658203e+00 8.338199615478515625e+01
1.592158889770507812e+01 8.951570892333984375e+01 6.158598899841308594e+00 8.335710906982421875e+01
1.594199657440185547e+01 8.948205566406250000e+01 6.146210670471191406e+00 8.333584594726562500e+01
1.596240711212158203e+01 8.943754577636718750e+01 6.132352352142333984e+00 8.330519866943359375e+01
1.598281383514404297e+01 8.940964508056640625e+01 6.120028972625732422e+00 8.328961944580078125e+01
1.600322532653808594e+01 8.937241363525390625e+01 6.107736587524414062e+00 8.326467895507812500e+01
1.602363204956054688e+01 8.933872222900390625e+01 6.093981742858886719e+00 8.324473571777343750e+01
1.604404258728027344e+01 8.931537628173828125e+01 6.083245277404785156e+00 8.323212432861328125e+01
1.606444931030273438e+01 8.927063751220703125e+01 6.071046829223632812e+00 8.319959259033203125e+01
1.608485603332519531e+01 8.923680877685546875e+01 6.058878898620605469e+00 8.317792510986328125e+01
1.610526657104492188e+01 8.919182586669921875e+01 6.048227787017822266e+00 8.314359283447265625e+01
1.612567520141601562e+01 8.917186737060546875e+01 6.037604331970214844e+00 8.313426971435546875e+01
1.614608573913574219e+01 8.914122009277343750e+01 6.028490066528320312e+00 8.311273193359375000e+01
1.616649246215820312e+01 8.911299896240234375e+01 6.019400119781494141e+00 8.309359741210937500e+01
1.618690299987792969e+01 8.908435058593750000e+01 6.010330677032470703e+00 8.307402038574218750e+01
1.620730972290039062e+01 8.905010986328125000e+01 6.001285552978515625e+00 8.304882049560546875e+01
1.622772026062011719e+01 8.901802062988281250e+01 5.993737220764160156e+00 8.302427673339843750e+01
1.624812698364257812e+01 8.899163055419921875e+01 5.986208915710449219e+00 8.300542449951171875e+01
1.626853752136230469e+01 8.896047973632812500e+01 5.975756168365478516e+00 8.298471832275390625e+01
1.628894615173339844e+01 8.893638610839843750e+01 5.974148273468017578e+00 8.296223449707031250e+01
1.630935287475585938e+01 8.891938781738281250e+01 5.969608306884765625e+00 8.294978332519531250e+01
1.632976341247558594e+01 8.889270019531250000e+01 5.963613510131835938e+00 8.292908477783203125e+01
1.635017013549804688e+01 8.885941314697265625e+01 5.959098339080810547e+00 8.290030670166015625e+01
1.637058067321777344e+01 8.883106994628906250e+01 5.954593181610107422e+00 8.287648010253906250e+01
1.639098739624023438e+01 8.881655120849609375e+01 5.950099945068359375e+00 8.286645507812500000e+01
1.641139793395996094e+01 8.879918670654296875e+01 5.947076320648193359e+00 8.285211181640625000e+01
1.643180465698242188e+01 8.877830505371093750e+01 5.944061279296875000e+00 8.283424377441406250e+01
1.645221519470214844e+01 8.874887847900390625e+01 5.939597606658935547e+00 8.280928039550781250e+01
1.647262382507324219e+01 8.873314666748046875e+01 5.936598777770996094e+00 8.279654693603515625e+01
1.649303436279296875e+01 8.870730590820312500e+01 5.933607101440429688e+00 8.277369689941406250e+01
1.651344108581542969e+01 8.868407440185546875e+01 5.930622577667236328e+00 8.275345611572265625e+01
1.653384780883789062e+01 8.866194152832031250e+01 5.926198482513427734e+00 8.273573303222656250e+01
1.655425834655761719e+01 8.864224243164062500e+01 5.924676418304443359e+00 8.271756744384765625e+01
1.657466506958007812e+01 8.861907196044921875e+01 5.920270442962646484e+00 8.269879913330078125e+01
1.659507560729980469e+01 8.859175872802734375e+01 5.915874004364013672e+00 8.267588806152343750e+01
1.661548423767089844e+01 8.858032989501953125e+01 5.912930965423583984e+00 8.266740417480468750e+01
1.663589477539062500e+01 8.855123901367187500e+01 5.905676364898681641e+00 8.264556121826171875e+01
1.665630149841308594e+01 8.853392791748046875e+01 5.899877548217773438e+00 8.263405609130859375e+01
1.667671203613281250e+01 8.850436401367187500e+01 5.894092082977294922e+00 8.261027526855468750e+01
1.669711875915527344e+01 8.847614288330078125e+01 5.888321876525878906e+00 8.258782196044921875e+01
1.671752929687500000e+01 8.845005035400390625e+01 5.881132602691650391e+00 8.256891632080078125e+01
1.673793601989746094e+01 8.842240142822265625e+01 5.872532367706298828e+00 8.254986572265625000e+01
1.675834465026855469e+01 8.840722656250000000e+01 5.863953113555908203e+00 8.254327392578125000e+01
1.677875518798828125e+01 8.837710571289062500e+01 5.858246803283691406e+00 8.251885986328125000e+01
1.679916191101074219e+01 8.835223388671875000e+01 5.846854686737060547e+00 8.250538635253906250e+01
1.681957244873046875e+01 8.832312774658203125e+01 5.835489749908447266e+00 8.248764038085937500e+01
1.683997917175292969e+01 8.828540802001953125e+01 5.826996803283691406e+00 8.245841217041015625e+01
1.686038970947265625e+01 8.826118469238281250e+01 5.819942474365234375e+00 8.244124603271484375e+01
1.688079643249511719e+01 8.822679901123046875e+01 5.805816650390625000e+00 8.242098999023437500e+01
1.690120697021484375e+01 8.819131469726562500e+01 5.793139457702636719e+00 8.239817810058593750e+01
1.692161369323730469e+01 8.817036437988281250e+01 5.781908988952636719e+00 8.238845825195312500e+01
1.694202423095703125e+01 8.813515472412109375e+01 5.770704269409179688e+00 8.236444854736328125e+01
1.696243286132812500e+01 8.811029052734375000e+01 5.758116245269775391e+00 8.235217285156250000e+01
1.698283958435058594e+01 8.807481384277343750e+01 5.745558261871337891e+00 8.232925415039062500e+01
1.700325012207031250e+01 8.803929901123046875e+01 5.734437942504882812e+00 8.230486297607421875e+01
1.702365684509277344e+01 8.800944519042968750e+01 5.723345756530761719e+00 8.228610229492187500e+01
1.704406738281250000e+01 8.797471618652343750e+01 5.706659793853759766e+00 8.226805877685546875e+01
1.706447410583496094e+01 8.794791412353515625e+01 5.697030067443847656e+00 8.225089263916015625e+01
1.708488464355468750e+01 8.791560363769531250e+01 5.686020851135253906e+00 8.222958374023437500e+01
1.710529327392578125e+01 8.788211059570312500e+01 5.675037384033203125e+00 8.220706939697265625e+01
1.712570381164550781e+01 8.785182189941406250e+01 5.664080619812011719e+00 8.218774414062500000e+01
1.714611053466796875e+01 8.781781005859375000e+01 5.653151035308837891e+00 8.216465759277343750e+01
1.716652107238769531e+01 8.779480743408203125e+01 5.643640041351318359e+00 8.215116882324218750e+01
1.718692779541015625e+01 8.776509094238281250e+01 5.635546207427978516e+00 8.212954711914062500e+01
1.720733833312988281e+01 8.774639129638671875e+01 5.628861904144287109e+00 8.211753082275390625e+01
1.722774505615234375e+01 8.771283721923828125e+01 5.618025302886962891e+00 8.209481048583984375e+01
1.724815368652343750e+01 8.768071746826171875e+01 5.612765789031982422e+00 8.206793975830078125e+01
1.726856231689453125e+01 8.765609741210937500e+01 5.606132030487060547e+00 8.204996490478515625e+01
1.728897094726562500e+01 8.762557220458984375e+01 5.602283954620361328e+00 8.202329254150390625e+01
1.730938148498535156e+01 8.760637664794921875e+01 5.597061157226562500e+00 8.200931549072265625e+01
1.732978820800781250e+01 8.758152770996093750e+01 5.594614982604980469e+00 8.198691558837890625e+01
1.735019874572753906e+01 8.756984710693359375e+01 5.592172145843505859e+00 8.197766876220703125e+01
1.737060546875000000e+01 8.755020904541015625e+01 5.589737415313720703e+00 8.196047210693359375e+01
1.739101600646972656e+01 8.752603912353515625e+01 5.588682651519775391e+00 8.193735504150390625e+01
1.741142272949218750e+01 8.750454711914062500e+01 5.587632179260253906e+00 8.191691589355468750e+01
1.743183326721191406e+01 8.748228454589843750e+01 5.587956428527832031e+00 8.189433288574218750e+01
1.745224189758300781e+01 8.746678924560546875e+01 5.588280677795410156e+00 8.187850189208984375e+01
1.747264862060546875e+01 8.745743560791015625e+01 5.592714786529541016e+00 8.186472320556640625e+01
1.749305915832519531e+01 8.744155120849609375e+01 5.594400405883789062e+00 8.184716033935546875e+01
1.751346588134765625e+01 8.742302703857421875e+01 5.597449779510498047e+00 8.182558441162109375e+01
1.753387641906738281e+01 8.740810394287109375e+01 5.600491046905517578e+00 8.180760955810546875e+01
1.755428314208984375e+01 8.739696502685546875e+01 5.604890346527099609e+00 8.179207611083984375e+01
1.757469367980957031e+01 8.738423919677734375e+01 5.610640525817871094e+00 8.177359771728515625e+01
1.759510231018066406e+01 8.736854553222656250e+01 5.612295627593994141e+00 8.175624847412109375e+01
1.761551284790039062e+01 8.735674285888671875e+01 5.618023872375488281e+00 8.173871612548828125e+01
1.763591957092285156e+01 8.734473419189453125e+01 5.619667530059814453e+00 8.172506713867187500e+01
1.765633010864257812e+01 8.733051300048828125e+01 5.625373840332031250e+00 8.170513916015625000e+01
1.767673683166503906e+01 8.731516265869140625e+01 5.631068706512451172e+00 8.168408966064453125e+01
1.769714355468750000e+01 8.730139160156250000e+01 5.635396480560302734e+00 8.166599273681640625e+01
1.771755409240722656e+01 8.729344177246093750e+01 5.639714241027832031e+00 8.165371704101562500e+01
1.773796081542968750e+01 8.727883148193359375e+01 5.642672538757324219e+00 8.163615417480468750e+01
1.775837135314941406e+01 8.726619720458984375e+01 5.646971702575683594e+00 8.161922454833984375e+01
1.777877998352050781e+01 8.725349426269531250e+01 5.651261806488037109e+00 8.160223388671875000e+01
1.779919052124023438e+01 8.723070526123046875e+01 5.655541419982910156e+00 8.157515716552734375e+01
1.781959724426269531e+01 8.722427368164062500e+01 5.657124519348144531e+00 8.156714630126953125e+01
1.784000778198242188e+01 8.720411682128906250e+01 5.658704280853271484e+00 8.154541778564453125e+01
1.786041450500488281e+01 8.718996429443359375e+01 5.661620616912841797e+00 8.152834320068359375e+01
1.788082504272460938e+01 8.717326354980468750e+01 5.663190841674804688e+00 8.151007080078125000e+01
1.790123176574707031e+01 8.715625762939453125e+01 5.664758682250976562e+00 8.149150085449218750e+01
1.792164039611816406e+01 8.714088439941406250e+01 5.664987087249755859e+00 8.147589874267578125e+01
1.794205093383789062e+01 8.712284851074218750e+01 5.666548252105712891e+00 8.145629882812500000e+01
1.796245765686035156e+01 8.709955596923828125e+01 5.665441513061523438e+00 8.143411254882812500e+01
1.798286819458007812e+01 8.707807922363281250e+01 5.665667533874511719e+00 8.141241455078125000e+01
1.800327491760253906e+01 8.706260681152343750e+01 5.664564132690429688e+00 8.139804077148437500e+01
1.802368545532226562e+01 8.704431152343750000e+01 5.663462638854980469e+00 8.138084411621093750e+01
1.804409217834472656e+01 8.701254272460937500e+01 5.662363529205322266e+00 8.135018157958984375e+01
1.806450271606445312e+01 8.699291229248046875e+01 5.661266803741455078e+00 8.133164215087890625e+01
1.808491134643554688e+01 8.696566772460937500e+01 5.661497116088867188e+00 8.130418395996093750e+01
1.810531997680664062e+01 8.695522308349609375e+01 5.659081459045410156e+00 8.129615020751953125e+01
1.812572860717773438e+01 8.693543243408203125e+01 5.656672477722167969e+00 8.127876281738281250e+01
1.814613533020019531e+01 8.691261291503906250e+01 5.655587673187255859e+00 8.125702667236328125e+01
1.816654586791992188e+01 8.689182281494140625e+01 5.654504776000976562e+00 8.123732757568359375e+01
1.818695259094238281e+01 8.686401367187500000e+01 5.652108192443847656e+00 8.121190643310546875e+01
1.820736312866210938e+01 8.684878540039062500e+01 5.651031970977783203e+00 8.119775390625000000e+01
1.822776985168457031e+01 8.680815124511718750e+01 5.648644924163818359e+00 8.115950775146484375e+01
1.824818038940429688e+01 8.680747222900390625e+01 5.650197982788085938e+00 8.115727233886718750e+01
1.826858901977539062e+01 8.677915191650390625e+01 5.647818088531494141e+00 8.113133239746093750e+01
1.828899955749511719e+01 8.675640106201171875e+01 5.648059844970703125e+00 8.110834503173828125e+01
1.830940628051757812e+01 8.674349212646484375e+01 5.646994113922119141e+00 8.109649658203125000e+01
1.832981681823730469e+01 8.672697448730468750e+01 5.648542404174804688e+00 8.107843017578125000e+01
1.835022354125976562e+01 8.669824218750000000e+01 5.650087356567382812e+00 8.104815673828125000e+01
1.837063026428222656e+01 8.668094635009765625e+01 5.651630401611328125e+00 8.102931976318359375e+01
1.839104080200195312e+01 8.666850280761718750e+01 5.654469966888427734e+00 8.101403045654296875e+01
1.841144943237304688e+01 8.665068817138671875e+01 5.659904956817626953e+00 8.099078369140625000e+01
1.843185997009277344e+01 8.663478851318359375e+01 5.661429882049560547e+00 8.097335815429687500e+01
1.845226669311523438e+01 8.662263488769531250e+01 5.665547370910644531e+00 8.095708465576171875e+01
1.847267723083496094e+01 8.660560607910156250e+01 5.670950889587402344e+00 8.093465423583984375e+01
1.849308395385742188e+01 8.659571075439453125e+01 5.677637577056884766e+00 8.091807556152343750e+01
1.851349449157714844e+01 8.658232116699218750e+01 5.685601711273193359e+00 8.089671325683593750e+01
1.853390121459960938e+01 8.656922149658203125e+01 5.693549633026123047e+00 8.087567138671875000e+01
1.855431175231933594e+01 8.656984710693359375e+01 5.702769279479980469e+00 8.086708068847656250e+01
1.857471847534179688e+01 8.655680847167968750e+01 5.711969375610351562e+00 8.084483337402343750e+01
1.859512901306152344e+01 8.655107879638671875e+01 5.722436428070068359e+00 8.082864379882812500e+01
1.861553764343261719e+01 8.655040740966796875e+01 5.732881069183349609e+00 8.081752777099609375e+01
1.863594436645507812e+01 8.654360198974609375e+01 5.747155666351318359e+00 8.079644012451171875e+01
1.865635490417480469e+01 8.654953765869140625e+01 5.763965129852294922e+00 8.078557586669921875e+01
1.867676162719726562e+01 8.654738616943359375e+01 5.782020568847656250e+00 8.076536560058593750e+01
1.869717216491699219e+01 8.656058502197265625e+01 5.803876876831054688e+00 8.075670623779296875e+01
1.871757888793945312e+01 8.657250213623046875e+01 5.826965332031250000e+00 8.074553680419921875e+01
1.873798942565917969e+01 8.658039855957031250e+01 5.848725318908691406e+00 8.073167419433593750e+01
1.875839805603027344e+01 8.659349060058593750e+01 5.867886066436767578e+00 8.072560882568359375e+01
1.877880859375000000e+01 8.660792541503906250e+01 5.881904602050781250e+00 8.072602081298828125e+01
1.879921531677246094e+01 8.660205078125000000e+01 5.883160114288330078e+00 8.071888732910156250e+01
1.881962585449218750e+01 8.658612823486328125e+01 5.872963428497314453e+00 8.071315765380859375e+01
1.884003257751464844e+01 8.656691741943359375e+01 5.855165958404541016e+00 8.071173858642578125e+01
1.886043930053710938e+01 8.655021667480468750e+01 5.837407112121582031e+00 8.071281433105468750e+01
1.888084983825683594e+01 8.653508758544921875e+01 5.826025485992431641e+00 8.070905303955078125e+01
1.890125846862792969e+01 8.653939819335937500e+01 5.819735050201416016e+00 8.071966552734375000e+01
1.892166900634765625e+01 8.653845977783203125e+01 5.817253112792968750e+00 8.072120666503906250e+01
1.894207572937011719e+01 8.654661560058593750e+01 5.818568229675292969e+00 8.072804260253906250e+01
1.896248626708984375e+01 8.657202148437500000e+01 5.822404861450195312e+00 8.074961853027343750e+01
1.898289299011230469e+01 8.660246276855468750e+01 5.826234817504882812e+00 8.077622985839843750e+01
1.900330352783203125e+01 8.662332916259765625e+01 5.828795433044433594e+00 8.079453277587890625e+01
1.902371025085449219e+01 8.667057800292968750e+01 5.831351280212402344e+00 8.083922576904296875e+01
1.904412078857421875e+01 8.671495819091796875e+01 5.828873157501220703e+00 8.088608551025390625e+01
1.906452751159667969e+01 8.676428985595703125e+01 5.821377754211425781e+00 8.094290924072265625e+01
1.908493614196777344e+01 8.681417083740234375e+01 5.805118083953857422e+00 8.100904846191406250e+01
1.910534667968750000e+01 8.686771392822265625e+01 5.773855686187744141e+00 8.109386444091796875e+01
1.912575340270996094e+01 8.688237762451171875e+01 5.723886966705322266e+00 8.115849304199218750e+01
1.914616394042968750e+01 8.687139892578125000e+01 5.654017925262451172e+00 8.121738433837890625e+01
1.916657066345214844e+01 8.677774047851562500e+01 5.559319019317626953e+00 8.121841430664062500e+01
1.918698120117187500e+01 8.661631774902343750e+01 5.461076736450195312e+00 8.115524291992187500e+01
1.920738792419433594e+01 8.641188812255859375e+01 5.375508785247802734e+00 8.103637695312500000e+01
1.922779846191406250e+01 8.620209503173828125e+01 5.310040473937988281e+00 8.089205169677734375e+01
1.924820709228515625e+01 8.601699829101562500e+01 5.262124538421630859e+00 8.075487518310546875e+01
1.926861763000488281e+01 8.586080169677734375e+01 5.225491523742675781e+00 8.063530731201171875e+01
1.928902435302734375e+01 8.572380828857421875e+01 5.193900585174560547e+00 8.052990722656250000e+01
1.930943107604980469e+01 8.560794830322265625e+01 5.173533916473388672e+00 8.043441009521484375e+01
1.932984161376953125e+01 8.552209472656250000e+01 5.173025131225585938e+00 8.034907531738281250e+01
1.935024833679199219e+01 8.548444366455078125e+01 5.199735164642333984e+00 8.028470611572265625e+01
1.937065887451171875e+01 8.548561096191406250e+01 5.244926452636718750e+00 8.024069213867187500e+01
1.939106750488281250e+01 8.552952575683593750e+01 5.297430038452148438e+00 8.023210144042968750e+01
1.941147613525390625e+01 8.559443664550781250e+01 5.353522300720214844e+00 8.024091339111328125e+01
1.943188476562500000e+01 8.563894653320312500e+01 5.400874137878417969e+00 8.023806762695312500e+01
1.945229530334472656e+01 8.555195617675781250e+01 5.350903034210205078e+00 8.020104980468750000e+01
1.947270202636718750e+01 8.534420776367187500e+01 5.219900131225585938e+00 8.012430572509765625e+01
1.949311256408691406e+01 8.518269348144531250e+01 5.122328281402587891e+00 8.006036376953125000e+01
1.951351928710937500e+01 8.529653167724609375e+01 5.259279727935791016e+00 8.003725433349609375e+01
1.953392601013183594e+01 8.536894989013671875e+01 5.357954502105712891e+00 8.001099395751953125e+01
1.955433654785156250e+01 8.525070953369140625e+01 5.309513092041015625e+00 7.994120025634765625e+01
1.957474517822265625e+01 8.510855102539062500e+01 5.245275974273681641e+00 7.986327362060546875e+01
1.959515571594238281e+01 8.498129272460937500e+01 5.186058521270751953e+00 7.979523468017578125e+01
1.961556243896484375e+01 8.487399291992187500e+01 5.136727809906005859e+00 7.973726654052734375e+01
1.963597297668457031e+01 8.479254150390625000e+01 5.116759300231933594e+00 7.967578125000000000e+01
1.965637969970703125e+01 8.473881530761718750e+01 5.116318225860595703e+00 7.962249755859375000e+01
1.967679023742675781e+01 8.470646667480468750e+01 5.121960639953613281e+00 7.958451080322265625e+01
1.969719696044921875e+01 8.476511383056640625e+01 5.196867465972900391e+00 7.956824493408203125e+01
1.971760749816894531e+01 8.493364715576171875e+01 5.359033584594726562e+00 7.957460784912109375e+01
1.973801612854003906e+01 8.525195312500000000e+01 5.597274303436279297e+00 7.965468597412109375e+01
1.975842666625976562e+01 8.539148712158203125e+01 5.693266391754150391e+00 7.969821929931640625e+01
1.977883338928222656e+01 8.527622222900390625e+01 5.584513187408447266e+00 7.969171142578125000e+01
1.979924011230468750e+01 8.512830352783203125e+01 5.448174953460693359e+00 7.968013000488281250e+01
1.981965065002441406e+01 8.500448608398437500e+01 5.347144603729248047e+00 7.965734100341796875e+01
1.984005737304687500e+01 8.490829467773437500e+01 5.289760589599609375e+00 7.961853027343750000e+01
1.986046791076660156e+01 8.483280181884765625e+01 5.262627124786376953e+00 7.957018280029296875e+01
1.988087463378906250e+01 8.477750396728515625e+01 5.253613471984863281e+00 7.952388763427734375e+01
1.990128517150878906e+01 8.472116088867187500e+01 5.251833915710449219e+00 7.946932983398437500e+01
1.992169380187988281e+01 8.467181396484375000e+01 5.244050979614257812e+00 7.942775726318359375e+01
1.994210433959960938e+01 8.461063385009765625e+01 5.220677375793457031e+00 7.938995361328125000e+01
1.996251106262207031e+01 8.452034759521484375e+01 5.179363727569580078e+00 7.934098052978515625e+01
1.998292160034179688e+01 8.442552947998046875e+01 5.162094116210937500e+00 7.926343536376953125e+01
2.000332832336425781e+01 8.448438262939453125e+01 5.269322872161865234e+00 7.921505737304687500e+01
2.002373504638671875e+01 8.466214752197265625e+01 5.460021018981933594e+00 7.920212554931640625e+01
2.004414558410644531e+01 8.489967346191406250e+01 5.707656860351562500e+00 7.919201660156250000e+01
2.006455421447753906e+01 8.509918975830078125e+01 5.890362739562988281e+00 7.920883178710937500e+01
2.008496475219726562e+01 8.523411560058593750e+01 6.008334159851074219e+00 7.922577667236328125e+01
2.010537147521972656e+01 8.523597717285156250e+01 6.010570049285888672e+00 7.922541046142578125e+01
2.012578201293945312e+01 8.507113647460937500e+01 5.876010894775390625e+00 7.919512939453125000e+01
2.014618873596191406e+01 8.482257843017578125e+01 5.683500289916992188e+00 7.913907623291015625e+01
2.016659927368164062e+01 8.458964538574218750e+01 5.518680572509765625e+00 7.907096862792968750e+01
2.018700599670410156e+01 8.440679931640625000e+01 5.398072719573974609e+00 7.900872802734375000e+01
2.020741653442382812e+01 8.428546905517578125e+01 5.316801548004150391e+00 7.896866607666015625e+01
2.022782516479492188e+01 8.419915771484375000e+01 5.262915134429931641e+00 7.893624877929687500e+01
2.024823188781738281e+01 8.413404846191406250e+01 5.232783317565917969e+00 7.890126800537109375e+01
2.026864242553710938e+01 8.410608673095703125e+01 5.212159156799316406e+00 7.889392852783203125e+01
2.028904914855957031e+01 8.408946990966796875e+01 5.202196598052978516e+00 7.888726806640625000e+01
2.030945968627929688e+01 8.409741973876953125e+01 5.212292194366455078e+00 7.888512420654296875e+01
2.032986640930175781e+01 8.412921905517578125e+01 5.258872032165527344e+00 7.887035369873046875e+01
2.035027694702148438e+01 8.412114715576171875e+01 5.267713546752929688e+00 7.885343170166015625e+01
2.037068367004394531e+01 8.406258392333984375e+01 5.227180957794189453e+00 7.883540344238281250e+01
2.039109420776367188e+01 8.403231811523437500e+01 5.186729431152343750e+00 7.884558868408203125e+01
2.041150283813476562e+01 8.400022888183593750e+01 5.138148784637451172e+00 7.886208343505859375e+01
2.043191337585449219e+01 8.394316101074218750e+01 5.087321758270263672e+00 7.885583496093750000e+01
2.045232009887695312e+01 8.388352203369140625e+01 5.058835506439208984e+00 7.882468414306640625e+01
2.047272682189941406e+01 8.385795593261718750e+01 5.083026409149169922e+00 7.877492523193359375e+01
2.049313735961914062e+01 8.385890960693359375e+01 5.158565998077392578e+00 7.870034790039062500e+01
2.051354408264160156e+01 8.393299865722656250e+01 5.279469966888427734e+00 7.865352630615234375e+01
2.053395462036132812e+01 8.408201599121093750e+01 5.460754871368408203e+00 7.862126159667968750e+01
2.055436325073242188e+01 8.429777526855468750e+01 5.675457000732421875e+00 7.862232971191406250e+01
2.057477378845214844e+01 8.415785217285156250e+01 5.583726406097412109e+00 7.857412719726562500e+01
2.059518051147460938e+01 8.397274017333984375e+01 5.461956501007080078e+00 7.851078033447265625e+01
2.061559104919433594e+01 8.390990447998046875e+01 5.440291404724121094e+00 7.846961212158203125e+01
2.063599777221679688e+01 8.389885711669921875e+01 5.447672367095947266e+00 7.845118713378906250e+01
2.065640830993652344e+01 8.389142608642578125e+01 5.455038547515869141e+00 7.843638610839843750e+01
2.067681503295898438e+01 8.386647796630859375e+01 5.445023536682128906e+00 7.842145538330078125e+01
2.069722366333007812e+01 8.379339599609375000e+01 5.403798580169677734e+00 7.838958740234375000e+01
2.071763229370117188e+01 8.367968750000000000e+01 5.340700149536132812e+00 7.833898925781250000e+01
2.073804092407226562e+01 8.354273223876953125e+01 5.270800590515136719e+00 7.827192687988281250e+01
2.075845146179199219e+01 8.341889953613281250e+01 5.188352108001708984e+00 7.823054504394531250e+01
2.077885818481445312e+01 8.326615905761718750e+01 5.080720901489257812e+00 7.818544006347656250e+01
2.079926872253417969e+01 8.315162658691406250e+01 5.018186569213867188e+00 7.813344573974609375e+01
2.081967544555664062e+01 8.316143798828125000e+01 5.044313430786132812e+00 7.811711883544921875e+01
2.084008598327636719e+01 8.320881652832031250e+01 5.100254535675048828e+00 7.810855102539062500e+01
2.086049270629882812e+01 8.326326751708984375e+01 5.165267467498779297e+00 7.809799957275390625e+01
2.088090324401855469e+01 8.331357574462890625e+01 5.224420547485351562e+00 7.808915710449218750e+01
2.090131187438964844e+01 8.330110931396484375e+01 5.234209060668945312e+00 7.806690216064453125e+01
2.092171859741210938e+01 8.321463775634765625e+01 5.209651947021484375e+00 7.800498199462890625e+01
2.094212913513183594e+01 8.317871856689453125e+01 5.225150108337402344e+00 7.795356750488281250e+01
2.096253585815429688e+01 8.319082641601562500e+01 5.273737430572509766e+00 7.791709136962890625e+01
2.098294639587402344e+01 8.322831726074218750e+01 5.327933788299560547e+00 7.790038299560546875e+01
2.100335311889648438e+01 8.326833343505859375e+01 5.385444641113281250e+00 7.788289642333984375e+01
2.102376365661621094e+01 8.329795074462890625e+01 5.437149524688720703e+00 7.786080169677734375e+01
2.104417228698730469e+01 8.332260131835937500e+01 5.475104331970214844e+00 7.784749603271484375e+01
2.106458282470703125e+01 8.336150360107421875e+01 5.523213386535644531e+00 7.783829498291015625e+01
2.108498954772949219e+01 8.337722015380859375e+01 5.554199218750000000e+00 7.782302093505859375e+01
2.110540008544921875e+01 8.338445281982421875e+01 5.559036731719970703e+00 7.782541656494140625e+01
2.112580680847167969e+01 8.333804321289062500e+01 5.536669254302978516e+00 7.780137634277343750e+01
2.114621734619140625e+01 8.326063537597656250e+01 5.497362613677978516e+00 7.776327514648437500e+01
2.116662406921386719e+01 8.321122741699218750e+01 5.473966598510742188e+00 7.773725891113281250e+01
2.118703079223632812e+01 8.323143768310546875e+01 5.501461029052734375e+00 7.772997283935546875e+01
2.120744132995605469e+01 8.329839324951171875e+01 5.570667743682861328e+00 7.772772979736328125e+01
2.122784996032714844e+01 8.335977935791015625e+01 5.643125534057617188e+00 7.771665191650390625e+01
2.124826049804687500e+01 8.342555999755859375e+01 5.725582599639892578e+00 7.769997406005859375e+01
2.126866722106933594e+01 8.351290893554687500e+01 5.810133934020996094e+00 7.770277404785156250e+01
2.128907775878906250e+01 8.354117584228515625e+01 5.845045089721679688e+00 7.769612884521484375e+01
2.130948448181152344e+01 8.349416351318359375e+01 5.836077213287353516e+00 7.765808868408203125e+01
2.132989501953125000e+01 8.344045257568359375e+01 5.831614494323730469e+00 7.760884094238281250e+01
2.135030174255371094e+01 8.337482452392578125e+01 5.817070484161376953e+00 7.755774688720703125e+01
2.137071228027343750e+01 8.329808807373046875e+01 5.759985923767089844e+00 7.753810119628906250e+01
2.139112091064453125e+01 8.318076324462890625e+01 5.666080951690673828e+00 7.751467895507812500e+01
2.141152763366699219e+01 8.303501892089843750e+01 5.538814067840576172e+00 7.749620819091796875e+01
2.143193817138671875e+01 8.280187988281250000e+01 5.316844463348388672e+00 7.748503875732421875e+01
2.145234489440917969e+01 8.247427368164062500e+01 5.033921718597412109e+00 7.744035339355468750e+01
2.147275543212890625e+01 8.220432281494140625e+01 4.806164741516113281e+00 7.739816284179687500e+01
2.149316215515136719e+01 8.204860687255859375e+01 4.691334724426269531e+00 7.735726928710937500e+01
2.151357269287109375e+01 8.197200012207031250e+01 4.667966842651367188e+00 7.730403900146484375e+01
2.153398132324218750e+01 8.194732666015625000e+01 4.659097194671630859e+00 7.728823089599609375e+01
2.155438995361328125e+01 8.193883514404296875e+01 4.683561801910400391e+00 7.725527191162109375e+01
2.157479858398437500e+01 8.195481109619140625e+01 4.759022235870361328e+00 7.719577789306640625e+01
2.159520912170410156e+01 8.195400238037109375e+01 4.778912067413330078e+00 7.717508697509765625e+01
2.161561584472656250e+01 8.186158752441406250e+01 4.706843376159667969e+00 7.715473937988281250e+01
2.163602256774902344e+01 8.165276336669921875e+01 4.550819873809814453e+00 7.710193634033203125e+01
2.165643310546875000e+01 8.167296600341796875e+01 4.591852664947509766e+00 7.708111572265625000e+01
2.167683982849121094e+01 8.188894653320312500e+01 4.785211086273193359e+00 7.710373687744140625e+01
2.169725036621093750e+01 8.195725250244140625e+01 4.818222522735595703e+00 7.713903045654296875e+01
2.171765899658203125e+01 8.174855041503906250e+01 4.630715847015380859e+00 7.711783599853515625e+01
2.173806953430175781e+01 8.157228851318359375e+01 4.473293304443359375e+00 7.709899902343750000e+01
2.175847625732421875e+01 8.154655456542968750e+01 4.453694343566894531e+00 7.709285736083984375e+01
2.177888679504394531e+01 8.152864837646484375e+01 4.468207359313964844e+00 7.706043243408203125e+01
2.179929351806640625e+01 8.149781799316406250e+01 4.489281654357910156e+00 7.700853729248046875e+01
2.181970405578613281e+01 8.151776123046875000e+01 4.539938926696777344e+00 7.697782135009765625e+01
2.184011077880859375e+01 8.155171966552734375e+01 4.590502738952636719e+00 7.696121978759765625e+01
2.186051940917968750e+01 8.159767913818359375e+01 4.650827407836914062e+00 7.694685363769531250e+01
2.188092994689941406e+01 8.164177703857421875e+01 4.718697547912597656e+00 7.692307281494140625e+01
2.190133666992187500e+01 8.168846893310546875e+01 4.777696609497070312e+00 7.691076660156250000e+01
2.192174720764160156e+01 8.168910980224609375e+01 4.799457550048828125e+00 7.688964843750000000e+01
2.194215393066406250e+01 8.167989349365234375e+01 4.825541496276855469e+00 7.685435485839843750e+01
2.196256446838378906e+01 8.168994140625000000e+01 4.877736568450927734e+00 7.681221008300781250e+01
2.198297119140625000e+01 8.170748138427734375e+01 4.911323547363281250e+00 7.679615783691406250e+01
2.200338172912597656e+01 8.169723510742187500e+01 4.936142921447753906e+00 7.676109313964843750e+01
2.202378845214843750e+01 8.171225738525390625e+01 4.993526458740234375e+00 7.671873474121093750e+01
2.204419898986816406e+01 8.172770690917968750e+01 5.037771224975585938e+00 7.668993377685546875e+01
2.206460762023925781e+01 8.178174591064453125e+01 5.072170257568359375e+00 7.670957946777343750e+01
2.208501434326171875e+01 8.178131103515625000e+01 5.070734977722167969e+00 7.671057891845703125e+01
2.210542488098144531e+01 8.177519226074218750e+01 5.077965736389160156e+00 7.669722747802734375e+01
2.212583160400390625e+01 8.177374267578125000e+01 5.114396572113037109e+00 7.665934753417968750e+01
2.214624214172363281e+01 8.176080322265625000e+01 5.162649631500244141e+00 7.659815216064453125e+01
2.216664886474609375e+01 8.174848175048828125e+01 5.210814952850341797e+00 7.653766632080078125e+01
2.218705940246582031e+01 8.179071807861328125e+01 5.270760059356689453e+00 7.651995849609375000e+01
2.220746803283691406e+01 8.184295654296875000e+01 5.337062835693359375e+00 7.650590515136718750e+01
2.222787857055664062e+01 8.185167694091796875e+01 5.369856834411621094e+00 7.648181915283203125e+01
2.224828529357910156e+01 8.187362670898437500e+01 5.409046173095703125e+00 7.646458435058593750e+01
2.226869583129882812e+01 8.192470550537109375e+01 5.471815109252929688e+00 7.645288848876953125e+01
2.228910255432128906e+01 8.203034973144531250e+01 5.560245513916015625e+00 7.647010040283203125e+01
2.230951309204101562e+01 8.208104705810546875e+01 5.629199504852294922e+00 7.645185089111328125e+01
2.232991981506347656e+01 8.207567596435546875e+01 5.659432411193847656e+00 7.641624450683593750e+01
2.235032844543457031e+01 8.208000183105468750e+01 5.685326576232910156e+00 7.639467620849609375e+01
2.237073898315429688e+01 8.214904785156250000e+01 5.765748023986816406e+00 7.638330078125000000e+01
2.239114570617675781e+01 8.222854614257812500e+01 5.852438926696777344e+00 7.637611389160156250e+01
2.241155624389648438e+01 8.225949859619140625e+01 5.898380756378173828e+00 7.636111450195312500e+01
2.243196296691894531e+01 8.225217437744140625e+01 5.909021854400634766e+00 7.634315490722656250e+01
2.245237350463867188e+01 8.222191619873046875e+01 5.896187305450439453e+00 7.632572937011718750e+01
2.247278022766113281e+01 8.214187622070312500e+01 5.834374904632568359e+00 7.630749511718750000e+01
2.249319076538085938e+01 8.202449035644531250e+01 5.720524311065673828e+00 7.630396270751953125e+01
2.251359748840332031e+01 8.181166839599609375e+01 5.512244701385498047e+00 7.629941558837890625e+01
2.253400802612304688e+01 8.160549163818359375e+01 5.311778545379638672e+00 7.629371643066406250e+01
2.255441665649414062e+01 8.163958740234375000e+01 5.320770263671875000e+00 7.631881713867187500e+01
2.257482337951660156e+01 8.153387451171875000e+01 5.278844833374023438e+00 7.625502777099609375e+01
2.259523391723632812e+01 8.158123016357421875e+01 5.327051162719726562e+00 7.625418090820312500e+01
2.261564064025878906e+01 8.157252502441406250e+01 5.371994495391845703e+00 7.620053100585937500e+01
2.263605117797851562e+01 8.128260040283203125e+01 5.161983013153076172e+00 7.612061309814453125e+01
2.265645790100097656e+01 8.097703552246093750e+01 4.891066074371337891e+00 7.608596801757812500e+01
2.267686843872070312e+01 8.089384460449218750e+01 4.850771427154541016e+00 7.604307556152343750e+01
2.269727706909179688e+01 8.091416931152343750e+01 4.921294689178466797e+00 7.599287414550781250e+01
2.271768760681152344e+01 8.102462768554687500e+01 5.049648284912109375e+00 7.597497558593750000e+01
2.273809432983398438e+01 8.118690490722656250e+01 5.204092502593994141e+00 7.598281860351562500e+01
2.275850486755371094e+01 8.096575927734375000e+01 5.021657466888427734e+00 7.594409942626953125e+01
2.277891159057617188e+01 8.104348754882812500e+01 5.115946292877197266e+00 7.592754364013671875e+01
2.279931831359863281e+01 8.128137969970703125e+01 5.393815994262695312e+00 7.588756561279296875e+01
2.281972885131835938e+01 8.109973907470703125e+01 5.230584144592285156e+00 7.586914825439453125e+01
2.284013748168945312e+01 8.074985504150390625e+01 4.912523746490478516e+00 7.583733367919921875e+01
2.286054801940917969e+01 8.045763397216796875e+01 4.636917591094970703e+00 7.582071685791015625e+01
2.288095474243164062e+01 8.062048339843750000e+01 4.754147052764892578e+00 7.586633300781250000e+01
2.290136528015136719e+01 8.046252441406250000e+01 4.616108894348144531e+00 7.584642028808593750e+01
2.292177200317382812e+01 8.019474792480468750e+01 4.414610862731933594e+00 7.578013610839843750e+01
2.294218254089355469e+01 7.999042510986328125e+01 4.267730712890625000e+00 7.572269439697265625e+01
2.296258926391601562e+01 7.974308776855468750e+01 4.072112560272216797e+00 7.567098236083984375e+01
2.298299980163574219e+01 7.964829254150390625e+01 3.995584249496459961e+00 7.565270996093750000e+01
2.300340652465820312e+01 7.955550384521484375e+01 3.986835956573486328e+00 7.556866455078125000e+01
2.302381515502929688e+01 7.957224273681640625e+01 4.007216930389404297e+00 7.556502532958984375e+01
2.304422569274902344e+01 7.962845611572265625e+01 4.063919544219970703e+00 7.556453704833984375e+01
2.306463241577148438e+01 7.967819213867187500e+01 4.130902767181396484e+00 7.554728698730468750e+01
2.308504295349121094e+01 7.974758911132812500e+01 4.196729183197021484e+00 7.555085754394531250e+01
2.310544967651367188e+01 7.980623626708984375e+01 4.241718292236328125e+00 7.556452178955078125e+01
2.312586021423339844e+01 7.981945037841796875e+01 4.299049377441406250e+00 7.552040100097656250e+01
2.314626693725585938e+01 7.986167144775390625e+01 4.380067825317382812e+00 7.548160552978515625e+01
2.316667747497558594e+01 7.994691467285156250e+01 4.464043140411376953e+00 7.548287200927734375e+01
2.318708610534667969e+01 7.998403167724609375e+01 4.550968170166015625e+00 7.543306732177734375e+01
2.320749664306640625e+01 8.000347900390625000e+01 4.601637363433837891e+00 7.540184020996093750e+01
2.322790336608886719e+01 8.006736755371093750e+01 4.711992740631103516e+00 7.535537719726562500e+01
2.324831008911132812e+01 8.016918182373046875e+01 4.828333377838134766e+00 7.534085083007812500e+01
2.326872062683105469e+01 8.023038482666015625e+01 4.895085811614990234e+00 7.533530426025390625e+01
2.328912734985351562e+01 8.029558563232421875e+01 4.973029613494873047e+00 7.532255554199218750e+01
2.330953788757324219e+01 8.036212921142578125e+01 5.015917778015136719e+00 7.534620666503906250e+01
2.332994651794433594e+01 8.041681671142578125e+01 5.088488101959228516e+00 7.532831573486328125e+01
2.335035514831542969e+01 8.050341033935546875e+01 5.198864936828613281e+00 7.530454254150390625e+01
2.337076377868652344e+01 8.053099822998046875e+01 5.274222373962402344e+00 7.525677490234375000e+01
2.339117431640625000e+01 8.063359069824218750e+01 5.393454551696777344e+00 7.524013519287109375e+01
2.341158103942871094e+01 8.076570892333984375e+01 5.529862403869628906e+00 7.523584747314453125e+01
2.343199157714843750e+01 8.086478424072265625e+01 5.633340358734130859e+00 7.523144531250000000e+01
2.345239830017089844e+01 8.094897460937500000e+01 5.737658500671386719e+00 7.521131896972656250e+01
2.347280502319335938e+01 8.104190826416015625e+01 5.847915649414062500e+00 7.519399261474609375e+01
2.349321556091308594e+01 8.114765167236328125e+01 5.966132164001464844e+00 7.518152618408203125e+01
2.351362419128417969e+01 8.123930358886718750e+01 6.064799785614013672e+00 7.517450714111328125e+01
2.353403472900390625e+01 8.130231475830078125e+01 6.126676082611083984e+00 7.517564392089843750e+01
2.355444145202636719e+01 8.131804656982421875e+01 6.146775722503662109e+00 7.517127227783203125e+01
2.357485198974609375e+01 8.136006927490234375e+01 6.219644069671630859e+00 7.514042663574218750e+01
2.359525871276855469e+01 8.146299743652343750e+01 6.345144748687744141e+00 7.511785888671875000e+01
2.361566925048828125e+01 8.168331146240234375e+01 6.593084812164306641e+00 7.509021759033203125e+01
2.363607597351074219e+01 8.180901336669921875e+01 6.693739414215087891e+00 7.511527252197265625e+01
2.365648651123046875e+01 8.180902099609375000e+01 6.702130317687988281e+00 7.510688781738281250e+01
2.367689514160156250e+01 8.173328399658203125e+01 6.666022300720214844e+00 7.506726074218750000e+01
2.369730567932128906e+01 8.184808349609375000e+01 6.751199245452880859e+00 7.509688568115234375e+01
2.371771240234375000e+01 8.141269683837890625e+01 6.321468830108642578e+00 7.509122467041015625e+01
2.373811912536621094e+01 8.074324798583984375e+01 5.675657272338867188e+00 7.506759643554687500e+01
2.375852966308593750e+01 7.990920257568359375e+01 4.926164150238037109e+00 7.498303985595703125e+01
2.377893638610839844e+01 8.010515594482421875e+01 5.151472568511962891e+00 7.495368194580078125e+01
2.379934692382812500e+01 8.024659729003906250e+01 5.298940658569335938e+00 7.494765472412109375e+01
2.381975364685058594e+01 7.983505249023437500e+01 4.933602333068847656e+00 7.490145111083984375e+01
2.384016418457031250e+01 7.996357727050781250e+01 5.074980735778808594e+00 7.488859558105468750e+01
2.386057281494140625e+01 8.001582336425781250e+01 5.199061393737792969e+00 7.481676483154296875e+01
2.388098335266113281e+01 7.985176086425781250e+01 5.096379756927490234e+00 7.475537872314453125e+01
2.390139007568359375e+01 8.037921905517578125e+01 5.677951812744140625e+00 7.470126342773437500e+01
2.392180061340332031e+01 8.093022155761718750e+01 6.172468662261962891e+00 7.475775146484375000e+01
2.394220733642578125e+01 8.128152465820312500e+01 6.544158935546875000e+00 7.473736572265625000e+01
2.396261405944824219e+01 8.128863525390625000e+01 6.592533588409423828e+00 7.469610595703125000e+01
2.398302459716796875e+01 8.117363739013671875e+01 6.487106323242187500e+00 7.468653869628906250e+01
2.400343322753906250e+01 8.073036193847656250e+01 6.171423435211181641e+00 7.455893707275390625e+01
2.402384376525878906e+01 8.006668090820312500e+01 5.563313961029052734e+00 7.450336456298828125e+01
2.404425048828125000e+01 8.033717346191406250e+01 5.768669128417968750e+00 7.456850433349609375e+01
2.406466102600097656e+01 8.013709259033203125e+01 5.543929100036621094e+00 7.459316253662109375e+01
2.408506774902343750e+01 8.005972290039062500e+01 5.522335052490234375e+00 7.453739929199218750e+01
2.410547828674316406e+01 8.012824249267578125e+01 5.495811462402343750e+00 7.463243103027343750e+01
2.412588500976562500e+01 7.995211791992187500e+01 5.276834011077880859e+00 7.467529296875000000e+01
2.414629554748535156e+01 7.980728912353515625e+01 5.165301322937011719e+00 7.464199066162109375e+01
2.416670417785644531e+01 7.968743896484375000e+01 4.988577365875244141e+00 7.469886016845703125e+01
2.418711090087890625e+01 7.935459899902343750e+01 4.757716178894042969e+00 7.459688568115234375e+01
2.420752143859863281e+01 7.891068267822265625e+01 4.357150554656982422e+00 7.455352783203125000e+01
2.422792816162109375e+01 7.871843719482421875e+01 4.194399356842041016e+00 7.452403259277343750e+01
2.424833869934082031e+01 7.860422515869140625e+01 4.109915256500244141e+00 7.449431610107421875e+01
2.426874542236328125e+01 7.852528381347656250e+01 4.049246788024902344e+00 7.447603607177734375e+01
2.428915596008300781e+01 7.860934448242187500e+01 4.148345470428466797e+00 7.446099853515625000e+01
2.430956268310546875e+01 7.874772644042968750e+01 4.355601787567138672e+00 7.439212036132812500e+01
2.432997322082519531e+01 7.885188293457031250e+01 4.471004009246826172e+00 7.438088226318359375e+01
2.435038185119628906e+01 7.879807281494140625e+01 4.446611881256103516e+00 7.435146331787109375e+01
