# NTRMN  = 66
# NTRANS = 111
12 +1.000000e+00
13 +0.000000e+00
14 +0.000000e+00
15 +0.000000e+00
16 +1.364935e-02
17 +2.050911e-03
18 +6.120815e-03
19 +0.000000e+00
20 +0.000000e+00
21 +1.375287e-02
22 +4.938834e-04
23 +0.000000e+00
24 +3.295669e-03
25 +1.547901e-03
26 +7.713959e-01
27 +0.000000e+00
28 +1.991304e-03
29 +5.069124e-01
30 +4.212990e-02
31 +1.838195e-02
32 +1.219361e-03
33 +4.084633e-04
34 +4.473032e-03
35 +1.144685e-02
36 +1.217213e-03
37 +1.294364e-03
38 +5.738444e-02
39 +2.135017e-02
40 +0.000000e+00
41 +2.234581e-02
42 +0.000000e+00
43 +1.897964e-01
44 +2.007227e-02
45 +7.784669e-02
46 +3.014558e-01
47 +1.727384e-02
48 +0.000000e+00
49 +3.567312e-04
50 +1.488276e-02
51 +4.272755e-03
52 +0.000000e+00
53 +0.000000e+00
54 +6.017444e-03
55 +3.950154e-02
56 +1.200558e-01
57 +0.000000e+00
