# NTRMN  = 5
# NTRANS = 56
6 +1.000000e+00
7 +0.000000e+00
8 +0.000000e+00
9 +0.000000e+00
10 +0.000000e+00
11 +1.177843e-09
12 +1.308718e-10
13 +2.284650e-10
14 +1.542959e-09
15 +9.281634e-10
16 +8.834985e-01
17 +5.250590e-01
18 +5.110951e-01
19 +0.000000e+00
20 +0.000000e+00
21 +8.540552e-05
22 +3.305219e-01
23 +0.000000e+00
24 +6.013150e-02
25 +2.020954e-04
26 +3.736654e-05
27 +9.047463e-10
28 +4.945956e-05
29 +1.731951e-01
30 +1.214760e-01
31 +7.536965e-05
32 +1.688454e-01
33 +1.180683e-01
34 +5.589664e-02
35 +6.565965e-02
36 +1.335965e-01
37 +4.132778e-02
38 +5.473385e-01
39 +1.508598e-01
40 +4.111506e-07
41 +2.267305e-01
42 +3.328370e-07
43 +1.208026e-02
44 +1.053324e-02
45 +2.118564e-02
46 +4.318144e-05
47 +1.219059e-02
48 +7.489885e-07
49 +5.625403e-06
50 +6.122426e-01
51 +3.228310e-01
52 +0.000000e+00
53 +0.000000e+00
54 +3.099187e-01
55 +1.025286e-01
56 +5.687716e-05
57 +0.000000e+00
