# NTRMN  = 14
# NTRANS = 56
15 +1.000000e+00
16 +0.000000e+00
17 +2.248239e-05
18 +0.000000e+00
19 +0.000000e+00
20 +0.000000e+00
21 +0.000000e+00
22 +0.000000e+00
23 +0.000000e+00
24 +4.413498e-03
25 +1.368261e-03
26 +0.000000e+00
27 +0.000000e+00
28 +0.000000e+00
29 +0.000000e+00
30 +1.296654e-01
31 +9.208057e-03
32 +4.837027e-04
33 +0.000000e+00
34 +1.454518e-03
35 +1.402668e-03
36 +3.043221e-04
37 +1.572451e-03
38 +0.000000e+00
39 +1.477277e-02
40 +0.000000e+00
41 +1.461764e-09
42 +4.438720e-09
43 +1.190808e-02
44 +4.353955e-02
45 +1.968977e-02
46 +5.436214e-09
47 +5.257023e-02
48 +6.330144e-09
49 +7.932395e-04
50 +1.567682e-03
51 +2.704355e-03
52 +0.000000e+00
53 +0.000000e+00
54 +0.000000e+00
55 +9.670008e-04
56 +0.000000e+00
57 +0.000000e+00
