# NTRMN  = 3
# NTRANS = 56
4 +1.000000e+00
5 +0.000000e+00
6 +3.289639e-02
7 +0.000000e+00
8 +0.000000e+00
9 +5.340201e-02
10 +0.000000e+00
11 +0.000000e+00
12 +6.449532e-01
13 +0.000000e+00
14 +3.380783e-01
15 +3.100982e-10
16 +5.269674e-02
17 +2.205432e-02
18 +2.688606e-02
19 +0.000000e+00
20 +0.000000e+00
21 +4.214995e-02
22 +1.601838e-02
23 +0.000000e+00
24 +8.574092e-03
25 +2.906505e-03
26 +4.991058e-01
27 +0.000000e+00
28 +2.066526e-01
29 +4.115918e-01
30 +4.302053e-02
31 +2.355902e-02
32 +1.105673e-03
33 +1.221615e-08
34 +2.134064e-08
35 +1.396608e-04
36 +7.742143e-09
37 +0.000000e+00
38 +1.347472e-01
39 +1.952788e-02
40 +0.000000e+00
41 +1.165224e-01
42 +0.000000e+00
43 +3.662929e-01
44 +9.597023e-08
45 +2.355350e-01
46 +1.980051e-01
47 +0.000000e+00
48 +0.000000e+00
49 +4.797820e-04
50 +3.856527e-03
51 +1.151511e-07
52 +0.000000e+00
53 +0.000000e+00
54 +8.542587e-08
55 +1.562434e-07
56 +1.442620e-07
57 +0.000000e+00
