# NTRMN  = 12
# NTRANS = 56
13 +1.000000e+00
14 +0.000000e+00
15 +0.000000e+00
16 +0.000000e+00
17 +9.655447e-03
18 +3.678648e-02
19 +0.000000e+00
20 +2.838516e-03
21 +4.483790e-04
22 +4.292986e-03
23 +2.161807e-03
24 +2.852392e-05
25 +9.101777e-05
26 +9.136349e-02
27 +9.052448e-01
28 +4.820239e-02
29 +0.000000e+00
30 +5.050125e-01
31 +1.868894e-03
32 +2.760742e-03
33 +3.514601e-03
34 +3.423798e-03
35 +2.627900e-03
36 +7.115415e-03
37 +4.209776e-04
38 +2.205658e-09
39 +3.043294e-02
40 +1.301645e-08
41 +1.886661e-01
42 +2.267454e-01
43 +5.342745e-02
44 +2.649094e-01
45 +7.478732e-02
46 +2.635188e-02
47 +2.046511e-01
48 +5.009372e-02
49 +3.521983e-05
50 +1.051214e-02
51 +2.058140e-02
52 +0.000000e+00
53 +2.787838e-02
54 +3.724775e-02
55 +1.092985e-02
56 +2.582105e-02
57 +4.511681e-02
