# NTRMN  = 1
# NTRANS = 56
2 +1.000000e+00
3 +1.045082e-10
4 +8.365784e-06
5 +2.103250e-10
6 +7.644496e-01
7 +1.000000e+00
8 +3.153553e-01
9 +1.705074e-01
10 +7.533871e-01
11 +0.000000e+00
12 +1.634421e-02
13 +7.427130e-02
14 +1.410806e-01
15 +6.720716e-10
16 +6.814799e-06
17 +5.990868e-02
18 +2.840607e-01
19 +1.000000e+00
20 +4.264280e-01
21 +1.349593e-01
22 +5.731402e-01
23 +7.528386e-01
24 +1.028656e-01
25 +9.007905e-04
26 +4.039209e-02
27 +8.666130e-02
28 +2.261752e-01
29 +1.344929e-07
30 +7.192486e-02
31 +5.599132e-04
32 +4.592793e-01
33 +5.321753e-01
34 +1.485037e-01
35 +1.294648e-01
36 +4.877148e-01
37 +1.454162e-07
38 +5.189514e-07
39 +3.649141e-02
40 +7.748537e-01
41 +1.057799e-01
42 +1.487331e-01
43 +2.856722e-04
44 +3.164645e-03
45 +2.051029e-02
46 +2.431627e-03
47 +1.012432e-08
48 +5.268942e-02
49 +1.282608e-04
50 +1.534806e-04
51 +8.782203e-04
52 +8.919160e-06
53 +1.393338e-06
54 +2.706014e-03
55 +2.677475e-04
56 +6.578952e-07
57 +3.477607e-06
