# NTRMN  = 4
# NTRANS = 56
5 +1.000000e+00
6 +2.456263e-03
7 +0.000000e+00
8 +5.103022e-02
9 +5.231770e-02
10 +1.185363e-01
11 +2.624660e-05
12 +3.332258e-01
13 +6.162365e-01
14 +4.321301e-01
15 +9.940685e-01
16 +3.664595e-03
17 +1.631949e-02
18 +6.967373e-02
19 +0.000000e+00
20 +4.516834e-02
21 +5.137297e-02
22 +1.642518e-02
23 +9.126479e-02
24 +2.479209e-02
25 +3.409348e-03
26 +6.288543e-02
27 +5.586631e-01
28 +6.592649e-02
29 +5.364372e-03
30 +4.514745e-01
31 +1.044840e-02
32 +3.671406e-03
33 +2.598381e-08
34 +3.918688e-03
35 +8.218854e-03
36 +4.028964e-04
37 +1.084028e-01
38 +7.002867e-03
39 +3.942533e-02
40 +0.000000e+00
41 +1.328257e-01
42 +1.586872e-01
43 +7.156060e-02
44 +1.926304e-01
45 +1.242930e-01
46 +1.996148e-02
47 +4.419689e-01
48 +3.286994e-02
49 +9.718455e-04
50 +5.425056e-04
51 +7.953087e-04
52 +0.000000e+00
53 +1.737878e-07
54 +2.204462e-07
55 +1.130343e-04
56 +1.686980e-07
57 +2.496132e-07
