# NTRMN  = 60
# NTRANS = 111
6 +1.000000e+00
7 +0.000000e+00
8 +0.000000e+00
9 +0.000000e+00
10 +0.000000e+00
11 +0.000000e+00
12 +0.000000e+00
13 +0.000000e+00
14 +0.000000e+00
15 +0.000000e+00
16 +8.835044e-01
17 +5.250613e-01
18 +5.110984e-01
19 +0.000000e+00
20 +0.000000e+00
21 +8.540596e-05
22 +3.305220e-01
23 +0.000000e+00
24 +6.013150e-02
25 +2.020954e-04
26 +3.736620e-05
27 +0.000000e+00
28 +4.945656e-05
29 +1.731951e-01
30 +1.214761e-01
31 +7.536941e-05
32 +1.691281e-01
33 +1.180684e-01
34 +5.590418e-02
35 +6.571159e-02
36 +1.336708e-01
37 +4.133157e-02
38 +5.473388e-01
39 +1.508606e-01
40 +0.000000e+00
41 +2.267686e-01
42 +0.000000e+00
43 +6.118702e-02
44 +5.105229e-02
45 +6.275052e-02
46 +4.281647e-05
47 +6.143390e-02
48 +0.000000e+00
49 +5.620669e-06
50 +6.275792e-01
51 +3.275021e-01
52 +0.000000e+00
53 +0.000000e+00
54 +3.126103e-01
55 +1.038762e-01
56 +6.236233e-05
57 +0.000000e+00
