# NTRMN  = 57
# NTRANS = 111
3 +1.000000e+00
4 +9.999916e-01
5 +4.244742e-11
6 +2.001980e-01
7 +2.431818e-14
8 +6.335775e-01
9 +7.237734e-01
10 +1.280501e-01
11 +9.999738e-01
12 +5.482103e-03
13 +3.094637e-01
14 +8.871378e-02
15 +5.931459e-03
16 +1.174490e-09
17 +5.680504e-07
18 +2.153606e-06
19 +3.530282e-19
20 +2.715990e-06
21 +3.139909e-06
22 +6.876376e-08
23 +1.190995e-06
24 +3.681128e-09
25 +2.122750e-07
26 +1.373188e-08
27 +9.736645e-07
28 +7.373310e-08
29 +3.244782e-12
30 +3.544187e-08
31 +3.512703e-08
32 +2.920106e-02
33 +2.355058e-13
34 +2.550216e-01
35 +3.032962e-01
36 +5.496127e-02
37 +4.551937e-01
38 +2.345850e-10
39 +1.743500e-08
40 +6.140313e-18
41 +5.047646e-08
42 +1.173416e-06
43 +7.277340e-02
44 +2.823933e-01
45 +1.311289e-01
46 +4.316554e-06
47 +1.195449e-01
48 +5.287667e-06
49 +1.699799e-07
50 +2.155197e-03
51 +2.429604e-03
52 +2.552024e-24
53 +2.089215e-12
54 +9.947001e-13
55 +7.694981e-04
56 +1.527840e-12
57 +2.753736e-13
