# NTRMN  = 64
# NTRANS = 111
10 +1.000000e+00
11 +0.000000e+00
12 +0.000000e+00
13 +5.041876e-10
14 +8.997429e-10
15 +4.050074e-10
16 +0.000000e+00
17 +7.842370e-02
18 +3.661375e-01
19 +0.000000e+00
20 +8.298138e-03
21 +1.511438e-02
22 +8.286310e-02
23 +7.127190e-01
24 +4.672406e-02
25 +4.266717e-04
26 +8.850751e-05
27 +2.133325e-03
28 +2.769377e-01
29 +6.055062e-10
30 +8.778165e-02
31 +6.896478e-04
32 +3.781957e-02
33 +4.196695e-02
34 +4.338484e-02
35 +3.190124e-02
36 +1.008818e-01
37 +1.890595e-02
38 +3.544446e-08
39 +4.622479e-02
40 +1.506731e-07
41 +1.387410e-01
42 +2.432242e-02
43 +6.515435e-04
44 +6.193480e-03
45 +8.697402e-03
46 +2.427724e-03
47 +1.863912e-03
48 +7.874166e-03
49 +4.686921e-06
50 +4.236516e-02
51 +1.148981e-01
52 +0.000000e+00
53 +1.173690e-01
54 +3.442587e-01
55 +3.918802e-02
56 +1.190861e-02
57 +5.097009e-01
