# NTRMN  = 7
# NTRANS = 56
8 +1.000000e+00
9 +0.000000e+00
10 +0.000000e+00
11 +0.000000e+00
12 +2.096098e-09
13 +0.000000e+00
14 +0.000000e+00
15 +5.016110e-10
16 +0.000000e+00
17 +4.750198e-03
18 +2.431823e-02
19 +0.000000e+00
20 +8.304530e-01
21 +3.271785e-01
22 +6.914367e-02
23 +1.000836e-01
24 +2.120021e-01
25 +1.826344e-03
26 +1.001169e-01
27 +1.105241e-02
28 +2.598214e-02
29 +1.813989e-09
30 +2.047348e-02
31 +7.264134e-05
32 +4.000538e-02
33 +3.313291e-02
34 +1.708866e-01
35 +6.756870e-02
36 +3.661205e-02
37 +7.132665e-02
38 +2.852693e-08
39 +5.846484e-03
40 +1.313197e-07
41 +1.870832e-04
42 +3.147519e-01
43 +7.125566e-05
44 +7.214461e-03
45 +8.615837e-04
46 +3.168515e-04
47 +3.892724e-04
48 +2.146907e-02
49 +3.948129e-04
50 +4.498544e-03
51 +1.140062e-02
52 +0.000000e+00
53 +6.622696e-01
54 +5.365916e-02
55 +2.166198e-02
56 +1.414771e-01
57 +1.342801e-01
