# NTRMN  = 171
# NTRANS = 218
10 +1.000000e+00
11 +0.000000e+00
12 +0.000000e+00
13 +5.059059e-10
14 +8.973055e-10
15 +4.045841e-10
16 +0.000000e+00
17 +7.752549e-02
18 +3.668344e-01
19 +0.000000e+00
20 +8.781019e-03
21 +1.525996e-02
22 +8.130079e-02
23 +7.155980e-01
24 +4.779683e-02
25 +4.311368e-04
26 +8.753388e-05
27 +2.121011e-03
28 +2.788817e-01
29 +6.166179e-10
30 +8.689855e-02
31 +7.127718e-04
32 +3.711548e-02
33 +4.166044e-02
34 +4.375737e-02
35 +3.184506e-02
36 +1.019165e-01
37 +1.916526e-02
38 +3.451052e-08
39 +4.598874e-02
40 +1.507860e-07
41 +1.342178e-01
42 +2.443483e-02
43 +6.538858e-04
44 +6.174047e-03
45 +8.729434e-03
46 +2.381238e-03
47 +1.857268e-03
48 +7.633753e-03
49 +4.942972e-06
50 +4.218184e-02
51 +1.140738e-01
52 +0.000000e+00
53 +1.182863e-01
54 +3.466618e-01
55 +3.903521e-02
56 +1.206759e-02
57 +5.209979e-01
