# NTRMN  = 172
# NTRANS = 218
11 +1.000000e+00
12 +3.359131e-13
13 +1.619975e-15
14 +4.626334e-11
15 +1.586641e-25
16 +0.000000e+00
17 +2.544246e-02
18 +5.959319e-17
19 +1.558603e-29
20 +3.919161e-16
21 +4.031716e-14
22 +1.463350e-14
23 +7.191001e-16
24 +3.160758e-02
25 +1.604787e-02
26 +6.087464e-14
27 +2.682239e-15
28 +7.808668e-17
29 +6.867104e-29
30 +5.869064e-02
31 +3.151202e-03
32 +7.867275e-12
33 +1.666807e-23
34 +8.708056e-08
35 +1.847416e-12
36 +1.269979e-08
37 +1.605108e-20
38 +4.815109e-29
39 +7.308082e-02
40 +2.226268e-28
41 +1.318754e-13
42 +4.731849e-13
43 +2.340878e-12
44 +2.378393e-08
45 +1.870607e-11
46 +4.268938e-17
47 +9.720842e-21
48 +2.748013e-13
49 +2.715145e-05
50 +3.390199e-13
51 +5.482509e-07
52 +0.000000e+00
53 +1.659105e-19
54 +1.027919e-22
55 +3.793491e-07
56 +5.462584e-23
57 +3.622206e-20
