# NTRMN  = 60
# NTRANS = 111
-1.196487247943878174e-01 0.000000000000000000e+00 0.000000000000000000e+00 0.000000000000000000e+00
-9.923987835645675659e-02 0.000000000000000000e+00 0.000000000000000000e+00 0.000000000000000000e+00
-7.883103936910629272e-02 0.000000000000000000e+00 0.000000000000000000e+00 0.000000000000000000e+00
-5.842219665646553040e-02 0.000000000000000000e+00 0.000000000000000000e+00 0.000000000000000000e+00
-3.801335394382476807e-02 0.000000000000000000e+00 0.000000000000000000e+00 0.000000000000000000e+00
-1.760451123118400574e-02 0.000000000000000000e+00 0.000000000000000000e+00 0.000000000000000000e+00
2.321236208081245422e-02 0.000000000000000000e+00 0.000000000000000000e+00 0.000000000000000000e+00
4.362120479345321655e-02 0.000000000000000000e+00 0.000000000000000000e+00 0.000000000000000000e+00
6.403004378080368042e-02 0.000000000000000000e+00 0.000000000000000000e+00 0.000000000000000000e+00
1.048477292060852051e-01 0.000000000000000000e+00 0.000000000000000000e+00 0.000000000000000000e+00
1.252557635307312012e-01 0.000000000000000000e+00 0.000000000000000000e+00 0.000000000000000000e+00
1.456646025180816650e-01 0.000000000000000000e+00 0.000000000000000000e+00 0.000000000000000000e+00
1.660734415054321289e-01 0.000000000000000000e+00 0.000000000000000000e+00 0.000000000000000000e+00
2.068911343812942505e-01 0.000000000000000000e+00 0.000000000000000000e+00 0.000000000000000000e+00
2.272991687059402466e-01 0.000000000000000000e+00 0.000000000000000000e+00 0.000000000000000000e+00
2.477080076932907104e-01 0.000000000000000000e+00 0.000000000000000000e+00 0.000000000000000000e+00
2.681168317794799805e-01 0.000000000000000000e+00 0.000000000000000000e+00 0.000000000000000000e+00
2.885257005691528320e-01 0.000000000000000000e+00 0.000000000000000000e+00 0.000000000000000000e+00
3.089345395565032959e-01 0.000000000000000000e+00 0.000000000000000000e+00 0.000000000000000000e+00
3.293433785438537598e-01 0.000000000000000000e+00 0.000000000000000000e+00 0.000000000000000000e+00
3.905690908432006836e-01 0.000000000000000000e+00 0.000000000000000000e+00 0.000000000000000000e+00
4.109779298305511475e-01 0.000000000000000000e+00 0.000000000000000000e+00 0.000000000000000000e+00
4.313867688179016113e-01 0.000000000000000000e+00 0.000000000000000000e+00 0.000000000000000000e+00
4.517956078052520752e-01 0.000000000000000000e+00 0.000000000000000000e+00 0.000000000000000000e+00
4.722036421298980713e-01 0.000000000000000000e+00 0.000000000000000000e+00 0.000000000000000000e+00
4.926124811172485352e-01 0.000000000000000000e+00 0.000000000000000000e+00 0.000000000000000000e+00
5.130213499069213867e-01 0.000000000000000000e+00 0.000000000000000000e+00 0.000000000000000000e+00
5.334301590919494629e-01 0.000000000000000000e+00 0.000000000000000000e+00 0.000000000000000000e+00
5.538390278816223145e-01 0.000000000000000000e+00 0.000000000000000000e+00 0.000000000000000000e+00
5.742470622062683105e-01 0.000000000000000000e+00 0.000000000000000000e+00 0.000000000000000000e+00
5.946558713912963867e-01 0.000000000000000000e+00 0.000000000000000000e+00 0.000000000000000000e+00
6.150647401809692383e-01 0.000000000000000000e+00 0.000000000000000000e+00 0.000000000000000000e+00
6.354735493659973145e-01 0.000000000000000000e+00 0.000000000000000000e+00 0.000000000000000000e+00
6.558824181556701660e-01 0.000000000000000000e+00 0.000000000000000000e+00 0.000000000000000000e+00
6.762912869453430176e-01 0.000000000000000000e+00 0.000000000000000000e+00 0.000000000000000000e+00
6.966992616653442383e-01 0.000000000000000000e+00 0.000000000000000000e+00 0.000000000000000000e+00
7.171081304550170898e-01 0.000000000000000000e+00 0.000000000000000000e+00 0.000000000000000000e+00
7.375169992446899414e-01 0.000000000000000000e+00 0.000000000000000000e+00 0.000000000000000000e+00
7.579258084297180176e-01 0.000000000000000000e+00 0.000000000000000000e+00 0.000000000000000000e+00
7.783346772193908691e-01 0.000000000000000000e+00 0.000000000000000000e+00 0.000000000000000000e+00
7.987434864044189453e-01 0.000000000000000000e+00 0.000000000000000000e+00 0.000000000000000000e+00
8.191515207290649414e-01 0.000000000000000000e+00 0.000000000000000000e+00 0.000000000000000000e+00
8.395603895187377930e-01 0.000000000000000000e+00 0.000000000000000000e+00 0.000000000000000000e+00
8.599691987037658691e-01 0.000000000000000000e+00 0.000000000000000000e+00 0.000000000000000000e+00
8.803780674934387207e-01 0.000000000000000000e+00 0.000000000000000000e+00 0.000000000000000000e+00
9.007868766784667969e-01 0.000000000000000000e+00 0.000000000000000000e+00 0.000000000000000000e+00
9.211949110031127930e-01 0.000000000000000000e+00 0.000000000000000000e+00 0.000000000000000000e+00
9.416037797927856445e-01 0.000000000000000000e+00 0.000000000000000000e+00 0.000000000000000000e+00
9.620125889778137207e-01 0.000000000000000000e+00 0.000000000000000000e+00 0.000000000000000000e+00
9.824214577674865723e-01 0.000000000000000000e+00 0.000000000000000000e+00 0.000000000000000000e+00
1.002830266952514648e+00 0.000000000000000000e+00 0.000000000000000000e+00 0.000000000000000000e+00
1.023239135742187500e+00 0.000000000000000000e+00 0.000000000000000000e+00 0.000000000000000000e+00
1.043647170066833496e+00 0.000000000000000000e+00 0.000000000000000000e+00 0.000000000000000000e+00
1.064056038856506348e+00 0.000000000000000000e+00 0.000000000000000000e+00 0.000000000000000000e+00
1.084464907646179199e+00 0.000000000000000000e+00 0.000000000000000000e+00 0.000000000000000000e+00
1.104873657226562500e+00 0.000000000000000000e+00 0.000000000000000000e+00 0.000000000000000000e+00
1.125282526016235352e+00 0.000000000000000000e+00 0.000000000000000000e+00 0.000000000000000000e+00
1.145691394805908203e+00 0.000000000000000000e+00 0.000000000000000000e+00 0.000000000000000000e+00
1.166099429130554199e+00 0.000000000000000000e+00 0.000000000000000000e+00 0.000000000000000000e+00
1.186508297920227051e+00 0.000000000000000000e+00 0.000000000000000000e+00 0.000000000000000000e+00
1.206917047500610352e+00 0.000000000000000000e+00 0.000000000000000000e+00 0.000000000000000000e+00
1.227325916290283203e+00 0.000000000000000000e+00 0.000000000000000000e+00 0.000000000000000000e+00
1.247734785079956055e+00 0.000000000000000000e+00 0.000000000000000000e+00 0.000000000000000000e+00
1.268142819404602051e+00 0.000000000000000000e+00 0.000000000000000000e+00 0.000000000000000000e+00
1.288551688194274902e+00 0.000000000000000000e+00 0.000000000000000000e+00 0.000000000000000000e+00
1.308960556983947754e+00 0.000000000000000000e+00 0.000000000000000000e+00 0.000000000000000000e+00
1.329369306564331055e+00 0.000000000000000000e+00 0.000000000000000000e+00 0.000000000000000000e+00
1.349778175354003906e+00 0.000000000000000000e+00 0.000000000000000000e+00 0.000000000000000000e+00
1.411003947257995605e+00 5.773539428710937500e+02 5.773539428710937500e+02 0.000000000000000000e+00
1.431412696838378906e+00 5.473807983398437500e+02 5.473807983398437500e+02 0.000000000000000000e+00
1.451821565628051758e+00 5.550208129882812500e+02 5.550208129882812500e+02 0.000000000000000000e+00
1.472230434417724609e+00 5.473268432617187500e+02 5.473268432617187500e+02 0.000000000000000000e+00
1.492639303207397461e+00 6.055995483398437500e+02 6.055995483398437500e+02 0.000000000000000000e+00
1.574273824691772461e+00 1.132881225585937500e+03 1.132881225585937500e+03 0.000000000000000000e+00
1.594682693481445312e+00 1.309783691406250000e+03 1.309783691406250000e+03 0.000000000000000000e+00
1.655908346176147461e+00 1.284775634765625000e+03 1.284775634765625000e+03 0.000000000000000000e+00
1.676317214965820312e+00 1.247855346679687500e+03 1.247855346679687500e+03 0.000000000000000000e+00
1.696726083755493164e+00 1.185580444335937500e+03 1.185580444335937500e+03 0.000000000000000000e+00
1.717134952545166016e+00 1.217913940429687500e+03 1.217913940429687500e+03 0.000000000000000000e+00
1.819178342819213867e+00 1.138280273437500000e+03 1.138280273437500000e+03 0.000000000000000000e+00
1.839587211608886719e+00 1.142829589843750000e+03 1.142829589843750000e+03 0.000000000000000000e+00
1.859995245933532715e+00 1.114330932617187500e+03 1.114330932617187500e+03 0.000000000000000000e+00
1.880403995513916016e+00 1.070664062500000000e+03 1.070664062500000000e+03 0.000000000000000000e+00
1.900812864303588867e+00 1.040025390625000000e+03 1.040025390625000000e+03 0.000000000000000000e+00
1.921221733093261719e+00 1.019382812500000000e+03 1.019382812500000000e+03 0.000000000000000000e+00
1.941630601882934570e+00 1.018284851074218750e+03 1.018284851074218750e+03 0.000000000000000000e+00
1.962038636207580566e+00 1.030387207031250000e+03 1.030387207031250000e+03 0.000000000000000000e+00
1.982447385787963867e+00 1.037772216796875000e+03 1.037772216796875000e+03 0.000000000000000000e+00
2.002856254577636719e+00 1.033771484375000000e+03 1.033771484375000000e+03 0.000000000000000000e+00
2.064081907272338867e+00 1.032913940429687500e+03 1.032913940429687500e+03 0.000000000000000000e+00
2.084490776062011719e+00 1.030725097656250000e+03 1.030725097656250000e+03 0.000000000000000000e+00
2.104899644851684570e+00 1.029374877929687500e+03 1.029374877929687500e+03 0.000000000000000000e+00
2.125308513641357422e+00 1.030415893554687500e+03 1.030415893554687500e+03 0.000000000000000000e+00
2.145717382431030273e+00 1.034003295898437500e+03 1.034003295898437500e+03 0.000000000000000000e+00
2.166126251220703125e+00 1.040396362304687500e+03 1.040396362304687500e+03 0.000000000000000000e+00
2.186535120010375977e+00 1.048969360351562500e+03 1.048969360351562500e+03 0.000000000000000000e+00
2.206943988800048828e+00 1.059661743164062500e+03 1.059661743164062500e+03 0.000000000000000000e+00
2.227352619171142578e+00 1.070372924804687500e+03 1.070372924804687500e+03 0.000000000000000000e+00
2.288577556610107422e+00 1.135505737304687500e+03 1.083683593750000000e+03 5.182210540771484375e+01
2.329395294189453125e+00 1.183319458007812500e+03 1.065722045898437500e+03 1.175975189208984375e+02
2.431439638137817383e+00 1.187706176757812500e+03 1.023948852539062500e+03 1.637572631835937500e+02
2.472257137298583984e+00 1.170115478515625000e+03 9.934868164062500000e+02 1.766287078857421875e+02
2.492664337158203125e+00 1.175482299804687500e+03 9.959174194335937500e+02 1.795649261474609375e+02
2.553890943527221680e+00 1.219613647460937500e+03 9.917260131835937500e+02 2.278876037597656250e+02
2.594708681106567383e+00 1.226124267578125000e+03 9.954999389648437500e+02 2.306243438720703125e+02
2.615117549896240234e+00 1.238458984375000000e+03 9.996312866210937500e+02 2.388278350830078125e+02
2.717159986495971680e+00 1.255412719726562500e+03 1.002617858886718750e+03 2.527948760986328125e+02
2.757977724075317383e+00 1.249781860351562500e+03 9.955911865234375000e+02 2.541905975341796875e+02
2.778386592864990234e+00 1.250983398437500000e+03 9.943094482421875000e+02 2.566741333007812500e+02
2.798795461654663086e+00 1.252784912109375000e+03 9.913355102539062500e+02 2.614494018554687500e+02
2.819204330444335938e+00 1.254716552734375000e+03 9.858573608398437500e+02 2.688591308593750000e+02
2.839613199234008789e+00 1.256317382812500000e+03 9.770856323242187500e+02 2.792317504882812500e+02
2.860022068023681641e+00 1.250968750000000000e+03 9.684392700195312500e+02 2.825294494628906250e+02
2.880430698394775391e+00 1.203562377929687500e+03 9.333202514648437500e+02 2.702423095703125000e+02
2.900839567184448242e+00 1.230213134765625000e+03 9.746184692382812500e+02 2.555947875976562500e+02
2.921248435974121094e+00 1.268173461914062500e+03 1.000588500976562500e+03 2.675852966308593750e+02
3.023291110992431641e+00 1.260148925781250000e+03 9.739429931640625000e+02 2.862058715820312500e+02
3.043699979782104492e+00 1.266029907226562500e+03 9.752776489257812500e+02 2.907524414062500000e+02
3.064108848571777344e+00 1.249281372070312500e+03 9.765944213867187500e+02 2.726871948242187500e+02
3.309013366699218750e+00 1.253812988281250000e+03 9.520632324218750000e+02 3.017496948242187500e+02
3.329421997070312500e+00 1.275623413085937500e+03 9.613265380859375000e+02 3.142969970703125000e+02
3.431464672088623047e+00 1.270175781250000000e+03 9.529707031250000000e+02 3.172050170898437500e+02
3.615144252777099609e+00 1.267766723632812500e+03 9.369992065429687500e+02 3.307674560546875000e+02
3.635553121566772461e+00 1.263327758789062500e+03 9.389823608398437500e+02 3.243454284667968750e+02
3.860048770904541016e+00 1.277465454101562500e+03 9.420486450195312500e+02 3.354164733886718750e+02
3.900864839553833008e+00 1.272594726562500000e+03 9.389423828125000000e+02 3.336520690917968750e+02
3.921273708343505859e+00 1.273327514648437500e+03 9.413814086914062500e+02 3.319457397460937500e+02
4.023317813873291016e+00 1.288955810546875000e+03 9.526105957031250000e+02 3.363452758789062500e+02
4.043726921081542969e+00 1.292654296875000000e+03 9.566827392578125000e+02 3.359715881347656250e+02
4.145769119262695312e+00 1.279543090820312500e+03 9.521906738281250000e+02 3.273527832031250000e+02
4.288630962371826172e+00 1.274476928710937500e+03 9.534053955078125000e+02 3.210715942382812500e+02
4.390673637390136719e+00 1.280384643554687500e+03 9.585087890625000000e+02 3.218758850097656250e+02
4.411082744598388672e+00 1.286612060546875000e+03 9.600438232421875000e+02 3.265683593750000000e+02
4.431491374969482422e+00 1.283030029296875000e+03 9.615646362304687500e+02 3.214651184082031250e+02
4.451900482177734375e+00 1.284516601562500000e+03 9.630714721679687500e+02 3.214449768066406250e+02
4.472309112548828125e+00 1.283748901367187500e+03 9.634942016601562500e+02 3.202543640136718750e+02
4.492718219757080078e+00 1.283557006835937500e+03 9.639129638671875000e+02 3.196438598632812500e+02
4.615169525146484375e+00 1.278582275390625000e+03 9.642733154296875000e+02 3.143088378906250000e+02
4.778439998626708984e+00 1.283099731445312500e+03 9.719053955078125000e+02 3.111944885253906250e+02
4.941709518432617188e+00 1.300936035156250000e+03 9.892064208984375000e+02 3.117294006347656250e+02
4.982526779174804688e+00 1.301189208984375000e+03 9.911923828125000000e+02 3.099968566894531250e+02
5.002935886383056641e+00 1.301354248046875000e+03 9.914554443359375000e+02 3.098989868164062500e+02
5.023344516754150391e+00 1.295649658203125000e+03 9.874273071289062500e+02 3.082222900390625000e+02
5.043751716613769531e+00 1.301796020507812500e+03 9.933994140625000000e+02 3.083963317871093750e+02
5.084569454193115234e+00 1.302488281250000000e+03 9.953118286132812500e+02 3.071763305664062500e+02
5.104978561401367188e+00 1.302468383789062500e+03 9.964911499023437500e+02 3.059772338867187500e+02
5.125387191772460938e+00 1.302097412109375000e+03 9.967267456054687500e+02 3.053707885742187500e+02
5.145796298980712891e+00 1.301315551757812500e+03 9.969606933593750000e+02 3.043549194335937500e+02
5.166204929351806641e+00 1.303867919921875000e+03 1.000436218261718750e+03 3.034317932128906250e+02
5.186613559722900391e+00 1.300911376953125000e+03 9.997305297851562500e+02 3.011808166503906250e+02
5.207022666931152344e+00 1.301787475585937500e+03 1.001329040527343750e+03 3.004585876464843750e+02
5.227431297302246094e+00 1.302931152343750000e+03 1.002457153320312500e+03 3.004739685058593750e+02
5.288656234741210938e+00 1.306154052734375000e+03 1.006694885253906250e+03 2.994590454101562500e+02
5.309065341949462891e+00 1.306857543945312500e+03 1.007784912109375000e+03 2.990725708007812500e+02
5.329473972320556641e+00 1.307298950195312500e+03 1.008866760253906250e+03 2.984323120117187500e+02
5.349883079528808594e+00 1.307011962890625000e+03 1.009045227050781250e+03 2.979667968750000000e+02
5.370291709899902344e+00 1.306519165039062500e+03 1.009668334960937500e+03 2.968507385253906250e+02
5.390700340270996094e+00 1.306210693359375000e+03 1.010286560058593750e+03 2.959245300292968750e+02
5.492744922637939453e+00 1.311410400390625000e+03 1.016795776367187500e+03 2.946148986816406250e+02
5.594787597656250000e+00 1.311434814453125000e+03 1.018360961914062500e+03 2.930737915039062500e+02
5.615196228027343750e+00 1.310282348632812500e+03 1.018070312500000000e+03 2.922123413085937500e+02
5.656013965606689453e+00 1.309502563476562500e+03 1.018765014648437500e+03 2.907377624511718750e+02
5.676422595977783203e+00 1.308473022460937500e+03 1.019319519042968750e+03 2.891536865234375000e+02
5.696831703186035156e+00 1.308207519531250000e+03 1.019449707031250000e+03 2.887578735351562500e+02
5.798874378204345703e+00 1.305727294921875000e+03 1.020500366210937500e+03 2.852270202636718750e+02
5.819283008575439453e+00 1.304478027343750000e+03 1.020623779296875000e+03 2.838541564941406250e+02
5.839691638946533203e+00 1.304550292968750000e+03 1.021566162109375000e+03 2.829841003417968750e+02
5.880509376525878906e+00 1.303734863281250000e+03 1.022617187500000000e+03 2.811181030273437500e+02
5.900918483734130859e+00 1.303161376953125000e+03 1.022731506347656250e+03 2.804299011230468750e+02
5.921327114105224609e+00 1.303512329101562500e+03 1.023249328613281250e+03 2.802630004882812500e+02
5.962143421173095703e+00 1.302920532226562500e+03 1.024274780273437500e+03 2.786457214355468750e+02
5.982552051544189453e+00 1.303614501953125000e+03 1.024781982421875000e+03 2.788323364257812500e+02
6.002961158752441406e+00 1.303983154296875000e+03 1.024887084960937500e+03 2.790959472656250000e+02
6.023369789123535156e+00 1.303697753906250000e+03 1.025388671875000000e+03 2.783095397949218750e+02
6.105005264282226562e+00 1.305034912109375000e+03 1.027754394531250000e+03 2.772802734375000000e+02
6.125413894653320312e+00 1.305665649414062500e+03 1.028238403320312500e+03 2.774272766113281250e+02
6.145823001861572266e+00 1.306186401367187500e+03 1.028718994140625000e+03 2.774676208496093750e+02
6.166231632232666016e+00 1.314542846679687500e+03 1.037737548828125000e+03 2.768054199218750000e+02
6.186640739440917969e+00 1.307651123046875000e+03 1.030057739257812500e+03 2.775935668945312500e+02
6.207047939300537109e+00 1.309605224609375000e+03 1.030527954101562500e+03 2.790771789550781250e+02
6.227456569671630859e+00 1.307825927734375000e+03 1.030610351562500000e+03 2.772157897949218750e+02
6.288682937622070312e+00 1.307121826171875000e+03 1.031235107421875000e+03 2.758870544433593750e+02
6.309092044830322266e+00 1.307440185546875000e+03 1.031693725585937500e+03 2.757467956542968750e+02
6.329500675201416016e+00 1.307801879882812500e+03 1.031770996093750000e+03 2.760312194824218750e+02
6.349909782409667969e+00 1.308441162109375000e+03 1.032978881835937500e+03 2.754624023437500000e+02
6.451952457427978516e+00 1.307041625976562500e+03 1.034080322265625000e+03 2.729614562988281250e+02
6.513178825378417969e+00 1.306841430664062500e+03 1.035385864257812500e+03 2.714553527832031250e+02
6.533587455749511719e+00 1.306576293945312500e+03 1.035449340820312500e+03 2.711268615722656250e+02
6.594814300537109375e+00 1.306880981445312500e+03 1.036000122070312500e+03 2.708808288574218750e+02
6.635632038116455078e+00 1.306658447265625000e+03 1.037564331054687500e+03 2.690938720703125000e+02
6.656040668487548828e+00 1.306734985351562500e+03 1.038339111328125000e+03 2.683961181640625000e+02
6.676447868347167969e+00 1.303162231445312500e+03 1.035523925781250000e+03 2.676383361816406250e+02
6.696856975555419922e+00 1.310975341796875000e+03 1.038087524414062500e+03 2.728878173828125000e+02
6.717265605926513672e+00 1.307111206054687500e+03 1.040279418945312500e+03 2.668316345214843750e+02
6.778491973876953125e+00 1.307143554687500000e+03 1.041477905273437500e+03 2.656655883789062500e+02
6.798901081085205078e+00 1.323018066406250000e+03 1.057365234375000000e+03 2.656528625488281250e+02
6.941761016845703125e+00 1.309100219726562500e+03 1.045260864257812500e+03 2.638398437500000000e+02
6.962170124053955078e+00 1.307795654296875000e+03 1.045635131835937500e+03 2.621608581542968750e+02
6.982578754425048828e+00 1.360927490234375000e+03 1.099147827148437500e+03 2.617796936035156250e+02
7.002987861633300781e+00 1.308480590820312500e+03 1.046719238281250000e+03 2.617612609863281250e+02
7.023396492004394531e+00 1.308334960937500000e+03 1.046745239257812500e+03 2.615895996093750000e+02
7.043805599212646484e+00 1.310062744140625000e+03 1.047790771484375000e+03 2.622722167968750000e+02
7.064214229583740234e+00 1.308195922851562500e+03 1.047135864257812500e+03 2.610601501464843750e+02
7.105031967163085938e+00 1.307722534179687500e+03 1.047858886718750000e+03 2.598638610839843750e+02
7.125439167022705078e+00 1.307656005859375000e+03 1.047881469726562500e+03 2.597746276855468750e+02
7.145847797393798828e+00 1.304592285156250000e+03 1.045558593750000000e+03 2.590335693359375000e+02
7.166256904602050781e+00 1.301597290039062500e+03 1.043249145507812500e+03 2.583483276367187500e+02
7.186665534973144531e+00 1.307258422851562500e+03 1.048614013671875000e+03 2.586440429687500000e+02
7.207074642181396484e+00 1.307397094726562500e+03 1.048966308593750000e+03 2.584306945800781250e+02
7.227483272552490234e+00 1.307430175781250000e+03 1.048653930664062500e+03 2.587758789062500000e+02
7.247892379760742188e+00 1.307309204101562500e+03 1.048673828125000000e+03 2.586355590820312500e+02
7.268301010131835938e+00 1.344126953125000000e+03 1.084923461914062500e+03 2.592034912109375000e+02
7.288710117340087891e+00 1.307045532226562500e+03 1.048713012695312500e+03 2.583324279785156250e+02
7.309118747711181641e+00 1.307364379882812500e+03 1.049387573242187500e+03 2.579768676757812500e+02
7.329527378082275391e+00 1.307405151367187500e+03 1.049731689453125000e+03 2.576733093261718750e+02
7.349936485290527344e+00 1.307540405273437500e+03 1.050073974609375000e+03 2.574663696289062500e+02
7.370343685150146484e+00 1.307449707031250000e+03 1.050414428710937500e+03 2.570353698730468750e+02
7.390752315521240234e+00 1.306749389648437500e+03 1.050105102539062500e+03 2.566443481445312500e+02
7.411161422729492188e+00 1.345027709960937500e+03 1.087267089843750000e+03 2.577607116699218750e+02
7.431570053100585938e+00 1.306881591796875000e+03 1.051102172851562500e+03 2.557794189453125000e+02
7.492796897888183594e+00 1.305526855468750000e+03 1.051458984375000000e+03 2.540679321289062500e+02
7.513205528259277344e+00 1.305842285156250000e+03 1.052107666015625000e+03 2.537341918945312500e+02
7.533614635467529297e+00 1.305764648437500000e+03 1.051799560546875000e+03 2.539650268554687500e+02
7.554023265838623047e+00 1.305095214843750000e+03 1.051493164062500000e+03 2.536020965576171875e+02
7.574431896209716797e+00 1.304990966796875000e+03 1.051820556640625000e+03 2.531704254150390625e+02
7.594839096069335938e+00 1.304947021484375000e+03 1.052146362304687500e+03 2.528006286621093750e+02
7.615248203277587891e+00 1.305027099609375000e+03 1.052784545898437500e+03 2.522426452636718750e+02
7.635656833648681641e+00 1.301895751953125000e+03 1.050597534179687500e+03 2.512982177734375000e+02
7.656065940856933594e+00 1.304894042968750000e+03 1.053425292968750000e+03 2.514685668945312500e+02
7.676474571228027344e+00 1.304877319335937500e+03 1.053743164062500000e+03 2.511339874267578125e+02
7.696883678436279297e+00 1.305582031250000000e+03 1.054059326171875000e+03 2.515226287841796875e+02
7.717292308807373047e+00 1.304650756835937500e+03 1.054373779296875000e+03 2.502769470214843750e+02
7.737701416015625000e+00 1.304605957031250000e+03 1.054686645507812500e+03 2.499192962646484375e+02
7.758110046386718750e+00 1.304529541015625000e+03 1.054997680664062500e+03 2.495319976806640625e+02
7.778518676757812500e+00 1.304536987304687500e+03 1.054999633789062500e+03 2.495375671386718750e+02
7.798927783966064453e+00 1.304072509765625000e+03 1.055308349609375000e+03 2.487644042968750000e+02
7.819334983825683594e+00 1.303757568359375000e+03 1.055309570312500000e+03 2.484478149414062500e+02
7.839743614196777344e+00 1.303721069335937500e+03 1.055615966796875000e+03 2.481053924560546875e+02
7.860152721405029297e+00 1.303584594726562500e+03 1.055920532226562500e+03 2.476639556884765625e+02
7.880561351776123047e+00 1.303246337890625000e+03 1.055919921875000000e+03 2.473263244628906250e+02
7.900970458984375000e+00 1.303156005859375000e+03 1.056222412109375000e+03 2.469336395263671875e+02
7.962196826934814453e+00 1.301711059570312500e+03 1.055616943359375000e+03 2.460941009521484375e+02
7.982605457305908203e+00 1.301218994140625000e+03 1.055617065429687500e+03 2.456018524169921875e+02
8.003014564514160156e+00 1.276630737304687500e+03 1.029294067382812500e+03 2.473368835449218750e+02
8.023423194885253906e+00 1.306911010742187500e+03 1.057109130859375000e+03 2.498018341064453125e+02
8.043831825256347656e+00 1.303041015625000000e+03 1.055022338867187500e+03 2.480187835693359375e+02
8.064239501953125000e+00 1.300339721679687500e+03 1.055914794921875000e+03 2.444249877929687500e+02
8.084648132324218750e+00 1.300011474609375000e+03 1.055914184570312500e+03 2.440970611572265625e+02
8.145874977111816406e+00 1.298572753906250000e+03 1.055030761718750000e+03 2.435418853759765625e+02
8.166283607482910156e+00 1.297477294921875000e+03 1.054446044921875000e+03 2.430311431884765625e+02
8.186692237854003906e+00 1.297231811523437500e+03 1.054449218750000000e+03 2.427825317382812500e+02
8.207100868225097656e+00 1.297003662109375000e+03 1.054452270507812500e+03 2.425512237548828125e+02
8.349961280822753906e+00 1.293696044921875000e+03 1.053326660156250000e+03 2.403691253662109375e+02
8.390779495239257812e+00 1.292744995117187500e+03 1.053052856445312500e+03 2.396923217773437500e+02
8.411188125610351562e+00 1.258448120117187500e+03 1.019475097656250000e+03 2.389731597900390625e+02
8.452005386352539062e+00 1.290865112304687500e+03 1.052222167968750000e+03 2.386428527832031250e+02
8.472414970397949219e+00 1.290701171875000000e+03 1.052230468750000000e+03 2.384711151123046875e+02
8.574457168579101562e+00 1.288931518554687500e+03 1.051992553710937500e+03 2.369389648437500000e+02
8.594865798950195312e+00 1.288247192382812500e+03 1.051722656250000000e+03 2.365243072509765625e+02
8.615275382995605469e+00 1.288096313476562500e+03 1.051732055664062500e+03 2.363640441894531250e+02
8.635684013366699219e+00 1.287876342773437500e+03 1.051741455078125000e+03 2.361349334716796875e+02
8.656092643737792969e+00 1.287607421875000000e+03 1.051474243164062500e+03 2.361332092285156250e+02
8.676501274108886719e+00 1.287127197265625000e+03 1.051484130859375000e+03 2.356429443359375000e+02
8.696909904479980469e+00 1.286604858398437500e+03 1.051218627929687500e+03 2.353862762451171875e+02
8.717319488525390625e+00 1.286488037109375000e+03 1.051229125976562500e+03 2.352590637207031250e+02
8.737728118896484375e+00 1.326350952148437500e+03 1.091787597656250000e+03 2.345635375976562500e+02
8.758134841918945312e+00 1.285858642578125000e+03 1.051523437500000000e+03 2.343353729248046875e+02
8.778544425964355469e+00 1.285478027343750000e+03 1.051533203125000000e+03 2.339448852539062500e+02
8.798953056335449219e+00 1.284847412109375000e+03 1.051270507812500000e+03 2.335765838623046875e+02
8.880588531494140625e+00 1.282525390625000000e+03 1.050502441406250000e+03 2.320227966308593750e+02
8.941814422607421875e+00 1.281613891601562500e+03 1.050537963867187500e+03 2.310753479003906250e+02
8.982630729675292969e+00 1.281029174804687500e+03 1.050561401367187500e+03 2.304679412841796875e+02
9.003039360046386719e+00 1.278658203125000000e+03 1.048711791992187500e+03 2.299465026855468750e+02
9.043857574462890625e+00 1.279403320312500000e+03 1.050596191406250000e+03 2.288072814941406250e+02
9.064266204833984375e+00 1.279124877929687500e+03 1.050343505859375000e+03 2.287814788818359375e+02
9.207128524780273438e+00 1.276683593750000000e+03 1.049646240234375000e+03 2.270373992919921875e+02
9.227535247802734375e+00 1.276579711914062500e+03 1.050178710937500000e+03 2.264012145996093750e+02
9.247943878173828125e+00 1.275643554687500000e+03 1.049673095703125000e+03 2.259702758789062500e+02
9.268353462219238281e+00 1.274710815429687500e+03 1.049169677734375000e+03 2.255412445068359375e+02
9.288762092590332031e+00 1.274162963867187500e+03 1.048926269531250000e+03 2.252366638183593750e+02
9.329579353332519531e+00 1.272474121093750000e+03 1.047929443359375000e+03 2.245445861816406250e+02
9.452031135559082031e+00 1.268282958984375000e+03 1.046003906250000000e+03 2.222792816162109375e+02
9.472439765930175781e+00 1.265963745117187500e+03 1.044255737304687500e+03 2.217082519531250000e+02
9.492848396301269531e+00 1.265862915039062500e+03 1.044028198242187500e+03 2.218347167968750000e+02
9.513257980346679688e+00 1.264883666992187500e+03 1.043549804687500000e+03 2.213338623046875000e+02
9.533666610717773438e+00 1.265530639648437500e+03 1.044580200195312500e+03 2.209504089355468750e+02
9.554075241088867188e+00 1.266282958984375000e+03 1.045606201171875000e+03 2.206769866943359375e+02
9.574483871459960938e+00 1.266750610351562500e+03 1.046377685546875000e+03 2.203730773925781250e+02
9.594892501831054688e+00 1.266235595703125000e+03 1.046147949218750000e+03 2.200879211425781250e+02
9.615302085876464844e+00 1.266478149414062500e+03 1.046417236328125000e+03 2.200611419677734375e+02
9.635710716247558594e+00 1.265934326171875000e+03 1.046188354492187500e+03 2.197460784912109375e+02
9.656119346618652344e+00 1.265610473632812500e+03 1.046208496093750000e+03 2.194022979736328125e+02
9.676527023315429688e+00 1.265117309570312500e+03 1.045981201171875000e+03 2.191364593505859375e+02
9.696935653686523438e+00 1.264560913085937500e+03 1.045754760742187500e+03 2.188063201904296875e+02
9.717344284057617188e+00 1.264351196289062500e+03 1.045775634765625000e+03 2.185759735107421875e+02
9.737752914428710938e+00 1.263773559570312500e+03 1.045550537109375000e+03 2.182231597900390625e+02
9.758161544799804688e+00 1.263509643554687500e+03 1.045571655273437500e+03 2.179379425048828125e+02
9.778571128845214844e+00 1.262931396484375000e+03 1.045348022460937500e+03 2.175836791992187500e+02
9.798979759216308594e+00 1.262379882812500000e+03 1.045125244140625000e+03 2.172545928955078125e+02
9.819388389587402344e+00 1.261808349609375000e+03 1.044903320312500000e+03 2.169052276611328125e+02
9.839797019958496094e+00 1.261231811523437500e+03 1.044682495117187500e+03 2.165491943359375000e+02
9.860206604003906250e+00 1.260933105468750000e+03 1.044705078125000000e+03 2.162281799316406250e+02
9.880615234375000000e+00 1.260413818359375000e+03 1.044485595703125000e+03 2.159280853271484375e+02
9.901023864746093750e+00 1.259800048828125000e+03 1.044266845703125000e+03 2.155332489013671875e+02
9.921431541442871094e+00 1.259318847656250000e+03 1.044049194335937500e+03 2.152697296142578125e+02
9.941840171813964844e+00 1.258779174804687500e+03 1.043832275390625000e+03 2.149471282958984375e+02
9.962248802185058594e+00 1.258567260742187500e+03 1.043856567382812500e+03 2.147105407714843750e+02
9.982657432556152344e+00 1.258052124023437500e+03 1.043640991210937500e+03 2.144110717773437500e+02
1.000306606292724609e+01 1.257560546875000000e+03 1.043426147460937500e+03 2.141346740722656250e+02
1.002347564697265625e+01 1.257044189453125000e+03 1.043212402343750000e+03 2.138317108154296875e+02
1.004388427734375000e+01 1.256523315429687500e+03 1.042999267578125000e+03 2.135242004394531250e+02
1.006429290771484375e+01 1.255863769531250000e+03 1.042549438476562500e+03 2.133144989013671875e+02
1.008470153808593750e+01 1.255384399414062500e+03 1.042338500976562500e+03 2.130459594726562500e+02
1.010511112213134766e+01 1.254973022460937500e+03 1.042128540039062500e+03 2.128448486328125000e+02
1.012551975250244141e+01 1.254523559570312500e+03 1.041919433593750000e+03 2.126039886474609375e+02
1.014592647552490234e+01 1.254309936523437500e+03 1.041947265625000000e+03 2.123623962402343750e+02
1.016633605957031250e+01 1.253852661132812500e+03 1.041739501953125000e+03 2.121132354736328125e+02
1.018674468994140625e+01 1.253155517578125000e+03 1.041297241210937500e+03 2.118580780029296875e+02
1.020715332031250000e+01 1.252752197265625000e+03 1.041091552734375000e+03 2.116607513427734375e+02
1.022756195068359375e+01 1.252317871093750000e+03 1.040886596679687500e+03 2.114312896728515625e+02
1.024797058105468750e+01 1.251867431640625000e+03 1.040682495117187500e+03 2.111848144531250000e+02
1.026838016510009766e+01 1.251427734375000000e+03 1.040479125976562500e+03 2.109483795166015625e+02
1.030919742584228516e+01 1.250459350585937500e+03 1.040074829101562500e+03 2.103844299316406250e+02
1.032960605621337891e+01 1.250001220703125000e+03 1.039874023437500000e+03 2.101274261474609375e+02
1.035001564025878906e+01 1.249723510742187500e+03 1.039673828125000000e+03 2.100499420166015625e+02
1.037042236328125000e+01 1.249176513671875000e+03 1.039705444335937500e+03 2.094711456298828125e+02
1.039083099365234375e+01 1.248432250976562500e+03 1.039276123046875000e+03 2.091563415527343750e+02
1.041123962402343750e+01 1.246596801757812500e+03 1.037928588867187500e+03 2.086685333251953125e+02
1.043164920806884766e+01 1.248040893554687500e+03 1.039340332031250000e+03 2.087005310058593750e+02
1.045205783843994141e+01 1.247615112304687500e+03 1.038914184570312500e+03 2.087013397216796875e+02
1.047246646881103516e+01 1.247069458007812500e+03 1.038718139648437500e+03 2.083512268066406250e+02
1.049287509918212891e+01 1.246670532226562500e+03 1.038523071289062500e+03 2.081478576660156250e+02
1.051328468322753906e+01 1.246172607421875000e+03 1.037645507812500000e+03 2.085267333984375000e+02
1.053369331359863281e+01 1.247270263671875000e+03 1.036998657226562500e+03 2.102715301513671875e+02
1.055410194396972656e+01 1.245384033203125000e+03 1.037942016601562500e+03 2.074424133300781250e+02
1.057451057434082031e+01 1.245011352539062500e+03 1.037749877929687500e+03 2.072618103027343750e+02
1.059491920471191406e+01 1.244543212890625000e+03 1.037558471679687500e+03 2.069846954345703125e+02
1.061532688140869141e+01 1.244314697265625000e+03 1.037593505859375000e+03 2.067214965820312500e+02
1.063573551177978516e+01 1.243697509765625000e+03 1.037178100585937500e+03 2.065192413330078125e+02
1.065614414215087891e+01 1.243220947265625000e+03 1.036988891601562500e+03 2.062320098876953125e+02
1.067655372619628906e+01 1.243458984375000000e+03 1.035679199218750000e+03 2.077796173095703125e+02
1.069696235656738281e+01 1.242360961914062500e+03 1.036612670898437500e+03 2.057484893798828125e+02
1.071737098693847656e+01 1.242178344726562500e+03 1.036648925781250000e+03 2.055294494628906250e+02
1.073777961730957031e+01 1.241524414062500000e+03 1.036239257812500000e+03 2.052851715087890625e+02
1.075818920135498047e+01 1.241075195312500000e+03 1.036053588867187500e+03 2.050219879150390625e+02
1.077859783172607422e+01 1.240660766601562500e+03 1.035868652343750000e+03 2.047922821044921875e+02
1.079900646209716797e+01 1.240293090820312500e+03 1.035684448242187500e+03 2.046084594726562500e+02
1.081941509246826172e+01 1.239871459960937500e+03 1.035500854492187500e+03 2.043706817626953125e+02
1.083982276916503906e+01 1.239264404296875000e+03 1.035097290039062500e+03 2.041672058105468750e+02
1.086023139953613281e+01 1.239036499023437500e+03 1.035135986328125000e+03 2.039004516601562500e+02
1.088064002990722656e+01 1.238421020507812500e+03 1.034734497070312500e+03 2.036861419677734375e+02
1.090104866027832031e+01 1.238007934570312500e+03 1.034554199218750000e+03 2.034537200927734375e+02
1.092145824432373047e+01 1.237395996093750000e+03 1.034155273437500000e+03 2.032407073974609375e+02
1.094186687469482422e+01 1.237233032226562500e+03 1.034195312500000000e+03 2.030376434326171875e+02
1.096227550506591797e+01 1.236636962890625000e+03 1.033798461914062500e+03 2.028388214111328125e+02
1.098268413543701172e+01 1.236241821289062500e+03 1.033621337890625000e+03 2.026206512451171875e+02
1.100309371948242188e+01 1.235617065429687500e+03 1.033227050781250000e+03 2.023900299072265625e+02
1.102350234985351562e+01 1.235241088867187500e+03 1.033051513671875000e+03 2.021896667480468750e+02
1.104391098022460938e+01 1.234627319335937500e+03 1.032659667968750000e+03 2.019678955078125000e+02
1.106431770324707031e+01 1.234228271484375000e+03 1.032485961914062500e+03 2.017422943115234375e+02
1.108472728729248047e+01 1.233857421875000000e+03 1.032312744140625000e+03 2.015445861816406250e+02
1.110513591766357422e+01 1.233237915039062500e+03 1.031924560546875000e+03 2.013133087158203125e+02
1.112554454803466797e+01 1.232896606445312500e+03 1.031753051757812500e+03 2.011436309814453125e+02
1.114595317840576172e+01 1.232284423828125000e+03 1.031367187500000000e+03 2.009174652099609375e+02
1.116636276245117188e+01 1.231913696289062500e+03 1.031197265625000000e+03 2.007164916992187500e+02
1.118677139282226562e+01 1.231349243164062500e+03 1.030813964843750000e+03 2.005356750488281250e+02
1.120718002319335938e+01 1.230963134765625000e+03 1.030645751953125000e+03 2.003176879882812500e+02
1.122758865356445312e+01 1.230589965820312500e+03 1.030478027343750000e+03 2.001118927001953125e+02
1.124799728393554688e+01 1.229991821289062500e+03 1.030098022460937500e+03 1.998938140869140625e+02
1.126840686798095703e+01 1.229442138671875000e+03 1.029719360351562500e+03 1.997228088378906250e+02
1.128881549835205078e+01 1.229011230468750000e+03 1.029554321289062500e+03 1.994568328857421875e+02
1.130922222137451172e+01 1.228465942382812500e+03 1.029178222656250000e+03 1.992877807617187500e+02
1.132963180541992188e+01 1.228085083007812500e+03 1.029014770507812500e+03 1.990704040527343750e+02
1.135004043579101562e+01 1.227710937500000000e+03 1.028851806640625000e+03 1.988590545654296875e+02
1.137044906616210938e+01 1.227124877929687500e+03 1.028478759765625000e+03 1.986462249755859375e+02
1.139085769653320312e+01 1.226790893554687500e+03 1.028317382812500000e+03 1.984735870361328125e+02
1.141126728057861328e+01 1.226418579101562500e+03 1.028156494140625000e+03 1.982622375488281250e+02
1.143167591094970703e+01 1.225593872070312500e+03 1.027577514648437500e+03 1.980165100097656250e+02
1.145208454132080078e+01 1.225188842773437500e+03 1.027418579101562500e+03 1.977701263427734375e+02
1.147249317169189453e+01 1.224834472656250000e+03 1.027260131835937500e+03 1.975742187500000000e+02
1.149290180206298828e+01 1.224265502929687500e+03 1.026893920898437500e+03 1.973710784912109375e+02
1.161535358428955078e+01 1.226114868164062500e+03 1.024106079101562500e+03 2.020091552734375000e+02
1.163576221466064453e+01 1.219966064453125000e+03 1.023749938964843750e+03 1.962158966064453125e+02
1.165617179870605469e+01 1.219433959960937500e+03 1.023395263671875000e+03 1.960390167236328125e+02
1.173780632019042969e+01 1.217987060546875000e+03 1.022396118164062500e+03 1.955909729003906250e+02
1.179903125762939453e+01 1.216295166015625000e+03 1.021554443359375000e+03 1.947407989501953125e+02
1.181944084167480469e+01 1.218003051757812500e+03 1.022626037597656250e+03 1.953769073486328125e+02
1.183984947204589844e+01 1.214875000000000000e+03 1.021065490722656250e+03 1.938099975585937500e+02
1.188066673278808594e+01 1.213986938476562500e+03 1.020580017089843750e+03 1.934069976806640625e+02
1.202352714538574219e+01 1.233359863281250000e+03 1.040907470703125000e+03 1.924524536132812500e+02
1.204393577575683594e+01 1.215725341796875000e+03 1.020459594726562500e+03 1.952654571533203125e+02
1.206434535980224609e+01 1.211785644531250000e+03 1.017542724609375000e+03 1.942430267333984375e+02
1.214597988128662109e+01 1.204467407226562500e+03 1.013857116699218750e+03 1.906104125976562500e+02
1.216638946533203125e+01 1.206949707031250000e+03 1.016485290527343750e+03 1.904643096923828125e+02
1.218679809570312500e+01 1.211203002929687500e+03 1.019104675292968750e+03 1.920980987548828125e+02
1.220720672607421875e+01 1.206286132812500000e+03 1.016028076171875000e+03 1.902582244873046875e+02
1.222761440277099609e+01 1.208108520507812500e+03 1.018443603515625000e+03 1.896648712158203125e+02
1.224802303314208984e+01 1.205014770507812500e+03 1.015573974609375000e+03 1.894409027099609375e+02
1.226843166351318359e+01 1.204478271484375000e+03 1.015250427246093750e+03 1.892278442382812500e+02
1.228884029388427734e+01 1.204509033203125000e+03 1.015317504882812500e+03 1.891916656494140625e+02
1.232965850830078125e+01 1.202525756835937500e+03 1.013898010253906250e+03 1.886276245117187500e+02
1.235006713867187500e+01 1.202155151367187500e+03 1.013773132324218750e+03 1.883824157714843750e+02
1.239088439941406250e+01 1.200819213867187500e+03 1.012945068359375000e+03 1.878741607666015625e+02
1.245211124420166016e+01 1.199328735351562500e+03 1.012001770019531250e+03 1.873273315429687500e+02
1.247251892089843750e+01 1.199800292968750000e+03 1.011689575195312500e+03 1.881109008789062500e+02
1.251333618164062500e+01 1.197099975585937500e+03 1.010685180664062500e+03 1.864146881103515625e+02
1.253374481201171875e+01 1.196363769531250000e+03 1.010185424804687500e+03 1.861783447265625000e+02
1.255415344238281250e+01 1.196143920898437500e+03 1.009878112792968750e+03 1.862656707763671875e+02
1.257456302642822266e+01 1.195843261718750000e+03 1.009762084960937500e+03 1.860812377929687500e+02
1.259497165679931641e+01 1.195484497070312500e+03 1.009646301269531250e+03 1.858382873535156250e+02
1.265619850158691406e+01 1.193141967773437500e+03 1.008166687011718750e+03 1.849757080078125000e+02
1.271742343902587891e+01 1.191639770507812500e+03 1.007454467773437500e+03 1.841852111816406250e+02
1.273783206939697266e+01 1.191087768554687500e+03 1.007155822753906250e+03 1.839317016601562500e+02
1.275824069976806641e+01 1.190412231445312500e+03 1.006670471191406250e+03 1.837418060302734375e+02
1.279905796051025391e+01 1.191977539062500000e+03 1.006452697753906250e+03 1.855245513916015625e+02
1.290110301971435547e+01 1.186819824218750000e+03 1.004244262695312500e+03 1.825752868652343750e+02
1.292150974273681641e+01 1.186284912109375000e+03 1.003769836425781250e+03 1.825151824951171875e+02
1.296232795715332031e+01 1.185143920898437500e+03 1.003009948730468750e+03 1.821338806152343750e+02
1.302355384826660156e+01 1.183741943359375000e+03 1.001970764160156250e+03 1.817708892822265625e+02
1.304396247863769531e+01 1.185642944335937500e+03 1.003155944824218750e+03 1.824870910644531250e+02
1.308478069305419922e+01 1.182092773437500000e+03 1.000941528320312500e+03 1.811508178710937500e+02
1.310518932342529297e+01 1.181635009765625000e+03 1.000661315917968750e+03 1.809737091064453125e+02
1.316641426086425781e+01 1.180070068359375000e+03 9.996445922851562500e+02 1.804253997802734375e+02
1.318682289123535156e+01 1.179426635742187500e+03 9.991867065429687500e+02 1.802399749755859375e+02
1.328886699676513672e+01 1.176999389648437500e+03 9.978190307617187500e+02 1.791805267333984375e+02
1.330927658081054688e+01 1.176558105468750000e+03 9.975480957031250000e+02 1.790104064941406250e+02
1.332968521118164062e+01 1.176210327148437500e+03 9.972778930664062500e+02 1.789328002929687500e+02
1.335009384155273438e+01 1.175695312500000000e+03 9.971878662109375000e+02 1.785075683593750000e+02
1.337050247192382812e+01 1.175066040039062500e+03 9.967398681640625000e+02 1.783262023925781250e+02
1.339091014862060547e+01 1.174877319335937500e+03 9.966511840820312500e+02 1.782262878417968750e+02
1.347254562377929688e+01 1.172688110351562500e+03 9.952319335937500000e+02 1.774562835693359375e+02
1.349295425415039062e+01 1.172105468750000000e+03 9.947911376953125000e+02 1.773144989013671875e+02
1.351336288452148438e+01 1.171226318359375000e+03 9.941744384765625000e+02 1.770517883300781250e+02
1.353377151489257812e+01 1.171728027343750000e+03 9.946210327148437500e+02 1.771071319580078125e+02
1.355418109893798828e+01 1.170482421875000000e+03 9.938298950195312500e+02 1.766525878906250000e+02
1.357458972930908203e+01 1.170297607421875000e+03 9.935701293945312500e+02 1.767273864746093750e+02
1.359499835968017578e+01 1.170646850585937500e+03 9.927829589843750000e+02 1.778639526367187500e+02
1.361540508270263672e+01 1.142010253906250000e+03 9.679105224609375000e+02 1.740995483398437500e+02
1.363581562042236328e+01 1.169144409179687500e+03 9.927957763671875000e+02 1.763484954833984375e+02
1.365622234344482422e+01 1.168763061523437500e+03 9.927145996093750000e+02 1.760485992431640625e+02
1.367663288116455078e+01 1.168152099609375000e+03 9.922832641601562500e+02 1.758688201904296875e+02
1.369704055786132812e+01 1.167748901367187500e+03 9.920281982421875000e+02 1.757208251953125000e+02
1.371745109558105469e+01 1.167340209960937500e+03 9.917738037109375000e+02 1.755665435791015625e+02
1.373785781860351562e+01 1.166752807617187500e+03 9.913461303710937500e+02 1.754064483642578125e+02
1.375826835632324219e+01 1.166282836914062500e+03 9.910934448242187500e+02 1.751894531250000000e+02
1.377867507934570312e+01 1.165687011718750000e+03 9.906680297851562500e+02 1.750188751220703125e+02
1.379908561706542969e+01 1.165061889648437500e+03 9.902437133789062500e+02 1.748188018798828125e+02
1.381949329376220703e+01 1.162863403320312500e+03 9.882615966796875000e+02 1.746018066406250000e+02
1.383990383148193359e+01 1.164036254882812500e+03 9.895716552734375000e+02 1.744646453857421875e+02
1.386031055450439453e+01 1.163430053710937500e+03 9.891510009765625000e+02 1.742790374755859375e+02
1.388071823120117188e+01 1.162855957031250000e+03 9.887315673828125000e+02 1.741245117187500000e+02
1.390112876892089844e+01 1.162269042968750000e+03 9.883131103515625000e+02 1.739560546875000000e+02
1.392153549194335938e+01 1.161848144531250000e+03 9.880681152343750000e+02 1.737799530029296875e+02
1.394194602966308594e+01 1.161275024414062500e+03 9.876519165039062500e+02 1.736236419677734375e+02
1.396235370635986328e+01 1.160509033203125000e+03 9.870655517578125000e+02 1.734437561035156250e+02
1.398276424407958984e+01 1.159940429687500000e+03 9.866520385742187500e+02 1.732881622314453125e+02
1.400317096710205078e+01 1.159402099609375000e+03 9.862397460937500000e+02 1.731622467041015625e+02
1.402358150482177734e+01 1.158942138671875000e+03 9.859992675781250000e+02 1.729431457519531250e+02
1.404398918151855469e+01 1.158604125976562500e+03 9.857598876953125000e+02 1.728441772460937500e+02
1.406439971923828125e+01 1.157856323242187500e+03 9.851803588867187500e+02 1.726761474609375000e+02
1.408480644226074219e+01 1.157327636718750000e+03 9.847727050781250000e+02 1.725546875000000000e+02
1.410521411895751953e+01 1.156952270507812500e+03 9.845359497070312500e+02 1.724164276123046875e+02
1.412562465667724609e+01 1.156585571289062500e+03 9.842996826171875000e+02 1.722855987548828125e+02
1.414603137969970703e+01 1.156023559570312500e+03 9.838950195312500000e+02 1.721283874511718750e+02
1.416644191741943359e+01 1.155482788085937500e+03 9.834914550781250000e+02 1.719912109375000000e+02
1.418684959411621094e+01 1.154792114257812500e+03 9.829204711914062500e+02 1.718717041015625000e+02
1.420725917816162109e+01 1.154276245117187500e+03 9.825194091796875000e+02 1.717570037841796875e+02
1.422766685485839844e+01 1.153936401367187500e+03 9.822880249023437500e+02 1.716479187011718750e+02
1.424807739257812500e+01 1.153569702148437500e+03 9.820569458007812500e+02 1.715127105712890625e+02
1.426848411560058594e+01 1.153047119140625000e+03 9.816589355468750000e+02 1.713883209228515625e+02
1.428889465332031250e+01 1.152686889648437500e+03 9.814295654296875000e+02 1.712570648193359375e+02
1.430930233001708984e+01 1.152205078125000000e+03 9.810336303710937500e+02 1.711714630126953125e+02
1.432970905303955078e+01 1.151692749023437500e+03 9.806389160156250000e+02 1.710537719726562500e+02
1.435011959075927734e+01 1.151341308593750000e+03 9.804118652343750000e+02 1.709291687011718750e+02
1.437052726745605469e+01 1.151009399414062500e+03 9.801857910156250000e+02 1.708235778808593750e+02
1.439093780517578125e+01 1.150347290039062500e+03 9.796272583007812500e+02 1.707197113037109375e+02
1.441134452819824219e+01 1.149842285156250000e+03 9.792367553710937500e+02 1.706057281494140625e+02
1.443175506591796875e+01 1.149484130859375000e+03 9.790130004882812500e+02 1.704708099365234375e+02
1.445216274261474609e+01 1.149167236328125000e+03 9.787900390625000000e+02 1.703771057128906250e+02
1.447257328033447266e+01 1.148666015625000000e+03 9.784021606445312500e+02 1.702636871337890625e+02
1.449298000335693359e+01 1.147989990234375000e+03 9.778504638671875000e+02 1.701396636962890625e+02
1.451339054107666016e+01 1.147663208007812500e+03 9.776298217773437500e+02 1.700334625244140625e+02
1.453379821777343750e+01 1.147316040039062500e+03 9.774101562500000000e+02 1.699054870605468750e+02
1.455420494079589844e+01 1.146640136718750000e+03 9.768620605468750000e+02 1.697778778076171875e+02
1.457461547851562500e+01 1.146301025390625000e+03 9.766437988281250000e+02 1.696570129394531250e+02
1.459502315521240234e+01 1.145812133789062500e+03 9.762623291015625000e+02 1.695497436523437500e+02
1.461543273925781250e+01 1.145137939453125000e+03 9.757179565429687500e+02 1.694200439453125000e+02
1.463584041595458984e+01 1.144787597656250000e+03 9.755024414062500000e+02 1.692856140136718750e+02
1.465625095367431641e+01 1.144129516601562500e+03 9.749606323242187500e+02 1.691690216064453125e+02
1.467665767669677734e+01 1.143640747070312500e+03 9.745836791992187500e+02 1.690572052001953125e+02
1.469706821441650391e+01 1.142939697265625000e+03 9.740446777343750000e+02 1.688950805664062500e+02
1.471747589111328125e+01 1.142593872070312500e+03 9.738326416015625000e+02 1.687615051269531250e+02
1.473788642883300781e+01 1.141909545898437500e+03 9.732961425781250000e+02 1.686135253906250000e+02
1.475829315185546875e+01 1.141427246093750000e+03 9.729235839843750000e+02 1.685036468505859375e+02
1.477870082855224609e+01 1.141061157226562500e+03 9.727139282226562500e+02 1.683472900390625000e+02
1.479911136627197266e+01 1.140386718750000000e+03 9.721812744140625000e+02 1.682055816650390625e+02
1.481951808929443359e+01 1.140047973632812500e+03 9.719733276367187500e+02 1.680744934082031250e+02
1.483992862701416016e+01 1.139363159179687500e+03 9.714431152343750000e+02 1.679202423095703125e+02
1.486033630371093750e+01 1.138691894531250000e+03 9.709144287109375000e+02 1.677771453857421875e+02
1.488074684143066406e+01 1.138249511718750000e+03 9.705480346679687500e+02 1.677015686035156250e+02
1.490115356445312500e+01 1.137869873046875000e+03 9.703433837890625000e+02 1.675265197753906250e+02
1.492156410217285156e+01 1.137369140625000000e+03 9.699785766601562500e+02 1.673906707763671875e+02
1.494197177886962891e+01 1.136874755859375000e+03 9.696152343750000000e+02 1.672595977783203125e+02
1.496238231658935547e+01 1.136368652343750000e+03 9.692525024414062500e+02 1.671162567138671875e+02
1.498278903961181641e+01 1.136097900390625000e+03 9.690508422851562500e+02 1.670471496582031250e+02
1.500319957733154297e+01 1.135473510742187500e+03 9.685303955078125000e+02 1.669434204101562500e+02
1.502360725402832031e+01 1.134966430664062500e+03 9.681706542968750000e+02 1.667958221435546875e+02
1.504401397705078125e+01 1.134490722656250000e+03 9.678121337890625000e+02 1.666787872314453125e+02
1.506442451477050781e+01 1.133859008789062500e+03 9.672954101562500000e+02 1.665635833740234375e+02
1.508483123779296875e+01 1.133368896484375000e+03 9.669390869140625000e+02 1.664294891357421875e+02
1.510524177551269531e+01 1.133073120117187500e+03 9.667419433593750000e+02 1.663311004638671875e+02
1.512564945220947266e+01 1.132595581054687500e+03 9.663872680664062500e+02 1.662084197998046875e+02
1.514605998992919922e+01 1.132160400390625000e+03 9.660332641601562500e+02 1.661272430419921875e+02
1.516646671295166016e+01 1.131703735351562500e+03 9.656805419921875000e+02 1.660231475830078125e+02
1.518687725067138672e+01 1.131403930664062500e+03 9.654860229492187500e+02 1.659180297851562500e+02
1.520728492736816406e+01 1.130807250976562500e+03 9.649774780273437500e+02 1.658298339843750000e+02
1.522769546508789062e+01 1.130510742187500000e+03 9.647845458984375000e+02 1.657261199951171875e+02
1.524810218811035156e+01 1.130081542968750000e+03 9.644353027343750000e+02 1.656462249755859375e+02
1.526850986480712891e+01 1.129630371093750000e+03 9.640871582031250000e+02 1.655432128906250000e+02
1.528892040252685547e+01 1.129343750000000000e+03 9.638961181640625000e+02 1.654478912353515625e+02
1.530932712554931641e+01 1.129081787109375000e+03 9.637058105468750000e+02 1.653759307861328125e+02
1.532973766326904297e+01 1.128471435546875000e+03 9.632034912109375000e+02 1.652679290771484375e+02
1.535014533996582031e+01 1.128205444335937500e+03 9.630145874023437500e+02 1.651907043457031250e+02
1.537055587768554688e+01 1.127775268554687500e+03 9.626702880859375000e+02 1.651050109863281250e+02
1.539096260070800781e+01 1.127494995117187500e+03 9.624826660156250000e+02 1.650124664306640625e+02
1.541137313842773438e+01 1.126919555664062500e+03 9.619846801757812500e+02 1.649345397949218750e+02
1.543178081512451172e+01 1.126647827148437500e+03 9.617984008789062500e+02 1.648496398925781250e+02
1.545219039916992188e+01 1.126212036132812500e+03 9.614575805664062500e+02 1.647544860839843750e+02
1.547259807586669922e+01 1.125650146484375000e+03 9.609630126953125000e+02 1.646867980957031250e+02
1.549300575256347656e+01 1.125384277343750000e+03 9.607788085937500000e+02 1.646059112548828125e+02
1.551341533660888672e+01 1.125087402343750000e+03 9.605949707031250000e+02 1.644924621582031250e+02
1.553382301330566406e+01 1.124681762695312500e+03 9.602577514648437500e+02 1.644239044189453125e+02
1.555423355102539062e+01 1.124251220703125000e+03 9.599210205078125000e+02 1.643302307128906250e+02
1.557464027404785156e+01 1.123800537109375000e+03 9.595855712890625000e+02 1.642149810791015625e+02
1.559505081176757812e+01 1.123541015625000000e+03 9.594042358398437500e+02 1.641367797851562500e+02
1.561545848846435547e+01 1.122950683593750000e+03 9.589168701171875000e+02 1.640338439941406250e+02
1.563586902618408203e+01 1.122638183593750000e+03 9.587368774414062500e+02 1.639011383056640625e+02
1.565627574920654297e+01 1.122072143554687500e+03 9.582517089843750000e+02 1.638205108642578125e+02
1.567668342590332031e+01 1.121788574218750000e+03 9.580733032226562500e+02 1.637152404785156250e+02
1.569709396362304688e+01 1.121348876953125000e+03 9.577425537109375000e+02 1.636062316894531250e+02
1.571750068664550781e+01 1.120760009765625000e+03 9.572606201171875000e+02 1.634993743896484375e+02
1.573791122436523438e+01 1.120319946289062500e+03 9.569318847656250000e+02 1.633880310058593750e+02
1.575831890106201172e+01 1.120031250000000000e+03 9.567559814453125000e+02 1.632754058837890625e+02
1.577872943878173828e+01 1.119432250976562500e+03 9.562769165039062500e+02 1.631553344726562500e+02
1.579913616180419922e+01 1.118853027343750000e+03 9.557993164062500000e+02 1.630536041259765625e+02
1.581954383850097656e+01 1.118404907226562500e+03 9.554743041992187500e+02 1.629305725097656250e+02
1.583995437622070312e+01 1.117976928710937500e+03 9.551500244140625000e+02 1.628266143798828125e+02
1.586036109924316406e+01 1.117399658203125000e+03 9.546757202148437500e+02 1.627240753173828125e+02
1.588077163696289062e+01 1.116956298828125000e+03 9.543531494140625000e+02 1.626030731201171875e+02
1.590117931365966797e+01 1.116526123046875000e+03 9.540316162109375000e+02 1.624946441650390625e+02
1.592158889770507812e+01 1.116069946289062500e+03 9.537108154296875000e+02 1.623593139648437500e+02
1.594199657440185547e+01 1.115514160156250000e+03 9.532407226562500000e+02 1.622736206054687500e+02
1.596240711212158203e+01 1.114940795898437500e+03 9.527717285156250000e+02 1.621695404052734375e+02
1.598281383514404297e+01 1.114508789062500000e+03 9.524539184570312500e+02 1.620550689697265625e+02
1.600322532653808594e+01 1.114099487304687500e+03 9.521367797851562500e+02 1.619627227783203125e+02
1.602363204956054688e+01 1.113664184570312500e+03 9.518204956054687500e+02 1.618437042236328125e+02
1.604404258728027344e+01 1.113271972656250000e+03 9.515049438476562500e+02 1.617673950195312500e+02
1.606444931030273438e+01 1.112701904296875000e+03 9.510411987304687500e+02 1.616608123779296875e+02
1.608485603332519531e+01 1.112279418945312500e+03 9.507276000976562500e+02 1.615519256591796875e+02
1.610526657104492188e+01 1.111736206054687500e+03 9.502659301757812500e+02 1.614703063964843750e+02
1.612567520141601562e+01 1.111316772460937500e+03 9.499541625976562500e+02 1.613627014160156250e+02
1.614608573913574219e+01 1.110928833007812500e+03 9.496428833007812500e+02 1.612858886718750000e+02
1.616649246215820312e+01 1.110545288085937500e+03 9.493326416015625000e+02 1.612124938964843750e+02
1.618690299987792969e+01 1.110146240234375000e+03 9.490229492187500000e+02 1.611233367919921875e+02
1.620730972290039062e+01 1.109595581054687500e+03 9.485665283203125000e+02 1.610290832519531250e+02
1.622772026062011719e+01 1.109218261718750000e+03 9.482585449218750000e+02 1.609595947265625000e+02
1.624812698364257812e+01 1.108818237304687500e+03 9.479514160156250000e+02 1.608669281005859375e+02
1.626853752136230469e+01 1.108311645507812500e+03 9.474979248046875000e+02 1.608138885498046875e+02
1.628894615173339844e+01 1.107925292968750000e+03 9.471926879882812500e+02 1.607325897216796875e+02
1.630935287475585938e+01 1.107687500000000000e+03 9.470349731445312500e+02 1.606525421142578125e+02
1.632976341247558594e+01 1.107327758789062500e+03 9.467309570312500000e+02 1.605966644287109375e+02
1.635017013549804688e+01 1.106819213867187500e+03 9.462813110351562500e+02 1.605379791259765625e+02
1.637058067321777344e+01 1.106284790039062500e+03 9.458327026367187500e+02 1.604518280029296875e+02
1.639098739624023438e+01 1.106064819335937500e+03 9.456774291992187500e+02 1.603873443603515625e+02
1.641139793395996094e+01 1.105679809570312500e+03 9.453765258789062500e+02 1.603034362792968750e+02
1.643180465698242188e+01 1.105332641601562500e+03 9.450766601562500000e+02 1.602558135986328125e+02
1.645221519470214844e+01 1.104938598632812500e+03 9.447772216796875000e+02 1.601616973876953125e+02
1.647262382507324219e+01 1.104569824218750000e+03 9.444787597656250000e+02 1.600911712646484375e+02
1.649303436279296875e+01 1.104201293945312500e+03 9.441808471679687500e+02 1.600203704833984375e+02
1.651344108581542969e+01 1.103835205078125000e+03 9.438837890625000000e+02 1.599514923095703125e+02
1.653384780883789062e+01 1.103447265625000000e+03 9.435874023437500000e+02 1.598600006103515625e+02
1.655425834655761719e+01 1.103081787109375000e+03 9.432918090820312500e+02 1.597898864746093750e+02
1.657466506958007812e+01 1.102703491210937500e+03 9.429969482421875000e+02 1.597062835693359375e+02
1.659507560729980469e+01 1.102167358398437500e+03 9.425583496093750000e+02 1.596090087890625000e+02
1.661548423767089844e+01 1.101806762695312500e+03 9.422652587890625000e+02 1.595413513183593750e+02
1.663589477539062500e+01 1.101402587890625000e+03 9.419725952148437500e+02 1.594301452636718750e+02
1.665630149841308594e+01 1.101161743164062500e+03 9.418245239257812500e+02 1.593372497558593750e+02
1.667671203613281250e+01 1.100626220703125000e+03 9.413895874023437500e+02 1.592370605468750000e+02
1.669711875915527344e+01 1.100234008789062500e+03 9.410992431640625000e+02 1.591347808837890625e+02
1.671752929687500000e+01 1.099844482421875000e+03 9.408093872070312500e+02 1.590349884033203125e+02
1.673793601989746094e+01 1.099312133789062500e+03 9.403775634765625000e+02 1.589344635009765625e+02
1.675834465026855469e+01 1.098926513671875000e+03 9.400895385742187500e+02 1.588367309570312500e+02
1.677875518798828125e+01 1.098388305664062500e+03 9.396593627929687500e+02 1.587289886474609375e+02
1.679916191101074219e+01 1.097979858398437500e+03 9.393728637695312500e+02 1.586071166992187500e+02
1.681957244873046875e+01 1.097585449218750000e+03 9.390869750976562500e+02 1.584986419677734375e+02
1.683997917175292969e+01 1.097035522460937500e+03 9.386595458984375000e+02 1.583758697509765625e+02
1.686038970947265625e+01 1.096615600585937500e+03 9.383751220703125000e+02 1.582404785156250000e+02
1.688079643249511719e+01 1.096103515625000000e+03 9.379498901367187500e+02 1.581535491943359375e+02
1.690120697021484375e+01 1.095692993164062500e+03 9.376669921875000000e+02 1.580257568359375000e+02
1.692161369323730469e+01 1.095167236328125000e+03 9.372436523437500000e+02 1.579236450195312500e+02
1.694202423095703125e+01 1.094761352539062500e+03 9.369622802734375000e+02 1.577989959716796875e+02
1.696243286132812500e+01 1.094353759765625000e+03 9.366818237304687500e+02 1.576719360351562500e+02
1.698283958435058594e+01 1.093701293945312500e+03 9.361201171875000000e+02 1.575808868408203125e+02
1.700325012207031250e+01 1.093288330078125000e+03 9.358411254882812500e+02 1.574470825195312500e+02
1.702365684509277344e+01 1.092915039062500000e+03 9.355630493164062500e+02 1.573522186279296875e+02
1.704406738281250000e+01 1.092506835937500000e+03 9.352854003906250000e+02 1.572209930419921875e+02
1.706447410583496094e+01 1.091970092773437500e+03 9.348684082031250000e+02 1.571017150878906250e+02
1.708488464355468750e+01 1.091447509765625000e+03 9.344522094726562500e+02 1.569951934814453125e+02
1.710529327392578125e+01 1.090932128906250000e+03 9.340369873046875000e+02 1.568953552246093750e+02
1.712570381164550781e+01 1.090540161132812500e+03 9.337626342773437500e+02 1.567775115966796875e+02
1.714611053466796875e+01 1.090032104492187500e+03 9.333491821289062500e+02 1.566828308105468750e+02
1.716652107238769531e+01 1.089660156250000000e+03 9.330763549804687500e+02 1.565835113525390625e+02
1.718692779541015625e+01 1.089165771484375000e+03 9.326647949218750000e+02 1.565006256103515625e+02
1.720733833312988281e+01 1.088789550781250000e+03 9.323931884765625000e+02 1.563958740234375000e+02
1.722774505615234375e+01 1.088409179687500000e+03 9.321225585937500000e+02 1.562863464355468750e+02
1.724815368652343750e+01 1.087922241210937500e+03 9.317136230468750000e+02 1.562085113525390625e+02
1.726856231689453125e+01 1.087421997070312500e+03 9.313055419921875000e+02 1.561165771484375000e+02
1.728897094726562500e+01 1.087066650390625000e+03 9.310370483398437500e+02 1.560291290283203125e+02
1.730938148498535156e+01 1.086715454101562500e+03 9.307690429687500000e+02 1.559461059570312500e+02
1.732978820800781250e+01 1.086235595703125000e+03 9.303637084960937500e+02 1.558715515136718750e+02
1.735019874572753906e+01 1.085891601562500000e+03 9.300971069335937500e+02 1.557942810058593750e+02
1.737060546875000000e+01 1.085552001953125000e+03 9.298313598632812500e+02 1.557203369140625000e+02
1.739101600646972656e+01 1.085059814453125000e+03 9.294282226562500000e+02 1.556312103271484375e+02
1.741142272949218750e+01 1.084740234375000000e+03 9.291639404296875000e+02 1.555762634277343750e+02
1.743183326721191406e+01 1.084387329101562500e+03 9.288998413085937500e+02 1.554876403808593750e+02
1.745224189758300781e+01 1.084055786132812500e+03 9.286366577148437500e+02 1.554190063476562500e+02
1.747264862060546875e+01 1.083713012695312500e+03 9.283742065429687500e+02 1.553386077880859375e+02
1.749305915832519531e+01 1.083368164062500000e+03 9.281120605468750000e+02 1.552559661865234375e+02
1.751346588134765625e+01 1.083033569335937500e+03 9.278507690429687500e+02 1.551827545166015625e+02
1.753387641906738281e+01 1.082691894531250000e+03 9.275899047851562500e+02 1.551020660400390625e+02
1.755428314208984375e+01 1.082364013671875000e+03 9.273297729492187500e+02 1.550343627929687500e+02
1.757469367980957031e+01 1.082029541015625000e+03 9.270700683593750000e+02 1.549597320556640625e+02
1.759510231018066406e+01 1.081532958984375000e+03 9.266751098632812500e+02 1.548578643798828125e+02
1.761551284790039062e+01 1.081188354492187500e+03 9.264167480468750000e+02 1.547718200683593750e+02
1.763591957092285156e+01 1.080983886718750000e+03 9.262949829101562500e+02 1.546887817382812500e+02
1.765633010864257812e+01 1.080644653320312500e+03 9.260377807617187500e+02 1.546068420410156250e+02
1.767673683166503906e+01 1.080296752929687500e+03 9.257812500000000000e+02 1.545153656005859375e+02
1.769714355468750000e+01 1.079802001953125000e+03 9.253900756835937500e+02 1.544121093750000000e+02
1.771755409240722656e+01 1.079310302734375000e+03 9.249995117187500000e+02 1.543105773925781250e+02
1.773796081542968750e+01 1.078958129882812500e+03 9.247449951171875000e+02 1.542132110595703125e+02
1.775837135314941406e+01 1.078604492187500000e+03 9.244910278320312500e+02 1.541134185791015625e+02
1.777877998352050781e+01 1.078242187500000000e+03 9.242377929687500000e+02 1.540044097900390625e+02
1.779919052124023438e+01 1.077734497070312500e+03 9.238504638671875000e+02 1.538842926025390625e+02
1.781959724426269531e+01 1.077375000000000000e+03 9.235985107421875000e+02 1.537760009765625000e+02
1.784000778198242188e+01 1.077000854492187500e+03 9.233469848632812500e+02 1.536535644531250000e+02
1.786041450500488281e+01 1.076650024414062500e+03 9.230961914062500000e+02 1.535536804199218750e+02
1.788082504272460938e+01 1.076260009765625000e+03 9.228457641601562500e+02 1.534141387939453125e+02
1.790123176574707031e+01 1.075599731445312500e+03 9.223286132812500000e+02 1.532709197998046875e+02
1.792164039611816406e+01 1.075261718750000000e+03 9.220798339843750000e+02 1.531819305419921875e+02
1.794205093383789062e+01 1.074867675781250000e+03 9.218313598632812500e+02 1.530361022949218750e+02
1.796245765686035156e+01 1.074493530273437500e+03 9.215838623046875000e+02 1.529093627929687500e+02
1.798286819458007812e+01 1.073973266601562500e+03 9.212033691406250000e+02 1.527698516845703125e+02
1.800327491760253906e+01 1.073455566406250000e+03 9.208240356445312500e+02 1.526316528320312500e+02
1.802368545532226562e+01 1.073087402343750000e+03 9.205781860351562500e+02 1.525093383789062500e+02
1.804409217834472656e+01 1.072438476562500000e+03 9.200676879882812500e+02 1.523706359863281250e+02
1.806450271606445312e+01 1.072060302734375000e+03 9.198233032226562500e+02 1.522367553710937500e+02
1.808491134643554688e+01 1.071562744140625000e+03 9.194472045898437500e+02 1.521155548095703125e+02
1.810531997680664062e+01 1.071042480468750000e+03 9.190718383789062500e+02 1.519706115722656250e+02
1.812572860717773438e+01 1.070686279296875000e+03 9.188295288085937500e+02 1.518568572998046875e+02
1.814613533020019531e+01 1.070171875000000000e+03 9.184558715820312500e+02 1.517159881591796875e+02
1.816654586791992188e+01 1.069807006835937500e+03 9.182145996093750000e+02 1.515920104980468750e+02
1.818695259094238281e+01 1.069317749023437500e+03 9.178424072265625000e+02 1.514750823974609375e+02
1.820736312866210938e+01 1.068821899414062500e+03 9.174708862304687500e+02 1.513511047363281250e+02
1.822776985168457031e+01 1.068461791992187500e+03 9.172317504882812500e+02 1.512303161621093750e+02
1.824818038940429688e+01 1.067965209960937500e+03 9.168617553710937500e+02 1.511033782958984375e+02
1.826858901977539062e+01 1.067628417968750000e+03 9.166237792968750000e+02 1.510047912597656250e+02
1.828899955749511719e+01 1.067133666992187500e+03 9.162553100585937500e+02 1.508784637451171875e+02
1.830940628051757812e+01 1.066667602539062500e+03 9.158878784179687500e+02 1.507797698974609375e+02
1.832981681823730469e+01 1.066316528320312500e+03 9.156515502929687500e+02 1.506648712158203125e+02
1.835022354125976562e+01 1.065700927734375000e+03 9.151550903320312500e+02 1.505456237792968750e+02
1.837063026428222656e+01 1.065365722656250000e+03 9.149203491210937500e+02 1.504455108642578125e+02
1.839104080200195312e+01 1.065028686523437500e+03 9.146859741210937500e+02 1.503426818847656250e+02
1.841144943237304688e+01 1.064421997070312500e+03 9.141922607421875000e+02 1.502296752929687500e+02
1.843185997009277344e+01 1.064096435546875000e+03 9.139592895507812500e+02 1.501373138427734375e+02
1.845226669311523438e+01 1.063766601562500000e+03 9.137268066406250000e+02 1.500393218994140625e+02
1.847267723083496094e+01 1.063439086914062500e+03 9.134948120117187500e+02 1.499437561035156250e+02
1.849308395385742188e+01 1.062980957031250000e+03 9.131339721679687500e+02 1.498470001220703125e+02
1.851349449157714844e+01 1.062515136718750000e+03 9.127738037109375000e+02 1.497411499023437500e+02
1.853390121459960938e+01 1.062194213867187500e+03 9.125438232421875000e+02 1.496506042480468750e+02
1.855431175231933594e+01 1.061855834960937500e+03 9.123140869140625000e+02 1.495417633056640625e+02
1.857471847534179688e+01 1.061531616210937500e+03 9.120850219726562500e+02 1.494462127685546875e+02
1.859512901306152344e+01 1.061214843750000000e+03 9.118564453125000000e+02 1.493585815429687500e+02
1.861553764343261719e+01 1.060760620117187500e+03 9.114996948242187500e+02 1.492609252929687500e+02
1.863594436645507812e+01 1.060450073242187500e+03 9.112722778320312500e+02 1.491777038574218750e+02
1.865635490417480469e+01 1.059996582031250000e+03 9.109168701171875000e+02 1.490796051025390625e+02
1.867676162719726562e+01 1.059554199218750000e+03 9.105625000000000000e+02 1.489913787841796875e+02
1.869717216491699219e+01 1.059231445312500000e+03 9.103367309570312500e+02 1.488949584960937500e+02
1.871757888793945312e+01 1.058780639648437500e+03 9.099837646484375000e+02 1.487965393066406250e+02
1.873798942565917969e+01 1.058474731445312500e+03 9.097590942382812500e+02 1.487156829833984375e+02
1.875839805603027344e+01 1.058157348632812500e+03 9.095350341796875000e+02 1.486223602294921875e+02
1.877880859375000000e+01 1.058026000976562500e+03 9.094387817382812500e+02 1.485873718261718750e+02
1.879921531677246094e+01 1.057721679687500000e+03 9.092156372070312500e+02 1.485064086914062500e+02
1.881962585449218750e+01 1.057308959960937500e+03 9.088655395507812500e+02 1.484431457519531250e+02
1.884003257751464844e+01 1.057128540039062500e+03 9.087705078125000000e+02 1.483579406738281250e+02
1.886043930053710938e+01 1.056816162109375000e+03 9.085488891601562500e+02 1.482670593261718750e+02
1.888084983825683594e+01 1.056505371093750000e+03 9.083273925781250000e+02 1.481779937744140625e+02
1.890125846862792969e+01 1.056315551757812500e+03 9.082332763671875000e+02 1.480820770263671875e+02
1.892166900634765625e+01 1.055877563476562500e+03 9.078861694335937500e+02 1.479913177490234375e+02
1.894207572937011719e+01 1.055552368164062500e+03 9.076663208007812500e+02 1.478859710693359375e+02
1.896248626708984375e+01 1.055220703125000000e+03 9.074467773437500000e+02 1.477736816406250000e+02
1.898289299011230469e+01 1.055043579101562500e+03 9.073540649414062500e+02 1.476895294189453125e+02
1.900330352783203125e+01 1.054718017578125000e+03 9.071354370117187500e+02 1.475827178955078125e+02
1.902371025085449219e+01 1.054302490234375000e+03 9.067915039062500000e+02 1.475107574462890625e+02
1.904412078857421875e+01 1.054001953125000000e+03 9.065739135742187500e+02 1.474278259277343750e+02
1.906452751159667969e+01 1.053717651367187500e+03 9.063568725585937500e+02 1.473607788085937500e+02
1.908493614196777344e+01 1.053437866210937500e+03 9.061402587890625000e+02 1.472977905273437500e+02
1.910534667968750000e+01 1.053042602539062500e+03 9.057987670898437500e+02 1.472436828613281250e+02
1.912575340270996094e+01 1.052518798828125000e+03 9.053329467773437500e+02 1.471857299804687500e+02
1.914616394042968750e+01 1.051975219726562500e+03 9.048679809570312500e+02 1.471069488525390625e+02
1.916657066345214844e+01 1.051367675781250000e+03 9.042792968750000000e+02 1.470882263183593750e+02
1.918698120117187500e+01 1.050355834960937500e+03 9.034421386718750000e+02 1.469137878417968750e+02
1.920738792419433594e+01 1.049451782226562500e+03 9.027313842773437500e+02 1.467201995849609375e+02
1.922779846191406250e+01 1.048540649414062500e+03 9.020220947265625000e+02 1.465181579589843750e+02
1.924820709228515625e+01 1.047850952148437500e+03 9.015632324218750000e+02 1.462878265380859375e+02
1.926861763000488281e+01 1.047165283203125000e+03 9.011052246093750000e+02 1.460599670410156250e+02
1.928902435302734375e+01 1.046471801757812500e+03 9.006483764648437500e+02 1.458233337402343750e+02
1.930943107604980469e+01 1.045949218750000000e+03 9.003164672851562500e+02 1.456331939697265625e+02
1.932984161376953125e+01 1.045345458984375000e+03 8.998612060546875000e+02 1.454844360351562500e+02
1.935024833679199219e+01 1.044899291992187500e+03 8.995307006835937500e+02 1.453681793212890625e+02
1.937065887451171875e+01 1.044466308593750000e+03 8.992008056640625000e+02 1.452655181884765625e+02
1.939106750488281250e+01 1.044154663085937500e+03 8.989951782226562500e+02 1.451594543457031250e+02
1.941147613525390625e+01 1.043842651367187500e+03 8.987898559570312500e+02 1.450529022216796875e+02
1.943188476562500000e+01 1.043243408203125000e+03 8.983387451171875000e+02 1.449044952392578125e+02
1.945229530334472656e+01 1.042700439453125000e+03 8.980115356445312500e+02 1.446888427734375000e+02
1.947270202636718750e+01 1.041855102539062500e+03 8.974392700195312500e+02 1.444158782958984375e+02
1.949311256408691406e+01 1.041415771484375000e+03 8.972364501953125000e+02 1.441797332763671875e+02
1.951351928710937500e+01 1.041030151367187500e+03 8.970341796875000000e+02 1.439959716796875000e+02
1.953392601013183594e+01 1.040417236328125000e+03 8.965872192382812500e+02 1.438302764892578125e+02
1.955433654785156250e+01 1.039819702148437500e+03 8.961409912109375000e+02 1.436787872314453125e+02
1.957474517822265625e+01 1.039375244140625000e+03 8.958182373046875000e+02 1.435570678710937500e+02
1.959515571594238281e+01 1.038955078125000000e+03 8.954960937500000000e+02 1.434588775634765625e+02
1.961556243896484375e+01 1.038536987304687500e+03 8.951746215820312500e+02 1.433621215820312500e+02
1.963597297668457031e+01 1.037976684570312500e+03 8.947318115234375000e+02 1.432445983886718750e+02
1.965637969970703125e+01 1.037667358398437500e+03 8.945335693359375000e+02 1.431335601806640625e+02
1.967679023742675781e+01 1.037550781250000000e+03 8.944573364257812500e+02 1.430932617187500000e+02
1.969719696044921875e+01 1.037440795898437500e+03 8.943813476562500000e+02 1.430597534179687500e+02
1.971760749816894531e+01 1.037332763671875000e+03 8.943054809570312500e+02 1.430271759033203125e+02
1.973801612854003906e+01 1.037285644531250000e+03 8.942298583984375000e+02 1.430556488037109375e+02
1.975842666625976562e+01 1.036945800781250000e+03 8.939118652343750000e+02 1.430340576171875000e+02
1.977883338928222656e+01 1.036555419921875000e+03 8.935947875976562500e+02 1.429605407714843750e+02
1.979924011230468750e+01 1.036040771484375000e+03 8.931574096679687500e+02 1.428833007812500000e+02
1.981965065002441406e+01 1.035577514648437500e+03 8.928414916992187500e+02 1.427361755371093750e+02
1.984005737304687500e+01 1.034822509765625000e+03 8.922850341796875000e+02 1.425375671386718750e+02
1.986046791076660156e+01 1.034227661132812500e+03 8.918501586914062500e+02 1.423772888183593750e+02
1.988087463378906250e+01 1.033765502929687500e+03 8.915368652343750000e+02 1.422285919189453125e+02
1.990128517150878906e+01 1.033337524414062500e+03 8.912238769531250000e+02 1.421136627197265625e+02
1.992169380187988281e+01 1.032912353515625000e+03 8.909118652343750000e+02 1.420003814697265625e+02
1.994210433959960938e+01 1.032382324218750000e+03 8.904802246093750000e+02 1.419020233154296875e+02
1.996251106262207031e+01 1.032064697265625000e+03 8.902893676757812500e+02 1.417752380371093750e+02
1.998292160034179688e+01 1.031717041015625000e+03 8.900988769531250000e+02 1.416180725097656250e+02
2.000332832336425781e+01 1.031750366210937500e+03 8.901481323242187500e+02 1.416020507812500000e+02
2.002373504638671875e+01 1.031669433593750000e+03 8.900778198242187500e+02 1.415916442871093750e+02
2.004414558410644531e+01 1.031307373046875000e+03 8.897686767578125000e+02 1.415387115478515625e+02
2.006455421447753906e+01 1.031057983398437500e+03 8.895795898437500000e+02 1.414785614013671875e+02
2.008496475219726562e+01 1.030674194335937500e+03 8.892715454101562500e+02 1.414027862548828125e+02
2.010537147521972656e+01 1.030240722656250000e+03 8.889642944335937500e+02 1.412765350341796875e+02
2.012578201293945312e+01 1.029650390625000000e+03 8.885384521484375000e+02 1.411119689941406250e+02
2.014618873596191406e+01 1.029150024414062500e+03 8.882326049804687500e+02 1.409174499511718750e+02
2.016659927368164062e+01 1.028513793945312500e+03 8.878084716796875000e+02 1.407055511474609375e+02
2.018700599670410156e+01 1.027981201171875000e+03 8.875037841796875000e+02 1.404773712158203125e+02
2.020741653442382812e+01 1.027519042968750000e+03 8.871997680664062500e+02 1.403193969726562500e+02
2.022782516479492188e+01 1.027071411132812500e+03 8.868964843750000000e+02 1.401750946044921875e+02
2.024823188781738281e+01 1.026540283203125000e+03 8.864755249023437500e+02 1.400649414062500000e+02
2.026864242553710938e+01 1.026152587890625000e+03 8.861733398437500000e+02 1.399794921875000000e+02
2.028904914855957031e+01 1.025759033203125000e+03 8.858719482421875000e+02 1.398871917724609375e+02
2.030945968627929688e+01 1.025332519531250000e+03 8.855710449218750000e+02 1.397616271972656250e+02
2.032986640930175781e+01 1.024797851562500000e+03 8.851531372070312500e+02 1.396448364257812500e+02
2.035027694702148438e+01 1.024148803710937500e+03 8.846182861328125000e+02 1.395306091308593750e+02
2.037068367004394531e+01 1.023732971191406250e+03 8.843197021484375000e+02 1.394134216308593750e+02
2.039109420776367188e+01 1.023576843261718750e+03 8.841389160156250000e+02 1.394380035400390625e+02
2.041150283813476562e+01 1.023256347656250000e+03 8.838413696289062500e+02 1.394149932861328125e+02
2.043191337585449219e+01 1.022897033691406250e+03 8.835443115234375000e+02 1.393526000976562500e+02
2.045232009887695312e+01 1.022378417968750000e+03 8.831308593750000000e+02 1.392474975585937500e+02
2.047272682189941406e+01 1.022092773437500000e+03 8.829522094726562500e+02 1.391405029296875000e+02
2.049313735961914062e+01 1.021665832519531250e+03 8.826567993164062500e+02 1.390091400146484375e+02
2.051354408264160156e+01 1.021293273925781250e+03 8.823623046875000000e+02 1.389309692382812500e+02
2.053395462036132812e+01 1.020933959960937500e+03 8.820682373046875000e+02 1.388657531738281250e+02
2.055436325073242188e+01 1.020626953125000000e+03 8.817746582031250000e+02 1.388523254394531250e+02
2.057477378845214844e+01 1.020152099609375000e+03 8.813653564453125000e+02 1.387867584228515625e+02
2.059518051147460938e+01 1.019718811035156250e+03 8.810732421875000000e+02 1.386454925537109375e+02
2.061559104919433594e+01 1.019330078125000000e+03 8.807814941406250000e+02 1.385486450195312500e+02
2.063599777221679688e+01 1.019049194335937500e+03 8.806065673828125000e+02 1.384427185058593750e+02
2.065640830993652344e+01 1.018438171386718750e+03 8.800841064453125000e+02 1.383540344238281250e+02
2.067681503295898438e+01 1.017936035156250000e+03 8.796786499023437500e+02 1.382574615478515625e+02
2.069722366333007812e+01 1.017359924316406250e+03 8.792739257812500000e+02 1.380861206054687500e+02
2.071763229370117188e+01 1.016458862304687500e+03 8.786387939453125000e+02 1.378200988769531250e+02
2.073804092407226562e+01 1.015864746093750000e+03 8.783513183593750000e+02 1.375135192871093750e+02
2.075845146179199219e+01 1.015012573242187500e+03 8.778336791992187500e+02 1.371788177490234375e+02
2.077885818481445312e+01 1.014283508300781250e+03 8.774324340820312500e+02 1.368510284423828125e+02
2.079926872253417969e+01 1.013727111816406250e+03 8.770317382812500000e+02 1.366953887939453125e+02
2.081967544555664062e+01 1.013128112792968750e+03 8.765170898437500000e+02 1.366111602783203125e+02
2.084008598327636719e+01 1.012744384765625000e+03 8.762329711914062500e+02 1.365113983154296875e+02
2.086049270629882812e+01 1.012394348144531250e+03 8.760642089843750000e+02 1.363301086425781250e+02
2.088090324401855469e+01 1.012209167480468750e+03 8.760105590820312500e+02 1.361987609863281250e+02
2.090131187438964844e+01 1.011976806640625000e+03 8.758423461914062500e+02 1.361343231201171875e+02
2.092171859741210938e+01 1.011759887695312500e+03 8.756745605468750000e+02 1.360854187011718750e+02
2.094212913513183594e+01 1.011496093750000000e+03 8.753927001953125000e+02 1.361033782958984375e+02
2.096253585815429688e+01 1.011209228515625000e+03 8.749973754882812500e+02 1.362117156982421875e+02
2.098294639587402344e+01 1.011080017089843750e+03 8.748307495117187500e+02 1.362493438720703125e+02
2.100335311889648438e+01 1.010802795410156250e+03 8.745506591796875000e+02 1.362520904541015625e+02
2.102376365661621094e+01 1.010511962890625000e+03 8.742709350585937500e+02 1.362409667968750000e+02
2.104417228698730469e+01 1.010204040527343750e+03 8.739918823242187500e+02 1.362122802734375000e+02
2.106458282470703125e+01 1.010025390625000000e+03 8.738269042968750000e+02 1.361985931396484375e+02
2.108498954772949219e+01 1.009628112792968750e+03 8.734353637695312500e+02 1.361927337646484375e+02
2.110540008544921875e+01 1.009303039550781250e+03 8.731578369140625000e+02 1.361452331542968750e+02
2.112580680847167969e+01 1.008798645019531250e+03 8.727676391601562500e+02 1.360309600830078125e+02
2.114621734619140625e+01 1.008193969726562500e+03 8.722648925781250000e+02 1.359289703369140625e+02
2.116662406921386719e+01 1.007482910156250000e+03 8.717631835937500000e+02 1.357198791503906250e+02
2.118703079223632812e+01 1.007168762207031250e+03 8.716013793945312500e+02 1.355674743652343750e+02
2.120744132995605469e+01 1.006901855468750000e+03 8.713269653320312500e+02 1.355748748779296875e+02
2.122784996032714844e+01 1.006621765136718750e+03 8.709404907226562500e+02 1.356813507080078125e+02
2.124826049804687500e+01 1.006438354492187500e+03 8.706671142578125000e+02 1.357711791992187500e+02
2.126866722106933594e+01 1.006018371582031250e+03 8.701693725585937500e+02 1.358490447998046875e+02
2.128907775878906250e+01 1.005582702636718750e+03 8.696724243164062500e+02 1.359102935791015625e+02
2.130948448181152344e+01 1.005250793457031250e+03 8.692889404296875000e+02 1.359618835449218750e+02
2.132989501953125000e+01 1.004876464843750000e+03 8.689060668945312500e+02 1.359704132080078125e+02
2.135030174255371094e+01 1.004573181152343750e+03 8.686361694335937500e+02 1.359370880126953125e+02
2.137071228027343750e+01 1.004205932617187500e+03 8.683666381835937500e+02 1.358392181396484375e+02
2.139112091064453125e+01 1.003757507324218750e+03 8.682097167968750000e+02 1.355477600097656250e+02
2.141152763366699219e+01 1.003235717773437500e+03 8.681649169921875000e+02 1.350707702636718750e+02
2.143193817138671875e+01 1.002629638671875000e+03 8.682317504882812500e+02 1.343978729248046875e+02
2.145234489440917969e+01 1.002088073730468750e+03 8.684100952148437500e+02 1.336777954101562500e+02
2.147275543212890625e+01 1.001493408203125000e+03 8.685880737304687500e+02 1.329052581787109375e+02
2.149316215515136719e+01 1.001103454589843750e+03 8.688771362304687500e+02 1.322264099121093750e+02
2.151357269287109375e+01 1.000662597656250000e+03 8.688316650390625000e+02 1.318309020996093750e+02
2.153398132324218750e+01 1.000157592773437500e+03 8.685641479492187500e+02 1.315934600830078125e+02
2.155438995361328125e+01 9.999814453125000000e+02 8.684080810546875000e+02 1.315734100341796875e+02
2.157479858398437500e+01 9.994539794921875000e+02 8.678085937500000000e+02 1.316452484130859375e+02
2.159520912170410156e+01 9.990850219726562500e+02 8.673209838867187500e+02 1.317639160156250000e+02
2.161561584472656250e+01 9.984464111328125000e+02 8.666128540039062500e+02 1.318336334228515625e+02
2.163602256774902344e+01 9.977776489257812500e+02 8.662380371093750000e+02 1.315395355224609375e+02
2.165643310546875000e+01 9.974224243164062500e+02 8.663059692382812500e+02 1.311167144775390625e+02
2.167683982849121094e+01 9.974367675781250000e+02 8.662634887695312500e+02 1.311732482910156250e+02
2.169725036621093750e+01 9.974990234375000000e+02 8.658899536132812500e+02 1.316090087890625000e+02
2.171765899658203125e+01 9.970678100585937500e+02 8.651865234375000000e+02 1.318812103271484375e+02
2.173806953430175781e+01 9.964511718750000000e+02 8.648146972656250000e+02 1.316364288330078125e+02
2.175847625732421875e+01 9.957561035156250000e+02 8.643336181640625000e+02 1.314226074218750000e+02
2.177888679504394531e+01 9.953511962890625000e+02 8.639632568359375000e+02 1.313880767822265625e+02
2.179929351806640625e+01 9.949961547851562500e+02 8.637035522460937500e+02 1.312927856445312500e+02
2.181970405578613281e+01 9.946185302734375000e+02 8.634440917968750000e+02 1.311743774414062500e+02
2.184011077880859375e+01 9.942493286132812500e+02 8.631855468750000000e+02 1.310639038085937500e+02
2.186051940917968750e+01 9.937711791992187500e+02 8.628177490234375000e+02 1.309534606933593750e+02
2.188092994689941406e+01 9.933444213867187500e+02 8.624505615234375000e+02 1.308938751220703125e+02
2.190133666992187500e+01 9.930014038085937500e+02 8.620841674804687500e+02 1.309172363281250000e+02
2.192174720764160156e+01 9.926129150390625000e+02 8.616090087890625000e+02 1.310038909912109375e+02
2.194215393066406250e+01 9.921397705078125000e+02 8.612440795898437500e+02 1.308955383300781250e+02
2.196256446838378906e+01 9.919300537109375000e+02 8.613156738281250000e+02 1.306144104003906250e+02
2.198297119140625000e+01 9.916303710937500000e+02 8.611696166992187500e+02 1.304607391357421875e+02
2.200338172912597656e+01 9.914280395507812500e+02 8.610234375000000000e+02 1.304045562744140625e+02
2.202378845214843750e+01 9.911941528320312500e+02 8.607692260742187500e+02 1.304250640869140625e+02
2.204419898986816406e+01 9.907708740234375000e+02 8.604066162109375000e+02 1.303641510009765625e+02
2.206460762023925781e+01 9.905324707031250000e+02 8.600447387695312500e+02 1.304877319335937500e+02
2.208501434326171875e+01 9.900599365234375000e+02 8.595752563476562500e+02 1.304846038818359375e+02
2.210542488098144531e+01 9.895848388671875000e+02 8.592147216796875000e+02 1.303701324462890625e+02
2.212583160400390625e+01 9.890601806640625000e+02 8.588551025390625000e+02 1.302051086425781250e+02
2.214624214172363281e+01 9.886945190429687500e+02 8.587120971679687500e+02 1.299825134277343750e+02
2.216664886474609375e+01 9.881731567382812500e+02 8.583536376953125000e+02 1.298195343017578125e+02
2.218705940246582031e+01 9.878543701171875000e+02 8.581034545898437500e+02 1.297508544921875000e+02
2.220746803283691406e+01 9.874568481445312500e+02 8.576381835937500000e+02 1.298186798095703125e+02
2.222787857055664062e+01 9.870796508789062500e+02 8.572814941406250000e+02 1.297980651855468750e+02
2.224828529357910156e+01 9.866622314453125000e+02 8.570332031250000000e+02 1.296290283203125000e+02
2.226869583129882812e+01 9.864475708007812500e+02 8.567850952148437500e+02 1.296623687744140625e+02
2.228910255432128906e+01 9.861162719726562500e+02 8.563229370117187500e+02 1.297931518554687500e+02
2.230951309204101562e+01 9.857437744140625000e+02 8.558614501953125000e+02 1.298822174072265625e+02
2.232991981506347656e+01 9.854444580078125000e+02 8.555081176757812500e+02 1.299362487792968750e+02
2.235032844543457031e+01 9.850581054687500000e+02 8.550482788085937500e+02 1.300097656250000000e+02
2.237073898315429688e+01 9.848549194335937500e+02 8.548031616210937500e+02 1.300517730712890625e+02
2.239114570617675781e+01 9.846353759765625000e+02 8.544517822265625000e+02 1.301835021972656250e+02
2.241155624389648438e+01 9.842506103515625000e+02 8.538872680664062500e+02 1.303634796142578125e+02
2.243196296691894531e+01 9.838602905273437500e+02 8.534306030273437500e+02 1.304297332763671875e+02
2.245237350463867188e+01 9.835703735351562500e+02 8.530813598632812500e+02 1.304889678955078125e+02
2.247278022766113281e+01 9.830639038085937500e+02 8.525196533203125000e+02 1.305440673828125000e+02
2.249319076538085938e+01 9.823084106445312500e+02 8.517460937500000000e+02 1.305622253417968750e+02
2.251359748840332031e+01 9.817491455078125000e+02 8.512930297851562500e+02 1.304561462402343750e+02
2.253400802612304688e+01 9.808570556640625000e+02 8.512655639648437500e+02 1.295914154052734375e+02
2.255441665649414062e+01 9.800548706054687500e+02 8.511322021484375000e+02 1.289227905273437500e+02
2.257482337951660156e+01 9.796322021484375000e+02 8.511051025390625000e+02 1.285271301269531250e+02
2.259523391723632812e+01 9.788412475585937500e+02 8.510780029296875000e+02 1.277632980346679688e+02
2.261564064025878906e+01 9.788633422851562500e+02 8.513684692382812500e+02 1.274949645996093750e+02
2.263605117797851562e+01 9.790866088867187500e+02 8.515526123046875000e+02 1.275339965820312500e+02
2.265645790100097656e+01 9.794924316406250000e+02 8.522648925781250000e+02 1.272274246215820312e+02
2.267686843872070312e+01 9.793905029296875000e+02 8.524478759765625000e+02 1.269426498413085938e+02
2.269727706909179688e+01 9.783856201171875000e+02 8.516813964843750000e+02 1.267040939331054688e+02
2.271768760681152344e+01 9.781860961914062500e+02 8.516538696289062500e+02 1.265322494506835938e+02
2.273809432983398438e+01 9.771307373046875000e+02 8.504684448242187500e+02 1.266622238159179688e+02
2.275850486755371094e+01 9.768787841796875000e+02 8.504419555664062500e+02 1.264367294311523438e+02
2.277891159057617188e+01 9.774411010742187500e+02 8.512565307617187500e+02 1.261846084594726562e+02
2.279931831359863281e+01 9.768299560546875000e+02 8.505996093750000000e+02 1.262303390502929688e+02
2.281972885131835938e+01 9.766083374023437500e+02 8.504682006835937500e+02 1.261400375366210938e+02
2.284013748168945312e+01 9.765853271484375000e+02 8.505468139648437500e+02 1.260384826660156250e+02
2.286054801940917969e+01 9.768066406250000000e+02 8.508345947265625000e+02 1.259720230102539062e+02
2.288095474243164062e+01 9.768974609375000000e+02 8.508081665039062500e+02 1.260893554687500000e+02
2.290136528015136719e+01 9.763434448242187500e+02 8.501543579101562500e+02 1.261888961791992188e+02
2.292177200317382812e+01 9.755398559570312500e+02 8.492930908203125000e+02 1.262465820312500000e+02
2.294218254089355469e+01 9.756481933593750000e+02 8.493723144531250000e+02 1.262760086059570312e+02
2.296258926391601562e+01 9.753781738281250000e+02 8.492429199218750000e+02 1.261351547241210938e+02
2.298299980163574219e+01 9.749935913085937500e+02 8.486970825195312500e+02 1.262965393066406250e+02
2.300340652465820312e+01 9.750516357421875000e+02 8.488807373046875000e+02 1.261708984375000000e+02
2.302381515502929688e+01 9.740464477539062500e+02 8.481284179687500000e+02 1.259181060791015625e+02
2.304422569274902344e+01 9.735476074218750000e+02 8.475848388671875000e+02 1.259626922607421875e+02
2.306463241577148438e+01 9.730097656250000000e+02 8.472501831054687500e+02 1.257594909667968750e+02
2.308504295349121094e+01 9.724404296875000000e+02 8.468122558593750000e+02 1.256280517578125000e+02
2.310544967651367188e+01 9.720477905273437500e+02 8.465822753906250000e+02 1.254653854370117188e+02
2.312586021423339844e+01 9.715393066406250000e+02 8.463527221679687500e+02 1.251865921020507812e+02
2.314626693725585938e+01 9.712592773437500000e+02 8.463305053710937500e+02 1.249285736083984375e+02
2.316667747497558594e+01 9.708746337890625000e+02 8.461015014648437500e+02 1.247730484008789062e+02
2.318708610534667969e+01 9.704019775390625000e+02 8.456665649414062500e+02 1.247353057861328125e+02
2.320749664306640625e+01 9.698414306640625000e+02 8.452323608398437500e+02 1.246091995239257812e+02
2.322790336608886719e+01 9.693878784179687500e+02 8.449020385742187500e+02 1.244856948852539062e+02
2.324831008911132812e+01 9.689818115234375000e+02 8.445721435546875000e+02 1.244096221923828125e+02
2.326872062683105469e+01 9.685997314453125000e+02 8.441400756835937500e+02 1.244596252441406250e+02
2.328912734985351562e+01 9.682783813476562500e+02 8.439142456054687500e+02 1.243640899658203125e+02
2.330953788757324219e+01 9.680433959960937500e+02 8.435860595703125000e+02 1.244572296142578125e+02
2.332994651794433594e+01 9.675003662109375000e+02 8.432586059570312500e+02 1.242416992187500000e+02
2.335035514831542969e+01 9.671365356445312500e+02 8.429317016601562500e+02 1.242046966552734375e+02
2.337076377868652344e+01 9.667141113281250000e+02 8.426053466796875000e+02 1.241085510253906250e+02
2.339117431640625000e+01 9.665028076171875000e+02 8.423818359375000000e+02 1.241210098266601562e+02
2.341158103942871094e+01 9.662618408203125000e+02 8.420565185546875000e+02 1.242053146362304688e+02
2.343199157714843750e+01 9.660469970703125000e+02 8.418339233398437500e+02 1.242131042480468750e+02
2.345239830017089844e+01 9.655514526367187500e+02 8.413054809570312500e+02 1.242458953857421875e+02
2.347280502319335938e+01 9.650567016601562500e+02 8.408800048828125000e+02 1.241766128540039062e+02
2.349321556091308594e+01 9.646019287109375000e+02 8.403533935546875000e+02 1.242486114501953125e+02
2.351362419128417969e+01 9.640779418945312500e+02 8.397258300781250000e+02 1.243521347045898438e+02
2.353403472900390625e+01 9.635411987304687500e+02 8.390992431640625000e+02 1.244420394897460938e+02
2.355444145202636719e+01 9.628605346679687500e+02 8.384738769531250000e+02 1.243866424560546875e+02
2.357485198974609375e+01 9.621260986328125000e+02 8.379510498046875000e+02 1.241752166748046875e+02
2.359525871276855469e+01 9.616801757812500000e+02 8.377335815429687500e+02 1.239466247558593750e+02
2.361566925048828125e+01 9.611537475585937500e+02 8.373136596679687500e+02 1.238400650024414062e+02
2.363607597351074219e+01 9.606523437500000000e+02 8.367933959960937500e+02 1.238590240478515625e+02
2.365648651123046875e+01 9.602769775390625000e+02 8.363749389648437500e+02 1.239019165039062500e+02
2.367689514160156250e+01 9.599385986328125000e+02 8.361595458984375000e+02 1.237791442871093750e+02
2.369730567932128906e+01 9.597335205078125000e+02 8.355404663085937500e+02 1.241930770874023438e+02
2.371771240234375000e+01 9.595056152343750000e+02 8.353262329101562500e+02 1.241794204711914062e+02
2.373811912536621094e+01 9.591926879882812500e+02 8.352130737304687500e+02 1.239797363281250000e+02
2.375852966308593750e+01 9.585225219726562500e+02 8.352009277343750000e+02 1.233216247558593750e+02
2.377893638610839844e+01 9.577438964843750000e+02 8.354909057617187500e+02 1.222529296875000000e+02
2.379934692382812500e+01 9.578956909179687500e+02 8.354784545898437500e+02 1.224172286987304688e+02
2.381975364685058594e+01 9.576723632812500000e+02 8.351647338867187500e+02 1.225075988769531250e+02
2.384016418457031250e+01 9.576453247070312500e+02 8.350522460937500000e+02 1.225932083129882812e+02
2.386057281494140625e+01 9.577971191406250000e+02 8.351406250000000000e+02 1.226565551757812500e+02
2.388098335266113281e+01 9.573940429687500000e+02 8.353291015625000000e+02 1.220650634765625000e+02
2.390139007568359375e+01 9.565916748046875000e+02 8.347159423828125000e+02 1.218758544921875000e+02
2.392180061340332031e+01 9.557972412109375000e+02 8.340037841796875000e+02 1.217931823730468750e+02
2.394220733642578125e+01 9.550804443359375000e+02 8.334929199218750000e+02 1.215873947143554688e+02
2.396261405944824219e+01 9.549213256835937500e+02 8.332826538085937500e+02 1.216386489868164062e+02
2.398302459716796875e+01 9.549691772460937500e+02 8.333720092773437500e+02 1.215971832275390625e+02
2.400343322753906250e+01 9.542097167968750000e+02 8.327632446289062500e+02 1.214466476440429688e+02
2.402384376525878906e+01 9.535252685546875000e+02 8.319560546875000000e+02 1.215692443847656250e+02
2.404425048828125000e+01 9.534041137695312500e+02 8.319467773437500000e+02 1.214572753906250000e+02
2.406466102600097656e+01 9.533953247070312500e+02 8.318381347656250000e+02 1.215571975708007812e+02
2.408506774902343750e+01 9.534481811523437500e+02 8.318291015625000000e+02 1.216191024780273438e+02
2.410547828674316406e+01 9.538813476562500000e+02 8.322172241210937500e+02 1.216641616821289062e+02
2.412588500976562500e+01 9.542486572265625000e+02 8.326047363281250000e+02 1.216438674926757812e+02
2.414629554748535156e+01 9.537238769531250000e+02 8.323966674804687500e+02 1.213275604248046875e+02
2.416670417785644531e+01 9.540695190429687500e+02 8.329814453125000000e+02 1.210882415771484375e+02
2.418711090087890625e+01 9.537746582031250000e+02 8.327735595703125000e+02 1.210013504028320312e+02
2.420752143859863281e+01 9.540463867187500000e+02 8.327636108398437500e+02 1.212828140258789062e+02
2.422792816162109375e+01 9.536197509765625000e+02 8.323585815429687500e+02 1.212612228393554688e+02
2.424833869934082031e+01 9.532019653320312500e+02 8.320529785156250000e+02 1.211490554809570312e+02
2.426874542236328125e+01 9.529384765625000000e+02 8.315505981445312500e+02 1.213877716064453125e+02
2.428915596008300781e+01 9.528894653320312500e+02 8.311475219726562500e+02 1.217419967651367188e+02
2.430956268310546875e+01 9.524397583007812500e+02 8.306466064453125000e+02 1.217931900024414062e+02
2.432997322082519531e+01 9.519339599609375000e+02 8.302449951171875000e+02 1.216889343261718750e+02
2.435038185119628906e+01 9.516221923828125000e+02 8.302373046875000000e+02 1.213848495483398438e+02
