# NTRMN  = 65
# NTRANS = 111
11 +1.000000e+00
12 +0.000000e+00
13 +0.000000e+00
14 +0.000000e+00
15 +0.000000e+00
16 +0.000000e+00
17 +2.544257e-02
18 +0.000000e+00
19 +0.000000e+00
20 +0.000000e+00
21 +0.000000e+00
22 +0.000000e+00
23 +0.000000e+00
24 +3.160758e-02
25 +1.604788e-02
26 +0.000000e+00
27 +0.000000e+00
28 +0.000000e+00
29 +0.000000e+00
30 +5.869068e-02
31 +3.154602e-03
32 +3.220959e-03
33 +0.000000e+00
34 +1.051692e-02
35 +1.086394e-02
36 +2.061930e-03
37 +1.258718e-02
38 +0.000000e+00
39 +7.308125e-02
40 +0.000000e+00
41 +0.000000e+00
42 +0.000000e+00
43 +5.400948e-03
44 +2.020001e-02
45 +8.949093e-03
46 +0.000000e+00
47 +2.445092e-02
48 +0.000000e+00
49 +2.715146e-05
50 +1.199014e-02
51 +1.649630e-02
52 +0.000000e+00
53 +0.000000e+00
54 +0.000000e+00
55 +1.273831e-02
56 +0.000000e+00
57 +0.000000e+00
