# NTRMN  = 15
# NTRANS = 56
1.142887115478515625e+01 0.000000000000000000e+00 0.000000000000000000e+00 0.000000000000000000e+00
1.144927978515625000e+01 0.000000000000000000e+00 0.000000000000000000e+00 0.000000000000000000e+00
1.146968936920166016e+01 0.000000000000000000e+00 0.000000000000000000e+00 0.000000000000000000e+00
1.149009799957275391e+01 0.000000000000000000e+00 0.000000000000000000e+00 0.000000000000000000e+00
1.151050662994384766e+01 0.000000000000000000e+00 0.000000000000000000e+00 0.000000000000000000e+00
1.153091526031494141e+01 0.000000000000000000e+00 0.000000000000000000e+00 0.000000000000000000e+00
1.157173252105712891e+01 0.000000000000000000e+00 0.000000000000000000e+00 0.000000000000000000e+00
1.159214115142822266e+01 0.000000000000000000e+00 0.000000000000000000e+00 0.000000000000000000e+00
1.161254978179931641e+01 0.000000000000000000e+00 0.000000000000000000e+00 0.000000000000000000e+00
1.165336799621582031e+01 0.000000000000000000e+00 0.000000000000000000e+00 0.000000000000000000e+00
1.167377567291259766e+01 0.000000000000000000e+00 0.000000000000000000e+00 0.000000000000000000e+00
1.169418430328369141e+01 0.000000000000000000e+00 0.000000000000000000e+00 0.000000000000000000e+00
1.171459388732910156e+01 0.000000000000000000e+00 0.000000000000000000e+00 0.000000000000000000e+00
1.175541114807128906e+01 0.000000000000000000e+00 0.000000000000000000e+00 0.000000000000000000e+00
1.177581882476806641e+01 0.000000000000000000e+00 0.000000000000000000e+00 0.000000000000000000e+00
1.179622840881347656e+01 0.000000000000000000e+00 0.000000000000000000e+00 0.000000000000000000e+00
1.181663703918457031e+01 0.000000000000000000e+00 0.000000000000000000e+00 0.000000000000000000e+00
1.183704566955566406e+01 0.000000000000000000e+00 0.000000000000000000e+00 0.000000000000000000e+00
1.185745429992675781e+01 0.000000000000000000e+00 0.000000000000000000e+00 0.000000000000000000e+00
1.187786388397216797e+01 0.000000000000000000e+00 0.000000000000000000e+00 0.000000000000000000e+00
1.193908882141113281e+01 0.000000000000000000e+00 0.000000000000000000e+00 0.000000000000000000e+00
1.195949840545654297e+01 0.000000000000000000e+00 0.000000000000000000e+00 0.000000000000000000e+00
1.197990703582763672e+01 0.000000000000000000e+00 0.000000000000000000e+00 0.000000000000000000e+00
1.200031566619873047e+01 0.000000000000000000e+00 0.000000000000000000e+00 0.000000000000000000e+00
1.202072334289550781e+01 0.000000000000000000e+00 0.000000000000000000e+00 0.000000000000000000e+00
1.204113292694091797e+01 0.000000000000000000e+00 0.000000000000000000e+00 0.000000000000000000e+00
1.206154155731201172e+01 0.000000000000000000e+00 0.000000000000000000e+00 0.000000000000000000e+00
1.208195018768310547e+01 0.000000000000000000e+00 0.000000000000000000e+00 0.000000000000000000e+00
1.210235881805419922e+01 0.000000000000000000e+00 0.000000000000000000e+00 0.000000000000000000e+00
1.212276744842529297e+01 0.000000000000000000e+00 0.000000000000000000e+00 0.000000000000000000e+00
1.214317607879638672e+01 0.000000000000000000e+00 0.000000000000000000e+00 0.000000000000000000e+00
1.216358470916748047e+01 0.000000000000000000e+00 0.000000000000000000e+00 0.000000000000000000e+00
1.218399333953857422e+01 0.000000000000000000e+00 0.000000000000000000e+00 0.000000000000000000e+00
1.220440292358398438e+01 0.000000000000000000e+00 0.000000000000000000e+00 0.000000000000000000e+00
1.222481155395507812e+01 0.000000000000000000e+00 0.000000000000000000e+00 0.000000000000000000e+00
1.224521923065185547e+01 0.000000000000000000e+00 0.000000000000000000e+00 0.000000000000000000e+00
1.226562786102294922e+01 0.000000000000000000e+00 0.000000000000000000e+00 0.000000000000000000e+00
1.228603744506835938e+01 0.000000000000000000e+00 0.000000000000000000e+00 0.000000000000000000e+00
1.230644607543945312e+01 0.000000000000000000e+00 0.000000000000000000e+00 0.000000000000000000e+00
1.232685470581054688e+01 0.000000000000000000e+00 0.000000000000000000e+00 0.000000000000000000e+00
1.234726333618164062e+01 0.000000000000000000e+00 0.000000000000000000e+00 0.000000000000000000e+00
1.236767196655273438e+01 0.000000000000000000e+00 0.000000000000000000e+00 0.000000000000000000e+00
1.238808059692382812e+01 0.000000000000000000e+00 0.000000000000000000e+00 0.000000000000000000e+00
1.240848922729492188e+01 0.000000000000000000e+00 0.000000000000000000e+00 0.000000000000000000e+00
1.242889785766601562e+01 0.000000000000000000e+00 0.000000000000000000e+00 0.000000000000000000e+00
1.244930744171142578e+01 0.000000000000000000e+00 0.000000000000000000e+00 0.000000000000000000e+00
1.246971511840820312e+01 0.000000000000000000e+00 0.000000000000000000e+00 0.000000000000000000e+00
1.249012374877929688e+01 0.000000000000000000e+00 0.000000000000000000e+00 0.000000000000000000e+00
1.251053237915039062e+01 0.000000000000000000e+00 0.000000000000000000e+00 0.000000000000000000e+00
1.253094196319580078e+01 0.000000000000000000e+00 0.000000000000000000e+00 0.000000000000000000e+00
1.255135059356689453e+01 0.000000000000000000e+00 0.000000000000000000e+00 0.000000000000000000e+00
1.257175922393798828e+01 0.000000000000000000e+00 0.000000000000000000e+00 0.000000000000000000e+00
1.259216690063476562e+01 0.000000000000000000e+00 0.000000000000000000e+00 0.000000000000000000e+00
1.261257648468017578e+01 0.000000000000000000e+00 0.000000000000000000e+00 0.000000000000000000e+00
1.263298511505126953e+01 0.000000000000000000e+00 0.000000000000000000e+00 0.000000000000000000e+00
1.265339374542236328e+01 0.000000000000000000e+00 0.000000000000000000e+00 0.000000000000000000e+00
1.267380237579345703e+01 0.000000000000000000e+00 0.000000000000000000e+00 0.000000000000000000e+00
1.269421100616455078e+01 0.000000000000000000e+00 0.000000000000000000e+00 0.000000000000000000e+00
1.271461963653564453e+01 0.000000000000000000e+00 0.000000000000000000e+00 0.000000000000000000e+00
1.273502826690673828e+01 0.000000000000000000e+00 0.000000000000000000e+00 0.000000000000000000e+00
1.275543689727783203e+01 0.000000000000000000e+00 0.000000000000000000e+00 0.000000000000000000e+00
1.277584648132324219e+01 0.000000000000000000e+00 0.000000000000000000e+00 0.000000000000000000e+00
1.279625511169433594e+01 0.000000000000000000e+00 0.000000000000000000e+00 0.000000000000000000e+00
1.281666278839111328e+01 0.000000000000000000e+00 0.000000000000000000e+00 0.000000000000000000e+00
1.283707141876220703e+01 0.000000000000000000e+00 0.000000000000000000e+00 0.000000000000000000e+00
1.285748100280761719e+01 0.000000000000000000e+00 0.000000000000000000e+00 0.000000000000000000e+00
1.287788963317871094e+01 0.000000000000000000e+00 0.000000000000000000e+00 0.000000000000000000e+00
1.289829826354980469e+01 0.000000000000000000e+00 0.000000000000000000e+00 0.000000000000000000e+00
1.295952415466308594e+01 0.000000000000000000e+00 0.000000000000000000e+00 0.000000000000000000e+00
1.297993278503417969e+01 0.000000000000000000e+00 0.000000000000000000e+00 0.000000000000000000e+00
1.300034141540527344e+01 0.000000000000000000e+00 0.000000000000000000e+00 0.000000000000000000e+00
1.302075004577636719e+01 0.000000000000000000e+00 0.000000000000000000e+00 0.000000000000000000e+00
1.304115962982177734e+01 0.000000000000000000e+00 0.000000000000000000e+00 0.000000000000000000e+00
1.312279415130615234e+01 0.000000000000000000e+00 0.000000000000000000e+00 0.000000000000000000e+00
1.314320278167724609e+01 0.000000000000000000e+00 0.000000000000000000e+00 0.000000000000000000e+00
1.320442867279052734e+01 0.000000000000000000e+00 0.000000000000000000e+00 0.000000000000000000e+00
1.322483730316162109e+01 0.000000000000000000e+00 0.000000000000000000e+00 0.000000000000000000e+00
1.324524593353271484e+01 0.000000000000000000e+00 0.000000000000000000e+00 0.000000000000000000e+00
1.326565456390380859e+01 0.000000000000000000e+00 0.000000000000000000e+00 0.000000000000000000e+00
1.336769866943359375e+01 0.000000000000000000e+00 0.000000000000000000e+00 0.000000000000000000e+00
1.338810729980468750e+01 0.000000000000000000e+00 0.000000000000000000e+00 0.000000000000000000e+00
1.340851497650146484e+01 0.000000000000000000e+00 0.000000000000000000e+00 0.000000000000000000e+00
1.342892456054687500e+01 0.000000000000000000e+00 0.000000000000000000e+00 0.000000000000000000e+00
1.344933319091796875e+01 0.000000000000000000e+00 0.000000000000000000e+00 0.000000000000000000e+00
1.346974182128906250e+01 0.000000000000000000e+00 0.000000000000000000e+00 0.000000000000000000e+00
1.349015045166015625e+01 0.000000000000000000e+00 0.000000000000000000e+00 0.000000000000000000e+00
1.351055908203125000e+01 0.000000000000000000e+00 0.000000000000000000e+00 0.000000000000000000e+00
1.353096771240234375e+01 0.000000000000000000e+00 0.000000000000000000e+00 0.000000000000000000e+00
1.355137634277343750e+01 0.000000000000000000e+00 0.000000000000000000e+00 0.000000000000000000e+00
1.361260223388671875e+01 0.000000000000000000e+00 0.000000000000000000e+00 0.000000000000000000e+00
1.363301086425781250e+01 0.000000000000000000e+00 0.000000000000000000e+00 0.000000000000000000e+00
1.365341949462890625e+01 0.000000000000000000e+00 0.000000000000000000e+00 0.000000000000000000e+00
1.367382907867431641e+01 0.000000000000000000e+00 0.000000000000000000e+00 0.000000000000000000e+00
1.369423770904541016e+01 0.000000000000000000e+00 0.000000000000000000e+00 0.000000000000000000e+00
1.371464633941650391e+01 0.000000000000000000e+00 0.000000000000000000e+00 0.000000000000000000e+00
1.373505496978759766e+01 0.000000000000000000e+00 0.000000000000000000e+00 0.000000000000000000e+00
1.375546360015869141e+01 0.000000000000000000e+00 0.000000000000000000e+00 0.000000000000000000e+00
1.377587318420410156e+01 0.000000000000000000e+00 0.000000000000000000e+00 0.000000000000000000e+00
1.383709812164306641e+01 1.839928328990936279e-02 1.839928328990936279e-02 4.714022141388829468e-13
1.387791538238525391e+01 2.835005335509777069e-02 2.835005335509777069e-02 8.021142886179000175e-13
1.397995948791503906e+01 5.656021833419799805e-02 5.656021833419799805e-02 7.962593800460437965e-13
1.402077770233154297e+01 5.640409514307975769e-02 5.640409514307975769e-02 2.210633585908450272e-12
1.404118442535400391e+01 6.831624358892440796e-02 6.831624358892440796e-02 2.395712968283891797e-12
1.410241127014160156e+01 8.277958631515502930e-02 8.277958631515502930e-02 5.116433318685942311e-11
1.414322853088378906e+01 9.224787354469299316e-02 9.224787354469299316e-02 6.444442202102607098e-11
1.416363716125488281e+01 9.211494773626327515e-02 9.211494773626327515e-02 7.076883523637889084e-11
1.426568031311035156e+01 1.042934581637382507e-01 1.042934581637382507e-01 2.285705791305048251e-10
1.430649757385253906e+01 9.529471397399902344e-02 9.529471397399902344e-02 3.035394158246162988e-10
1.432690715789794922e+01 9.515896439552307129e-02 9.515896439552307129e-02 3.287156102871335861e-10
1.434731578826904297e+01 1.009469330310821533e-01 1.009469330310821533e-01 3.449689423007384903e-10
1.436772441864013672e+01 1.235468238592147827e-01 1.235468238592147827e-01 3.505144785531655316e-10
1.438813304901123047e+01 1.327721029520034790e-01 1.327721029520034790e-01 3.572156181963492827e-10
1.440854167938232422e+01 1.425527632236480713e-01 1.425527632236480713e-01 3.823406591330069659e-10
1.442895126342773438e+01 1.606012880802154541e-01 1.606012880802154541e-01 3.827935468603271829e-10
1.444935989379882812e+01 1.462919712066650391e-01 1.462919712066650391e-01 3.925059444132017461e-10
1.446976852416992188e+01 1.460856348276138306e-01 1.460856348276138306e-01 3.987373209390909778e-10
1.457181072235107422e+01 1.784251928329467773e-01 1.697873473167419434e-01 8.637836202979087830e-03
1.459222030639648438e+01 1.994068026542663574e-01 1.903847604990005493e-01 9.022032842040061951e-03
1.461262893676757812e+01 2.028169482946395874e-01 1.923304945230484009e-01 1.048646122217178345e-02
1.485753345489501953e+01 2.301745414733886719e-01 1.891602128744125366e-01 4.101434350013732910e-02
1.487794208526611328e+01 2.482868731021881104e-01 2.073241919279098511e-01 4.096268862485885620e-02
1.497998523712158203e+01 3.244997859001159668e-01 2.835783064365386963e-01 4.092148691415786743e-02
1.516366481781005859e+01 3.318450152873992920e-01 2.919047474861145020e-01 3.994026035070419312e-02
1.518407344818115234e+01 3.543648719787597656e-01 3.140577077865600586e-01 4.030712693929672241e-02
1.540856838226318359e+01 3.824401199817657471e-01 3.435064256191253662e-01 3.893368691205978394e-02
1.544938468933105469e+01 4.032151401042938232e-01 3.608057498931884766e-01 4.240936785936355591e-02
1.546979331970214844e+01 4.124824106693267822e-01 3.679123818874359131e-01 4.457006976008415222e-02
1.557183837890625000e+01 4.293677508831024170e-01 3.848718404769897461e-01 4.449592903256416321e-02
1.559224700927734375e+01 4.434355497360229492e-01 3.991839289665222168e-01 4.425162822008132935e-02
1.569428920745849609e+01 4.511731266975402832e-01 4.092487990856170654e-01 4.192433133721351624e-02
1.583715152740478516e+01 4.740177690982818604e-01 4.330678880214691162e-01 4.094991832971572876e-02
1.593919372558593750e+01 4.794124662876129150e-01 4.388562142848968506e-01 4.055626317858695984e-02
1.595960235595703125e+01 5.012182593345642090e-01 4.580947756767272949e-01 4.312351346015930176e-02
1.598001194000244141e+01 4.935124516487121582e-01 4.485213160514831543e-01 4.499113932251930237e-02
1.600041961669921875e+01 4.959332942962646484e-01 4.495202004909515381e-01 4.641308635473251343e-02
1.602083015441894531e+01 5.084126591682434082e-01 4.620969593524932861e-01 4.631571471691131592e-02
1.604123878479003906e+01 5.132504701614379883e-01 4.670307338237762451e-01 4.621974751353263855e-02
1.616368865966796875e+01 5.140217542648315430e-01 4.672693312168121338e-01 4.675244539976119995e-02
1.632695960998535156e+01 5.177397131919860840e-01 4.751328825950622559e-01 4.260687530040740967e-02
1.649022865295410156e+01 5.683300495147705078e-01 5.213838815689086914e-01 4.694615304470062256e-02
1.653104782104492188e+01 5.735599398612976074e-01 5.245133042335510254e-01 4.904663562774658203e-02
1.655145645141601562e+01 5.771191120147705078e-01 5.287117958068847656e-01 4.840738326311111450e-02
1.657186508178710938e+01 5.780868530273437500e-01 5.287829041481018066e-01 4.930394142866134644e-02
1.659227180480957031e+01 5.799362659454345703e-01 5.309460163116455078e-01 4.899024963378906250e-02
1.663308906555175781e+01 5.905621647834777832e-01 5.407972931861877441e-01 4.976484179496765137e-02
1.665349769592285156e+01 5.930699706077575684e-01 5.426501035690307617e-01 5.041990429162979126e-02
1.667390823364257812e+01 5.987746715545654297e-01 5.486620068550109863e-01 5.011268705129623413e-02
1.669431686401367188e+01 6.030409932136535645e-01 5.518630146980285645e-01 5.117793381214141846e-02
1.671472549438476562e+01 6.117853522300720215e-01 5.612146854400634766e-01 5.057062953710556030e-02
1.673513412475585938e+01 6.058542728424072266e-01 5.551660060882568359e-01 5.068831145763397217e-02
1.675554275512695312e+01 6.091985702514648438e-01 5.603475570678710938e-01 4.885103553533554077e-02
1.677595138549804688e+01 6.081213355064392090e-01 5.581675171852111816e-01 4.995384812355041504e-02
1.683717727661132812e+01 6.055102348327636719e-01 5.577729344367980957e-01 4.773731529712677002e-02
1.685758590698242188e+01 6.159388422966003418e-01 5.678902864456176758e-01 4.804853349924087524e-02
1.687799453735351562e+01 6.150354743003845215e-01 5.656434297561645508e-01 4.939205944538116455e-02
1.689840316772460938e+01 6.225767135620117188e-01 5.773559808731079102e-01 4.522077739238739014e-02
1.691881179809570312e+01 6.192682981491088867e-01 5.739710927009582520e-01 4.529719054698944092e-02
1.693922042846679688e+01 6.196221709251403809e-01 5.743395090103149414e-01 4.528268799185752869e-02
1.704126548767089844e+01 6.346909999847412109e-01 5.872659087181091309e-01 4.742509499192237854e-02
1.714330673217773438e+01 6.399770975112915039e-01 5.915204286575317383e-01 4.845672100782394409e-02
1.716371536254882812e+01 6.340454816818237305e-01 5.863538384437561035e-01 4.769164323806762695e-02
1.720453453063964844e+01 6.475088000297546387e-01 5.986684560775756836e-01 4.884033650159835815e-02
1.722494316101074219e+01 6.353505849838256836e-01 5.873966813087463379e-01 4.795389994978904724e-02
1.724535179138183594e+01 6.406964063644409180e-01 5.919070839881896973e-01 4.878935590386390686e-02
1.734739494323730469e+01 6.669610738754272461e-01 6.158870458602905273e-01 5.107398331165313721e-02
1.736780357360839844e+01 6.684566736221313477e-01 6.170929670333862305e-01 5.136376991868019104e-02
1.738821220397949219e+01 6.747045516967773438e-01 6.231147646903991699e-01 5.158978700637817383e-02
1.742902946472167969e+01 6.768058538436889648e-01 6.242651343345642090e-01 5.254071950912475586e-02
1.744943809509277344e+01 6.933264136314392090e-01 6.408210992813110352e-01 5.250537768006324768e-02
1.746984672546386719e+01 6.814995408058166504e-01 6.284248232841491699e-01 5.307474359869956970e-02
1.751066398620605469e+01 6.953448653221130371e-01 6.432287693023681641e-01 5.211611837148666382e-02
1.753107261657714844e+01 6.902836561203002930e-01 6.379054188728332520e-01 5.237828940153121948e-02
1.755148124694824219e+01 6.936371922492980957e-01 6.411190629005432129e-01 5.251813679933547974e-02
1.757188987731933594e+01 6.992265582084655762e-01 6.454151868820190430e-01 5.381140485405921936e-02
1.765352439880371094e+01 7.003278732299804688e-01 6.457528471946716309e-01 5.457508563995361328e-02
1.767393493652343750e+01 7.067691087722778320e-01 6.534727215766906738e-01 5.329641327261924744e-02
1.769434356689453125e+01 7.009360194206237793e-01 6.479161381721496582e-01 5.301992222666740417e-02
1.771475219726562500e+01 7.040482759475708008e-01 6.521697640419006348e-01 5.187855288386344910e-02
1.773516082763671875e+01 7.000882029533386230e-01 6.481797099113464355e-01 5.190857499837875366e-02
1.775556755065917969e+01 7.052418589591979980e-01 6.547153592109680176e-01 5.052651464939117432e-02
1.777597618103027344e+01 7.038885354995727539e-01 6.522128582000732422e-01 5.167568102478981018e-02
1.783720397949218750e+01 7.019725441932678223e-01 6.509807705879211426e-01 5.099180713295936584e-02
1.785761260986328125e+01 7.004321813583374023e-01 6.492983698844909668e-01 5.113375931978225708e-02
1.787802124023437500e+01 7.046959996223449707e-01 6.529089808464050293e-01 5.178704857826232910e-02
1.789842987060546875e+01 7.076742649078369141e-01 6.565113663673400879e-01 5.116283148527145386e-02
1.800047302246093750e+01 7.153358459472656250e-01 6.624981164932250977e-01 5.283775925636291504e-02
1.806169891357421875e+01 7.174391746520996094e-01 6.640297174453735352e-01 5.340945720672607422e-02
1.808210754394531250e+01 7.169426083564758301e-01 6.639422178268432617e-01 5.300046503543853760e-02
1.814333343505859375e+01 7.263963818550109863e-01 6.729170083999633789e-01 5.347932130098342896e-02
1.818415260314941406e+01 7.268435955047607422e-01 6.733812093734741211e-01 5.346249043941497803e-02
1.820456123352050781e+01 7.301368117332458496e-01 6.765712499618530273e-01 5.356558412313461304e-02
1.822496795654296875e+01 7.394539117813110352e-01 6.843517422676086426e-01 5.510219186544418335e-02
1.824537658691406250e+01 7.306755185127258301e-01 6.783379316329956055e-01 5.233758687973022461e-02
1.826578521728515625e+01 7.336757779121398926e-01 6.808565258979797363e-01 5.281928554177284241e-02
1.832701301574707031e+01 7.309684753417968750e-01 6.785819530487060547e-01 5.238652974367141724e-02
1.834742164611816406e+01 7.348023056983947754e-01 6.817414164543151855e-01 5.306095629930496216e-02
1.849028205871582031e+01 7.248084545135498047e-01 6.738846898078918457e-01 5.092375725507736206e-02
1.851069068908691406e+01 7.266728878021240234e-01 6.744350194931030273e-01 5.223785713315010071e-02
1.853109931945800781e+01 7.252349853515625000e-01 6.736922264099121094e-01 5.154277384281158447e-02
1.855150794982910156e+01 7.296699285507202148e-01 6.781127452850341797e-01 5.155718699097633362e-02
1.857191658020019531e+01 7.284849286079406738e-01 6.767230629920959473e-01 5.176185816526412964e-02
1.859232521057128906e+01 7.306265830993652344e-01 6.779115796089172363e-01 5.271499231457710266e-02
1.861273384094238281e+01 7.319493889808654785e-01 6.803836226463317871e-01 5.156584829092025757e-02
1.865355110168457031e+01 7.347602248191833496e-01 6.827449202537536621e-01 5.201534181833267212e-02
1.867395973205566406e+01 7.336172461509704590e-01 6.813578605651855469e-01 5.225950479507446289e-02
1.869436836242675781e+01 7.328192591667175293e-01 6.806139945983886719e-01 5.220526456832885742e-02
1.871477699279785156e+01 7.370193004608154297e-01 6.849884390830993652e-01 5.203087627887725830e-02
1.873518562316894531e+01 7.365363240242004395e-01 6.842422485351562500e-01 5.229412764310836792e-02
1.875559425354003906e+01 7.413475513458251953e-01 6.892413496971130371e-01 5.210618674755096436e-02
1.877600288391113281e+01 7.419351339340209961e-01 6.891296505928039551e-01 5.280552804470062256e-02
1.879641151428222656e+01 7.452017664909362793e-01 6.928390264511108398e-01 5.236274749040603638e-02
1.881682205200195312e+01 7.438303232192993164e-01 6.914514303207397461e-01 5.237890034914016724e-02
1.883723068237304688e+01 7.562320828437805176e-01 7.027753591537475586e-01 5.345673859119415283e-02
1.885763931274414062e+01 7.566407322883605957e-01 7.032841444015502930e-01 5.335656926035881042e-02
1.887804794311523438e+01 7.610045075416564941e-01 7.082302570343017578e-01 5.277420580387115479e-02
1.889845657348632812e+01 7.629586458206176758e-01 7.093655467033386230e-01 5.359315872192382812e-02
1.891886329650878906e+01 7.677177786827087402e-01 7.142944335937500000e-01 5.342334881424903870e-02
1.893927192687988281e+01 7.714537978172302246e-01 7.179487347602844238e-01 5.350504070520401001e-02
1.895968055725097656e+01 7.722970843315124512e-01 7.184386253356933594e-01 5.385847389698028564e-02
1.898009109497070312e+01 7.756464481353759766e-01 7.220805287361145020e-01 5.356599390506744385e-02
1.904131698608398438e+01 7.807812094688415527e-01 7.279306054115295410e-01 5.285066366195678711e-02
1.906172561645507812e+01 7.892264127731323242e-01 7.365703582763671875e-01 5.265601724386215210e-02
1.908213424682617188e+01 7.891343235969543457e-01 7.351552248001098633e-01 5.397909507155418396e-02
1.910254287719726562e+01 7.971341013908386230e-01 7.418889999389648438e-01 5.524513125419616699e-02
1.912295150756835938e+01 7.900111079216003418e-01 7.360898256301879883e-01 5.392130464315414429e-02
1.914336013793945312e+01 7.908858060836791992e-01 7.371808886528015137e-01 5.370492488145828247e-02
1.916376876831054688e+01 7.976456284523010254e-01 7.445155978202819824e-01 5.313009023666381836e-02
1.918417739868164062e+01 7.936795949935913086e-01 7.406038045883178711e-01 5.307581275701522827e-02
1.920458602905273438e+01 7.938788533210754395e-01 7.398167252540588379e-01 5.406220257282257080e-02
1.922499465942382812e+01 7.935419678688049316e-01 7.390313744544982910e-01 5.451060831546783447e-02
1.924540328979492188e+01 7.966983914375305176e-01 7.426013350486755371e-01 5.409703403711318970e-02
1.926581192016601562e+01 7.897757887840270996e-01 7.349804639816284180e-01 5.479533225297927856e-02
1.928622055053710938e+01 7.948832511901855469e-01 7.410296797752380371e-01 5.385363101959228516e-02
1.930663108825683594e+01 7.920887470245361328e-01 7.383863329887390137e-01 5.370245501399040222e-02
1.932703971862792969e+01 7.951028347015380859e-01 7.407032251358032227e-01 5.439962446689605713e-02
1.934744834899902344e+01 7.922334671020507812e-01 7.380659580230712891e-01 5.416754260659217834e-02
1.936785507202148438e+01 7.876354455947875977e-01 7.341982126235961914e-01 5.343728512525558472e-02
1.938826370239257812e+01 7.906181812286376953e-01 7.365121841430664062e-01 5.410606414079666138e-02
1.940867233276367188e+01 7.972248196601867676e-01 7.437549233436584473e-01 5.346988886594772339e-02
1.942908096313476562e+01 7.852026224136352539e-01 7.312684655189514160e-01 5.393423885107040405e-02
1.944948959350585938e+01 7.880918979644775391e-01 7.348091006278991699e-01 5.328281596302986145e-02
1.951071739196777344e+01 7.815834283828735352e-01 7.288222312927246094e-01 5.276125669479370117e-02
1.953112602233886719e+01 7.768390178680419922e-01 7.243835330009460449e-01 5.245552211999893188e-02
1.955153465270996094e+01 7.846042513847351074e-01 7.321982979774475098e-01 5.240596085786819458e-02
1.957194328308105469e+01 7.792171835899353027e-01 7.271538376808166504e-01 5.206336081027984619e-02
1.959235191345214844e+01 7.786449193954467773e-01 7.263963818550109863e-01 5.224855989217758179e-02
1.961275863647460938e+01 7.781727910041809082e-01 7.262508869171142578e-01 5.192192643880844116e-02
1.963316917419433594e+01 7.740847468376159668e-01 7.224476337432861328e-01 5.163720995187759399e-02
1.969439506530761719e+01 7.756188511848449707e-01 7.244560718536376953e-01 5.116280168294906616e-02
1.971480369567871094e+01 7.721977233886718750e-01 7.212774753570556641e-01 5.092018097639083862e-02
1.973521232604980469e+01 7.752126455307006836e-01 7.241706848144531250e-01 5.104198306798934937e-02
1.975562095642089844e+01 7.764099240303039551e-01 7.252402305603027344e-01 5.116973817348480225e-02
1.989848136901855469e+01 7.842067480087280273e-01 7.338685393333435059e-01 5.033819377422332764e-02
1.993929862976074219e+01 7.784987092018127441e-01 7.281641960144042969e-01 5.033453553915023804e-02
1.995970916748046875e+01 7.844436168670654297e-01 7.340161800384521484e-01 5.042745172977447510e-02
2.000052642822265625e+01 7.855554819107055664e-01 7.349120378494262695e-01 5.064348876476287842e-02
2.002093505859375000e+01 7.837532162666320801e-01 7.329672574996948242e-01 5.078598111867904663e-02
2.012297821044921875e+01 7.959809899330139160e-01 7.447156906127929688e-01 5.126525834202766418e-02
2.014338684082031250e+01 7.971183061599731445e-01 7.463380098342895508e-01 5.078036338090896606e-02
2.016379547119140625e+01 7.982551455497741699e-01 7.467698454856872559e-01 5.148527026176452637e-02
2.018420410156250000e+01 7.987651824951171875e-01 7.483868598937988281e-01 5.037837475538253784e-02
2.020461273193359375e+01 8.018093109130859375e-01 7.500005364418029785e-01 5.180884152650833130e-02
2.022502136230468750e+01 8.102076053619384766e-01 7.587128877639770508e-01 5.149478465318679810e-02
2.024542999267578125e+01 8.110691308975219727e-01 7.597216367721557617e-01 5.134754255414009094e-02
2.026583862304687500e+01 8.202065825462341309e-01 7.684066295623779297e-01 5.179996788501739502e-02
2.028624725341796875e+01 8.363205790519714355e-01 7.847445607185363770e-01 5.157602205872535706e-02
2.030665588378906250e+01 8.243318200111389160e-01 7.727565765380859375e-01 5.157522857189178467e-02
2.032706451416015625e+01 8.259288072586059570e-01 7.743360996246337891e-01 5.159276351332664490e-02
2.034747314453125000e+01 8.309316635131835938e-01 7.794420123100280762e-01 5.148965120315551758e-02
2.042910766601562500e+01 8.356949090957641602e-01 7.839441895484924316e-01 5.175075307488441467e-02
2.049033546447753906e+01 8.370307683944702148e-01 7.851065993309020996e-01 5.192422121763229370e-02
2.053115081787109375e+01 8.379838466644287109e-01 7.864607572555541992e-01 5.152306705713272095e-02
2.055155944824218750e+01 8.552114367485046387e-01 8.037346005439758301e-01 5.147683620452880859e-02
2.059237670898437500e+01 8.697205781936645508e-01 8.178356289863586426e-01 5.188500508666038513e-02
2.061278724670410156e+01 8.319301009178161621e-01 7.804425954818725586e-01 5.148752033710479736e-02
2.075564765930175781e+01 8.145524859428405762e-01 7.629603147506713867e-01 5.159217119216918945e-02
2.077605628967285156e+01 8.137819170951843262e-01 7.622108459472656250e-01 5.157110467553138733e-02
2.079646492004394531e+01 8.120054602622985840e-01 7.614628672599792480e-01 5.054258182644844055e-02
2.081687355041503906e+01 8.050861358642578125e-01 7.543914318084716797e-01 5.069475620985031128e-02
2.083728218078613281e+01 8.072293400764465332e-01 7.570990920066833496e-01 5.013025179505348206e-02
2.087809944152832031e+01 8.014677762985229492e-01 7.504591941833496094e-01 5.100863799452781677e-02
2.100055122375488281e+01 8.033786416053771973e-01 7.529228925704956055e-01 5.045571923255920410e-02
2.102095985412597656e+01 8.008170723915100098e-01 7.510530948638916016e-01 4.976400360465049744e-02
2.104136848449707031e+01 8.018296957015991211e-01 7.514622807502746582e-01 5.036741495132446289e-02
2.106177711486816406e+01 8.006813526153564453e-01 7.513025403022766113e-01 4.937885701656341553e-02
2.108218574523925781e+01 8.034163117408752441e-01 7.534140348434448242e-01 5.000222846865653992e-02
2.110259437561035156e+01 8.026885390281677246e-01 7.532525062561035156e-01 4.943610727787017822e-02
2.112300491333007812e+01 8.039069771766662598e-01 7.542247772216796875e-01 4.968219995498657227e-02
2.114341354370117188e+01 8.049212694168090820e-01 7.551950812339782715e-01 4.972621053457260132e-02
2.116382217407226562e+01 8.068714141845703125e-01 7.572946548461914062e-01 4.957681149244308472e-02
2.118423080444335938e+01 8.078389763832092285e-01 7.582601308822631836e-01 4.957888647913932800e-02
2.120463943481445312e+01 8.085589408874511719e-01 7.592237591743469238e-01 4.933517426252365112e-02
2.122504615783691406e+01 8.089870810508728027e-01 7.596216201782226562e-01 4.936550185084342957e-02
2.124545478820800781e+01 8.058630228042602539e-01 7.566383481025695801e-01 4.922475665807723999e-02
2.126586532592773438e+01 8.124713897705078125e-01 7.626665234565734863e-01 4.980494081974029541e-02
2.128627395629882812e+01 8.118770122528076172e-01 7.619352936744689941e-01 4.994168877601623535e-02
2.130668258666992188e+01 8.127775192260742188e-01 7.634525299072265625e-01 4.932501167058944702e-02
2.132709121704101562e+01 8.117764592170715332e-01 7.627219557762145996e-01 4.905451834201812744e-02
2.134749984741210938e+01 8.136475086212158203e-01 7.647962570190429688e-01 4.885128140449523926e-02
2.136790847778320312e+01 8.141385912895202637e-01 7.651860713958740234e-01 4.895251989364624023e-02
2.138831710815429688e+01 8.161572217941284180e-01 7.672541141510009766e-01 4.890315607190132141e-02
2.140872573852539062e+01 8.171661496162414551e-01 7.676408886909484863e-01 4.952529072761535645e-02
2.142913436889648438e+01 8.180610537528991699e-01 7.691440582275390625e-01 4.891702532768249512e-02
2.144954490661621094e+01 8.174951076507568359e-01 7.689703106880187988e-01 4.852476716041564941e-02
2.146995162963867188e+01 8.186867833137512207e-01 7.699119448661804199e-01 4.877478629350662231e-02
2.149036026000976562e+01 8.160190582275390625e-01 7.680667638778686523e-01 4.795236885547637939e-02
2.151076889038085938e+01 8.043831586837768555e-01 7.545397877693176270e-01 4.984332621097564697e-02
2.153117752075195312e+01 8.202014565467834473e-01 7.716139554977416992e-01 4.858744889497756958e-02
2.155158615112304688e+01 8.235337138175964355e-01 7.747709751129150391e-01 4.876272380352020264e-02
2.157199478149414062e+01 8.205823302268981934e-01 7.718185186386108398e-01 4.876380413770675659e-02
2.159240341186523438e+01 8.199324607849121094e-01 7.716434001922607422e-01 4.828912392258644104e-02
2.161281394958496094e+01 8.170815706253051758e-01 7.692533135414123535e-01 4.782820120453834534e-02
2.163322257995605469e+01 8.172116875648498535e-01 7.696341276168823242e-01 4.757755249738693237e-02
2.165363121032714844e+01 8.184234499931335449e-01 7.711198329925537109e-01 4.730362445116043091e-02
2.167403984069824219e+01 8.170055747032165527e-01 7.692892551422119141e-01 4.771631211042404175e-02
2.169444656372070312e+01 8.134549260139465332e-01 7.658069133758544922e-01 4.764799773693084717e-02
2.171485519409179688e+01 8.169059753417968750e-01 7.700481414794921875e-01 4.685781151056289673e-02
2.173526382446289062e+01 8.126678466796875000e-01 7.660208344459533691e-01 4.664706438779830933e-02
2.175567245483398438e+01 8.130068182945251465e-01 7.658524513244628906e-01 4.715438932180404663e-02
2.177608299255371094e+01 8.083311915397644043e-01 7.612869739532470703e-01 4.704423993825912476e-02
2.179649162292480469e+01 8.134723901748657227e-01 7.677131891250610352e-01 4.575922712683677673e-02
2.181690025329589844e+01 8.074579238891601562e-01 7.609599828720092773e-01 4.649795591831207275e-02
2.185771751403808594e+01 8.023719787597656250e-01 7.562533020973205566e-01 4.611868411302566528e-02
2.187812614440917969e+01 8.038758039474487305e-01 7.577362060546875000e-01 4.613956436514854431e-02
2.189853477478027344e+01 8.023971915245056152e-01 7.564834356307983398e-01 4.591379314661026001e-02
2.191894340515136719e+01 8.033578395843505859e-01 7.574173808097839355e-01 4.594042897224426270e-02
2.193935203552246094e+01 7.968223690986633301e-01 7.512570619583129883e-01 4.556532204151153564e-02
2.195976066589355469e+01 8.028000593185424805e-01 7.560095191001892090e-01 4.679057747125625610e-02
2.198016929626464844e+01 8.008728027343750000e-01 7.547630667686462402e-01 4.610979557037353516e-02
2.200057792663574219e+01 8.049299120903015137e-01 7.595034241676330566e-01 4.542650654911994934e-02
2.202098655700683594e+01 7.993469238281250000e-01 7.539075613021850586e-01 4.543937742710113525e-02
2.204139518737792969e+01 8.028308749198913574e-01 7.575538158416748047e-01 4.527713730931282043e-02
2.206180381774902344e+01 8.010361194610595703e-01 7.557680010795593262e-01 4.526814073324203491e-02
2.208221244812011719e+01 8.008685708045959473e-01 7.556115388870239258e-01 4.525709897279739380e-02
2.210262298583984375e+01 8.008842468261718750e-01 7.559968829154968262e-01 4.488745331764221191e-02
2.212303161621093750e+01 8.032165169715881348e-01 7.585457563400268555e-01 4.467075318098068237e-02
2.214344024658203125e+01 8.015217781066894531e-01 7.556844949722290039e-01 4.583736881613731384e-02
2.216384696960449219e+01 8.025584220886230469e-01 7.576889395713806152e-01 4.486957564949989319e-02
2.218425559997558594e+01 8.051406741142272949e-01 7.607687711715698242e-01 4.437194764614105225e-02
2.220466423034667969e+01 8.045783042907714844e-01 7.600695490837097168e-01 4.450873285531997681e-02
2.222507286071777344e+01 8.015899658203125000e-01 7.566787600517272949e-01 4.491131007671356201e-02
2.224548149108886719e+01 8.042278885841369629e-01 7.592129111289978027e-01 4.501496627926826477e-02
2.226589202880859375e+01 8.031288385391235352e-01 7.585170269012451172e-01 4.461178556084632874e-02
2.228630065917968750e+01 8.042954206466674805e-01 7.599707841873168945e-01 4.432464390993118286e-02
2.230670928955078125e+01 8.044984936714172363e-01 7.603486180305480957e-01 4.414993152022361755e-02
2.232711791992187500e+01 8.051595091819763184e-01 7.607257366180419922e-01 4.443381726741790771e-02
2.234752655029296875e+01 8.043098449707031250e-01 7.600310444831848145e-01 4.427882656455039978e-02
2.236793518066406250e+01 8.062500953674316406e-01 7.620132565498352051e-01 4.423690959811210632e-02
2.238834190368652344e+01 8.064158558845520020e-01 7.623878717422485352e-01 4.402804374694824219e-02
2.240875053405761719e+01 8.063332438468933105e-01 7.622277140617370605e-01 4.410554468631744385e-02
2.242916107177734375e+01 8.082447052001953125e-01 7.642024159431457520e-01 4.404227435588836670e-02
2.244956970214843750e+01 8.058186769485473633e-01 7.619081735610961914e-01 4.391054809093475342e-02
2.246997833251953125e+01 8.067061305046081543e-01 7.628142237663269043e-01 4.389195889234542847e-02
2.249038696289062500e+01 8.061970472335815430e-01 7.621220350265502930e-01 4.407503083348274231e-02
2.251079559326171875e+01 8.101981282234191895e-01 7.662165760993957520e-01 4.398151487112045288e-02
2.253120422363281250e+01 8.073680400848388672e-01 7.633975744247436523e-01 4.397049546241760254e-02
2.255161285400390625e+01 8.078029155731201172e-01 7.637682557106018066e-01 4.403466358780860901e-02
2.257202148437500000e+01 8.074537515640258789e-01 7.636079192161560059e-01 4.384585469961166382e-02
2.259243011474609375e+01 8.068111538887023926e-01 7.629181146621704102e-01 4.389309138059616089e-02
2.261283874511718750e+01 8.045802116394042969e-01 7.606416344642639160e-01 4.393858835101127625e-02
2.263324737548828125e+01 8.057302236557006836e-01 7.620711326599121094e-01 4.365917667746543884e-02
2.265365600585937500e+01 8.063439726829528809e-01 7.624413967132568359e-01 4.390257596969604492e-02
2.267406463623046875e+01 8.061379194259643555e-01 7.622829675674438477e-01 4.385493695735931396e-02
2.269447326660156250e+01 8.065806627273559570e-01 7.626522779464721680e-01 4.392842948436737061e-02
2.271488189697265625e+01 8.029509782791137695e-01 7.593323588371276855e-01 4.361867904663085938e-02
2.273529052734375000e+01 8.051392436027526855e-01 7.612830996513366699e-01 4.385616630315780640e-02
2.275570106506347656e+01 8.076708316802978516e-01 7.637563347816467285e-01 4.391454905271530151e-02
2.277610969543457031e+01 8.049661517143249512e-01 7.609698772430419922e-01 4.399634152650833130e-02
2.279651832580566406e+01 8.016737103462219238e-01 7.576632499694824219e-01 4.401049017906188965e-02
2.281692695617675781e+01 8.040772676467895508e-01 7.601330876350402832e-01 4.394420608878135681e-02
2.283733558654785156e+01 8.042497634887695312e-01 7.599779367446899414e-01 4.427191615104675293e-02
2.285774230957031250e+01 7.995713949203491211e-01 7.556338906288146973e-01 4.393751546740531921e-02
2.287815093994140625e+01 8.003839850425720215e-01 7.570525407791137695e-01 4.333139955997467041e-02
2.289855957031250000e+01 7.981805801391601562e-01 7.542868852615356445e-01 4.389373213052749634e-02
2.291897010803222656e+01 7.960730791091918945e-01 7.520484328269958496e-01 4.402467608451843262e-02
2.293937873840332031e+01 7.952753305435180664e-01 7.513793110847473145e-01 4.389601200819015503e-02
2.295978736877441406e+01 7.946757674217224121e-01 7.507114410400390625e-01 4.396436363458633423e-02
2.298019599914550781e+01 7.914749383926391602e-01 7.479612827301025391e-01 4.351367056369781494e-02
2.300060462951660156e+01 7.904081940650939941e-01 7.467771768569946289e-01 4.363099485635757446e-02
2.302101325988769531e+01 7.893772721290588379e-01 7.455952763557434082e-01 4.378206282854080200e-02
2.304142189025878906e+01 7.863237857818603516e-01 7.423374652862548828e-01 4.398629069328308105e-02
2.316387367248535156e+01 7.802201509475708008e-01 7.368629574775695801e-01 4.335730150341987610e-02
2.318428230285644531e+01 7.789529561996459961e-01 7.351818084716796875e-01 4.377113655209541321e-02
2.320469093322753906e+01 7.781460881233215332e-01 7.345352172851562500e-01 4.361085593700408936e-02
2.328632736206054688e+01 7.802874445915222168e-01 7.365862131118774414e-01 4.370115697383880615e-02
2.334755134582519531e+01 7.821292877197265625e-01 7.392687201499938965e-01 4.286062717437744141e-02
2.336795997619628906e+01 7.843401432037353516e-01 7.416964173316955566e-01 4.264365881681442261e-02
2.338836860656738281e+01 7.842772006988525391e-01 7.420727014541625977e-01 4.220448434352874756e-02
2.342918777465820312e+01 7.888613939285278320e-01 7.463996410369873047e-01 4.246181622147560120e-02
2.357204818725585938e+01 7.840846776962280273e-01 7.418760061264038086e-01 4.220877587795257568e-02
2.359245681762695312e+01 8.041608929634094238e-01 7.635574936866760254e-01 4.060338437557220459e-02
2.361286544799804688e+01 8.054282665252685547e-01 7.644182443618774414e-01 4.101007804274559021e-02
2.369449996948242188e+01 8.025512695312500000e-01 7.617846131324768066e-01 4.076666757464408875e-02
2.371490859985351562e+01 8.151646852493286133e-01 7.742519378662109375e-01 4.091271013021469116e-02
2.373531723022460938e+01 8.120250701904296875e-01 7.715690135955810547e-01 4.045603424310684204e-02
2.375572776794433594e+01 8.142318129539489746e-01 7.729216217994689941e-01 4.131019115447998047e-02
2.377613449096679688e+01 8.138174414634704590e-01 7.732650041580200195e-01 4.055245965719223022e-02
2.379654312133789062e+01 8.176970481872558594e-01 7.771288156509399414e-01 4.056822508573532104e-02
2.381695175170898438e+01 8.145006299018859863e-01 7.739500999450683594e-01 4.055048525333404541e-02
2.383736038208007812e+01 8.187592625617980957e-01 7.783087491989135742e-01 4.045050591230392456e-02
2.387817764282226562e+01 8.192518353462219238e-01 7.784821987152099609e-01 4.076973721385002136e-02
2.389858627319335938e+01 8.215861916542053223e-01 7.808224558830261230e-01 4.076378792524337769e-02
2.393940544128417969e+01 8.175487518310546875e-01 7.769911885261535645e-01 4.055754095315933228e-02
2.400063133239746094e+01 8.178694844245910645e-01 7.765051722526550293e-01 4.136428982019424438e-02
2.402103805541992188e+01 8.190864324569702148e-01 7.788351774215698242e-01 4.025129228830337524e-02
2.406185722351074219e+01 8.206710815429687500e-01 7.800013422966003418e-01 4.066978394985198975e-02
2.408226585388183594e+01 8.224996328353881836e-01 7.823224067687988281e-01 4.017727077007293701e-02
2.410267448425292969e+01 8.188287019729614258e-01 7.786803841590881348e-01 4.014828428626060486e-02
2.412308311462402344e+01 8.194431662559509277e-01 7.790139317512512207e-01 4.042921215295791626e-02
2.414349174499511719e+01 8.223685026168823242e-01 7.823216319084167480e-01 4.004692286252975464e-02
2.420471763610839844e+01 8.217288255691528320e-01 7.818262577056884766e-01 3.990258276462554932e-02
2.426594352722167969e+01 8.191162943840026855e-01 7.788671255111694336e-01 4.024923965334892273e-02
2.428635215759277344e+01 8.185532689094543457e-01 7.782126069068908691e-01 4.034072905778884888e-02
2.430676078796386719e+01 8.181273937225341797e-01 7.780515551567077637e-01 4.007583856582641602e-02
2.434757804870605469e+01 8.155508041381835938e-01 7.742891907691955566e-01 4.126165807247161865e-02
2.444962310791015625e+01 8.095787167549133301e-01 7.690992951393127441e-01 4.047942906618118286e-02
2.447002983093261719e+01 8.042349219322204590e-01 7.640555500984191895e-01 4.017936438322067261e-02
2.451084709167480469e+01 8.025235533714294434e-01 7.627831697463989258e-01 3.974040225148200989e-02
2.457207489013671875e+01 7.977394461631774902e-01 7.579597830772399902e-01 3.977967798709869385e-02
2.459248352050781250e+01 8.017364144325256348e-01 7.621979713439941406e-01 3.953846544027328491e-02
2.463330078125000000e+01 7.905122637748718262e-01 7.507308721542358398e-01 3.978142142295837402e-02
2.465370941162109375e+01 7.936938405036926270e-01 7.535079717636108398e-01 4.018580913543701172e-02
2.471493530273437500e+01 7.911832332611083984e-01 7.511571049690246582e-01 4.002608358860015869e-02
2.473534393310546875e+01 7.894470691680908203e-01 7.495694756507873535e-01 3.987763077020645142e-02
2.483738708496093750e+01 7.917060852050781250e-01 7.517909407615661621e-01 3.991518542170524597e-02
2.485779571533203125e+01 7.897003889083862305e-01 7.497291564941406250e-01 3.997122868895530701e-02
2.487820434570312500e+01 7.902534008026123047e-01 7.500763535499572754e-01 4.017711430788040161e-02
2.489861488342285156e+01 7.859331965446472168e-01 7.470579147338867188e-01 3.887531906366348267e-02
2.491902351379394531e+01 7.913669347763061523e-01 7.512494325637817383e-01 4.011746495962142944e-02
2.493943023681640625e+01 7.937303781509399414e-01 7.539942860603332520e-01 3.973614051938056946e-02
2.502106475830078125e+01 7.975065708160400391e-01 7.577531933784484863e-01 3.975339233875274658e-02
2.504147338867187500e+01 7.987552881240844727e-01 7.590476274490356445e-01 3.970767185091972351e-02
2.506188392639160156e+01 7.981044650077819824e-01 7.584294676780700684e-01 3.967501968145370483e-02
2.508229255676269531e+01 8.006258606910705566e-01 7.606756091117858887e-01 3.995027393102645874e-02
2.510270118713378906e+01 7.995430827140808105e-01 7.600571513175964355e-01 3.948596119880676270e-02
2.512310981750488281e+01 8.046847581863403320e-01 7.651569843292236328e-01 3.952778130769729614e-02
2.514351844787597656e+01 8.057332038879394531e-01 7.654879689216613770e-01 4.024524241685867310e-02
2.516392517089843750e+01 8.043643236160278320e-01 7.648671865463256836e-01 3.949714452028274536e-02
2.518433380126953125e+01 8.089371323585510254e-01 7.694754600524902344e-01 3.946169093251228333e-02
2.520474243164062500e+01 8.079969286918640137e-01 7.688523530960083008e-01 3.914453089237213135e-02
2.522515296936035156e+01 8.112512826919555664e-01 7.720264196395874023e-01 3.922490775585174561e-02
2.524556159973144531e+01 8.115162849426269531e-01 7.723505496978759766e-01 3.916572779417037964e-02
2.526597023010253906e+01 8.148193359375000000e-01 7.755166292190551758e-01 3.930266946554183960e-02
2.528637886047363281e+01 8.158707618713378906e-01 7.767841219902038574e-01 3.908666223287582397e-02
2.530678749084472656e+01 8.184333443641662598e-01 7.789955735206604004e-01 3.943785279989242554e-02
2.532719612121582031e+01 8.182631731033325195e-01 7.788404822349548340e-01 3.942272812128067017e-02
2.534760475158691406e+01 8.211124539375305176e-01 7.819910645484924316e-01 3.912140429019927979e-02
2.536801338195800781e+01 8.172685503959655762e-01 7.780591249465942383e-01 3.920943662524223328e-02
2.538842201232910156e+01 8.246247172355651855e-01 7.854483723640441895e-01 3.917632624506950378e-02
2.540883064270019531e+01 8.239597678184509277e-01 7.852886319160461426e-01 3.867118433117866516e-02
2.542923927307128906e+01 8.267157673835754395e-01 7.874826192855834961e-01 3.923315927386283875e-02
2.544964790344238281e+01 8.308349847793579102e-01 7.915543317794799805e-01 3.928071260452270508e-02
2.547005653381347656e+01 8.297528028488159180e-01 7.904502153396606445e-01 3.930266201496124268e-02
2.549046516418457031e+01 8.329852819442749023e-01 7.931042909622192383e-01 3.988099098205566406e-02
2.551087379455566406e+01 8.324424028396606445e-01 7.929389476776123047e-01 3.950351104140281677e-02
2.553128242492675781e+01 8.328683972358703613e-01 7.937116622924804688e-01 3.915680944919586182e-02
2.555169296264648438e+01 8.339701294898986816e-01 7.949513792991638184e-01 3.901877999305725098e-02
2.557210159301757812e+01 8.329865932464599609e-01 7.938489317893981934e-01 3.913766145706176758e-02
2.559251022338867188e+01 8.363506197929382324e-01 7.969573736190795898e-01 3.939324617385864258e-02
2.561291885375976562e+01 8.344735503196716309e-01 7.953877449035644531e-01 3.908586129546165466e-02
2.563332557678222656e+01 8.374175429344177246e-01 7.984901666641235352e-01 3.892736136913299561e-02
2.565373420715332031e+01 8.356205821037292480e-01 7.964551448822021484e-01 3.916545957326889038e-02
2.567414283752441406e+01 8.366565108299255371e-01 7.976868748664855957e-01 3.896965831518173218e-02
2.569455146789550781e+01 8.331543207168579102e-01 7.937923669815063477e-01 3.936199098825454712e-02
2.571496200561523438e+01 8.357263803482055664e-01 7.968861460685729980e-01 3.884020447731018066e-02
2.573537063598632812e+01 8.351560831069946289e-01 7.962542176246643066e-01 3.890190646052360535e-02
2.575577926635742188e+01 8.351297974586486816e-01 7.965527176856994629e-01 3.857712447643280029e-02
2.577618789672851562e+01 8.346846699714660645e-01 7.959219813346862793e-01 3.876274824142456055e-02
2.579659652709960938e+01 8.332599997520446777e-01 7.948283553123474121e-01 3.843170776963233948e-02
2.581700515747070312e+01 8.336682915687561035e-01 7.951272726058959961e-01 3.854103758931159973e-02
2.583741378784179688e+01 8.320010304450988770e-01 7.940359115600585938e-01 3.796512633562088013e-02
2.585782241821289062e+01 8.302502632141113281e-01 7.920205593109130859e-01 3.822974860668182373e-02
2.587823104858398438e+01 8.285610079765319824e-01 7.904709577560424805e-01 3.809014707803726196e-02
2.589863967895507812e+01 8.282032012939453125e-01 7.903102040290832520e-01 3.789298236370086670e-02
2.591904830932617188e+01 8.269936442375183105e-01 7.887642383575439453e-01 3.822941333055496216e-02
2.593945693969726562e+01 8.281705975532531738e-01 7.904508709907531738e-01 3.771972656250000000e-02
2.595986557006835938e+01 8.247561454772949219e-01 7.870629429817199707e-01 3.769316524267196655e-02
2.598027420043945312e+01 8.231365680694580078e-01 7.855232954025268555e-01 3.761332482099533081e-02
2.600068283081054688e+01 8.214493989944458008e-01 7.839860320091247559e-01 3.746335580945014954e-02
2.602109146118164062e+01 8.197436332702636719e-01 7.824510335922241211e-01 3.729259967803955078e-02
2.604150009155273438e+01 8.181559443473815918e-01 7.809185981750488281e-01 3.723730146884918213e-02
2.606191062927246094e+01 8.158764243125915527e-01 7.789292931556701660e-01 3.694713860750198364e-02
2.608231925964355469e+01 8.152915835380554199e-01 7.783197760581970215e-01 3.697180375456809998e-02
2.610272598266601562e+01 8.144332766532897949e-01 7.777112722396850586e-01 3.672207891941070557e-02
2.612313461303710938e+01 8.139883875846862793e-01 7.771037220954895020e-01 3.688467293977737427e-02
2.614354324340820312e+01 8.106485009193420410e-01 7.737499475479125977e-01 3.689853101968765259e-02
2.616395187377929688e+01 8.097687959671020508e-01 7.736039161682128906e-01 3.616492822766304016e-02
2.618436050415039062e+01 8.097265958786010742e-01 7.734581232070922852e-01 3.626849129796028137e-02
2.620477104187011719e+01 8.100395798683166504e-01 7.737692594528198242e-01 3.627034649252891541e-02
2.622517967224121094e+01 8.061937093734741211e-01 7.699721455574035645e-01 3.622155264019966125e-02
2.624558830261230469e+01 8.072857856750488281e-01 7.711976170539855957e-01 3.608813136816024780e-02
2.626599693298339844e+01 8.069422245025634766e-01 7.710542082786560059e-01 3.588799014687538147e-02
2.628640556335449219e+01 8.077948093414306641e-01 7.718215584754943848e-01 3.597328439354896545e-02
2.630681419372558594e+01 8.057655096054077148e-01 7.698578238487243652e-01 3.590775653719902039e-02
2.632722091674804688e+01 8.055216670036315918e-01 7.697157263755798340e-01 3.580592572689056396e-02
2.634762954711914062e+01 8.048506975173950195e-01 7.691195011138916016e-01 3.573130071163177490e-02
2.636804008483886719e+01 8.050715327262878418e-01 7.694320678710937500e-01 3.563944995403289795e-02
2.638844871520996094e+01 8.039714097976684570e-01 7.683833837509155273e-01 3.558797389268875122e-02
2.640885734558105469e+01 8.042367696762084961e-01 7.686960697174072266e-01 3.554067015647888184e-02
2.642926597595214844e+01 8.045484423637390137e-01 7.690082192420959473e-01 3.554017469286918640e-02
2.644967460632324219e+01 8.043547272682189941e-01 7.688674330711364746e-01 3.548733517527580261e-02
2.647008323669433594e+01 8.041694164276123047e-01 7.687268257141113281e-01 3.544259443879127502e-02
2.649049186706542969e+01 8.045437932014465332e-01 7.690382003784179688e-01 3.550569340586662292e-02
2.651090049743652344e+01 8.065108060836791992e-01 7.711551785469055176e-01 3.535570204257965088e-02
2.653130912780761719e+01 8.045998811721801758e-01 7.692085504531860352e-01 3.539143130183219910e-02
2.655171966552734375e+01 8.039515614509582520e-01 7.686173319816589355e-01 3.533418104052543640e-02
2.657212638854980469e+01 8.036471605300903320e-01 7.680270075798034668e-01 3.562019765377044678e-02
2.659253501892089844e+01 8.048508167266845703e-01 7.696881294250488281e-01 3.516265004873275757e-02
2.661294364929199219e+01 8.042303919792175293e-01 7.690978646278381348e-01 3.513261675834655762e-02
2.663335227966308594e+01 8.066579103469848633e-01 7.712050676345825195e-01 3.545284271240234375e-02
2.665376091003417969e+01 8.053578138351440430e-01 7.701653838157653809e-01 3.519250452518463135e-02
2.667416954040527344e+01 8.057484030723571777e-01 7.704736590385437012e-01 3.527481108903884888e-02
2.669458007812500000e+01 8.063440322875976562e-01 7.712298035621643066e-01 3.511424362659454346e-02
2.671498870849609375e+01 8.063033223152160645e-01 7.710886001586914062e-01 3.521475568413734436e-02
2.673539733886718750e+01 8.065737485885620117e-01 7.713953852653503418e-01 3.517833724617958069e-02
2.675580596923828125e+01 8.065242767333984375e-01 7.712543606758117676e-01 3.526994585990905762e-02
2.677621459960937500e+01 8.066699504852294922e-01 7.715605497360229492e-01 3.510932251811027527e-02
2.679662132263183594e+01 8.069637417793273926e-01 7.718662619590759277e-01 3.509748354554176331e-02
2.681702995300292969e+01 8.071784377098083496e-01 7.721716165542602539e-01 3.500685095787048340e-02
2.683743858337402344e+01 8.067451119422912598e-01 7.715843915939331055e-01 3.516072034835815430e-02
2.685784912109375000e+01 8.065003752708435059e-01 7.714437246322631836e-01 3.505674004554748535e-02
2.687825775146484375e+01 8.048627376556396484e-01 7.699673175811767578e-01 3.489539399743080139e-02
2.689866638183593750e+01 8.059940934181213379e-01 7.711631059646606445e-01 3.483100980520248413e-02
2.691907501220703125e+01 8.056091070175170898e-01 7.710230946540832520e-01 3.458608686923980713e-02
2.693948364257812500e+01 8.056639432907104492e-01 7.708832621574401855e-01 3.478076681494712830e-02
2.695989227294921875e+01 8.008737564086914062e-01 7.667479515075683594e-01 3.412587568163871765e-02
2.698030090332031250e+01 8.042814731597900391e-01 7.697169780731201172e-01 3.456453979015350342e-02
2.700070953369140625e+01 8.050903677940368652e-01 7.704650759696960449e-01 3.462537750601768494e-02
2.702111816406250000e+01 8.019846677780151367e-01 7.676684260368347168e-01 3.431634232401847839e-02
2.704152679443359375e+01 8.018831610679626465e-01 7.675316929817199707e-01 3.435143828392028809e-02
2.706193542480468750e+01 7.993611097335815430e-01 7.651836276054382324e-01 3.417745977640151978e-02
2.708234405517578125e+01 7.987079620361328125e-01 7.646070122718811035e-01 3.410099446773529053e-02
2.710275268554687500e+01 7.981854081153869629e-01 7.640312314033508301e-01 3.415422141551971436e-02
2.712316131591796875e+01 7.968605160713195801e-01 7.625736594200134277e-01 3.428686410188674927e-02
2.714356994628906250e+01 7.951219081878662109e-01 7.611184120178222656e-01 3.400349989533424377e-02
2.716397857666015625e+01 7.933326363563537598e-01 7.596653103828430176e-01 3.366730734705924988e-02
2.718438720703125000e+01 7.901526093482971191e-01 7.564530968666076660e-01 3.369949758052825928e-02
2.720479774475097656e+01 7.884783744812011719e-01 7.550056576728820801e-01 3.347274661064147949e-02
2.722520446777343750e+01 7.871456146240234375e-01 7.535603642463684082e-01 3.358520939946174622e-02
2.724561500549316406e+01 7.859849333763122559e-01 7.521172761917114258e-01 3.386768326163291931e-02
2.726602172851562500e+01 7.842351198196411133e-01 7.506763935089111328e-01 3.355881571769714355e-02
2.728643226623535156e+01 7.812357544898986816e-01 7.479215264320373535e-01 3.331425413489341736e-02
2.730683898925781250e+01 7.800345420837402344e-01 7.469242215156555176e-01 3.311032801866531372e-02
2.732724952697753906e+01 7.767181396484375000e-01 7.437382936477661133e-01 3.297978639602661133e-02
2.734765815734863281e+01 7.759672999382019043e-01 7.427456378936767578e-01 3.322171419858932495e-02
2.736806488037109375e+01 7.724374532699584961e-01 7.395676374435424805e-01 3.286991268396377563e-02
2.738847541809082031e+01 7.710705399513244629e-01 7.381424903869628906e-01 3.292809426784515381e-02
2.740888214111328125e+01 7.684930562973022461e-01 7.358461022377014160e-01 3.264701366424560547e-02
2.742929267883300781e+01 7.666157484054565430e-01 7.339894175529479980e-01 3.262633085250854492e-02
2.744969940185546875e+01 7.647114992141723633e-01 7.321355938911437988e-01 3.257594630122184753e-02
2.747010993957519531e+01 7.630354762077331543e-01 7.307201027870178223e-01 3.231537342071533203e-02
2.749051666259765625e+01 7.612541913986206055e-01 7.288714647293090820e-01 3.238275274634361267e-02
2.751092720031738281e+01 7.593752741813659668e-01 7.270254492759704590e-01 3.234983980655670166e-02
2.753133583068847656e+01 7.573522329330444336e-01 7.251822948455810547e-01 3.216988965868949890e-02
2.755174636840820312e+01 7.555675506591796875e-01 7.233417630195617676e-01 3.222581744194030762e-02
2.757215309143066406e+01 7.548748254776000977e-01 7.228063941001892090e-01 3.206846117973327637e-02
2.759256362915039062e+01 7.534531354904174805e-01 7.214040756225585938e-01 3.204905986785888672e-02
2.761297035217285156e+01 7.521270513534545898e-01 7.200040221214294434e-01 3.212301433086395264e-02
2.763337707519531250e+01 7.513708472251892090e-01 7.194722890853881836e-01 3.189862519502639771e-02
2.765378761291503906e+01 7.512263059616088867e-01 7.193741202354431152e-01 3.185219690203666687e-02
2.767419624328613281e+01 7.498831152915954590e-01 7.179785966873168945e-01 3.190451115369796753e-02
2.769460678100585938e+01 7.491252422332763672e-01 7.174494266510009766e-01 3.167590498924255371e-02
2.771501350402832031e+01 7.478737831115722656e-01 7.160574793815612793e-01 3.181630745530128479e-02
2.773542404174804688e+01 7.471330165863037109e-01 7.155305147171020508e-01 3.160252422094345093e-02
2.775583076477050781e+01 7.465282678604125977e-01 7.150044441223144531e-01 3.152384608983993530e-02
2.777624130249023438e+01 7.466074228286743164e-01 7.149099111557006836e-01 3.169748559594154358e-02
2.779664802551269531e+01 7.464597225189208984e-01 7.148156762123107910e-01 3.164411708712577820e-02
2.781705856323242188e+01 7.462881803512573242e-01 7.147215008735656738e-01 3.156675770878791809e-02
2.783746528625488281e+01 7.461639642715454102e-01 7.146275043487548828e-01 3.153646737337112427e-02
2.785787391662597656e+01 7.460555434226989746e-01 7.145336270332336426e-01 3.152199089527130127e-02
2.787828445434570312e+01 7.458992004394531250e-01 7.144398689270019531e-01 3.145934641361236572e-02
2.789869117736816406e+01 7.453276515007019043e-01 7.139173150062561035e-01 3.141034767031669617e-02
2.791910171508789062e+01 7.456866502761840820e-01 7.142527699470520020e-01 3.143397718667984009e-02
2.793950843811035156e+01 7.460302114486694336e-01 7.145879864692687988e-01 3.144220262765884399e-02
2.795991897583007812e+01 7.467573881149291992e-01 7.153506278991699219e-01 3.140681609511375427e-02
2.798032569885253906e+01 7.465785741806030273e-01 7.152566909790039062e-01 3.132193535566329956e-02
2.800073623657226562e+01 7.468785643577575684e-01 7.155902385711669922e-01 3.128834813833236694e-02
2.802114486694335938e+01 7.467957735061645508e-01 7.154962420463562012e-01 3.129951655864715576e-02
2.804155540466308594e+01 7.476274967193603516e-01 7.162560224533081055e-01 3.137151524424552917e-02
2.806196212768554688e+01 7.478179335594177246e-01 7.165881395339965820e-01 3.122985549271106720e-02
2.808236885070800781e+01 7.472763657569885254e-01 7.160674333572387695e-01 3.120889514684677124e-02
2.810277938842773438e+01 7.484049797058105469e-01 7.172511219978332520e-01 3.115386702120304108e-02
2.812318611145019531e+01 7.493002414703369141e-01 7.180074453353881836e-01 3.129279986023902893e-02
2.814359664916992188e+01 7.492581009864807129e-01 7.179120182991027832e-01 3.134608641266822815e-02
2.816400527954101562e+01 7.492441534996032715e-01 7.182418107986450195e-01 3.100236319005489349e-02
2.818441581726074219e+01 7.489084005355834961e-01 7.181463837623596191e-01 3.076200187206268311e-02
2.820482254028320312e+01 7.510937452316284180e-01 7.197487354278564453e-01 3.134499862790107727e-02
2.822523307800292969e+01 7.518309354782104492e-01 7.205004692077636719e-01 3.133050352334976196e-02
2.824563980102539062e+01 7.519941926002502441e-01 7.208274006843566895e-01 3.116689249873161316e-02
2.826605033874511719e+01 7.524114251136779785e-01 7.211539149284362793e-01 3.125761449337005615e-02
2.828645706176757812e+01 7.527233958244323730e-01 7.214798927307128906e-01 3.124349750578403473e-02
2.830686378479003906e+01 7.533174753189086914e-01 7.222282886505126953e-01 3.108919598162174225e-02
2.832727432250976562e+01 7.540355920791625977e-01 7.229755520820617676e-01 3.106013871729373932e-02
2.834768295288085938e+01 7.538186907768249512e-01 7.228773236274719238e-01 3.094143979251384735e-02
2.836809349060058594e+01 7.542466521263122559e-01 7.232010364532470703e-01 3.104561939835548401e-02
2.838850021362304688e+01 7.558724284172058105e-01 7.247894406318664551e-01 3.108302876353263855e-02
2.840891075134277344e+01 7.552902102470397949e-01 7.242686748504638672e-01 3.102152980864048004e-02
2.842931747436523438e+01 7.560011744499206543e-01 7.250118851661682129e-01 3.098938241600990295e-02
2.844972801208496094e+01 7.562748193740844727e-01 7.253332138061523438e-01 3.094162978231906891e-02
2.847013473510742188e+01 7.570219039916992188e-01 7.260745763778686523e-01 3.094732202589511871e-02
2.849054527282714844e+01 7.591974735260009766e-01 7.280751466751098633e-01 3.112244233489036560e-02
2.851095390319824219e+01 7.577676177024841309e-01 7.267143130302429199e-01 3.105335123836994171e-02
2.853136062622070312e+01 7.566469907760620117e-01 7.257750630378723145e-01 3.087197244167327881e-02
2.855177116394042969e+01 7.568888664245605469e-01 7.260946631431579590e-01 3.079415857791900635e-02
2.857217788696289062e+01 7.578387856483459473e-01 7.268328070640563965e-01 3.100598976016044617e-02
2.859258842468261719e+01 7.576286792755126953e-01 7.267326116561889648e-01 3.089614585041999817e-02
2.861299514770507812e+01 7.573866844177246094e-01 7.266326546669006348e-01 3.075411170721054077e-02
2.863340568542480469e+01 7.561407685279846191e-01 7.252786159515380859e-01 3.086217865347862244e-02
2.865381431579589844e+01 7.557368874549865723e-01 7.251797914505004883e-01 3.055707737803459167e-02
2.867422294616699219e+01 7.543064951896667480e-01 7.238287925720214844e-01 3.047776594758033752e-02
2.869463157653808594e+01 7.542143464088439941e-01 7.237311005592346191e-01 3.048329427838325500e-02
2.871504211425781250e+01 7.535598874092102051e-01 7.232166528701782227e-01 3.034323453903198242e-02
2.873544883728027344e+01 7.528970241546630859e-01 7.222865223884582520e-01 3.061059489846229553e-02
2.875585937500000000e+01 7.519916892051696777e-01 7.217738628387451172e-01 3.021794930100440979e-02
2.877626609802246094e+01 7.511152625083923340e-01 7.208460569381713867e-01 3.026920557022094727e-02
2.879667282104492188e+01 7.501170635223388672e-01 7.199195623397827148e-01 3.019754588603973389e-02
2.881708335876464844e+01 7.482429146766662598e-01 7.181635499000549316e-01 3.007941506803035736e-02
2.883749198913574219e+01 7.467933893203735352e-01 7.168252468109130859e-01 2.996821328997612000e-02
2.885790252685546875e+01 7.461372017860412598e-01 7.163182497024536133e-01 2.981893718242645264e-02
2.887830924987792969e+01 7.450034618377685547e-01 7.149830460548400879e-01 3.002043813467025757e-02
2.889871978759765625e+01 7.425671815872192383e-01 7.128213047981262207e-01 2.974592335522174835e-02
2.891912651062011719e+01 7.412073016166687012e-01 7.114905118942260742e-01 2.971687354147434235e-02
2.893953704833984375e+01 7.401237487792968750e-01 7.105751037597656250e-01 2.954859286546707153e-02
2.895994377136230469e+01 7.388060092926025391e-01 7.092477679252624512e-01 2.955827862024307251e-02
2.898035430908203125e+01 7.368370890617370605e-01 7.075091600418090820e-01 2.932794019579887390e-02
2.900076293945312500e+01 7.359507679939270020e-01 7.065985798835754395e-01 2.935225516557693481e-02
2.902116966247558594e+01 7.349753379821777344e-01 7.056892514228820801e-01 2.928617224097251892e-02
2.904158020019531250e+01 7.331683039665222168e-01 7.039568424224853516e-01 2.921156957745552063e-02
2.906198692321777344e+01 7.321648597717285156e-01 7.030506730079650879e-01 2.911417186260223389e-02
2.908239746093750000e+01 7.306056618690490723e-01 7.017341256141662598e-01 2.887159213423728943e-02
2.910280418395996094e+01 7.301909923553466797e-01 7.012420892715454102e-01 2.894890494644641876e-02
2.912321472167968750e+01 7.284212708473205566e-01 6.995176076889038086e-01 2.890365198254585266e-02
2.914362144470214844e+01 7.278279066085815430e-01 6.990277767181396484e-01 2.880014851689338684e-02
2.916403198242187500e+01 7.269340753555297852e-01 6.981281042098999023e-01 2.880601398646831512e-02
2.918444061279296875e+01 7.253659963607788086e-01 6.964095830917358398e-01 2.895643748342990875e-02
2.920485115051269531e+01 7.257652878761291504e-01 6.971523761749267578e-01 2.861294895410537720e-02
2.922525787353515625e+01 7.240504026412963867e-01 6.954368948936462402e-01 2.861351519823074341e-02
2.924566459655761719e+01 7.247480750083923340e-01 6.961794495582580566e-01 2.856867387890815735e-02
2.926607513427734375e+01 7.253811359405517578e-01 6.969208717346191406e-01 2.846035733819007874e-02
2.928648185729980469e+01 7.249196171760559082e-01 6.964352726936340332e-01 2.848439104855060577e-02
2.930689239501953125e+01 7.248190045356750488e-01 6.963587403297424316e-01 2.846029773354530334e-02
2.932730102539062500e+01 7.247217297554016113e-01 6.962823271751403809e-01 2.843948081135749817e-02
2.934771156311035156e+01 7.250225543975830078e-01 6.966137290000915527e-01 2.840887755155563354e-02
2.936811828613281250e+01 7.253919839859008789e-01 6.969448328018188477e-01 2.844722382724285126e-02
2.938852882385253906e+01 7.271969318389892578e-01 6.984971761703491211e-01 2.869975939393043518e-02
2.940893554687500000e+01 7.250190973281860352e-01 6.967915296554565430e-01 2.822762355208396912e-02
2.942934608459472656e+01 7.257640361785888672e-01 6.975284218788146973e-01 2.823563478887081146e-02
2.944975280761718750e+01 7.261201143264770508e-01 6.978580355644226074e-01 2.826208993792533875e-02
2.947016143798828125e+01 7.260092496871948242e-01 6.977809071540832520e-01 2.822840958833694458e-02
2.949057197570800781e+01 7.272365093231201172e-01 6.989214420318603516e-01 2.831515297293663025e-02
2.951097869873046875e+01 7.284126281738281250e-01 7.000604867935180664e-01 2.835217304527759552e-02
2.953138923645019531e+01 7.295276522636413574e-01 7.016032338142395020e-01 2.792441472411155701e-02
2.955179595947265625e+01 7.270377278327941895e-01 6.990935802459716797e-01 2.794412523508071899e-02
2.957220649719238281e+01 7.286688089370727539e-01 7.006348371505737305e-01 2.803401462733745575e-02
2.959261322021484375e+01 7.290213108062744141e-01 7.009606957435607910e-01 2.806067094206809998e-02
2.961302375793457031e+01 7.289275527000427246e-01 7.008817195892333984e-01 2.804581075906753540e-02
2.963343048095703125e+01 7.300558090209960938e-01 7.020146846771240234e-01 2.804117277264595032e-02
2.965384101867675781e+01 7.304338216781616211e-01 7.023388743400573730e-01 2.809492312371730804e-02
2.967424964904785156e+01 7.302907705307006836e-01 7.022592425346374512e-01 2.803158387541770935e-02
2.969465637207031250e+01 7.302725911140441895e-01 7.021796703338623047e-01 2.809298038482666016e-02
2.971506690979003906e+01 7.300692796707153320e-01 7.021002173423767090e-01 2.796915918588638306e-02
2.973547363281250000e+01 7.300280332565307617e-01 7.020208835601806641e-01 2.800716646015644073e-02
2.975588417053222656e+01 7.298777103424072266e-01 7.019415497779846191e-01 2.793622389435768127e-02
2.977629089355468750e+01 7.293931841850280762e-01 7.014604806900024414e-01 2.793271094560623169e-02
2.979670143127441406e+01 7.297264337539672852e-01 7.017834186553955078e-01 2.794306538999080658e-02
2.981711006164550781e+01 7.287775278091430664e-01 7.009016871452331543e-01 2.787586860358715057e-02
2.983752059936523438e+01 7.282758355140686035e-01 7.004222273826599121e-01 2.785366587340831757e-02
2.985792732238769531e+01 7.273324131965637207e-01 6.995425820350646973e-01 2.778988331556320190e-02
2.987833786010742188e+01 7.268189787864685059e-01 6.990647315979003906e-01 2.775429375469684601e-02
2.989874458312988281e+01 7.244653701782226562e-01 6.969863176345825195e-01 2.747913636267185211e-02
2.991915130615234375e+01 7.248983383178710938e-01 6.973109841346740723e-01 2.758733183145523071e-02
2.993956184387207031e+01 7.240589857101440430e-01 6.964358091354370117e-01 2.762327343225479126e-02
2.995997047424316406e+01 7.227298021316528320e-01 6.951624751091003418e-01 2.756731212139129639e-02
2.998037910461425781e+01 7.212932705879211426e-01 6.938906311988830566e-01 2.740267291665077209e-02
3.000078773498535156e+01 7.199790477752685547e-01 6.926206946372985840e-01 2.735835127532482147e-02
3.002119827270507812e+01 7.197099328041076660e-01 6.925485134124755859e-01 2.716144919395446777e-02
3.004160499572753906e+01 7.179501652717590332e-01 6.904843449592590332e-01 2.746591344475746155e-02
3.006201553344726562e+01 7.155747413635253906e-01 6.884229183197021484e-01 2.715188823640346527e-02
3.008242225646972656e+01 7.142251133918762207e-01 6.871601343154907227e-01 2.706500329077243805e-02
3.010283279418945312e+01 7.124897837638854980e-01 6.855013370513916016e-01 2.698849886655807495e-02
3.012323951721191406e+01 7.111073732376098633e-01 6.842421889305114746e-01 2.686516940593719482e-02
3.014365005493164062e+01 7.093102931976318359e-01 6.825876832008361816e-01 2.672260627150535583e-02
3.016405868530273438e+01 7.078900337219238281e-01 6.809354424476623535e-01 2.695462107658386230e-02
3.018446540832519531e+01 7.051993012428283691e-01 6.784923076629638672e-01 2.670709043741226196e-02
3.020487594604492188e+01 7.033880352973937988e-01 6.768450140953063965e-01 2.654306404292583466e-02
3.022528266906738281e+01 7.024877071380615234e-01 6.755959987640380859e-01 2.689173072576522827e-02
3.024569320678710938e+01 6.997014880180358887e-01 6.731613278388977051e-01 2.654017135500907898e-02
3.026609992980957031e+01 6.991732120513916016e-01 6.727074384689331055e-01 2.646582201123237610e-02
3.028651046752929688e+01 6.957847476005554199e-01 6.694876551628112793e-01 2.629711478948593140e-02
3.030691909790039062e+01 6.940528750419616699e-01 6.678519845008850098e-01 2.620089799165725708e-02
3.032732963562011719e+01 6.958193182945251465e-01 6.697705984115600586e-01 2.604868635535240173e-02
3.034773635864257812e+01 6.897892355918884277e-01 6.637984514236450195e-01 2.599082887172698975e-02
3.036814689636230469e+01 6.875340342521667480e-01 6.613815426826477051e-01 2.615250274538993835e-02
3.038855361938476562e+01 6.878172159194946289e-01 6.613313555717468262e-01 2.648583799600601196e-02
3.040896034240722656e+01 6.842244267463684082e-01 6.585257649421691895e-01 2.569877728819847107e-02
3.042937088012695312e+01 6.820139884948730469e-01 6.561173200607299805e-01 2.589670196175575256e-02
3.044977760314941406e+01 6.821449995040893555e-01 6.564637422561645508e-01 2.568127214908599854e-02
3.047018814086914062e+01 6.794139146804809570e-01 6.536670327186584473e-01 2.574689313769340515e-02
3.049059677124023438e+01 6.801106929779052734e-01 6.540146470069885254e-01 2.609603852033615112e-02
3.051100730895996094e+01 6.753379702568054199e-01 6.496540904045104980e-01 2.568387612700462341e-02
3.053141403198242188e+01 6.735072135925292969e-01 6.480437517166137695e-01 2.546349726617336273e-02
3.055182456970214844e+01 6.725147366523742676e-01 6.472190618515014648e-01 2.529573254287242889e-02
3.057223129272460938e+01 6.712742447853088379e-01 6.460040211677551270e-01 2.527025714516639709e-02
3.059264183044433594e+01 6.700773239135742188e-01 6.447905302047729492e-01 2.528675273060798645e-02
3.061304855346679688e+01 6.683511137962341309e-01 6.431877613067626953e-01 2.516333013772964478e-02
3.063345718383789062e+01 6.671318411827087402e-01 6.419777274131774902e-01 2.515410631895065308e-02
3.065386772155761719e+01 6.659201383590698242e-01 6.407693624496459961e-01 2.515077032148838043e-02
3.067427444458007812e+01 6.654587388038635254e-01 6.403430700302124023e-01 2.511576190590858459e-02
3.069468498229980469e+01 6.634057760238647461e-01 6.383574604988098145e-01 2.504839375615119934e-02
3.071509170532226562e+01 6.625772714614868164e-01 6.375436186790466309e-01 2.503368817269802094e-02
3.073550224304199219e+01 6.617811918258666992e-01 6.367307305335998535e-01 2.505043894052505493e-02
3.075590896606445312e+01 6.610028743743896484e-01 6.359191536903381348e-01 2.508378401398658752e-02
3.077631950378417969e+01 6.600427627563476562e-01 6.351084709167480469e-01 2.493435889482498169e-02
3.079672813415527344e+01 6.600977778434753418e-01 6.350763440132141113e-01 2.502145431935787201e-02
3.081713676452636719e+01 6.597305536270141602e-01 6.346557140350341797e-01 2.507486194372177124e-02
3.083754539489746094e+01 6.593191623687744141e-01 6.342356801033020020e-01 2.508351579308509827e-02
3.085795211791992188e+01 6.588673591613769531e-01 6.338162422180175781e-01 2.505107782781124115e-02
3.087836265563964844e+01 6.594251990318298340e-01 6.341725587844848633e-01 2.525259181857109070e-02
3.089876937866210938e+01 6.590821146965026855e-01 6.337537169456481934e-01 2.532845363020896912e-02
3.091917991638183594e+01 6.591291427612304688e-01 6.337224841117858887e-01 2.540668472647666931e-02
3.093958663940429688e+01 6.583289504051208496e-01 6.329176425933837891e-01 2.541131153702735901e-02
3.095999717712402344e+01 6.575397253036499023e-01 6.321136951446533203e-01 2.542606368660926819e-02
3.098040580749511719e+01 6.554990410804748535e-01 6.301519274711608887e-01 2.534717321395874023e-02
3.100081634521484375e+01 6.533772945404052734e-01 6.281926631927490234e-01 2.518466487526893616e-02
3.102122306823730469e+01 6.535186767578125000e-01 6.285510659217834473e-01 2.496770769357681274e-02
3.104163360595703125e+01 6.551527976989746094e-01 6.304513216018676758e-01 2.470151335000991821e-02
3.106204032897949219e+01 6.567035913467407227e-01 6.319639086723327637e-01 2.473961748182773590e-02
3.108244705200195312e+01 6.536595225334167480e-01 6.284682154655456543e-01 2.519133687019348145e-02
3.110285758972167969e+01 6.530755162239074707e-01 6.284406781196594238e-01 2.463486976921558380e-02
3.112326622009277344e+01 6.519092917442321777e-01 6.276440024375915527e-01 2.426536567509174347e-02
3.114367675781250000e+01 6.504651904106140137e-01 6.264640092849731445e-01 2.400124073028564453e-02
3.116408348083496094e+01 6.505550742149353027e-01 6.268219351768493652e-01 2.373314835131168365e-02
3.118449401855468750e+01 6.504494547843933105e-01 6.267955303192138672e-01 2.365396171808242798e-02
3.120490074157714844e+01 6.506479382514953613e-01 6.271527409553527832e-01 2.349520288407802582e-02
3.122531127929687500e+01 6.522039175033569336e-01 6.290428042411804199e-01 2.316115796566009521e-02
3.124571800231933594e+01 6.577371954917907715e-01 6.355273723602294922e-01 2.220989763736724854e-02
3.126612854003906250e+01 6.720930933952331543e-01 6.496599912643432617e-01 2.243310026824474335e-02
3.128653526306152344e+01 6.612084507942199707e-01 6.377588510513305664e-01 2.344960905611515045e-02
3.130694580078125000e+01 6.544057130813598633e-01 6.308435201644897461e-01 2.356229349970817566e-02
3.132735443115234375e+01 6.523445844650268555e-01 6.289042234420776367e-01 2.344039827585220337e-02
3.134776115417480469e+01 6.515751481056213379e-01 6.281130313873291016e-01 2.346215955913066864e-02
3.136817169189453125e+01 6.531118750572204590e-01 6.299937963485717773e-01 2.311809360980987549e-02
3.138857841491699219e+01 6.528484821319580078e-01 6.295841932296752930e-01 2.326429076492786407e-02
3.140898895263671875e+01 6.514156460762023926e-01 6.280318498611450195e-01 2.338379062712192535e-02
3.142939567565917969e+01 6.504646539688110352e-01 6.272432208061218262e-01 2.322147972881793976e-02
3.144980621337890625e+01 6.495438814163208008e-01 6.264555454254150391e-01 2.308835461735725403e-02
3.147021484375000000e+01 6.474061608314514160e-01 6.245278716087341309e-01 2.287830784916877747e-02
3.149062538146972656e+01 6.477698683738708496e-01 6.252635121345520020e-01 2.250640466809272766e-02
3.151103210449218750e+01 6.529750227928161621e-01 6.309361457824707031e-01 2.203890495002269745e-02
3.153144264221191406e+01 6.719313859939575195e-01 6.491284966468811035e-01 2.280290611088275909e-02
3.155184936523437500e+01 6.501799225807189941e-01 6.248089075088500977e-01 2.537100389599800110e-02
3.157225608825683594e+01 6.335940957069396973e-01 6.088612079620361328e-01 2.473292127251625061e-02
3.159266662597656250e+01 6.270552873611450195e-01 6.027848124504089355e-01 2.427042275667190552e-02
3.161307525634765625e+01 6.218536496162414551e-01 5.978521704673767090e-01 2.400152385234832764e-02
3.163348579406738281e+01 6.194829940795898438e-01 5.955744981765747070e-01 2.390851825475692749e-02
3.165389251708984375e+01 6.206319332122802734e-01 5.967031121253967285e-01 2.392886951565742493e-02
3.167430305480957031e+01 6.248769760131835938e-01 6.012312173843383789e-01 2.364587411284446716e-02
3.169470977783203125e+01 6.326920986175537109e-01 6.091524958610534668e-01 2.353969402611255646e-02
3.171512031555175781e+01 6.401401162147521973e-01 6.166860461235046387e-01 2.345407381653785706e-02
3.173552703857421875e+01 6.447163224220275879e-01 6.211926341056823730e-01 2.352370694279670715e-02
3.175593757629394531e+01 6.467781066894531250e-01 6.234318017959594727e-01 2.334629185497760773e-02
3.177634429931640625e+01 6.473151445388793945e-01 6.245381832122802734e-01 2.277696318924427032e-02
3.179675292968750000e+01 6.469190716743469238e-01 6.241374015808105469e-01 2.278167754411697388e-02
3.181716346740722656e+01 6.472039818763732910e-01 6.244893670082092285e-01 2.271468564867973328e-02
3.183757019042968750e+01 6.462916731834411621e-01 6.237131357192993164e-01 2.257859893143177032e-02
3.185798072814941406e+01 6.476621627807617188e-01 6.251921057701110840e-01 2.247005514800548553e-02
3.187838745117187500e+01 6.538309454917907715e-01 6.315504908561706543e-01 2.228054776787757874e-02
3.189879798889160156e+01 6.709784269332885742e-01 6.487824320793151855e-01 2.219601720571517944e-02
3.191920471191406250e+01 6.939547657966613770e-01 6.712423563003540039e-01 2.271248400211334229e-02
3.193961524963378906e+01 6.811670064926147461e-01 6.576970219612121582e-01 2.347003482282161713e-02
3.196002388000488281e+01 6.565402746200561523e-01 6.329333782196044922e-01 2.360690198838710785e-02
3.198043441772460938e+01 6.417676210403442383e-01 6.183068752288818359e-01 2.346078865230083466e-02
3.200083923339843750e+01 6.340810060501098633e-01 6.108058691024780273e-01 2.327517233788967133e-02
3.202124786376953125e+01 6.293466091156005859e-01 6.059309244155883789e-01 2.341569773852825165e-02
3.204166030883789062e+01 6.238298416137695312e-01 6.010622382164001465e-01 2.276759222149848938e-02
3.206206512451171875e+01 6.207110285758972168e-01 5.980664491653442383e-01 2.264458499848842621e-02
3.208247756958007812e+01 6.188847422599792480e-01 5.961935520172119141e-01 2.269122004508972168e-02
3.210288238525390625e+01 6.181121468544006348e-01 5.950688719749450684e-01 2.304331585764884949e-02
3.212329483032226562e+01 6.194548010826110840e-01 5.958086848258972168e-01 2.364610135555267334e-02
3.214369964599609375e+01 6.245775818824768066e-01 6.002712845802307129e-01 2.430631220340728760e-02
3.216411209106445312e+01 6.275402903556823730e-01 6.028674840927124023e-01 2.467290684580802917e-02
3.218451690673828125e+01 6.280165314674377441e-01 6.032289862632751465e-01 2.478762157261371613e-02
3.220492935180664062e+01 6.282790303230285645e-01 6.035900712013244629e-01 2.468897216022014618e-02
3.222533798217773438e+01 6.298325657844543457e-01 6.058078408241271973e-01 2.402472496032714844e-02
3.224574279785156250e+01 6.394701004028320312e-01 6.161892414093017578e-01 2.328083291649818420e-02
3.226615524291992188e+01 6.288578510284423828e-01 6.050415039062500000e-01 2.381640113890171051e-02
3.228656005859375000e+01 6.238788366317749023e-01 6.002103090286254883e-01 2.366856858134269714e-02
3.230697250366210938e+01 6.215018630027770996e-01 5.976082086563110352e-01 2.389369159936904907e-02
3.232737731933593750e+01 6.163799762725830078e-01 5.920472741127014160e-01 2.433275431394577026e-02
3.234778976440429688e+01 6.142161488533020020e-01 5.898235440254211426e-01 2.439261600375175476e-02
3.236819839477539062e+01 6.187532544136047363e-01 5.949985980987548828e-01 2.375467121601104736e-02
3.238860702514648438e+01 6.220029592514038086e-01 5.986888408660888672e-01 2.331418171525001526e-02
3.240901565551757812e+01 6.265305280685424805e-01 6.034824848175048828e-01 2.304801717400550842e-02
3.242942428588867188e+01 6.328740119934082031e-01 6.097463369369506836e-01 2.312764339148998260e-02
3.244983291625976562e+01 6.421923637390136719e-01 6.189533472061157227e-01 2.323899418115615845e-02
3.247023773193359375e+01 6.546401381492614746e-01 6.307291388511657715e-01 2.391098067164421082e-02
3.249065017700195312e+01 6.610582470893859863e-01 6.369642019271850586e-01 2.409404143691062927e-02
3.251105880737304688e+01 6.531807184219360352e-01 6.306736469268798828e-01 2.250715345144271851e-02
3.253146743774414062e+01 6.506782174110412598e-01 6.295420527458190918e-01 2.113624289631843567e-02
3.255187606811523438e+01 6.442939043045043945e-01 6.236318349838256836e-01 2.066218480467796326e-02
3.257228469848632812e+01 6.298112869262695312e-01 6.089094281196594238e-01 2.090186439454555511e-02
3.259269332885742188e+01 6.223350763320922852e-01 6.008159518241882324e-01 2.151913754642009735e-02
3.261310195922851562e+01 6.195076704025268555e-01 5.975037813186645508e-01 2.200392261147499084e-02
3.263351058959960938e+01 6.203205585479736328e-01 5.978637337684631348e-01 2.245690114796161652e-02
3.265391921997070312e+01 6.269623637199401855e-01 6.037215590476989746e-01 2.324077114462852478e-02
3.267432785034179688e+01 6.342703104019165039e-01 6.106710433959960938e-01 2.359934896230697632e-02
3.269473648071289062e+01 6.305102109909057617e-01 6.069949865341186523e-01 2.351526729762554169e-02
3.271514511108398438e+01 6.243143081665039062e-01 6.007623076438903809e-01 2.355196326971054077e-02
3.273555374145507812e+01 6.205548048019409180e-01 5.970970392227172852e-01 2.345774695277214050e-02
3.275596237182617188e+01 6.212437152862548828e-01 5.978212356567382812e-01 2.342253923416137695e-02
3.277637100219726562e+01 6.224286556243896484e-01 5.996401309967041016e-01 2.278859727084636688e-02
3.279677963256835938e+01 6.154752373695373535e-01 5.934275984764099121e-01 2.204768173396587372e-02
3.281718826293945312e+01 5.979931950569152832e-01 5.766454935073852539e-01 2.134777605533599854e-02
3.283759689331054688e+01 5.870546102523803711e-01 5.646228194236755371e-01 2.243177220225334167e-02
3.285800552368164062e+01 5.888230800628662109e-01 5.660935640335083008e-01 2.272952347993850708e-02
3.287841796875000000e+01 6.009234786033630371e-01 5.781200528144836426e-01 2.280347235500812531e-02
3.289882278442382812e+01 6.128733158111572266e-01 5.901315808296203613e-01 2.274179644882678986e-02
3.291923522949218750e+01 6.197219491004943848e-01 5.970377922058105469e-01 2.268424071371555328e-02
3.293964004516601562e+01 6.239822506904602051e-01 6.013918519020080566e-01 2.259040437638759613e-02
3.296004867553710938e+01 6.273743510246276855e-01 6.046510338783264160e-01 2.272338047623634338e-02
3.298045730590820312e+01 6.324068903923034668e-01 6.093578934669494629e-01 2.304907888174057007e-02
3.300086593627929688e+01 6.255086064338684082e-01 6.031777262687683105e-01 2.233087271451950073e-02
3.302127456665039062e+01 6.217133402824401855e-01 5.995426177978515625e-01 2.217073738574981689e-02
3.304168319702148438e+01 6.198408007621765137e-01 5.977233052253723145e-01 2.211753278970718384e-02
3.306209564208984375e+01 6.194823384284973145e-01 5.973542928695678711e-01 2.212807163596153259e-02
3.308250045776367188e+01 6.201522946357727051e-01 5.973476171493530273e-01 2.280463278293609619e-02
3.310291290283203125e+01 6.253404617309570312e-01 6.016799211502075195e-01 2.366057783365249634e-02
3.312331771850585938e+01 6.469726562500000000e-01 6.222683191299438477e-01 2.470432221889495850e-02
3.314373016357421875e+01 6.602751016616821289e-01 6.352473497390747070e-01 2.502773888409137726e-02
3.316413497924804688e+01 6.396149396896362305e-01 6.160886883735656738e-01 2.352625504136085510e-02
3.318454360961914062e+01 6.217588186264038086e-01 5.994784832000732422e-01 2.228039503097534180e-02
3.320495605468750000e+01 6.330452561378479004e-01 6.113661527633666992e-01 2.167909778654575348e-02
3.322536087036132812e+01 6.241510510444641113e-01 6.023445725440979004e-01 2.180655300617218018e-02
3.324577331542968750e+01 6.176206469535827637e-01 5.958541631698608398e-01 2.176643349230289459e-02
3.326617813110351562e+01 6.257874965667724609e-01 6.048437952995300293e-01 2.094368264079093933e-02
3.328659057617187500e+01 6.345791816711425781e-01 6.141818165779113770e-01 2.039740048348903656e-02
3.330699539184570312e+01 6.765115261077880859e-01 6.554925441741943359e-01 2.101898007094860077e-02
3.332740783691406250e+01 6.529405117034912109e-01 6.292322278022766113e-01 2.370833046734333038e-02
3.334781646728515625e+01 6.542288661003112793e-01 6.302829384803771973e-01 2.394596301019191742e-02
3.336822509765625000e+01 6.578443050384521484e-01 6.331258416175842285e-01 2.471848390996456146e-02
3.338863372802734375e+01 6.536178588867187500e-01 6.298708915710449219e-01 2.374695986509323120e-02
3.340903854370117188e+01 6.498956084251403809e-01 6.269782185554504395e-01 2.291745878756046295e-02
3.342945098876953125e+01 6.439647674560546875e-01 6.208665966987609863e-01 2.309811301529407501e-02
3.344985580444335938e+01 6.408623456954956055e-01 6.172672510147094727e-01 2.359508536756038666e-02
3.347026824951171875e+01 6.370360851287841797e-01 6.140299439430236816e-01 2.300618775188922882e-02
3.349067306518554688e+01 6.338570117950439453e-01 6.111539602279663086e-01 2.270308881998062134e-02
3.351108551025390625e+01 6.379331946372985840e-01 6.154251098632812500e-01 2.250811643898487091e-02
3.353149414062500000e+01 6.178895235061645508e-01 5.957744717597961426e-01 2.211510762572288513e-02
3.355190277099609375e+01 6.145814061164855957e-01 5.929148197174072266e-01 2.166659571230411530e-02
3.357231140136718750e+01 6.401137113571166992e-01 6.182246208190917969e-01 2.188915014266967773e-02
3.359272003173828125e+01 6.608659029006958008e-01 6.392278075218200684e-01 2.163815312087535858e-02
3.361312866210937500e+01 6.454591751098632812e-01 6.235275268554687500e-01 2.193161658942699432e-02
3.363353347778320312e+01 6.322895884513854980e-01 6.103374361991882324e-01 2.195214852690696716e-02
3.365394592285156250e+01 6.090107560157775879e-01 5.872046947479248047e-01 2.180612832307815552e-02
3.367435455322265625e+01 5.980156660079956055e-01 5.758298039436340332e-01 2.218588814139366150e-02
3.369476318359375000e+01 5.937474966049194336e-01 5.722838640213012695e-01 2.146364748477935791e-02
3.371517181396484375e+01 5.940567851066589355e-01 5.730026364326477051e-01 2.105420269072055817e-02
3.373558044433593750e+01 6.016999483108520508e-01 5.801067948341369629e-01 2.159319818019866943e-02
3.375598907470703125e+01 6.212424039840698242e-01 5.985494256019592285e-01 2.269301004707813263e-02
3.377639770507812500e+01 6.459444761276245117e-01 6.244115829467773438e-01 2.153291553258895874e-02
3.379680633544921875e+01 6.275204420089721680e-01 6.066806316375732422e-01 2.083987556397914886e-02
3.381721496582031250e+01 6.256355643272399902e-01 6.048986315727233887e-01 2.073701657354831696e-02
3.383762359619140625e+01 6.282740831375122070e-01 6.077174544334411621e-01 2.055665850639343262e-02
3.385803222656250000e+01 6.247075796127319336e-01 6.038159132003784180e-01 2.089168690145015717e-02
3.387844085693359375e+01 6.243944764137268066e-01 6.038054823875427246e-01 2.058903127908706665e-02
3.389884948730468750e+01 6.200265884399414062e-01 5.995579361915588379e-01 2.046875283122062683e-02
3.391925811767578125e+01 6.144326329231262207e-01 5.942567586898803711e-01 2.017579227685928345e-02
3.393966674804687500e+01 6.124310493469238281e-01 5.921361446380615234e-01 2.029493451118469238e-02
3.396007537841796875e+01 6.109738349914550781e-01 5.910753011703491211e-01 1.989860832691192627e-02
3.398048400878906250e+01 6.130887866020202637e-01 5.931860804557800293e-01 1.990269497036933899e-02
3.400089263916015625e+01 6.095328927040100098e-01 5.896616578102111816e-01 1.987123116850852966e-02
3.402130126953125000e+01 6.053988337516784668e-01 5.854378342628479004e-01 1.996105909347534180e-02
3.404171371459960938e+01 6.009938716888427734e-01 5.805158615112304688e-01 2.047808840870857239e-02
3.406211853027343750e+01 6.005504131317138672e-01 5.801680684089660645e-01 2.038241177797317505e-02
3.408253097534179688e+01 5.936921834945678711e-01 5.734991431236267090e-01 2.019308879971504211e-02
3.410293579101562500e+01 5.876746773719787598e-01 5.675402283668518066e-01 2.013443782925605774e-02
3.412334442138671875e+01 5.935127139091491699e-01 5.738655328750610352e-01 1.964721828699111938e-02
3.414375305175781250e+01 5.890981554985046387e-01 5.696662664413452148e-01 1.943191140890121460e-02
3.416416168212890625e+01 5.657552480697631836e-01 5.469032526016235352e-01 1.885196194052696228e-02
3.418457412719726562e+01 5.768580436706542969e-01 5.577813982963562012e-01 1.907673105597496033e-02
3.420497894287109375e+01 6.045769453048706055e-01 5.854434967041015625e-01 1.913343369960784912e-02
3.422539138793945312e+01 5.878092646598815918e-01 5.690069198608398438e-01 1.880245283246040344e-02
3.424579620361328125e+01 5.892158150672912598e-01 5.700659155845642090e-01 1.914995163679122925e-02
3.426620864868164062e+01 5.926345586776733398e-01 5.732194781303405762e-01 1.941513083875179291e-02
3.428661346435546875e+01 5.854082703590393066e-01 5.651980042457580566e-01 2.021030895411968231e-02
3.430702590942382812e+01 5.969186425209045410e-01 5.770730972290039062e-01 1.984561420977115631e-02
3.432743072509765625e+01 6.054981350898742676e-01 5.854473114013671875e-01 2.005089074373245239e-02
3.434783935546875000e+01 6.166395545005798340e-01 5.962507724761962891e-01 2.038875594735145569e-02
3.436825180053710938e+01 6.150394678115844727e-01 5.924139618873596191e-01 2.262553572654724121e-02
3.438865661621093750e+01 5.930793285369873047e-01 5.708303451538085938e-01 2.224900573492050171e-02
3.440906906127929688e+01 5.986109972000122070e-01 5.760574340820312500e-01 2.255357988178730011e-02
3.442947387695312500e+01 6.059839725494384766e-01 5.833644270896911621e-01 2.261960692703723907e-02
3.444988632202148438e+01 6.197291612625122070e-01 5.972642302513122559e-01 2.246500179171562195e-02
3.447029113769531250e+01 6.024834513664245605e-01 5.802429914474487305e-01 2.224046923220157623e-02
3.449070358276367188e+01 5.931427478790283203e-01 5.708766579627990723e-01 2.226607501506805420e-02
3.451111221313476562e+01 6.117691993713378906e-01 5.896148085594177246e-01 2.215441316366195679e-02
3.453152084350585938e+01 5.995662808418273926e-01 5.771343708038330078e-01 2.243187651038169861e-02
3.455192947387695312e+01 5.990008115768432617e-01 5.767934918403625488e-01 2.220739610493183136e-02
3.457233428955078125e+01 6.060578227043151855e-01 5.840697884559631348e-01 2.198807522654533386e-02
3.459274673461914062e+01 6.186051368713378906e-01 5.965277552604675293e-01 2.207742445170879364e-02
3.461315155029296875e+01 6.183862686157226562e-01 5.965217947959899902e-01 2.186450362205505371e-02
3.463356399536132812e+01 6.109070181846618652e-01 5.889125466346740723e-01 2.199445478618144989e-02
3.465397262573242188e+01 6.048158407211303711e-01 5.830392837524414062e-01 2.177658677101135254e-02
3.467438125610351562e+01 6.062235832214355469e-01 5.844221711158752441e-01 2.180138975381851196e-02
3.469478988647460938e+01 6.221597194671630859e-01 5.999481678009033203e-01 2.221157215535640717e-02
3.471519851684570312e+01 6.126880049705505371e-01 5.906308293342590332e-01 2.205715887248516083e-02
3.473560714721679688e+01 6.130640506744384766e-01 5.916622281074523926e-01 2.140184491872787476e-02
3.475601577758789062e+01 6.083176732063293457e-01 5.882152318954467773e-01 2.010249346494674683e-02
3.477642440795898438e+01 6.093463301658630371e-01 5.895910263061523438e-01 1.975538767874240875e-02
3.479682922363281250e+01 6.069098711013793945e-01 5.868373513221740723e-01 2.007250860333442688e-02
3.481724166870117188e+01 6.162269711494445801e-01 5.968067646026611328e-01 1.942025870084762573e-02
3.483765029907226562e+01 6.178459525108337402e-01 5.992058515548706055e-01 1.864015497267246246e-02
3.485805892944335938e+01 6.099821925163269043e-01 5.906139016151428223e-01 1.936821639537811279e-02
3.487846755981445312e+01 6.164045333862304688e-01 5.971319079399108887e-01 1.927260309457778931e-02
3.489887619018554688e+01 6.035391688346862793e-01 5.847784280776977539e-01 1.876075938344001770e-02
3.491928482055664062e+01 6.037898659706115723e-01 5.847795009613037109e-01 1.901040971279144287e-02
3.493969345092773438e+01 6.059509515762329102e-01 5.868358612060546875e-01 1.911512389779090881e-02
3.496010208129882812e+01 6.051502823829650879e-01 5.861509442329406738e-01 1.899930089712142944e-02
3.498051071166992188e+01 6.120129227638244629e-01 5.929946899414062500e-01 1.901826635003089905e-02
3.500091934204101562e+01 6.028444766998291016e-01 5.830735564231872559e-01 1.977090910077095032e-02
3.502132797241210938e+01 6.088584661483764648e-01 5.888857841491699219e-01 1.997275836765766144e-02
3.504173660278320312e+01 6.042300462722778320e-01 5.844438076019287109e-01 1.978629082441329956e-02
3.506214523315429688e+01 5.952154994010925293e-01 5.759105086326599121e-01 1.930500194430351257e-02
3.508255386352539062e+01 5.735695958137512207e-01 5.547633171081542969e-01 1.880636811256408691e-02
3.510296249389648438e+01 5.710452198982238770e-01 5.517128705978393555e-01 1.933239027857780457e-02
3.512337112426757812e+01 5.646834373474121094e-01 5.452582240104675293e-01 1.942525804042816162e-02
3.514377975463867188e+01 5.638136863708496094e-01 5.442603230476379395e-01 1.955340057611465454e-02
3.516418838500976562e+01 5.697777271270751953e-01 5.497310757637023926e-01 2.004666253924369812e-02
3.518459701538085938e+01 5.664938688278198242e-01 5.463505387306213379e-01 2.014334313571453094e-02
3.520500946044921875e+01 5.774489641189575195e-01 5.575936436653137207e-01 1.985530368983745575e-02
3.522541427612304688e+01 5.834879875183105469e-01 5.640665888786315918e-01 1.942140795290470123e-02
3.524582672119140625e+01 5.809083580970764160e-01 5.617023110389709473e-01 1.920606382191181183e-02
3.526623153686523438e+01 5.828797817230224609e-01 5.637531280517578125e-01 1.912665925920009613e-02
3.528664016723632812e+01 5.749481320381164551e-01 5.556253194808959961e-01 1.932281628251075745e-02
3.530704879760742188e+01 5.639560222625732422e-01 5.441166162490844727e-01 1.983939111232757568e-02
3.532745742797851562e+01 5.628111958503723145e-01 5.431246757507324219e-01 1.968651637434959412e-02
3.534786987304687500e+01 5.611906051635742188e-01 5.414566397666931152e-01 1.973393186926841736e-02
3.536827468872070312e+01 5.572052597999572754e-01 5.374214649200439453e-01 1.978383772075176239e-02
3.538868713378906250e+01 5.606271028518676758e-01 5.408321022987365723e-01 1.979500800371170044e-02
3.540909194946289062e+01 5.631809234619140625e-01 5.435626506805419922e-01 1.961826160550117493e-02
3.542950439453125000e+01 5.520769357681274414e-01 5.321007966995239258e-01 1.997609809041023254e-02
3.544990921020507812e+01 5.586094856262207031e-01 5.385473966598510742e-01 2.006204985082149506e-02
3.547032165527343750e+01 5.605096220970153809e-01 5.405997037887573242e-01 1.990997046232223511e-02
3.549073028564453125e+01 5.545081496238708496e-01 5.345554351806640625e-01 1.995274238288402557e-02
3.551113510131835938e+01 5.524286627769470215e-01 5.312147140502929688e-01 2.121405303478240967e-02
3.553154754638671875e+01 5.332998037338256836e-01 5.123815536499023438e-01 2.091828361153602600e-02
3.555195236206054688e+01 5.415030717849731445e-01 5.205044746398925781e-01 2.099858038127422333e-02
3.557236480712890625e+01 5.590069890022277832e-01 5.383759737014770508e-01 2.063101902604103088e-02
3.559276962280273438e+01 5.531328320503234863e-01 5.326865911483764648e-01 2.044628933072090149e-02
3.561318206787109375e+01 5.615023970603942871e-01 5.414559841156005859e-01 2.004640921950340271e-02
3.563358688354492188e+01 5.805249214172363281e-01 5.602926611900329590e-01 2.023228257894515991e-02
3.565399932861328125e+01 5.727129578590393066e-01 5.512432456016540527e-01 2.146970108151435852e-02
3.567440795898437500e+01 5.675678849220275879e-01 5.472372174263000488e-01 2.033066935837268829e-02
3.569481658935546875e+01 5.599762201309204102e-01 5.392116308212280273e-01 2.076468430459499359e-02
3.571522521972656250e+01 5.631201863288879395e-01 5.419198274612426758e-01 2.120045758783817291e-02
3.573563003540039062e+01 5.469678640365600586e-01 5.251979231834411621e-01 2.177001163363456726e-02
3.575604248046875000e+01 5.457248091697692871e-01 5.238938927650451660e-01 2.183093875646591187e-02
3.577644729614257812e+01 5.278333425521850586e-01 5.058630108833312988e-01 2.197035215795040131e-02
3.579685974121093750e+01 5.531418919563293457e-01 5.313215255737304688e-01 2.182040549814701080e-02
3.581726837158203125e+01 5.505632758140563965e-01 5.290136337280273438e-01 2.154966816306114197e-02
3.583767700195312500e+01 5.422005653381347656e-01 5.203624963760375977e-01 2.183811366558074951e-02
3.585808563232421875e+01 5.260959267616271973e-01 5.047113895416259766e-01 2.138460054993629456e-02
3.587849426269531250e+01 5.396128892898559570e-01 5.171015858650207520e-01 2.251140400767326355e-02
3.589890289306640625e+01 5.448955893516540527e-01 5.228093266487121582e-01 2.208623662590980530e-02
