## NTRMN  = 1
## NTRANS = 56
1.142887115478515625e+01 0.000000000000000000e+00 0.000000000000000000e+00 0.000000000000000000e+00
1.144927978515625000e+01 0.000000000000000000e+00 0.000000000000000000e+00 0.000000000000000000e+00
1.146968936920166016e+01 0.000000000000000000e+00 0.000000000000000000e+00 0.000000000000000000e+00
1.149009799957275391e+01 0.000000000000000000e+00 0.000000000000000000e+00 0.000000000000000000e+00
1.151050662994384766e+01 0.000000000000000000e+00 0.000000000000000000e+00 0.000000000000000000e+00
1.153091526031494141e+01 0.000000000000000000e+00 0.000000000000000000e+00 0.000000000000000000e+00
1.157173252105712891e+01 1.000348687171936035e+00 1.000348687171936035e+00 0.000000000000000000e+00
1.159214115142822266e+01 1.847247600555419922e+00 1.847247600555419922e+00 0.000000000000000000e+00
1.161254978179931641e+01 1.844001054763793945e+00 1.844001054763793945e+00 0.000000000000000000e+00
1.165336799621582031e+01 1.786185264587402344e+00 1.786185264587402344e+00 2.233221801928308992e-10
1.167377567291259766e+01 1.783062696456909180e+00 1.783062696456909180e+00 2.229317702662214629e-10
1.169418430328369141e+01 1.779950857162475586e+00 1.779950857162475586e+00 2.225427064850293846e-10
1.171459388732910156e+01 1.604171633720397949e+00 1.604171633720397949e+00 1.701186969071954991e-10
1.175541114807128906e+01 1.748286485671997070e+00 1.748279690742492676e+00 6.842964012321317568e-06
1.177581882476806641e+01 1.823523283004760742e+00 1.823516488075256348e+00 6.832003691670252010e-06
1.179622840881347656e+01 2.032438755035400391e+00 2.032432794570922852e+00 5.954357220616657287e-06
1.181663703918457031e+01 1.934724807739257812e+00 1.934718847274780273e+00 5.943234100413974375e-06
1.183704566955566406e+01 1.931388258934020996e+00 1.931383132934570312e+00 5.141400833963416517e-06
1.185745429992675781e+01 1.928063511848449707e+00 1.928058862686157227e+00 4.629463091987418011e-06
1.187786388397216797e+01 1.924750328063964844e+00 1.924746036529541016e+00 4.307129074732074514e-06
1.193908882141113281e+01 1.914878010749816895e+00 1.914875626564025879e+00 2.409078433629474603e-06
1.195949840545654297e+01 1.944637894630432129e+00 1.944635748863220215e+00 2.180045839850208722e-06
1.197990703582763672e+01 2.080204963684082031e+00 2.080202817916870117e+00 2.145676489817560650e-06
1.200031566619873047e+01 2.252216100692749023e+00 2.252213954925537109e+00 2.227227014373056591e-06
1.202072334289550781e+01 2.426630973815917969e+00 2.426628589630126953e+00 2.362176246606395580e-06
1.204113292694091797e+01 2.593496084213256836e+00 2.593493461608886719e+00 2.510683771106414497e-06
1.206154155731201172e+01 2.753841876983642578e+00 2.753839254379272461e+00 2.659513484104536474e-06
1.208195018768310547e+01 2.914636850357055664e+00 2.914633989334106445e+00 2.814414301610668190e-06
1.210235881805419922e+01 3.082801818847656250e+00 3.082798719406127930e+00 2.983557351399213076e-06
1.212276744842529297e+01 3.264223575592041016e+00 3.264220476150512695e+00 3.174238372594118118e-06
1.214317607879638672e+01 3.459821462631225586e+00 3.459818124771118164e+00 3.385532636457355693e-06
1.216358470916748047e+01 3.670507192611694336e+00 3.670503616333007812e+00 3.612439286371227354e-06
1.218399333953857422e+01 3.894240856170654297e+00 3.894237041473388672e+00 3.849177574011264369e-06
1.220440292358398438e+01 4.129976272583007812e+00 4.129971981048583984e+00 4.090818492841208354e-06
1.222481155395507812e+01 4.373736381530761719e+00 4.373732089996337891e+00 4.334902769187465310e-06
1.224521923065185547e+01 4.620594501495361328e+00 4.620589733123779297e+00 4.580606855597579852e-06
1.226562786102294922e+01 4.868582725524902344e+00 4.868577957153320312e+00 4.829540557693690062e-06
1.228603744506835938e+01 5.110875606536865234e+00 5.110870361328125000e+00 5.084112217446090654e-06
1.230644607543945312e+01 5.343611240386962891e+00 5.343605995178222656e+00 5.344294550013728440e-06
1.232685470581054688e+01 5.562952995300292969e+00 5.562947273254394531e+00 5.610862899629864842e-06
1.234726333618164062e+01 5.767027854919433594e+00 5.767022132873535156e+00 5.882982804905623198e-06
1.236767196655273438e+01 5.953978061676025391e+00 5.953971862792968750e+00 6.159822987683583051e-06
1.238808059692382812e+01 6.122919559478759766e+00 6.122912883758544922e+00 6.440559445763938129e-06
1.240848922729492188e+01 6.275870800018310547e+00 6.275864124298095703e+00 6.724371360178338364e-06
1.242889785766601562e+01 6.413875102996826172e+00 6.413867950439453125e+00 7.008848115219734609e-06
1.244930744171142578e+01 6.537965774536132812e+00 6.537958621978759766e+00 7.290796474990202114e-06
1.246971511840820312e+01 6.650131702423095703e+00 6.650124073028564453e+00 7.567046395706711337e-06
1.249012374877929688e+01 6.752347469329833984e+00 6.752339839935302734e+00 7.834445568732917309e-06
1.251053237915039062e+01 6.841792583465576172e+00 6.841784477233886719e+00 8.085897206910885870e-06
1.253094196319580078e+01 6.921393871307373047e+00 6.921385765075683594e+00 8.318310392496641725e-06
1.255135059356689453e+01 6.986431598663330078e+00 6.986423015594482422e+00 8.534149856131989509e-06
1.257175922393798828e+01 7.036976337432861328e+00 7.036967754364013672e+00 8.717707714822608978e-06
1.259216690063476562e+01 7.067396640777587891e+00 7.067387580871582031e+00 8.869135854183696210e-06
1.261257648468017578e+01 7.074940681457519531e+00 7.074931621551513672e+00 8.980722668638918549e-06
1.263298511505126953e+01 7.052141189575195312e+00 7.052132129669189453e+00 9.060519005288369954e-06
1.265339374542236328e+01 6.993469238281250000e+00 6.993460178375244141e+00 9.085144483833573759e-06
1.267380237579345703e+01 6.885875225067138672e+00 6.885866165161132812e+00 9.062697245099116117e-06
1.269421100616455078e+01 6.707908153533935547e+00 6.707899093627929688e+00 8.954307304520625621e-06
1.271461963653564453e+01 6.362002372741699219e+00 6.361993789672851562e+00 8.643302862765267491e-06
1.273502826690673828e+01 4.592324733734130859e+00 4.592318058013916016e+00 6.593535545107442886e-06
1.275543689727783203e+01 4.004113197326660156e+00 4.004106998443603516e+00 6.401627615559846163e-06
1.277584648132324219e+01 3.997717142105102539e+00 3.997710704803466797e+00 6.392248451447812840e-06
1.279625511169433594e+01 3.991341352462768555e+00 3.991334915161132812e+00 6.382803348969900981e-06
1.281666278839111328e+01 3.984985828399658203e+00 3.984979391098022461e+00 6.373585165420081466e-06
1.283707141876220703e+01 3.868624448776245117e+00 3.868618011474609375e+00 6.362665317283244804e-06
1.285748100280761719e+01 2.887786626815795898e+00 2.887781620025634766e+00 5.017773219151422381e-06
1.287788963317871094e+01 2.883210182189941406e+00 2.883205175399780273e+00 5.010667791793821380e-06
1.289829826354980469e+01 3.599701881408691406e+00 3.599695444107055664e+00 6.404067789844702929e-06
1.295952415466308594e+01 6.068659782409667969e+00 3.582689046859741211e+00 2.485970735549926758e+00
1.297993278503417969e+01 6.059118270874023438e+00 3.577055931091308594e+00 2.482062339782714844e+00
1.300034141540527344e+01 9.196605682373046875e+00 6.718433380126953125e+00 2.478172302246093750e+00
1.302075004577636719e+01 7.784390926361083984e+00 6.707902908325195312e+00 1.076488018035888672e+00
1.304115962982177734e+01 7.737888336181640625e+00 6.575333595275878906e+00 1.162554979324340820e+00
1.312279415130615234e+01 5.587003231048583984e+00 3.472441911697387695e+00 2.114560842514038086e+00
1.314320278167724609e+01 5.754200458526611328e+00 3.385997056961059570e+00 2.368203639984130859e+00
1.320442867279052734e+01 6.460266113281250000e+00 3.460038423538208008e+00 3.000227212905883789e+00
1.322483730316162109e+01 6.614072322845458984e+00 3.492712497711181641e+00 3.121359825134277344e+00
1.324524593353271484e+01 7.029795646667480469e+00 3.698793649673461914e+00 3.331002235412597656e+00
1.326565456390380859e+01 7.121531963348388672e+00 3.797769784927368164e+00 3.323762416839599609e+00
1.336769866943359375e+01 7.748056888580322266e+00 3.936221122741699219e+00 3.811835527420043945e+00
1.338810729980468750e+01 7.952748775482177734e+00 4.078631877899169922e+00 3.874116897583007812e+00
1.340851497650146484e+01 8.132419586181640625e+00 4.153658390045166016e+00 3.978760957717895508e+00
1.342892456054687500e+01 8.307040214538574219e+00 4.197260379791259766e+00 4.109779357910156250e+00
1.344933319091796875e+01 8.546510696411132812e+00 4.240729331970214844e+00 4.305780887603759766e+00
1.346974182128906250e+01 8.775816917419433594e+00 4.396922588348388672e+00 4.378893375396728516e+00
1.349015045166015625e+01 9.074416160583496094e+00 4.688396930694580078e+00 4.386019229888916016e+00
1.351055908203125000e+01 8.800317764282226562e+00 4.576774597167968750e+00 4.223543167114257812e+00
1.353096771240234375e+01 8.683100700378417969e+00 4.471679687500000000e+00 4.211420059204101562e+00
1.355137634277343750e+01 8.377240180969238281e+00 4.364252567291259766e+00 4.012987613677978516e+00
1.361260223388671875e+01 8.600140571594238281e+00 4.607533931732177734e+00 3.992605924606323242e+00
1.363301086425781250e+01 8.619386672973632812e+00 4.578686714172363281e+00 4.040700435638427734e+00
1.365341949462890625e+01 8.735338211059570312e+00 4.564829349517822266e+00 4.170507907867431641e+00
1.367382907867431641e+01 8.774765968322753906e+00 4.557140827178955078e+00 4.217625141143798828e+00
1.369423770904541016e+01 8.826760292053222656e+00 4.549475193023681641e+00 4.277286529541015625e+00
1.371464633941650391e+01 8.883246421813964844e+00 4.539213657379150391e+00 4.344032287597656250e+00
1.373505496978759766e+01 8.937178611755371094e+00 4.522011756896972656e+00 4.415167331695556641e+00
1.375546360015869141e+01 9.002969741821289062e+00 4.493547916412353516e+00 4.509421348571777344e+00
1.377587318420410156e+01 8.775166511535644531e+00 4.363510608673095703e+00 4.411656379699707031e+00
1.383709812164306641e+01 8.465248107910156250e+00 4.019815444946289062e+00 4.445433616638183594e+00
1.387791538238525391e+01 8.516312599182128906e+00 4.056291103363037109e+00 4.460021972656250000e+00
1.397995948791503906e+01 8.874305725097656250e+00 4.284397602081298828e+00 4.589908599853515625e+00
1.402077770233154297e+01 9.219951629638671875e+00 4.363271236419677734e+00 4.856680870056152344e+00
1.404118442535400391e+01 9.255398750305175781e+00 4.235027790069580078e+00 5.020372390747070312e+00
1.410241127014160156e+01 1.075718021392822266e+01 4.098663330078125000e+00 6.658514022827148438e+00
1.414322853088378906e+01 1.161318111419677734e+01 4.062291622161865234e+00 7.550886154174804688e+00
1.416363716125488281e+01 1.185424518585205078e+01 3.920378208160400391e+00 7.933868408203125000e+00
1.426568031311035156e+01 1.263456535339355469e+01 4.213690757751464844e+00 8.420876502990722656e+00
1.430649757385253906e+01 1.318087387084960938e+01 4.374019145965576172e+00 8.806853294372558594e+00
1.432690715789794922e+01 1.341640663146972656e+01 4.465537071228027344e+00 8.950868606567382812e+00
1.434731578826904297e+01 1.379480171203613281e+01 4.580988407135009766e+00 9.213812828063964844e+00
1.436772441864013672e+01 1.352351760864257812e+01 4.502835750579833984e+00 9.020683288574218750e+00
1.438813304901123047e+01 1.316088676452636719e+01 4.354193210601806641e+00 8.806694030761718750e+00
1.440854167938232422e+01 1.339135169982910156e+01 4.619673728942871094e+00 8.771676063537597656e+00
1.442895126342773438e+01 1.377830219268798828e+01 4.592400550842285156e+00 9.185901641845703125e+00
1.444935989379882812e+01 1.401433467864990234e+01 4.455858230590820312e+00 9.558477401733398438e+00
1.446976852416992188e+01 1.369296073913574219e+01 3.993779420852661133e+00 9.699181556701660156e+00
1.457181072235107422e+01 1.457409763336181641e+01 4.188416481018066406e+00 1.038568019866943359e+01
1.459222030639648438e+01 1.473881244659423828e+01 4.335949420928955078e+00 1.040286350250244141e+01
1.461262893676757812e+01 1.492094230651855469e+01 4.517473220825195312e+00 1.040346813201904297e+01
1.485753345489501953e+01 1.490135478973388672e+01 4.669388771057128906e+00 1.023196697235107422e+01
1.487794208526611328e+01 1.509617805480957031e+01 4.505298614501953125e+00 1.059087753295898438e+01
1.497998523712158203e+01 1.605560684204101562e+01 4.409087181091308594e+00 1.164652347564697266e+01
1.516366481781005859e+01 1.642447280883789062e+01 4.394358158111572266e+00 1.203011798858642578e+01
1.518407344818115234e+01 1.649478149414062500e+01 4.524827003479003906e+00 1.196995639801025391e+01
1.540856838226318359e+01 1.751266670227050781e+01 4.632908821105957031e+00 1.287975215911865234e+01
1.544938468933105469e+01 1.759743499755859375e+01 4.587354183197021484e+00 1.301007938385009766e+01
1.546979331970214844e+01 1.773003768920898438e+01 4.644748210906982422e+00 1.308527946472167969e+01
1.557183837890625000e+01 1.853722953796386719e+01 4.754977226257324219e+00 1.378225517272949219e+01
1.559224700927734375e+01 1.871170234680175781e+01 4.830125331878662109e+00 1.388157653808593750e+01
1.569428920745849609e+01 1.935286331176757812e+01 4.848294258117675781e+00 1.450457191467285156e+01
1.583715152740478516e+01 2.002327156066894531e+01 4.909614562988281250e+00 1.511365985870361328e+01
1.593919372558593750e+01 2.045689392089843750e+01 4.948020935058593750e+00 1.550887298583984375e+01
1.595960235595703125e+01 2.057822990417480469e+01 4.962693691253662109e+00 1.561553764343261719e+01
1.598001194000244141e+01 2.065161132812500000e+01 4.956355571746826172e+00 1.569525814056396484e+01
1.600041961669921875e+01 2.077302932739257812e+01 4.952277660369873047e+00 1.582075977325439453e+01
1.602083015441894531e+01 2.078365707397460938e+01 4.978095054626464844e+00 1.580556392669677734e+01
1.604123878479003906e+01 2.089777183532714844e+01 4.969523429870605469e+00 1.592825126647949219e+01
1.616368865966796875e+01 2.148947143554687500e+01 4.948907852172851562e+00 1.654056739807128906e+01
1.632695960998535156e+01 2.190305137634277344e+01 5.020382404327392578e+00 1.688266754150390625e+01
1.649022865295410156e+01 2.306709671020507812e+01 5.030922412872314453e+00 1.803617858886718750e+01
1.653104782104492188e+01 2.330800056457519531e+01 5.019224166870117188e+00 1.828877449035644531e+01
1.655145645141601562e+01 2.344175338745117188e+01 5.033284187316894531e+00 1.840847015380859375e+01
1.657186508178710938e+01 2.386034774780273438e+01 5.257493019104003906e+00 1.860285186767578125e+01
1.659227180480957031e+01 2.357562637329101562e+01 5.088713645935058594e+00 1.848690986633300781e+01
1.663308906555175781e+01 2.404993057250976562e+01 5.097095489501953125e+00 1.895283508300781250e+01
1.665349769592285156e+01 2.418619918823242188e+01 5.120316982269287109e+00 1.906588363647460938e+01
1.667390823364257812e+01 2.443416023254394531e+01 5.131995677947998047e+00 1.930216407775878906e+01
1.669431686401367188e+01 2.423376655578613281e+01 5.164439678192138672e+00 1.906932449340820312e+01
1.671472549438476562e+01 2.438051414489746094e+01 5.186061859130859375e+00 1.919445419311523438e+01
1.673513412475585938e+01 2.458559036254882812e+01 5.184029102325439453e+00 1.940155792236328125e+01
1.675554275512695312e+01 2.475172615051269531e+01 5.210575103759765625e+00 1.954115486145019531e+01
1.677595138549804688e+01 2.476900672912597656e+01 5.183545112609863281e+00 1.958546066284179688e+01
1.683717727661132812e+01 2.525374603271484375e+01 5.239340782165527344e+00 2.001440429687500000e+01
1.685758590698242188e+01 2.531545829772949219e+01 5.233707904815673828e+00 2.008174705505371094e+01
1.687799453735351562e+01 2.546734046936035156e+01 5.301134109497070312e+00 2.016620635986328125e+01
1.689840316772460938e+01 2.564620018005371094e+01 5.278439998626708984e+00 2.036775970458984375e+01
1.691881179809570312e+01 2.576774406433105469e+01 5.289051532745361328e+00 2.047868919372558594e+01
1.693922042846679688e+01 2.584070777893066406e+01 5.300345420837402344e+00 2.054036140441894531e+01
1.704126548767089844e+01 2.597833251953125000e+01 5.105652809143066406e+00 2.087268257141113281e+01
1.714330673217773438e+01 2.592609405517578125e+01 5.018009185791015625e+00 2.090808486938476562e+01
1.716371536254882812e+01 2.596679115295410156e+01 5.019713401794433594e+00 2.094707870483398438e+01
1.720453453063964844e+01 2.600771141052246094e+01 5.023805618286132812e+00 2.098390769958496094e+01
1.722494316101074219e+01 2.604082679748535156e+01 5.018548011779785156e+00 2.102228164672851562e+01
1.724535179138183594e+01 2.604991340637207031e+01 5.039678096771240234e+00 2.101023674011230469e+01
1.734739494323730469e+01 2.620773506164550781e+01 5.061092376708984375e+00 2.114664268493652344e+01
1.736780357360839844e+01 2.623408126831054688e+01 5.080645084381103516e+00 2.115343475341796875e+01
1.738821220397949219e+01 2.631057929992675781e+01 5.099462985992431641e+00 2.121111679077148438e+01
1.742902946472167969e+01 2.638493537902832031e+01 5.117051124572753906e+00 2.126788139343261719e+01
1.744943809509277344e+01 2.650864410400390625e+01 5.119297504425048828e+00 2.138934516906738281e+01
1.746984672546386719e+01 2.648806762695312500e+01 5.118798255920410156e+00 2.136926841735839844e+01
1.751066398620605469e+01 2.663179016113281250e+01 5.121904850006103516e+00 2.150988578796386719e+01
1.753107261657714844e+01 2.665194320678710938e+01 5.127549648284912109e+00 2.152439117431640625e+01
1.755148124694824219e+01 2.658166694641113281e+01 5.128406524658203125e+00 2.145326042175292969e+01
1.757188987731933594e+01 2.665552520751953125e+01 5.106102466583251953e+00 2.154942131042480469e+01
1.765352439880371094e+01 2.678292846679687500e+01 5.058081150054931641e+00 2.172484779357910156e+01
1.767393493652343750e+01 2.693939971923828125e+01 5.066462039947509766e+00 2.187293815612792969e+01
1.769434356689453125e+01 2.701036834716796875e+01 5.055883407592773438e+00 2.195448493957519531e+01
1.771475219726562500e+01 2.723073768615722656e+01 5.058166980743408203e+00 2.217257118225097656e+01
1.773516082763671875e+01 2.712706756591796875e+01 5.083391666412353516e+00 2.204367446899414062e+01
1.775556755065917969e+01 2.720721054077148438e+01 5.055302619934082031e+00 2.215190696716308594e+01
1.777597618103027344e+01 2.727610778808593750e+01 5.052865505218505859e+00 2.222324180603027344e+01
1.783720397949218750e+01 2.760373878479003906e+01 5.059008598327636719e+00 2.254473114013671875e+01
1.785761260986328125e+01 2.767753601074218750e+01 5.071993827819824219e+00 2.260554122924804688e+01
1.787802124023437500e+01 2.770886039733886719e+01 5.071560382843017578e+00 2.263730049133300781e+01
1.789842987060546875e+01 2.777724647521972656e+01 5.079152107238769531e+00 2.269809532165527344e+01
1.800047302246093750e+01 2.801408195495605469e+01 5.105550765991210938e+00 2.290852928161621094e+01
1.806169891357421875e+01 2.815078544616699219e+01 5.117402553558349609e+00 2.303338432312011719e+01
1.808210754394531250e+01 2.820504570007324219e+01 5.120893955230712891e+00 2.308415031433105469e+01
1.814333343505859375e+01 2.824047088623046875e+01 5.126043796539306641e+00 2.311442947387695312e+01
1.818415260314941406e+01 2.817542648315429688e+01 5.118487358093261719e+00 2.305694007873535156e+01
1.820456123352050781e+01 2.816535758972167969e+01 5.108146190643310547e+00 2.305720710754394531e+01
1.822496795654296875e+01 2.856799697875976562e+01 5.109650611877441406e+00 2.345834732055664062e+01
1.824537658691406250e+01 2.810785484313964844e+01 5.091470718383789062e+00 2.301638412475585938e+01
1.826578521728515625e+01 2.812537574768066406e+01 5.076607227325439453e+00 2.304876899719238281e+01
1.832701301574707031e+01 2.825069046020507812e+01 5.038095474243164062e+00 2.321259498596191406e+01
1.834742164611816406e+01 2.824789428710937500e+01 5.020748138427734375e+00 2.322714424133300781e+01
1.849028205871582031e+01 2.826959609985351562e+01 4.890680789947509766e+00 2.337891387939453125e+01
1.851069068908691406e+01 2.820894432067871094e+01 4.881409168243408203e+00 2.332753562927246094e+01
1.853109931945800781e+01 2.823201751708984375e+01 4.859239578247070312e+00 2.337278175354003906e+01
1.855150794982910156e+01 2.827593803405761719e+01 4.852602958679199219e+00 2.342333602905273438e+01
1.857191658020019531e+01 2.828509330749511719e+01 4.837603569030761719e+00 2.344748878479003906e+01
1.859232521057128906e+01 2.828280258178710938e+01 4.836155891418457031e+00 2.344664764404296875e+01
1.861273384094238281e+01 2.836358451843261719e+01 4.824422359466552734e+00 2.353916168212890625e+01
1.865355110168457031e+01 2.838433265686035156e+01 4.821565151214599609e+00 2.356276893615722656e+01
1.867395973205566406e+01 2.845210647583007812e+01 4.817577838897705078e+00 2.363452720642089844e+01
1.869436836242675781e+01 2.868889999389648438e+01 5.078673839569091797e+00 2.361022186279296875e+01
1.871477699279785156e+01 2.851856994628906250e+01 4.828176975250244141e+00 2.369039344787597656e+01
1.873518562316894531e+01 2.862005615234375000e+01 4.822917461395263672e+00 2.379714202880859375e+01
1.875559425354003906e+01 2.861998939514160156e+01 4.820860385894775391e+00 2.379912757873535156e+01
1.877600288391113281e+01 2.867366027832031250e+01 4.830282211303710938e+00 2.384337615966796875e+01
1.879641151428222656e+01 2.872979545593261719e+01 4.836500167846679688e+00 2.389329528808593750e+01
1.881682205200195312e+01 2.875957298278808594e+01 4.835071563720703125e+00 2.392450141906738281e+01
1.883723068237304688e+01 2.878575897216796875e+01 4.842541217803955078e+00 2.394321823120117188e+01
1.885763931274414062e+01 2.881340980529785156e+01 4.841743469238281250e+00 2.397166824340820312e+01
1.887804794311523438e+01 2.887971687316894531e+01 4.852360248565673828e+00 2.402735519409179688e+01
1.889845657348632812e+01 2.893567085266113281e+01 4.853453636169433594e+00 2.408221817016601562e+01
1.891886329650878906e+01 2.890342330932617188e+01 4.848851680755615234e+00 2.405457115173339844e+01
1.893927192687988281e+01 2.897490882873535156e+01 4.861321926116943359e+00 2.411358833312988281e+01
1.895968055725097656e+01 2.914145851135253906e+01 4.854825973510742188e+00 2.428663063049316406e+01
1.898009109497070312e+01 2.902580070495605469e+01 4.855912685394287109e+00 2.416988945007324219e+01
1.904131698608398438e+01 2.910310935974121094e+01 4.835898399353027344e+00 2.426721382141113281e+01
1.906172561645507812e+01 2.909092140197753906e+01 4.830092906951904297e+00 2.426082992553710938e+01
1.908213424682617188e+01 2.911578178405761719e+01 4.833081245422363281e+00 2.428269958496093750e+01
1.910254287719726562e+01 2.916242599487304688e+01 4.813506126403808594e+00 2.434891891479492188e+01
1.912295150756835938e+01 2.914741134643554688e+01 4.815879821777343750e+00 2.433153152465820312e+01
1.914336013793945312e+01 2.918529891967773438e+01 4.815122604370117188e+00 2.437017822265625000e+01
1.916376876831054688e+01 2.913702774047851562e+01 4.793130874633789062e+00 2.434389877319335938e+01
1.918417739868164062e+01 2.911037254333496094e+01 4.788655757904052734e+00 2.432171630859375000e+01
1.920458602905273438e+01 2.917104339599609375e+01 4.787929534912109375e+00 2.438311386108398438e+01
1.922499465942382812e+01 2.912492942810058594e+01 4.771017551422119141e+00 2.435391426086425781e+01
1.924540328979492188e+01 2.914782142639160156e+01 4.762226104736328125e+00 2.438559532165527344e+01
1.926581192016601562e+01 2.915333557128906250e+01 4.749726295471191406e+00 2.440361022949218750e+01
1.928622055053710938e+01 2.913282012939453125e+01 4.739735126495361328e+00 2.439308547973632812e+01
1.930663108825683594e+01 2.917945861816406250e+01 4.749603748321533203e+00 2.442985343933105469e+01
1.932703971862792969e+01 2.914801406860351562e+01 4.715480804443359375e+00 2.443253517150878906e+01
1.934744834899902344e+01 2.917675590515136719e+01 4.712981224060058594e+00 2.446377754211425781e+01
1.936785507202148438e+01 2.917300796508789062e+01 4.701217174530029297e+00 2.447179031372070312e+01
1.938826370239257812e+01 2.918638610839843750e+01 4.682068824768066406e+00 2.450431823730468750e+01
1.940867233276367188e+01 2.921952056884765625e+01 4.678995609283447266e+00 2.454052543640136719e+01
1.942908096313476562e+01 2.922926330566406250e+01 4.661143302917480469e+00 2.456812286376953125e+01
1.944948959350585938e+01 2.922551918029785156e+01 4.656867504119873047e+00 2.456865119934082031e+01
1.951071739196777344e+01 2.927057456970214844e+01 4.599309921264648438e+00 2.467126655578613281e+01
1.953112602233886719e+01 2.927402687072753906e+01 4.582859992980957031e+00 2.469116783142089844e+01
1.955153465270996094e+01 2.923307228088378906e+01 4.556648731231689453e+00 2.467642211914062500e+01
1.957194328308105469e+01 2.944547653198242188e+01 4.551285743713378906e+00 2.489419174194335938e+01
1.959235191345214844e+01 2.932901573181152344e+01 4.527606010437011719e+00 2.480141258239746094e+01
1.961275863647460938e+01 2.932242774963378906e+01 4.522284984588623047e+00 2.480014610290527344e+01
1.963316917419433594e+01 2.934280395507812500e+01 4.504780769348144531e+00 2.483802223205566406e+01
1.969439506530761719e+01 2.950977897644042969e+01 4.474974155426025391e+00 2.503480339050292969e+01
1.971480369567871094e+01 2.936113929748535156e+01 4.463663578033447266e+00 2.489747619628906250e+01
1.973521232604980469e+01 2.942015647888183594e+01 4.454195499420166016e+00 2.496595954895019531e+01
1.975562095642089844e+01 2.944314002990722656e+01 4.441717624664306641e+00 2.500142478942871094e+01
1.989848136901855469e+01 2.935673522949218750e+01 4.382157802581787109e+00 2.497457885742187500e+01
1.993929862976074219e+01 2.929069900512695312e+01 4.353977680206298828e+00 2.493671798706054688e+01
1.995970916748046875e+01 2.922372817993164062e+01 4.350125312805175781e+00 2.487360000610351562e+01
2.000052642822265625e+01 2.926917839050292969e+01 4.345436573028564453e+00 2.492374229431152344e+01
2.002093505859375000e+01 2.910406494140625000e+01 4.330245971679687500e+00 2.477382278442382812e+01
2.012297821044921875e+01 2.914629364013671875e+01 4.299364566802978516e+00 2.484693145751953125e+01
2.014338684082031250e+01 2.926548385620117188e+01 4.294414520263671875e+00 2.497106933593750000e+01
2.016379547119140625e+01 2.924559783935546875e+01 4.289474487304687500e+00 2.495612525939941406e+01
2.018420410156250000e+01 2.923433303833007812e+01 4.291067600250244141e+00 2.494326400756835938e+01
2.020461273193359375e+01 2.924534416198730469e+01 4.280808925628662109e+00 2.496453475952148438e+01
2.022502136230468750e+01 2.924944686889648438e+01 4.279448509216308594e+00 2.496999740600585938e+01
2.024542999267578125e+01 2.926854705810546875e+01 4.275725364685058594e+00 2.499282264709472656e+01
2.026583862304687500e+01 2.929749679565429688e+01 4.276144981384277344e+00 2.502135086059570312e+01
2.028624725341796875e+01 2.957127761840820312e+01 4.273022651672363281e+00 2.529825592041015625e+01
2.030665588378906250e+01 2.931169509887695312e+01 4.267549991607666016e+00 2.504414367675781250e+01
2.032706451416015625e+01 2.931431198120117188e+01 4.263853549957275391e+00 2.505045700073242188e+01
2.034747314453125000e+01 2.935837554931640625e+01 4.257812023162841797e+00 2.510056304931640625e+01
2.042910766601562500e+01 2.942636108398437500e+01 4.244313240051269531e+00 2.518204879760742188e+01
2.049033546447753906e+01 2.950841903686523438e+01 4.213522434234619141e+00 2.529489517211914062e+01
2.053115081787109375e+01 2.956941604614257812e+01 4.195817470550537109e+00 2.537359619140625000e+01
2.055155944824218750e+01 2.970923042297363281e+01 4.158453464508056641e+00 2.555077934265136719e+01
2.059237670898437500e+01 2.992288398742675781e+01 4.149629592895507812e+00 2.577325439453125000e+01
2.061278724670410156e+01 2.952258300781250000e+01 4.142036914825439453e+00 2.538054466247558594e+01
2.075564765930175781e+01 2.932976531982421875e+01 4.050667762756347656e+00 2.527909660339355469e+01
2.077605628967285156e+01 2.928174972534179688e+01 4.035742282867431641e+00 2.524600601196289062e+01
2.079646492004394531e+01 2.925469398498535156e+01 4.025451183319091797e+00 2.522924232482910156e+01
2.081687355041503906e+01 2.931071090698242188e+01 4.016903877258300781e+00 2.529380416870117188e+01
2.083728218078613281e+01 2.927994537353515625e+01 4.004353523254394531e+00 2.527559280395507812e+01
2.087809944152832031e+01 2.916196823120117188e+01 3.985058784484863281e+00 2.517691040039062500e+01
2.100055122375488281e+01 2.914896202087402344e+01 3.954982757568359375e+00 2.519397926330566406e+01
2.102095985412597656e+01 2.911593246459960938e+01 3.949434995651245117e+00 2.516650009155273438e+01
2.104136848449707031e+01 2.903495025634765625e+01 3.948448657989501953e+00 2.508650207519531250e+01
2.106177711486816406e+01 2.903923416137695312e+01 3.941212177276611328e+00 2.509802246093750000e+01
2.108218574523925781e+01 2.905285263061523438e+01 3.940803766250610352e+00 2.511204910278320312e+01
2.110259437561035156e+01 2.900069236755371094e+01 3.934723615646362305e+00 2.506596565246582031e+01
2.112300491333007812e+01 2.896577072143554688e+01 3.936588764190673828e+00 2.502918243408203125e+01
2.114341354370117188e+01 2.898890495300292969e+01 3.929958343505859375e+00 2.505894660949707031e+01
2.116382217407226562e+01 2.895742988586425781e+01 3.926168680191040039e+00 2.503126335144042969e+01
2.118423080444335938e+01 2.894599914550781250e+01 3.922950744628906250e+00 2.502304840087890625e+01
2.120463943481445312e+01 2.891960906982421875e+01 3.914659261703491211e+00 2.500495147705078125e+01
2.122504615783691406e+01 2.891375541687011719e+01 3.910331487655639648e+00 2.500342178344726562e+01
2.124545478820800781e+01 2.888304710388183594e+01 3.905448436737060547e+00 2.497759819030761719e+01
2.126586532592773438e+01 2.887692070007324219e+01 3.898323297500610352e+00 2.497859764099121094e+01
2.128627395629882812e+01 2.884334564208984375e+01 3.895148038864135742e+00 2.494819641113281250e+01
2.130668258666992188e+01 2.883835411071777344e+01 3.887484788894653320e+00 2.495086860656738281e+01
2.132709121704101562e+01 2.881690979003906250e+01 3.879274368286132812e+00 2.493763351440429688e+01
2.134749984741210938e+01 2.877799415588378906e+01 3.877248048782348633e+00 2.490074729919433594e+01
2.136790847778320312e+01 2.879457664489746094e+01 3.870183706283569336e+00 2.492439460754394531e+01
2.138831710815429688e+01 2.877255821228027344e+01 3.859775304794311523e+00 2.491278266906738281e+01
2.140872573852539062e+01 2.875495147705078125e+01 3.851063728332519531e+00 2.490388870239257812e+01
2.142913436889648438e+01 2.870939064025878906e+01 3.850747585296630859e+00 2.485864257812500000e+01
2.144954490661621094e+01 2.868413925170898438e+01 3.835922956466674805e+00 2.484821510314941406e+01
2.146995162963867188e+01 2.865124320983886719e+01 3.829489231109619141e+00 2.482175254821777344e+01
2.149036026000976562e+01 2.864402008056640625e+01 3.818611621856689453e+00 2.482540893554687500e+01
2.151076889038085938e+01 2.861345100402832031e+01 3.810537338256835938e+00 2.480291175842285156e+01
2.153117752075195312e+01 2.859771347045898438e+01 3.806925296783447266e+00 2.479078674316406250e+01
2.155158615112304688e+01 2.857283020019531250e+01 3.798321723937988281e+00 2.477450752258300781e+01
2.157199478149414062e+01 2.851723098754882812e+01 3.788069963455200195e+00 2.472916030883789062e+01
2.159240341186523438e+01 2.847929954528808594e+01 3.786706924438476562e+00 2.469259262084960938e+01
2.161281394958496094e+01 2.843958663940429688e+01 3.773162364959716797e+00 2.466642379760742188e+01
2.163322257995605469e+01 2.842217636108398438e+01 3.766836166381835938e+00 2.465534210205078125e+01
2.165363121032714844e+01 2.838481712341308594e+01 3.761074781417846680e+00 2.462374305725097656e+01
2.167403984069824219e+01 2.831696128845214844e+01 3.752563238143920898e+00 2.456439781188964844e+01
2.169444656372070312e+01 2.828935813903808594e+01 3.745171070098876953e+00 2.454418563842773438e+01
2.171485519409179688e+01 2.823557853698730469e+01 3.739446401596069336e+00 2.449613380432128906e+01
2.173526382446289062e+01 2.819586181640625000e+01 3.738137722015380859e+00 2.445772361755371094e+01
2.175567245483398438e+01 2.815196037292480469e+01 3.730229854583740234e+00 2.442173004150390625e+01
2.177608299255371094e+01 2.813105583190917969e+01 3.730581283569335938e+00 2.440047645568847656e+01
2.179649162292480469e+01 2.805182838439941406e+01 3.724342346191406250e+00 2.432748413085937500e+01
2.181690025329589844e+01 2.798902893066406250e+01 3.718663930892944336e+00 2.427036285400390625e+01
2.185771751403808594e+01 2.796263504028320312e+01 3.718291282653808594e+00 2.424434471130371094e+01
2.187812614440917969e+01 2.789753913879394531e+01 3.714822530746459961e+00 2.418271827697753906e+01
2.189853477478027344e+01 2.778827476501464844e+01 3.710267066955566406e+00 2.407800674438476562e+01
2.191894340515136719e+01 2.773070716857910156e+01 3.709543228149414062e+00 2.402116203308105469e+01
2.193935203552246094e+01 2.770849037170410156e+01 3.707183599472045898e+00 2.400130653381347656e+01
2.195976066589355469e+01 2.769354057312011719e+01 3.709734201431274414e+00 2.398380470275878906e+01
2.198016929626464844e+01 2.759869766235351562e+01 3.703566789627075195e+00 2.389513015747070312e+01
2.200057792663574219e+01 2.758177566528320312e+01 3.707203626632690430e+00 2.387457275390625000e+01
2.202098655700683594e+01 2.751920509338378906e+01 3.702681064605712891e+00 2.381652259826660156e+01
2.204139518737792969e+01 2.749834823608398438e+01 3.700338363647460938e+00 2.379800987243652344e+01
2.206180381774902344e+01 2.745688247680664062e+01 3.700170755386352539e+00 2.375671195983886719e+01
2.208221244812011719e+01 2.740937614440917969e+01 3.697834730148315430e+00 2.371154212951660156e+01
2.210262298583984375e+01 2.735725021362304688e+01 3.695503711700439453e+00 2.366174697875976562e+01
2.212303161621093750e+01 2.732716369628906250e+01 3.693176507949829102e+00 2.363398742675781250e+01
2.214344024658203125e+01 2.734726905822753906e+01 3.696799516677856445e+00 2.365046691894531250e+01
2.216384696960449219e+01 2.728096008300781250e+01 3.688535451889038086e+00 2.359242439270019531e+01
2.218425559997558594e+01 2.726892471313476562e+01 3.687839984893798828e+00 2.358108520507812500e+01
2.220466423034667969e+01 2.724189376831054688e+01 3.686606407165527344e+00 2.355528640747070312e+01
2.222507286071777344e+01 2.722385406494140625e+01 3.681066989898681641e+00 2.354278564453125000e+01
2.224548149108886719e+01 2.720675277709960938e+01 3.682532310485839844e+00 2.352421951293945312e+01
2.226589202880859375e+01 2.720885086059570312e+01 3.678619384765625000e+00 2.353022956848144531e+01
2.228630065917968750e+01 2.717147064208984375e+01 3.679547786712646484e+00 2.349192237854003906e+01
2.230670928955078125e+01 2.716636657714843750e+01 3.673498153686523438e+00 2.349286842346191406e+01
2.232711791992187500e+01 2.716646003723144531e+01 3.673356771469116211e+00 2.349310302734375000e+01
2.234752655029296875e+01 2.715387535095214844e+01 3.665716886520385742e+00 2.348815727233886719e+01
2.236793518066406250e+01 2.715913200378417969e+01 3.662372350692749023e+00 2.349675750732421875e+01
2.238834190368652344e+01 2.717617225646972656e+01 3.661172628402709961e+00 2.351499748229980469e+01
2.240875053405761719e+01 2.716530799865722656e+01 3.654099464416503906e+00 2.351120948791503906e+01
2.242916107177734375e+01 2.718489074707031250e+01 3.653442859649658203e+00 2.353144645690917969e+01
2.244956970214843750e+01 2.719105720520019531e+01 3.649054765701293945e+00 2.354199981689453125e+01
2.246997833251953125e+01 2.720452690124511719e+01 3.646806240081787109e+00 2.355771827697753906e+01
2.249038696289062500e+01 2.722378349304199219e+01 3.640835762023925781e+00 2.358294486999511719e+01
2.251079559326171875e+01 2.723399734497070312e+01 3.638066530227661133e+00 2.359593009948730469e+01
2.253120422363281250e+01 2.726378250122070312e+01 3.636896371841430664e+00 2.362688827514648438e+01
2.255161285400390625e+01 2.728668212890625000e+01 3.635196924209594727e+00 2.365148353576660156e+01
2.257202148437500000e+01 2.729875373840332031e+01 3.630319595336914062e+00 2.366843605041503906e+01
2.259243011474609375e+01 2.732663345336914062e+01 3.629159212112426758e+00 2.369747352600097656e+01
2.261283874511718750e+01 2.735803413391113281e+01 3.625354528427124023e+00 2.373268127441406250e+01
2.263324737548828125e+01 2.738800811767578125e+01 3.628431558609008789e+00 2.375957679748535156e+01
2.265365600585937500e+01 2.740130424499511719e+01 3.626219749450683594e+00 2.377508354187011719e+01
2.267406463623046875e+01 2.744017219543457031e+01 3.622955799102783203e+00 2.381721687316894531e+01
2.269447326660156250e+01 2.744232940673828125e+01 3.624971628189086914e+00 2.381735801696777344e+01
2.271488189697265625e+01 2.748981285095214844e+01 3.624876737594604492e+00 2.386493492126464844e+01
2.273529052734375000e+01 2.750477218627929688e+01 3.624781608581542969e+00 2.387998962402343750e+01
2.275570106506347656e+01 2.753066825866699219e+01 3.624686479568481445e+00 2.390598106384277344e+01
2.277610969543457031e+01 2.755476760864257812e+01 3.629847049713134766e+00 2.392492103576660156e+01
2.279651832580566406e+01 2.757032775878906250e+01 3.630798101425170898e+00 2.393952941894531250e+01
2.281692695617675781e+01 2.758348274230957031e+01 3.632271528244018555e+00 2.395121002197265625e+01
2.283733558654785156e+01 2.759838104248046875e+01 3.635839223861694336e+00 2.396254158020019531e+01
2.285774230957031250e+01 2.759542465209960938e+01 3.634687900543212891e+00 2.396073913574218750e+01
2.287815093994140625e+01 2.760999679565429688e+01 3.636154174804687500e+00 2.397384262084960938e+01
2.289855957031250000e+01 2.759574508666992188e+01 3.638663053512573242e+00 2.395708084106445312e+01
2.291897010803222656e+01 2.758844566345214844e+01 3.638556480407714844e+00 2.394988822937011719e+01
2.293937873840332031e+01 2.760274887084960938e+01 3.640015602111816406e+00 2.396273422241210938e+01
2.295978736877441406e+01 2.756026840209960938e+01 3.638865232467651367e+00 2.392140388488769531e+01
2.298019599914550781e+01 2.755774879455566406e+01 3.640321254730224609e+00 2.391742706298828125e+01
2.300060462951660156e+01 2.753300094604492188e+01 3.640733957290649414e+00 2.389226722717285156e+01
2.302101325988769531e+01 2.751438522338867188e+01 3.634386777877807617e+00 2.387999916076660156e+01
2.304142189025878906e+01 2.747135543823242188e+01 3.633245706558227539e+00 2.383811187744140625e+01
2.316387367248535156e+01 2.754379653930664062e+01 3.671396970748901367e+00 2.387240219116210938e+01
2.318428230285644531e+01 2.725107765197753906e+01 3.617569208145141602e+00 2.363350868225097656e+01
2.320469093322753906e+01 2.718480110168457031e+01 3.616966724395751953e+00 2.356783866882324219e+01
2.328632736206054688e+01 2.710262107849121094e+01 3.599660396575927734e+00 2.350296211242675781e+01
2.334755134582519531e+01 2.694637870788574219e+01 3.585094451904296875e+00 2.336128425598144531e+01
2.336795997619628906e+01 2.697866058349609375e+01 3.585548639297485352e+00 2.339311408996582031e+01
2.338836860656738281e+01 2.685393714904785156e+01 3.581396579742431641e+00 2.327254295349121094e+01
2.342918777465820312e+01 2.683348083496093750e+01 3.572091817855834961e+00 2.326139068603515625e+01
2.357204818725585938e+01 2.666426467895507812e+01 3.550950765609741211e+00 2.311331558227539062e+01
2.359245681762695312e+01 2.714492797851562500e+01 3.570202350616455078e+00 2.357472610473632812e+01
2.361286544799804688e+01 2.684673309326171875e+01 3.564074754714965820e+00 2.328265762329101562e+01
2.369449996948242188e+01 2.665772628784179688e+01 3.552300691604614258e+00 2.310542678833007812e+01
2.371490859985351562e+01 2.669794273376464844e+01 3.569937467575073242e+00 2.312800407409667969e+01
2.373531723022460938e+01 2.674321556091308594e+01 3.569389343261718750e+00 2.317382621765136719e+01
2.375572776794433594e+01 2.677431678771972656e+01 3.579422712326049805e+00 2.319489288330078125e+01
2.377613449096679688e+01 2.701199722290039062e+01 3.580881834030151367e+00 2.343111610412597656e+01
2.379654312133789062e+01 2.673900985717773438e+01 3.576301336288452148e+00 2.316270828247070312e+01
2.381695175170898438e+01 2.675403594970703125e+01 3.577759981155395508e+00 2.317627334594726562e+01
2.383736038208007812e+01 2.676039886474609375e+01 3.578713893890380859e+00 2.318168449401855469e+01
2.387817764282226562e+01 2.659547996520996094e+01 3.583624362945556641e+00 2.301185607910156250e+01
2.389858627319335938e+01 2.663683319091796875e+01 3.578560829162597656e+00 2.305827331542968750e+01
2.393940544128417969e+01 2.655562210083007812e+01 3.580459356307983398e+00 2.297516250610351562e+01
2.400063133239746094e+01 2.659935379028320312e+01 3.572821617126464844e+00 2.302653121948242188e+01
2.402103805541992188e+01 2.661340522766113281e+01 3.575765609741210938e+00 2.303763961791992188e+01
2.406185722351074219e+01 2.663459968566894531e+01 3.566217899322509766e+00 2.306838035583496094e+01
2.408226585388183594e+01 2.673557853698730469e+01 3.567171573638916016e+00 2.316840553283691406e+01
2.410267448425292969e+01 2.676457214355468750e+01 3.558192014694213867e+00 2.320637893676757812e+01
2.412308311462402344e+01 2.678681182861328125e+01 3.555181741714477539e+00 2.323162841796875000e+01
2.414349174499511719e+01 2.677190017700195312e+01 3.550193548202514648e+00 2.322170448303222656e+01
2.420471763610839844e+01 2.666862106323242188e+01 3.546652555465698242e+00 2.312196731567382812e+01
2.426594352722167969e+01 2.663341140747070312e+01 3.531785011291503906e+00 2.310162734985351562e+01
2.428635215759277344e+01 2.665824699401855469e+01 3.525859832763671875e+00 2.313238716125488281e+01
2.430676078796386719e+01 2.670124435424804688e+01 3.522899389266967773e+00 2.317834663391113281e+01
2.434757804870605469e+01 2.680283546447753906e+01 3.507652997970581055e+00 2.329518127441406250e+01
2.444962310791015625e+01 2.659310913085937500e+01 3.485180139541625977e+00 2.310792541503906250e+01
2.447002983093261719e+01 2.654041099548339844e+01 3.482273578643798828e+00 2.305813789367675781e+01
2.451084709167480469e+01 2.652587890625000000e+01 3.473544836044311523e+00 2.305233383178710938e+01
2.457207489013671875e+01 2.628414344787597656e+01 3.456121444702148438e+00 2.282802009582519531e+01
2.459248352050781250e+01 2.651768684387207031e+01 3.458607196807861328e+00 2.305907821655273438e+01
2.463330078125000000e+01 2.629411888122558594e+01 3.448988676071166992e+00 2.284512901306152344e+01
2.465370941162109375e+01 2.622880935668945312e+01 3.442249774932861328e+00 2.278656005859375000e+01
2.471493530273437500e+01 2.614762306213378906e+01 3.446798801422119141e+00 2.270082664489746094e+01
2.473534393310546875e+01 2.609913063049316406e+01 3.445890188217163086e+00 2.265324020385742188e+01
2.483738708496093750e+01 2.598200035095214844e+01 3.445708513259887695e+00 2.253629112243652344e+01
2.485779571533203125e+01 2.596357154846191406e+01 3.448176383972167969e+00 2.251539611816406250e+01
2.487820434570312500e+01 2.592382049560546875e+01 3.450158596038818359e+00 2.247366142272949219e+01
2.489861488342285156e+01 2.589142036437988281e+01 3.452138185501098633e+00 2.243928146362304688e+01
2.491902351379394531e+01 2.592754936218261719e+01 3.452672958374023438e+00 2.247487640380859375e+01
2.493943023681640625e+01 2.591817283630371094e+01 3.455127239227294922e+00 2.246304512023925781e+01
2.502106475830078125e+01 2.593719100952148438e+01 3.463468313217163086e+00 2.247372245788574219e+01
2.504147338867187500e+01 2.594293785095214844e+01 3.468292951583862305e+00 2.247464370727539062e+01
2.506188392639160156e+01 2.588397216796875000e+01 3.465946435928344727e+00 2.241802597045898438e+01
2.508229255676269531e+01 2.592735862731933594e+01 3.470284223556518555e+00 2.245707511901855469e+01
2.510270118713378906e+01 2.586363792419433594e+01 3.467939615249633789e+00 2.239569664001464844e+01
2.512310981750488281e+01 2.591648101806640625e+01 3.469410419464111328e+00 2.244707107543945312e+01
2.514351844787597656e+01 2.600638771057128906e+01 3.473258972167968750e+00 2.253312873840332031e+01
2.516392517089843750e+01 2.595468902587890625e+01 3.470918178558349609e+00 2.248376846313476562e+01
2.518433380126953125e+01 2.596307373046875000e+01 3.477610826492309570e+00 2.248546028137207031e+01
2.520474243164062500e+01 2.596234512329101562e+01 3.477169513702392578e+00 2.248517799377441406e+01
2.522515296936035156e+01 2.597030067443847656e+01 3.480999469757080078e+00 2.248929977416992188e+01
2.524556159973144531e+01 2.598998641967773438e+01 3.482926368713378906e+00 2.250706100463867188e+01
2.526597023010253906e+01 2.599582099914550781e+01 3.483903169631958008e+00 2.251191711425781250e+01
2.528637886047363281e+01 2.600984764099121094e+01 3.487244606018066406e+00 2.252260208129882812e+01
2.530678749084472656e+01 2.603817558288574219e+01 3.492000341415405273e+00 2.254617691040039062e+01
2.532719612121582031e+01 2.603809738159179688e+01 3.495330095291137695e+00 2.254276657104492188e+01
2.534760475158691406e+01 2.606505012512207031e+01 3.496293544769287109e+00 2.256875419616699219e+01
2.536801338195800781e+01 2.615925598144531250e+01 3.497727155685424805e+00 2.266152763366699219e+01
2.538842201232910156e+01 2.610100746154785156e+01 3.504816055297851562e+00 2.259618949890136719e+01
2.540883064270019531e+01 2.611972045898437500e+01 3.508596181869506836e+00 2.261112213134765625e+01
2.542923927307128906e+01 2.613178062438964844e+01 3.512370347976684570e+00 2.261940956115722656e+01
2.544964790344238281e+01 2.614826965332031250e+01 3.517078876495361328e+00 2.263119125366210938e+01
2.547005653381347656e+01 2.615985107421875000e+01 3.521780014038085938e+00 2.263806915283203125e+01
2.549046516418457031e+01 2.617749786376953125e+01 3.528820753097534180e+00 2.264867782592773438e+01
2.551087379455566406e+01 2.618980216979980469e+01 3.530220746994018555e+00 2.265958213806152344e+01
2.553128242492675781e+01 2.619599151611328125e+01 3.535368680953979492e+00 2.266062164306640625e+01
2.555169296264648438e+01 2.620046806335449219e+01 3.540508508682250977e+00 2.265995979309082031e+01
2.557210159301757812e+01 2.614508438110351562e+01 3.543767690658569336e+00 2.260131645202636719e+01
2.559251022338867188e+01 2.618899726867675781e+01 3.551231145858764648e+00 2.263776588439941406e+01
2.561291885375976562e+01 2.620355606079101562e+01 3.554009199142456055e+00 2.264954948425292969e+01
2.563332557678222656e+01 2.621899795532226562e+01 3.559118032455444336e+00 2.265988159179687500e+01
2.565373420715332031e+01 2.620376777648925781e+01 3.562818765640258789e+00 2.264094734191894531e+01
2.567414283752441406e+01 2.620619964599609375e+01 3.567912340164184570e+00 2.263828849792480469e+01
2.569455146789550781e+01 2.619267845153808594e+01 3.569736480712890625e+00 2.262294197082519531e+01
2.571496200561523438e+01 2.617589378356933594e+01 3.572023391723632812e+00 2.260387039184570312e+01
2.573537063598632812e+01 2.616528511047363281e+01 3.575702428817749023e+00 2.258958244323730469e+01
2.575577926635742188e+01 2.613985252380371094e+01 3.574263095855712891e+00 2.256558799743652344e+01
2.577618789672851562e+01 2.612947082519531250e+01 3.577469825744628906e+00 2.255200195312500000e+01
2.579659652709960938e+01 2.609963607788085938e+01 3.577887773513793945e+00 2.252174758911132812e+01
2.581700515747070312e+01 2.606616973876953125e+01 3.577841043472290039e+00 2.248832893371582031e+01
2.583741378784179688e+01 2.604026031494140625e+01 3.575941324234008789e+00 2.246432113647460938e+01
2.585782241821289062e+01 2.602298545837402344e+01 3.578673839569091797e+00 2.244431114196777344e+01
2.587823104858398438e+01 2.597816848754882812e+01 3.575389146804809570e+00 2.240278053283691406e+01
2.589863967895507812e+01 2.593220710754394531e+01 3.571647405624389648e+00 2.236055946350097656e+01
2.591904830932617188e+01 2.589990234375000000e+01 3.570220470428466797e+00 2.232967948913574219e+01
2.593945693969726562e+01 2.587364959716796875e+01 3.567411422729492188e+00 2.230623817443847656e+01
2.595986557006835938e+01 2.582257843017578125e+01 3.561840057373046875e+00 2.226073837280273438e+01
2.598027420043945312e+01 2.579149627685546875e+01 3.557199716567993164e+00 2.223429489135742188e+01
2.600068283081054688e+01 2.574709892272949219e+01 3.551645278930664062e+00 2.219545173645019531e+01
2.602109146118164062e+01 2.570701217651367188e+01 3.547019720077514648e+00 2.215999412536621094e+01
2.604150009155273438e+01 2.564706039428710938e+01 3.538724422454833984e+00 2.210833549499511719e+01
2.606191062927246094e+01 2.563858413696289062e+01 3.532278537750244141e+00 2.210630416870117188e+01
2.608231925964355469e+01 2.559902763366699219e+01 3.526761293411254883e+00 2.207226371765136719e+01
2.610272598266601562e+01 2.555310440063476562e+01 3.518043041229248047e+00 2.203506088256835938e+01
2.612313461303710938e+01 2.552450752258300781e+01 3.512087106704711914e+00 2.201242065429687500e+01
2.614354324340820312e+01 2.548131179809570312e+01 3.502477884292602539e+00 2.197883605957031250e+01
2.616395187377929688e+01 2.543592453002929688e+01 3.493798494338989258e+00 2.194212341308593750e+01
2.618436050415039062e+01 2.540616416931152344e+01 3.486504077911376953e+00 2.191966056823730469e+01
2.620477104187011719e+01 2.538218879699707031e+01 3.475566864013671875e+00 2.190662193298339844e+01
2.622517967224121094e+01 2.534459686279296875e+01 3.469667196273803711e+00 2.187492942810058594e+01
2.624558830261230469e+01 2.532105064392089844e+01 3.462864637374877930e+00 2.185818672180175781e+01
2.626599693298339844e+01 2.530049705505371094e+01 3.451971292495727539e+00 2.184852600097656250e+01
2.628640556335449219e+01 2.526872062683105469e+01 3.442460536956787109e+00 2.182625961303710938e+01
2.630681419372558594e+01 2.524757385253906250e+01 3.434329986572265625e+00 2.181324195861816406e+01
2.632722091674804688e+01 2.523153114318847656e+01 3.425302982330322266e+00 2.180623054504394531e+01
2.634762954711914062e+01 2.521409606933593750e+01 3.416743755340576172e+00 2.179735183715820312e+01
2.636804008483886719e+01 2.520287322998046875e+01 3.409560203552246094e+00 2.179331207275390625e+01
2.638844871520996094e+01 2.519186592102050781e+01 3.401026248931884766e+00 2.179084014892578125e+01
2.640885734558105469e+01 2.518157768249511719e+01 3.393412351608276367e+00 2.178816413879394531e+01
2.642926597595214844e+01 2.516630172729492188e+01 3.386263132095336914e+00 2.178003692626953125e+01
2.644967460632324219e+01 2.515977096557617188e+01 3.379124879837036133e+00 2.178064537048339844e+01
2.647008323669433594e+01 2.516510581970214844e+01 3.373354196548461914e+00 2.179175376892089844e+01
2.649049186706542969e+01 2.515801620483398438e+01 3.367140293121337891e+00 2.179087638854980469e+01
2.651090049743652344e+01 2.515228843688964844e+01 3.360033273696899414e+00 2.179225349426269531e+01
2.653130912780761719e+01 2.515946769714355469e+01 3.355643987655639648e+00 2.180382347106933594e+01
2.655171966552734375e+01 2.516529083251953125e+01 3.349909067153930664e+00 2.181538009643554688e+01
2.657212638854980469e+01 2.516589355468750000e+01 3.345985174179077148e+00 2.181990814208984375e+01
2.659253501892089844e+01 2.517655754089355469e+01 3.342066764831542969e+00 2.183448982238769531e+01
2.661294364929199219e+01 2.518832969665527344e+01 3.338154554367065430e+00 2.185017585754394531e+01
2.663335227966308594e+01 2.518919563293457031e+01 3.333349466323852539e+00 2.185584449768066406e+01
2.665376091003417969e+01 2.519557571411132812e+01 3.329449892044067383e+00 2.186612319946289062e+01
2.667416954040527344e+01 2.522391891479492188e+01 3.326004981994628906e+00 2.189791297912597656e+01
2.669458007812500000e+01 2.521938323974609375e+01 3.324807643890380859e+00 2.189457321166992188e+01
2.671498870849609375e+01 2.524404335021972656e+01 3.324059247970581055e+00 2.191998481750488281e+01
2.673539733886718750e+01 2.523633003234863281e+01 3.320178985595703125e+00 2.191615104675292969e+01
2.675580596923828125e+01 2.524673080444335938e+01 3.317646503448486328e+00 2.192908859252929688e+01
2.677621459960937500e+01 2.525491142272949219e+01 3.316458463668823242e+00 2.193845176696777344e+01
2.679662132263183594e+01 2.526844596862792969e+01 3.314379453659057617e+00 2.195406532287597656e+01
2.681702995300292969e+01 2.526988983154296875e+01 3.312303781509399414e+00 2.195758819580078125e+01
2.683743858337402344e+01 2.527475738525390625e+01 3.312014818191528320e+00 2.196274185180664062e+01
2.685784912109375000e+01 2.527905273437500000e+01 3.311726331710815430e+00 2.196732711791992188e+01
2.687825775146484375e+01 2.527882766723632812e+01 3.310102462768554688e+00 2.196872520446777344e+01
2.689866638183593750e+01 2.527495193481445312e+01 3.308035850524902344e+00 2.196691513061523438e+01
2.691907501220703125e+01 2.527441978454589844e+01 3.305972576141357422e+00 2.196844673156738281e+01
2.693948364257812500e+01 2.527915763854980469e+01 3.305245399475097656e+00 2.197391128540039062e+01
2.695989227294921875e+01 2.526742172241210938e+01 3.301411390304565430e+00 2.196601104736328125e+01
2.698030090332031250e+01 2.526334571838378906e+01 3.302019357681274414e+00 2.196132469177246094e+01
2.700070953369140625e+01 2.525415420532226562e+01 3.300853490829467773e+00 2.195330047607421875e+01
2.702111816406250000e+01 2.523682594299316406e+01 3.298360586166381836e+00 2.193846702575683594e+01
2.704152679443359375e+01 2.521957778930664062e+01 3.295871257781982422e+00 2.192370414733886719e+01
2.706193542480468750e+01 2.520701599121093750e+01 3.296039581298828125e+00 2.191097640991210938e+01
2.708234405517578125e+01 2.517720794677734375e+01 3.290019989013671875e+00 2.188718795776367188e+01
2.710275268554687500e+01 2.514944458007812500e+01 3.286659002304077148e+00 2.186278343200683594e+01
2.712316131591796875e+01 2.511604499816894531e+01 3.282420873641967773e+00 2.183362197875976562e+01
2.714356994628906250e+01 2.510027694702148438e+01 3.280393838882446289e+00 2.181988334655761719e+01
2.716397857666015625e+01 2.505970954895019531e+01 3.274844884872436523e+00 2.178486442565917969e+01
2.718438720703125000e+01 2.503072929382324219e+01 3.270625114440917969e+00 2.176010322570800781e+01
2.720479774475097656e+01 2.497487640380859375e+01 3.268171548843383789e+00 2.170670509338378906e+01
2.722520446777343750e+01 2.493989372253417969e+01 3.262204170227050781e+00 2.167768859863281250e+01
2.724561500549316406e+01 2.489435958862304688e+01 3.255806684494018555e+00 2.163855361938476562e+01
2.726602172851562500e+01 2.485231781005859375e+01 3.254247903823852539e+00 2.159807014465332031e+01
2.728643226623535156e+01 2.480631828308105469e+01 3.247865676879882812e+00 2.155845069885253906e+01
2.730683898925781250e+01 2.475420570373535156e+01 3.242808818817138672e+00 2.151139640808105469e+01
2.732724952697753906e+01 2.470214843750000000e+01 3.236882209777832031e+00 2.146526527404785156e+01
2.734765815734863281e+01 2.464505004882812500e+01 3.230527877807617188e+00 2.141452026367187500e+01
2.736806488037109375e+01 2.459846687316894531e+01 3.225057363510131836e+00 2.137340927124023438e+01
2.738847541809082031e+01 2.453476524353027344e+01 3.221343278884887695e+00 2.131342315673828125e+01
2.740888214111328125e+01 2.448911857604980469e+01 3.214577674865722656e+00 2.127453804016113281e+01
2.742929267883300781e+01 2.443450546264648438e+01 3.210003614425659180e+00 2.122449874877929688e+01
2.744969940185546875e+01 2.438809394836425781e+01 3.203692436218261719e+00 2.118440055847167969e+01
2.747010993957519531e+01 2.432583618164062500e+01 3.197826385498046875e+00 2.112800788879394531e+01
2.749051666259765625e+01 2.428413009643554688e+01 3.195452690124511719e+00 2.108867645263671875e+01
2.751092720031738281e+01 2.422876739501953125e+01 3.190906524658203125e+00 2.103785896301269531e+01
2.753133583068847656e+01 2.418529319763183594e+01 3.187237024307250977e+00 2.099805831909179688e+01
2.755174636840820312e+01 2.413577842712402344e+01 3.181834697723388672e+00 2.095394325256347656e+01
2.757215309143066406e+01 2.408932685852050781e+01 3.178177356719970703e+00 2.091114997863769531e+01
2.759256362915039062e+01 2.405210685729980469e+01 3.175826549530029297e+00 2.087628364562988281e+01
2.761297035217285156e+01 2.403417587280273438e+01 3.173045873641967773e+00 2.086112976074218750e+01
2.763337707519531250e+01 2.397295951843261719e+01 3.170269727706909180e+00 2.080269050598144531e+01
2.765378761291503906e+01 2.394269180297851562e+01 3.168362379074096680e+00 2.077433013916015625e+01
2.767419624328613281e+01 2.391582870483398438e+01 3.166891098022460938e+00 2.074893569946289062e+01
2.769460678100585938e+01 2.386664009094238281e+01 3.158938646316528320e+00 2.070770072937011719e+01
2.771501350402832031e+01 2.385880088806152344e+01 3.164818286895751953e+00 2.069398117065429688e+01
2.773542404174804688e+01 2.383288955688476562e+01 3.164215803146362305e+00 2.066867256164550781e+01
2.775583076477050781e+01 2.381162071228027344e+01 3.163182735443115234e+00 2.064843940734863281e+01
2.777624130249023438e+01 2.379522514343261719e+01 3.164736986160278320e+00 2.063048934936523438e+01
2.779664802551269531e+01 2.378920173645019531e+01 3.164566516876220703e+00 2.062463188171386719e+01
2.781705856323242188e+01 2.376685333251953125e+01 3.165256500244140625e+00 2.060159873962402344e+01
2.783746528625488281e+01 2.375347900390625000e+01 3.165516138076782227e+00 2.058795928955078125e+01
2.785787391662597656e+01 2.374187660217285156e+01 3.166204690933227539e+00 2.057567214965820312e+01
2.787828445434570312e+01 2.373125267028808594e+01 3.168609380722045898e+00 2.056264305114746094e+01
2.789869117736816406e+01 2.372365951538085938e+01 3.169295310974121094e+00 2.055436325073242188e+01
2.791910171508789062e+01 2.372449111938476562e+01 3.171694278717041016e+00 2.055279731750488281e+01
2.793950843811035156e+01 2.371503448486328125e+01 3.173233032226562500e+00 2.054179954528808594e+01
2.795991897583007812e+01 2.372708129882812500e+01 3.175625801086425781e+00 2.055145263671875000e+01
2.798032569885253906e+01 2.371909713745117188e+01 3.178015232086181641e+00 2.054108238220214844e+01
2.800073623657226562e+01 2.372888946533203125e+01 3.179118394851684570e+00 2.054977226257324219e+01
2.802114486694335938e+01 2.372571945190429688e+01 3.181502103805541992e+00 2.054421997070312500e+01
2.804155540466308594e+01 2.373564720153808594e+01 3.181747198104858398e+00 2.055389976501464844e+01
2.806196212768554688e+01 2.372690773010253906e+01 3.184978723526000977e+00 2.054192924499511719e+01
2.808236885070800781e+01 2.372640419006347656e+01 3.186074018478393555e+00 2.054033279418945312e+01
2.810277938842773438e+01 2.372517776489257812e+01 3.187167644500732422e+00 2.053800773620605469e+01
2.812318611145019531e+01 2.373370361328125000e+01 3.190387725830078125e+00 2.054331588745117188e+01
2.814359664916992188e+01 2.374102020263671875e+01 3.191051006317138672e+00 2.054996681213378906e+01
2.816400527954101562e+01 2.373611068725585938e+01 3.191288709640502930e+00 2.054482269287109375e+01
2.818441581726074219e+01 2.374724769592285156e+01 3.192375183105468750e+00 2.055487251281738281e+01
2.820482254028320312e+01 2.376484107971191406e+01 3.193460464477539062e+00 2.057137870788574219e+01
2.822523307800292969e+01 2.375180816650390625e+01 3.194543600082397461e+00 2.055726432800292969e+01
2.824563980102539062e+01 2.374931526184082031e+01 3.195202112197875977e+00 2.055411338806152344e+01
2.826605033874511719e+01 2.375055694580078125e+01 3.195859193801879883e+00 2.055469894409179688e+01
2.828645706176757812e+01 2.373470306396484375e+01 3.196515560150146484e+00 2.053818702697753906e+01
2.830686378479003906e+01 2.375177574157714844e+01 3.195056915283203125e+00 2.055671882629394531e+01
2.832727432250976562e+01 2.374652862548828125e+01 3.194867372512817383e+00 2.055165863037109375e+01
2.834768295288085938e+01 2.374117469787597656e+01 3.194256305694580078e+00 2.054691886901855469e+01
2.836809349060058594e+01 2.373253250122070312e+01 3.194489955902099609e+00 2.053804397583007812e+01
2.838850021362304688e+01 2.372360801696777344e+01 3.190085172653198242e+00 2.053352355957031250e+01
2.840891075134277344e+01 2.370474624633789062e+01 3.194955825805664062e+00 2.050979232788085938e+01
2.842931747436523438e+01 2.371057319641113281e+01 3.192241430282592773e+00 2.051833152770996094e+01
2.844972801208496094e+01 2.368538093566894531e+01 3.189951419830322266e+00 2.049542808532714844e+01
2.847013473510742188e+01 2.368365669250488281e+01 3.189766883850097656e+00 2.049389076232910156e+01
2.849054527282714844e+01 2.367533683776855469e+01 3.188742399215698242e+00 2.048659324645996094e+01
2.851095390319824219e+01 2.365984344482421875e+01 3.187299489974975586e+00 2.047254180908203125e+01
2.853136062622070312e+01 2.363640403747558594e+01 3.187536954879760742e+00 2.044886970520019531e+01
2.855177116394042969e+01 2.361373901367187500e+01 3.187354326248168945e+00 2.042638397216796875e+01
2.857217788696289062e+01 2.359352684020996094e+01 3.184240102767944336e+00 2.040928649902343750e+01
2.859258842468261719e+01 2.356659889221191406e+01 3.178199291229248047e+00 2.038840103149414062e+01
2.861299514770507812e+01 2.354670143127441406e+01 3.183462381362915039e+00 2.036323928833007812e+01
2.863340568542480469e+01 2.353467941284179688e+01 3.186209440231323242e+00 2.034847068786621094e+01
2.865381431579589844e+01 2.349170303344726562e+01 3.180598497390747070e+00 2.031110572814941406e+01
2.867422294616699219e+01 2.346822929382324219e+01 3.180004358291625977e+00 2.028822708129882812e+01
2.869463157653808594e+01 2.343018913269042969e+01 3.178159952163696289e+00 2.025202751159667969e+01
2.871504211425781250e+01 2.340195083618164062e+01 3.177985191345214844e+00 2.022396278381347656e+01
2.873544883728027344e+01 2.335854148864746094e+01 3.175311565399169922e+00 2.018322944641113281e+01
2.875585937500000000e+01 2.333242607116699219e+01 3.175138950347900391e+00 2.015728759765625000e+01
2.877626609802246094e+01 2.329322624206542969e+01 3.175799131393432617e+00 2.011742401123046875e+01
2.879667282104492188e+01 2.324119567871093750e+01 3.175626516342163086e+00 2.006557273864746094e+01
2.881708335876464844e+01 2.322088432312011719e+01 3.173377275466918945e+00 2.004750823974609375e+01
2.883749198913574219e+01 2.318601036071777344e+01 3.173207044601440430e+00 2.001280593872070312e+01
2.885790252685546875e+01 2.313638687133789062e+01 3.170962810516357422e+00 1.996542549133300781e+01
2.887830924987792969e+01 2.309644889831542969e+01 3.170379877090454102e+00 1.992606925964355469e+01
2.889871978759765625e+01 2.305482482910156250e+01 3.169797658920288086e+00 1.988502693176269531e+01
2.891912651062011719e+01 2.302862930297851562e+01 3.170457839965820312e+00 1.985816574096679688e+01
2.893953704833984375e+01 2.298008155822753906e+01 3.168635368347167969e+00 1.981144714355468750e+01
2.895994377136230469e+01 2.294109153747558594e+01 3.168469190597534180e+00 1.977262115478515625e+01
2.898035430908203125e+01 2.289326667785644531e+01 3.166237831115722656e+00 1.972702980041503906e+01
2.900076293945312500e+01 2.285843849182128906e+01 3.166073560714721680e+00 1.969236183166503906e+01
2.902116966247558594e+01 2.281667327880859375e+01 3.161784887313842773e+00 1.965489196777343750e+01
2.904158020019531250e+01 2.277966308593750000e+01 3.162859916687011719e+00 1.961680221557617188e+01
2.906198692321777344e+01 2.274192810058593750e+01 3.161874771118164062e+00 1.958005523681640625e+01
2.908239746093750000e+01 2.269838333129882812e+01 3.157597780227661133e+00 1.954078483581542969e+01
2.910280418395996094e+01 2.266420555114746094e+01 3.157851219177246094e+00 1.950635147094726562e+01
2.912321472167968750e+01 2.263867568969726562e+01 3.157693147659301758e+00 1.948098182678222656e+01
2.914362144470214844e+01 2.260180854797363281e+01 3.154660701751708984e+00 1.944714927673339844e+01
2.916403198242187500e+01 2.257051467895507812e+01 3.153273582458496094e+00 1.941724014282226562e+01
2.918444061279296875e+01 2.254958915710449219e+01 3.151068687438964844e+00 1.939852333068847656e+01
2.920485115051269531e+01 2.251609420776367188e+01 3.148866415023803711e+00 1.936723136901855469e+01
2.922525787353515625e+01 2.249017143249511719e+01 3.145029306411743164e+00 1.934514236450195312e+01
2.924566459655761719e+01 2.246519851684570312e+01 3.144881248474121094e+00 1.932031631469726562e+01
2.926607513427734375e+01 2.244231986999511719e+01 3.141052246093750000e+00 1.930126762390136719e+01
2.928648185729980469e+01 2.242033004760742188e+01 3.139680624008178711e+00 1.928064918518066406e+01
2.930689239501953125e+01 2.240309143066406250e+01 3.137494087219238281e+00 1.926559448242187500e+01
2.932730102539062500e+01 2.237638854980468750e+01 3.134494781494140625e+00 1.924189376831054688e+01
2.934771156311035156e+01 2.236514282226562500e+01 3.131499052047729492e+00 1.923364448547363281e+01
2.936811828613281250e+01 2.235504150390625000e+01 3.129730463027954102e+00 1.922531318664550781e+01
2.938852882385253906e+01 2.234485816955566406e+01 3.127556800842285156e+00 1.921730232238769531e+01
2.940893554687500000e+01 2.233209991455078125e+01 3.126200914382934570e+00 1.920589447021484375e+01
2.942934608459472656e+01 2.232395553588867188e+01 3.124032735824584961e+00 1.919992256164550781e+01
2.944975280761718750e+01 2.231478118896484375e+01 3.121867895126342773e+00 1.919291114807128906e+01
2.947016143798828125e+01 2.230996322631835938e+01 3.118893623352050781e+00 1.919106674194335938e+01
2.949057197570800781e+01 2.231117630004882812e+01 3.118764400482177734e+00 1.919241333007812500e+01
2.951097869873046875e+01 2.230088043212890625e+01 3.116202116012573242e+00 1.918467712402343750e+01
2.953138923645019531e+01 2.230403900146484375e+01 3.114453792572021484e+00 1.918958282470703125e+01
2.955179595947265625e+01 2.229491996765136719e+01 3.114733219146728516e+00 1.918018722534179688e+01
2.957220649719238281e+01 2.228684997558593750e+01 3.112988233566284180e+00 1.917386245727539062e+01
2.959261322021484375e+01 2.228969955444335938e+01 3.112459421157836914e+00 1.917723846435546875e+01
2.961302375793457031e+01 2.229009628295898438e+01 3.112739324569702148e+00 1.917735862731933594e+01
2.963343048095703125e+01 2.228700447082519531e+01 3.110999822616577148e+00 1.917600440979003906e+01
2.965384101867675781e+01 2.228432846069335938e+01 3.112087726593017578e+00 1.917223930358886719e+01
2.967424964904785156e+01 2.227938652038574219e+01 3.111964464187622070e+00 1.916741943359375000e+01
2.969465637207031250e+01 2.227102661132812500e+01 3.112647294998168945e+00 1.915838241577148438e+01
2.971506690979003906e+01 2.227072906494140625e+01 3.112523317337036133e+00 1.915820503234863281e+01
2.973547363281250000e+01 2.227032661437988281e+01 3.114009857177734375e+00 1.915631675720214844e+01
2.975588417053222656e+01 2.226722717285156250e+01 3.115092039108276367e+00 1.915213775634765625e+01
2.977629089355468750e+01 2.225739097595214844e+01 3.116172790527343750e+00 1.914121627807617188e+01
2.979670143127441406e+01 2.224816894531250000e+01 3.117653846740722656e+00 1.913051605224609375e+01
2.981711006164550781e+01 2.223852348327636719e+01 3.119534492492675781e+00 1.911899185180664062e+01
2.983752059936523438e+01 2.222798156738281250e+01 3.121010780334472656e+00 1.910696983337402344e+01
2.985792732238769531e+01 2.221582603454589844e+01 3.122886657714843750e+00 1.909293937683105469e+01
2.987833786010742188e+01 2.219953918457031250e+01 3.124759435653686523e+00 1.907477951049804688e+01
2.989874458312988281e+01 2.217918968200683594e+01 3.127430677413940430e+00 1.905175971984863281e+01
2.991915130615234375e+01 2.217222023010253906e+01 3.125297546386718750e+00 1.904692268371582031e+01
2.993956184387207031e+01 2.214352035522460938e+01 3.130762815475463867e+00 1.901275825500488281e+01
2.995997047424316406e+01 2.212079429626464844e+01 3.132225990295410156e+00 1.898856925964355469e+01
2.998037910461425781e+01 2.209436416625976562e+01 3.134485483169555664e+00 1.895987892150878906e+01
3.000078773498535156e+01 2.207172966003417969e+01 3.137140989303588867e+00 1.893458938598632812e+01
3.002119827270507812e+01 2.204706192016601562e+01 3.138596534729003906e+00 1.890846443176269531e+01
3.004160499572753906e+01 2.201989173889160156e+01 3.141245603561401367e+00 1.887864112854003906e+01
3.006201553344726562e+01 2.199089050292968750e+01 3.143094301223754883e+00 1.884779930114746094e+01
3.008242225646972656e+01 2.195595932006835938e+01 3.145737171173095703e+00 1.881022262573242188e+01
3.010283279418945312e+01 2.192299461364746094e+01 3.147182703018188477e+00 1.877581214904785156e+01
3.012323951721191406e+01 2.188332557678222656e+01 3.148626804351806641e+00 1.873469543457031250e+01
3.014365005493164062e+01 2.186776924133300781e+01 3.150068521499633789e+00 1.871769905090332031e+01
3.016405868530273438e+01 2.180972480773925781e+01 3.150715112686157227e+00 1.865900993347167969e+01
3.018446540832519531e+01 2.177499008178710938e+01 3.150964260101318359e+00 1.862402725219726562e+01
3.020487594604492188e+01 2.174418830871582031e+01 3.151608943939208984e+00 1.859257888793945312e+01
3.022528266906738281e+01 2.170881080627441406e+01 3.150273084640502930e+00 1.855853462219238281e+01
3.024569320678710938e+01 2.166379928588867188e+01 3.147355794906616211e+00 1.851644134521484375e+01
3.026609992980957031e+01 2.161232757568359375e+01 3.143651723861694336e+00 1.846867752075195312e+01
3.028651046752929688e+01 2.157231712341308594e+01 3.136395454406738281e+00 1.843591880798339844e+01
3.030691909790039062e+01 2.153307342529296875e+01 3.125989675521850586e+00 1.840708541870117188e+01
3.032732963562011719e+01 2.149235534667968750e+01 3.114019155502319336e+00 1.837833786010742188e+01
3.034773635864257812e+01 2.142075538635253906e+01 3.099698066711425781e+00 1.832105445861816406e+01
3.036814689636230469e+01 2.135791587829589844e+01 3.089337825775146484e+00 1.826857757568359375e+01
3.038855361938476562e+01 2.131804084777832031e+01 3.084111928939819336e+00 1.823392868041992188e+01
3.040896034240722656e+01 2.129957389831542969e+01 3.081255197525024414e+00 1.821832275390625000e+01
3.042937088012695312e+01 2.126679039001464844e+01 3.083122014999389648e+00 1.818366813659667969e+01
3.044977760314941406e+01 2.123123168945312500e+01 3.086558818817138672e+00 1.814467048645019531e+01
3.047018814086914062e+01 2.118050384521484375e+01 3.085669994354248047e+00 1.809483528137207031e+01
3.049059677124023438e+01 2.113882255554199219e+01 3.086352586746215820e+00 1.805246925354003906e+01
3.051100730895996094e+01 2.115321731567382812e+01 3.092133760452270508e+00 1.806108283996582031e+01
3.053141403198242188e+01 2.110717773437500000e+01 3.093987464904785156e+00 1.801319313049316406e+01
3.055182456970214844e+01 2.107724571228027344e+01 3.093879461288452148e+00 1.798336791992187500e+01
3.057223129272460938e+01 2.104351425170898438e+01 3.094163417816162109e+00 1.794935417175292969e+01
3.059264183044433594e+01 2.101898384094238281e+01 3.094055414199829102e+00 1.792493247985839844e+01
3.061304855346679688e+01 2.099253082275390625e+01 3.091992855072021484e+00 1.790053558349609375e+01
3.063345718383789062e+01 2.096689987182617188e+01 3.091886758804321289e+00 1.787501335144042969e+01
3.065386772155761719e+01 2.094210815429687500e+01 3.090999364852905273e+00 1.785111236572265625e+01
3.067427444458007812e+01 2.091976165771484375e+01 3.090113639831542969e+00 1.782964515686035156e+01
3.069468498229980469e+01 2.089926338195800781e+01 3.089228630065917969e+00 1.781003379821777344e+01
3.071509170532226562e+01 2.087468338012695312e+01 3.087955713272094727e+00 1.778672599792480469e+01
3.073550224304199219e+01 2.085552787780761719e+01 3.087073326110839844e+00 1.776844978332519531e+01
3.075590896606445312e+01 2.083306884765625000e+01 3.086581707000732422e+00 1.774648666381835938e+01
3.077631950378417969e+01 2.081092453002929688e+01 3.081812381744384766e+00 1.772911453247070312e+01
3.079672813415527344e+01 2.079061317443847656e+01 3.081324815750122070e+00 1.770929718017578125e+01
3.081713676452636719e+01 2.077717018127441406e+01 3.080060958862304688e+00 1.769710922241210938e+01
3.083754539489746094e+01 2.075685882568359375e+01 3.076469898223876953e+00 1.768039321899414062e+01
3.085795211791992188e+01 2.074044227600097656e+01 3.072108030319213867e+00 1.766834259033203125e+01
3.087836265563964844e+01 2.071386718750000000e+01 3.060774087905883789e+00 1.765309143066406250e+01
3.089876937866210938e+01 2.068599319458007812e+01 3.042870283126831055e+00 1.764312362670898438e+01
3.091917991638183594e+01 2.065624618530273438e+01 3.018408060073852539e+00 1.763783645629882812e+01
3.093958663940429688e+01 2.062835502624511719e+01 2.989723443984985352e+00 1.763863563537597656e+01
3.095999717712402344e+01 2.059288787841796875e+01 2.953730344772338867e+00 1.763915443420410156e+01
3.098040580749511719e+01 2.057450103759765625e+01 2.925512075424194336e+00 1.764898681640625000e+01
3.100081634521484375e+01 2.058556938171386719e+01 2.944821834564208984e+00 1.764074897766113281e+01
3.102122306823730469e+01 2.059683609008789062e+01 2.985714197158813477e+00 1.761112403869628906e+01
3.104163360595703125e+01 2.056280899047851562e+01 2.981437444686889648e+00 1.758136749267578125e+01
3.106204032897949219e+01 2.050736808776855469e+01 2.897015094757080078e+00 1.761035156250000000e+01
3.108244705200195312e+01 2.051766204833984375e+01 2.864690780639648438e+00 1.765297508239746094e+01
3.110285758972167969e+01 2.052473640441894531e+01 2.893982648849487305e+00 1.763075065612792969e+01
3.112326622009277344e+01 2.054022026062011719e+01 2.925544500350952148e+00 1.761467552185058594e+01
3.114367675781250000e+01 2.055206871032714844e+01 2.953989505767822266e+00 1.759807777404785156e+01
3.116408348083496094e+01 2.056817054748535156e+01 2.983933687210083008e+00 1.758423614501953125e+01
3.118449401855468750e+01 2.057308387756347656e+01 3.012686967849731445e+00 1.756039619445800781e+01
3.120490074157714844e+01 2.055969238281250000e+01 3.022608041763305664e+00 1.753708076477050781e+01
3.122531127929687500e+01 2.053122138977050781e+01 3.013732194900512695e+00 1.751748847961425781e+01
3.124571800231933594e+01 2.049969673156738281e+01 2.966943740844726562e+00 1.753274917602539062e+01
3.126612854003906250e+01 2.067106819152832031e+01 2.849009752273559570e+00 1.782205963134765625e+01
3.128653526306152344e+01 2.039163589477539062e+01 2.749593973159790039e+00 1.764204406738281250e+01
3.130694580078125000e+01 2.032903480529785156e+01 2.697716236114501953e+00 1.763131713867187500e+01
3.132735443115234375e+01 2.039288711547851562e+01 2.743718862533569336e+00 1.764916801452636719e+01
3.134776115417480469e+01 2.043841171264648438e+01 2.803407669067382812e+00 1.763500595092773438e+01
3.136817169189453125e+01 2.048609161376953125e+01 2.851189613342285156e+00 1.763490104675292969e+01
3.138857841491699219e+01 2.053314590454101562e+01 2.882511615753173828e+00 1.765064048767089844e+01
3.140898895263671875e+01 2.050708770751953125e+01 2.896263122558593750e+00 1.761082267761230469e+01
3.142939567565917969e+01 2.049798774719238281e+01 2.896667718887329102e+00 1.760132217407226562e+01
3.144980621337890625e+01 2.047287178039550781e+01 2.889840126037597656e+00 1.758303070068359375e+01
3.147021484375000000e+01 2.046082305908203125e+01 2.875034332275390625e+00 1.758578681945800781e+01
3.149062538146972656e+01 2.046205329895019531e+01 2.853785991668701172e+00 1.760826683044433594e+01
3.151103210449218750e+01 2.054663658142089844e+01 2.824208498001098633e+00 1.772242355346679688e+01
3.153144264221191406e+01 2.073794174194335938e+01 2.823519229888916016e+00 1.791442108154296875e+01
3.155184936523437500e+01 2.036891365051269531e+01 2.955228328704833984e+00 1.741369056701660156e+01
3.157225608825683594e+01 2.000629997253417969e+01 2.897967100143432617e+00 1.710833549499511719e+01
3.159266662597656250e+01 1.979072952270507812e+01 2.771825075149536133e+00 1.701890754699707031e+01
3.161307525634765625e+01 1.960788345336914062e+01 2.619720935821533203e+00 1.698816871643066406e+01
3.163348579406738281e+01 1.950533294677734375e+01 2.469326019287109375e+00 1.703600692749023438e+01
3.165389251708984375e+01 1.945137023925781250e+01 2.365258455276489258e+00 1.708611679077148438e+01
3.167430305480957031e+01 1.957429504394531250e+01 2.373937606811523438e+00 1.720036125183105469e+01
3.169470977783203125e+01 1.980105972290039062e+01 2.467955112457275391e+00 1.733310127258300781e+01
3.171512031555175781e+01 2.001222801208496094e+01 2.577325105667114258e+00 1.743490409851074219e+01
3.173552703857421875e+01 2.015788269042968750e+01 2.665055990219116211e+00 1.749282455444335938e+01
3.175593757629394531e+01 2.023453521728515625e+01 2.721766233444213867e+00 1.751276779174804688e+01
3.177634429931640625e+01 2.027646636962890625e+01 2.756179571151733398e+00 1.752028846740722656e+01
3.179675292968750000e+01 2.029923248291015625e+01 2.774362087249755859e+00 1.752487373352050781e+01
3.181716346740722656e+01 2.031700515747070312e+01 2.785373210906982422e+00 1.753163146972656250e+01
3.183757019042968750e+01 2.035930061340332031e+01 2.786595344543457031e+00 1.757270812988281250e+01
3.185798072814941406e+01 2.045128440856933594e+01 2.764145612716674805e+00 1.768714523315429688e+01
3.187838745117187500e+01 2.062361907958984375e+01 2.684652805328369141e+00 1.793896865844726562e+01
3.189879798889160156e+01 2.104390525817871094e+01 2.551977634429931641e+00 1.849192810058593750e+01
3.191920471191406250e+01 2.141561889648437500e+01 2.509096384048461914e+00 1.890652084350585938e+01
3.193961524963378906e+01 2.106065368652343750e+01 2.664890766143798828e+00 1.839576148986816406e+01
3.196002388000488281e+01 2.045762062072753906e+01 2.787903308868408203e+00 1.766971588134765625e+01
3.198043441772460938e+01 2.011619567871093750e+01 2.856113910675048828e+00 1.726008605957031250e+01
3.200083923339843750e+01 1.992638587951660156e+01 2.905909776687622070e+00 1.702047348022460938e+01
3.202124786376953125e+01 1.978497314453125000e+01 2.932466745376586914e+00 1.685250663757324219e+01
3.204166030883789062e+01 1.965286445617675781e+01 2.934708118438720703e+00 1.671815490722656250e+01
3.206206512451171875e+01 1.952006340026855469e+01 2.891027688980102539e+00 1.662903785705566406e+01
3.208247756958007812e+01 1.939368629455566406e+01 2.786216259002685547e+00 1.660746955871582031e+01
3.210288238525390625e+01 1.924333953857421875e+01 2.628221035003662109e+00 1.661511993408203125e+01
3.212329483032226562e+01 1.937866973876953125e+01 2.695111751556396484e+00 1.668356132507324219e+01
3.214369964599609375e+01 1.953641510009765625e+01 2.838627815246582031e+00 1.669778251647949219e+01
3.216411209106445312e+01 1.959287452697753906e+01 2.913115262985229492e+00 1.667975997924804688e+01
3.218451690673828125e+01 1.956764411926269531e+01 2.938789129257202148e+00 1.662885475158691406e+01
3.220492935180664062e+01 1.948740196228027344e+01 2.932094812393188477e+00 1.655530929565429688e+01
3.222533798217773438e+01 1.940040969848632812e+01 2.900894880294799805e+00 1.649951553344726562e+01
3.224574279785156250e+01 1.945408630371093750e+01 2.860454320907592773e+00 1.659362983703613281e+01
3.226615524291992188e+01 1.934562873840332031e+01 2.851596593856811523e+00 1.649403190612792969e+01
3.228656005859375000e+01 1.929333114624023438e+01 2.864994049072265625e+00 1.642833900451660156e+01
3.230697250366210938e+01 1.925817680358886719e+01 2.867630004882812500e+00 1.639054489135742188e+01
3.232737731933593750e+01 1.916636276245117188e+01 2.835088014602661133e+00 1.633127784729003906e+01
3.234778976440429688e+01 1.903181266784667969e+01 2.778535127639770508e+00 1.625327873229980469e+01
3.236819839477539062e+01 1.904390907287597656e+01 2.765319824218750000e+00 1.627859497070312500e+01
3.238860702514648438e+01 1.903094863891601562e+01 2.704077720642089844e+00 1.632686996459960938e+01
3.240901565551757812e+01 1.910445976257324219e+01 2.638112068176269531e+00 1.646634864807128906e+01
3.242942428588867188e+01 1.922646713256835938e+01 2.585516452789306641e+00 1.664095497131347656e+01
3.244983291625976562e+01 1.946550559997558594e+01 2.551430225372314453e+00 1.691407775878906250e+01
3.247023773193359375e+01 2.000584411621093750e+01 2.529920816421508789e+00 1.747592735290527344e+01
3.249065017700195312e+01 2.024447250366210938e+01 2.604958772659301758e+00 1.763951110839843750e+01
3.251105880737304688e+01 2.004284667968750000e+01 2.803607702255249023e+00 1.723924064636230469e+01
3.253146743774414062e+01 1.989709663391113281e+01 2.886842250823974609e+00 1.701025390625000000e+01
3.255187606811523438e+01 1.966059494018554688e+01 2.903785467147827148e+00 1.675681114196777344e+01
3.257228469848632812e+01 1.941043281555175781e+01 2.895718812942504883e+00 1.651471138000488281e+01
3.259269332885742188e+01 1.921859169006347656e+01 2.884357213973999023e+00 1.633423805236816406e+01
3.261310195922851562e+01 1.908422088623046875e+01 2.838510036468505859e+00 1.624570846557617188e+01
3.263351058959960938e+01 1.908000755310058594e+01 2.827932357788085938e+00 1.625207328796386719e+01
3.265391921997070312e+01 1.918664169311523438e+01 2.849624156951904297e+00 1.633702087402343750e+01
3.267432785034179688e+01 1.928234672546386719e+01 2.848210811614990234e+00 1.643413543701171875e+01
3.269473648071289062e+01 1.926742362976074219e+01 2.826297521591186523e+00 1.644112968444824219e+01
3.271514511108398438e+01 1.918638610839843750e+01 2.798557281494140625e+00 1.638783073425292969e+01
3.273555374145507812e+01 1.906736183166503906e+01 2.762807846069335938e+00 1.630455970764160156e+01
3.275596237182617188e+01 1.900997161865234375e+01 2.710293531417846680e+00 1.629968070983886719e+01
3.277637100219726562e+01 1.904026222229003906e+01 2.672817707061767578e+00 1.636744689941406250e+01
3.279677963256835938e+01 1.904184341430664062e+01 2.689402103424072266e+00 1.635244560241699219e+01
3.281718826293945312e+01 1.873230552673339844e+01 2.616606712341308594e+00 1.611569786071777344e+01
3.283759689331054688e+01 1.836907386779785156e+01 2.449493408203125000e+00 1.591957950592041016e+01
3.285800552368164062e+01 1.826989173889160156e+01 2.349980592727661133e+00 1.591991615295410156e+01
3.287841796875000000e+01 1.848093414306640625e+01 2.422060728073120117e+00 1.605887222290039062e+01
3.289882278442382812e+01 1.878875350952148438e+01 2.568273067474365234e+00 1.622048377990722656e+01
3.291923522949218750e+01 1.894389724731445312e+01 2.682307004928588867e+00 1.626158905029296875e+01
3.293964004516601562e+01 1.899772644042968750e+01 2.728247642517089844e+00 1.626948165893554688e+01
3.296004867553710938e+01 1.899861145019531250e+01 2.710579633712768555e+00 1.628803443908691406e+01
3.298045730590820312e+01 1.911298942565917969e+01 2.745558023452758789e+00 1.636742973327636719e+01
3.300086593627929688e+01 1.899337959289550781e+01 2.821841716766357422e+00 1.617154121398925781e+01
3.302127456665039062e+01 1.885321235656738281e+01 2.837134361267089844e+00 1.601607513427734375e+01
3.304168319702148438e+01 1.875403594970703125e+01 2.821978569030761719e+00 1.593205928802490234e+01
3.306209564208984375e+01 1.868466567993164062e+01 2.784757137298583984e+00 1.589991378784179688e+01
3.308250045776367188e+01 1.866948509216308594e+01 2.749029397964477539e+00 1.592045593261718750e+01
3.310291290283203125e+01 1.875168037414550781e+01 2.724192619323730469e+00 1.602749061584472656e+01
3.312331771850585938e+01 1.912137031555175781e+01 2.721791505813598633e+00 1.639957809448242188e+01
3.314373016357421875e+01 1.910075569152832031e+01 2.613940000534057617e+00 1.648681259155273438e+01
3.316413497924804688e+01 1.865741348266601562e+01 2.483483552932739258e+00 1.617392921447753906e+01
3.318454360961914062e+01 1.840351676940917969e+01 2.512254714965820312e+00 1.589126014709472656e+01
3.320495605468750000e+01 1.870927619934082031e+01 2.568746805191040039e+00 1.614053344726562500e+01
3.322536087036132812e+01 1.834995460510253906e+01 2.464136838912963867e+00 1.588581752777099609e+01
3.324577331542968750e+01 1.838742256164550781e+01 2.536430597305297852e+00 1.585099220275878906e+01
3.326617813110351562e+01 1.857801246643066406e+01 2.587047338485717773e+00 1.599096679687500000e+01
3.328659057617187500e+01 1.878955459594726562e+01 2.527926206588745117e+00 1.626163101196289062e+01
3.330699539184570312e+01 1.878328323364257812e+01 2.526018142700195312e+00 1.625726509094238281e+01
3.332740783691406250e+01 1.895351600646972656e+01 2.539914846420288086e+00 1.641359901428222656e+01
3.334781646728515625e+01 1.895097541809082031e+01 2.640655755996704102e+00 1.631032180786132812e+01
3.336822509765625000e+01 1.925028228759765625e+01 2.741631984710693359e+00 1.650864982604980469e+01
3.338863372802734375e+01 1.946071815490722656e+01 2.832805871963500977e+00 1.662791824340820312e+01
3.340903854370117188e+01 1.930224227905273438e+01 2.792382001876831055e+00 1.650986289978027344e+01
3.342945098876953125e+01 1.906953430175781250e+01 2.747710466384887695e+00 1.632182312011718750e+01
3.344985580444335938e+01 1.908146858215332031e+01 2.788974523544311523e+00 1.629249572753906250e+01
3.347026824951171875e+01 1.907250785827636719e+01 2.850214481353759766e+00 1.622229576110839844e+01
3.349067306518554688e+01 1.903324699401855469e+01 2.851694583892822266e+00 1.618155479431152344e+01
3.351108551025390625e+01 1.896697235107421875e+01 2.784950256347656250e+00 1.618202400207519531e+01
3.353149414062500000e+01 1.841427803039550781e+01 2.733637332916259766e+00 1.568064594268798828e+01
3.355190277099609375e+01 1.834679603576660156e+01 2.784773111343383789e+00 1.556202125549316406e+01
3.357231140136718750e+01 1.874092674255371094e+01 2.810176372528076172e+00 1.593075942993164062e+01
3.359272003173828125e+01 1.909314918518066406e+01 2.851583242416381836e+00 1.624156379699707031e+01
3.361312866210937500e+01 1.880599021911621094e+01 2.817447185516357422e+00 1.598854541778564453e+01
3.363353347778320312e+01 1.876664733886718750e+01 2.839581727981567383e+00 1.592707252502441406e+01
3.365394592285156250e+01 1.833981132507324219e+01 2.872003555297851562e+00 1.546780872344970703e+01
3.367435455322265625e+01 1.817926597595214844e+01 2.870263099670410156e+00 1.530901050567626953e+01
3.369476318359375000e+01 1.805679893493652344e+01 2.856446266174316406e+00 1.520035457611083984e+01
3.371517181396484375e+01 1.803474807739257812e+01 2.825250625610351562e+00 1.520950031280517578e+01
3.373558044433593750e+01 1.805765151977539062e+01 2.781319618225097656e+00 1.527633476257324219e+01
3.375598907470703125e+01 1.839193344116210938e+01 2.707301616668701172e+00 1.568463420867919922e+01
3.377639770507812500e+01 1.880703163146972656e+01 2.732598066329956055e+00 1.607444000244140625e+01
3.379680633544921875e+01 1.849296760559082031e+01 2.767781019210815430e+00 1.572518825531005859e+01
3.381721496582031250e+01 1.848145294189453125e+01 2.736732959747314453e+00 1.574471950531005859e+01
3.383762359619140625e+01 1.844908332824707031e+01 2.711381912231445312e+00 1.573770427703857422e+01
3.385803222656250000e+01 1.847029685974121094e+01 2.655305385589599609e+00 1.581498908996582031e+01
3.387844085693359375e+01 1.838699722290039062e+01 2.654412269592285156e+00 1.573259258270263672e+01
3.389884948730468750e+01 1.829855155944824219e+01 2.660582542419433594e+00 1.563797283172607422e+01
3.391925811767578125e+01 1.814271354675292969e+01 2.679095983505249023e+00 1.546362018585205078e+01
3.393966674804687500e+01 1.810215568542480469e+01 2.677132368087768555e+00 1.542502689361572266e+01
3.396007537841796875e+01 1.809469032287597656e+01 2.674818277359008789e+00 1.541987800598144531e+01
3.398048400878906250e+01 1.809710693359375000e+01 2.666871547698974609e+00 1.543023967742919922e+01
3.400089263916015625e+01 1.798228073120117188e+01 2.646260738372802734e+00 1.533601951599121094e+01
3.402130126953125000e+01 1.790588378906250000e+01 2.636229276657104492e+00 1.526965141296386719e+01
3.404171371459960938e+01 1.785682868957519531e+01 2.632890701293945312e+00 1.522394275665283203e+01
3.406211853027343750e+01 1.786081886291503906e+01 2.640450000762939453e+00 1.522036838531494141e+01
3.408253097534179688e+01 1.781285285949707031e+01 2.676446199417114258e+00 1.513640689849853516e+01
3.410293579101562500e+01 1.769095611572265625e+01 2.619740247726440430e+00 1.507121086120605469e+01
3.412334442138671875e+01 1.755048751831054688e+01 2.577133178710937500e+00 1.497335720062255859e+01
3.414375305175781250e+01 1.751108551025390625e+01 2.605741024017333984e+00 1.490534687042236328e+01
3.416416168212890625e+01 1.746956443786621094e+01 2.640621423721313477e+00 1.482893943786621094e+01
3.418457412719726562e+01 1.761086273193359375e+01 2.710124254226684570e+00 1.490073585510253906e+01
3.420497894287109375e+01 1.800724411010742188e+01 2.790042638778686523e+00 1.521720314025878906e+01
3.422539138793945312e+01 1.783634376525878906e+01 2.825100183486938477e+00 1.501124095916748047e+01
3.424579620361328125e+01 1.779415702819824219e+01 2.836698532104492188e+00 1.495746135711669922e+01
3.426620864868164062e+01 1.781881332397460938e+01 2.800776004791259766e+00 1.501803684234619141e+01
3.428661346435546875e+01 1.773736190795898438e+01 2.755471229553222656e+00 1.498188781738281250e+01
3.430702590942382812e+01 1.792252159118652344e+01 2.737782955169677734e+00 1.518474006652832031e+01
3.432743072509765625e+01 1.760562515258789062e+01 2.602607727050781250e+00 1.500301361083984375e+01
3.434783935546875000e+01 1.794541549682617188e+01 2.584334373474121094e+00 1.536108207702636719e+01
3.436825180053710938e+01 1.777148818969726562e+01 2.636433839797973633e+00 1.513505268096923828e+01
3.438865661621093750e+01 1.755400848388671875e+01 2.710051536560058594e+00 1.484395885467529297e+01
3.440906906127929688e+01 1.762252426147460938e+01 2.688616275787353516e+00 1.493391036987304688e+01
3.442947387695312500e+01 1.768317794799804688e+01 2.559085607528686523e+00 1.512409305572509766e+01
3.444988632202148438e+01 1.784041595458984375e+01 2.600305795669555664e+00 1.524011325836181641e+01
3.447029113769531250e+01 1.770787429809570312e+01 2.642171621322631836e+00 1.506570529937744141e+01
3.449070358276367188e+01 1.730242729187011719e+01 2.452513694763183594e+00 1.484991550445556641e+01
3.451111221313476562e+01 1.768790817260742188e+01 2.399038553237915039e+00 1.528887748718261719e+01
3.453152084350585938e+01 1.779430770874023438e+01 2.344586610794067383e+00 1.544971942901611328e+01
3.455192947387695312e+01 1.799594879150390625e+01 2.429114818572998047e+00 1.556683540344238281e+01
3.457233428955078125e+01 1.775213050842285156e+01 2.427334785461425781e+00 1.532479476928710938e+01
3.459274673461914062e+01 1.832959365844726562e+01 2.493375062942504883e+00 1.583622074127197266e+01
3.461315155029296875e+01 1.817557334899902344e+01 2.356347799301147461e+00 1.581922245025634766e+01
3.463356399536132812e+01 1.796545219421386719e+01 2.243328332901000977e+00 1.572212886810302734e+01
3.465397262573242188e+01 1.819803428649902344e+01 2.324903726577758789e+00 1.587313270568847656e+01
3.467438125610351562e+01 1.818278121948242188e+01 2.416738986968994141e+00 1.576604747772216797e+01
3.469478988647460938e+01 1.832579040527343750e+01 2.563320875167846680e+00 1.576247024536132812e+01
3.471519851684570312e+01 1.810391616821289062e+01 2.639392375946044922e+00 1.546452808380126953e+01
3.473560714721679688e+01 1.816790390014648438e+01 2.720887899398803711e+00 1.544701671600341797e+01
3.475601577758789062e+01 1.795996856689453125e+01 2.759239196777343750e+00 1.520073223114013672e+01
3.477642440795898438e+01 1.781650352478027344e+01 2.794792175292968750e+00 1.502171611785888672e+01
3.479682922363281250e+01 1.760295677185058594e+01 2.803472518920898438e+00 1.479948043823242188e+01
3.481724166870117188e+01 1.761413955688476562e+01 2.800110101699829102e+00 1.481402778625488281e+01
3.483765029907226562e+01 1.761029624938964844e+01 2.769952535629272461e+00 1.484034919738769531e+01
3.485805892944335938e+01 1.735461044311523438e+01 2.639563322067260742e+00 1.471504974365234375e+01
3.487846755981445312e+01 1.756479835510253906e+01 2.650716543197631836e+00 1.491408157348632812e+01
3.489887619018554688e+01 1.728934097290039062e+01 2.625843524932861328e+00 1.466349983215332031e+01
3.491928482055664062e+01 1.734513664245605469e+01 2.623281002044677734e+00 1.472185516357421875e+01
3.493969345092773438e+01 1.733769416809082031e+01 2.615239381790161133e+00 1.472245693206787109e+01
3.496010208129882812e+01 1.726365470886230469e+01 2.646580934524536133e+00 1.461707782745361328e+01
3.498051071166992188e+01 1.754706001281738281e+01 2.680623531341552734e+00 1.486643123626708984e+01
3.500091934204101562e+01 1.742303276062011719e+01 2.665039539337158203e+00 1.475799369812011719e+01
3.502132797241210938e+01 1.750080490112304688e+01 2.668612957000732422e+00 1.483219337463378906e+01
3.504173660278320312e+01 1.751218414306640625e+01 2.688578128814697266e+00 1.482360935211181641e+01
3.506214523315429688e+01 1.743510627746582031e+01 2.702375650405883789e+00 1.473273277282714844e+01
3.508255386352539062e+01 1.712371826171875000e+01 2.725709676742553711e+00 1.439800643920898438e+01
3.510296249389648438e+01 1.722774505615234375e+01 2.739128589630126953e+00 1.448861503601074219e+01
3.512337112426757812e+01 1.736881256103515625e+01 2.773660182952880859e+00 1.459515380859375000e+01
3.514377975463867188e+01 1.749715995788574219e+01 2.803043127059936523e+00 1.469411563873291016e+01
3.516418838500976562e+01 1.749521827697753906e+01 2.835114717483520508e+00 1.466010284423828125e+01
3.518459701538085938e+01 1.736294555664062500e+01 2.791626691818237305e+00 1.457132053375244141e+01
3.520500946044921875e+01 1.765752410888671875e+01 2.808027744293212891e+00 1.484949970245361328e+01
3.522541427612304688e+01 1.760931777954101562e+01 2.802323579788208008e+00 1.480699729919433594e+01
3.524582672119140625e+01 1.744371223449707031e+01 2.862847805023193359e+00 1.458085918426513672e+01
3.526623153686523438e+01 1.737767791748046875e+01 2.810280561447143555e+00 1.456739997863769531e+01
3.528664016723632812e+01 1.731842613220214844e+01 2.755399227142333984e+00 1.456302738189697266e+01
3.530704879760742188e+01 1.726618766784667969e+01 2.538532972335815430e+00 1.472765445709228516e+01
3.532745742797851562e+01 1.723996162414550781e+01 2.566204786300659180e+00 1.467375755310058594e+01
3.534786987304687500e+01 1.749358558654785156e+01 2.759769439697265625e+00 1.473381900787353516e+01
3.536827468872070312e+01 1.740432167053222656e+01 2.646834850311279297e+00 1.475748825073242188e+01
3.538868713378906250e+01 1.741173553466796875e+01 2.650043249130249023e+00 1.476169204711914062e+01
3.540909194946289062e+01 1.723261070251464844e+01 2.555555820465087891e+00 1.467705154418945312e+01
3.542950439453125000e+01 1.719041061401367188e+01 2.464555740356445312e+00 1.472585964202880859e+01
3.544990921020507812e+01 1.715213203430175781e+01 2.581650972366333008e+00 1.457047843933105469e+01
3.547032165527343750e+01 1.695284461975097656e+01 2.524148464202880859e+00 1.442869853973388672e+01
3.549073028564453125e+01 1.666402435302734375e+01 2.547654151916503906e+00 1.411636924743652344e+01
3.551113510131835938e+01 1.681097030639648438e+01 2.696521282196044922e+00 1.411445045471191406e+01
3.553154754638671875e+01 1.686919212341308594e+01 2.716531991958618164e+00 1.415265941619873047e+01
3.555195236206054688e+01 1.693832206726074219e+01 2.804528951644897461e+00 1.413379478454589844e+01
3.557236480712890625e+01 1.696309661865234375e+01 2.839933156967163086e+00 1.412315940856933594e+01
3.559276962280273438e+01 1.706205749511718750e+01 2.968113899230957031e+00 1.409394359588623047e+01
3.561318206787109375e+01 1.725034332275390625e+01 3.114632368087768555e+00 1.413571357727050781e+01
3.563358688354492188e+01 1.715694236755371094e+01 2.818258285522460938e+00 1.433868789672851562e+01
3.565399932861328125e+01 1.692026138305664062e+01 2.693102121353149414e+00 1.422715759277343750e+01
3.567440795898437500e+01 1.687442779541015625e+01 2.693574666976928711e+00 1.418085384368896484e+01
3.569481658935546875e+01 1.630012702941894531e+01 2.257445812225341797e+00 1.404268169403076172e+01
3.571522521972656250e+01 1.610610961914062500e+01 2.209906816482543945e+00 1.389620304107666016e+01
3.573563003540039062e+01 1.610509109497070312e+01 2.208979845046997070e+00 1.389610671997070312e+01
3.575604248046875000e+01 1.610270881652832031e+01 2.146458387374877930e+00 1.395625019073486328e+01
3.577644729614257812e+01 1.613046646118164062e+01 1.939476251602172852e+00 1.419099044799804688e+01
3.579685974121093750e+01 1.645076560974121094e+01 2.008589267730712891e+00 1.444217586517333984e+01
3.581726837158203125e+01 1.590596961975097656e+01 1.976699709892272949e+00 1.392926979064941406e+01
3.583767700195312500e+01 1.582628822326660156e+01 2.033688783645629883e+00 1.379259872436523438e+01
3.585808563232421875e+01 1.564498043060302734e+01 2.093283891677856445e+00 1.355169773101806641e+01
3.587849426269531250e+01 1.591395950317382812e+01 2.046054363250732422e+00 1.386790466308593750e+01
3.589890289306640625e+01 1.613952636718750000e+01 2.045224666595458984e+00 1.409429836273193359e+01
