# NTRMN  = 10
# NTRANS = 56
1.142887115478515625e+01 0.000000000000000000e+00 0.000000000000000000e+00 0.000000000000000000e+00
1.144927978515625000e+01 0.000000000000000000e+00 0.000000000000000000e+00 0.000000000000000000e+00
1.146968936920166016e+01 0.000000000000000000e+00 0.000000000000000000e+00 0.000000000000000000e+00
1.149009799957275391e+01 0.000000000000000000e+00 0.000000000000000000e+00 0.000000000000000000e+00
1.151050662994384766e+01 0.000000000000000000e+00 0.000000000000000000e+00 0.000000000000000000e+00
1.153091526031494141e+01 0.000000000000000000e+00 0.000000000000000000e+00 0.000000000000000000e+00
1.157173252105712891e+01 0.000000000000000000e+00 0.000000000000000000e+00 0.000000000000000000e+00
1.159214115142822266e+01 0.000000000000000000e+00 0.000000000000000000e+00 0.000000000000000000e+00
1.161254978179931641e+01 0.000000000000000000e+00 0.000000000000000000e+00 0.000000000000000000e+00
1.165336799621582031e+01 0.000000000000000000e+00 0.000000000000000000e+00 0.000000000000000000e+00
1.167377567291259766e+01 0.000000000000000000e+00 0.000000000000000000e+00 0.000000000000000000e+00
1.169418430328369141e+01 0.000000000000000000e+00 0.000000000000000000e+00 0.000000000000000000e+00
1.171459388732910156e+01 0.000000000000000000e+00 0.000000000000000000e+00 0.000000000000000000e+00
1.175541114807128906e+01 0.000000000000000000e+00 0.000000000000000000e+00 0.000000000000000000e+00
1.177581882476806641e+01 0.000000000000000000e+00 0.000000000000000000e+00 0.000000000000000000e+00
1.179622840881347656e+01 0.000000000000000000e+00 0.000000000000000000e+00 0.000000000000000000e+00
1.181663703918457031e+01 0.000000000000000000e+00 0.000000000000000000e+00 0.000000000000000000e+00
1.183704566955566406e+01 0.000000000000000000e+00 0.000000000000000000e+00 0.000000000000000000e+00
1.185745429992675781e+01 0.000000000000000000e+00 0.000000000000000000e+00 0.000000000000000000e+00
1.187786388397216797e+01 0.000000000000000000e+00 0.000000000000000000e+00 0.000000000000000000e+00
1.193908882141113281e+01 0.000000000000000000e+00 0.000000000000000000e+00 0.000000000000000000e+00
1.195949840545654297e+01 0.000000000000000000e+00 0.000000000000000000e+00 0.000000000000000000e+00
1.197990703582763672e+01 0.000000000000000000e+00 0.000000000000000000e+00 0.000000000000000000e+00
1.200031566619873047e+01 0.000000000000000000e+00 0.000000000000000000e+00 0.000000000000000000e+00
1.202072334289550781e+01 0.000000000000000000e+00 0.000000000000000000e+00 0.000000000000000000e+00
1.204113292694091797e+01 0.000000000000000000e+00 0.000000000000000000e+00 0.000000000000000000e+00
1.206154155731201172e+01 0.000000000000000000e+00 0.000000000000000000e+00 0.000000000000000000e+00
1.208195018768310547e+01 0.000000000000000000e+00 0.000000000000000000e+00 0.000000000000000000e+00
1.210235881805419922e+01 0.000000000000000000e+00 0.000000000000000000e+00 0.000000000000000000e+00
1.212276744842529297e+01 0.000000000000000000e+00 0.000000000000000000e+00 0.000000000000000000e+00
1.214317607879638672e+01 0.000000000000000000e+00 0.000000000000000000e+00 0.000000000000000000e+00
1.216358470916748047e+01 0.000000000000000000e+00 0.000000000000000000e+00 0.000000000000000000e+00
1.218399333953857422e+01 0.000000000000000000e+00 0.000000000000000000e+00 0.000000000000000000e+00
1.220440292358398438e+01 0.000000000000000000e+00 0.000000000000000000e+00 0.000000000000000000e+00
1.222481155395507812e+01 0.000000000000000000e+00 0.000000000000000000e+00 0.000000000000000000e+00
1.224521923065185547e+01 0.000000000000000000e+00 0.000000000000000000e+00 0.000000000000000000e+00
1.226562786102294922e+01 0.000000000000000000e+00 0.000000000000000000e+00 0.000000000000000000e+00
1.228603744506835938e+01 0.000000000000000000e+00 0.000000000000000000e+00 0.000000000000000000e+00
1.230644607543945312e+01 0.000000000000000000e+00 0.000000000000000000e+00 0.000000000000000000e+00
1.232685470581054688e+01 0.000000000000000000e+00 0.000000000000000000e+00 0.000000000000000000e+00
1.234726333618164062e+01 0.000000000000000000e+00 0.000000000000000000e+00 0.000000000000000000e+00
1.236767196655273438e+01 0.000000000000000000e+00 0.000000000000000000e+00 0.000000000000000000e+00
1.238808059692382812e+01 0.000000000000000000e+00 0.000000000000000000e+00 0.000000000000000000e+00
1.240848922729492188e+01 0.000000000000000000e+00 0.000000000000000000e+00 0.000000000000000000e+00
1.242889785766601562e+01 0.000000000000000000e+00 0.000000000000000000e+00 0.000000000000000000e+00
1.244930744171142578e+01 0.000000000000000000e+00 0.000000000000000000e+00 0.000000000000000000e+00
1.246971511840820312e+01 0.000000000000000000e+00 0.000000000000000000e+00 0.000000000000000000e+00
1.249012374877929688e+01 0.000000000000000000e+00 0.000000000000000000e+00 0.000000000000000000e+00
1.251053237915039062e+01 0.000000000000000000e+00 0.000000000000000000e+00 0.000000000000000000e+00
1.253094196319580078e+01 0.000000000000000000e+00 0.000000000000000000e+00 0.000000000000000000e+00
1.255135059356689453e+01 0.000000000000000000e+00 0.000000000000000000e+00 0.000000000000000000e+00
1.257175922393798828e+01 0.000000000000000000e+00 0.000000000000000000e+00 0.000000000000000000e+00
1.259216690063476562e+01 0.000000000000000000e+00 0.000000000000000000e+00 0.000000000000000000e+00
1.261257648468017578e+01 0.000000000000000000e+00 0.000000000000000000e+00 0.000000000000000000e+00
1.263298511505126953e+01 0.000000000000000000e+00 0.000000000000000000e+00 0.000000000000000000e+00
1.265339374542236328e+01 0.000000000000000000e+00 0.000000000000000000e+00 0.000000000000000000e+00
1.267380237579345703e+01 0.000000000000000000e+00 0.000000000000000000e+00 0.000000000000000000e+00
1.269421100616455078e+01 0.000000000000000000e+00 0.000000000000000000e+00 0.000000000000000000e+00
1.271461963653564453e+01 0.000000000000000000e+00 0.000000000000000000e+00 0.000000000000000000e+00
1.273502826690673828e+01 0.000000000000000000e+00 0.000000000000000000e+00 0.000000000000000000e+00
1.275543689727783203e+01 0.000000000000000000e+00 0.000000000000000000e+00 0.000000000000000000e+00
1.277584648132324219e+01 0.000000000000000000e+00 0.000000000000000000e+00 0.000000000000000000e+00
1.279625511169433594e+01 0.000000000000000000e+00 0.000000000000000000e+00 0.000000000000000000e+00
1.281666278839111328e+01 0.000000000000000000e+00 0.000000000000000000e+00 0.000000000000000000e+00
1.283707141876220703e+01 0.000000000000000000e+00 0.000000000000000000e+00 0.000000000000000000e+00
1.285748100280761719e+01 0.000000000000000000e+00 0.000000000000000000e+00 0.000000000000000000e+00
1.287788963317871094e+01 0.000000000000000000e+00 0.000000000000000000e+00 0.000000000000000000e+00
1.289829826354980469e+01 0.000000000000000000e+00 0.000000000000000000e+00 0.000000000000000000e+00
1.295952415466308594e+01 0.000000000000000000e+00 0.000000000000000000e+00 0.000000000000000000e+00
1.297993278503417969e+01 0.000000000000000000e+00 0.000000000000000000e+00 0.000000000000000000e+00
1.300034141540527344e+01 0.000000000000000000e+00 0.000000000000000000e+00 0.000000000000000000e+00
1.302075004577636719e+01 0.000000000000000000e+00 0.000000000000000000e+00 0.000000000000000000e+00
1.304115962982177734e+01 0.000000000000000000e+00 0.000000000000000000e+00 0.000000000000000000e+00
1.312279415130615234e+01 0.000000000000000000e+00 0.000000000000000000e+00 0.000000000000000000e+00
1.314320278167724609e+01 0.000000000000000000e+00 0.000000000000000000e+00 0.000000000000000000e+00
1.320442867279052734e+01 0.000000000000000000e+00 0.000000000000000000e+00 0.000000000000000000e+00
1.322483730316162109e+01 0.000000000000000000e+00 0.000000000000000000e+00 0.000000000000000000e+00
1.324524593353271484e+01 0.000000000000000000e+00 0.000000000000000000e+00 0.000000000000000000e+00
1.326565456390380859e+01 0.000000000000000000e+00 0.000000000000000000e+00 0.000000000000000000e+00
1.336769866943359375e+01 6.838243603706359863e-01 6.838243603706359863e-01 2.106337500251687089e-11
1.338810729980468750e+01 6.643646359443664551e-01 6.643646359443664551e-01 2.353977256175365795e-11
1.340851497650146484e+01 6.599612832069396973e-01 6.599612832069396973e-01 2.743569781082921821e-11
1.342892456054687500e+01 6.818653941154479980e-01 6.818653941154479980e-01 3.046276772500355889e-11
1.344933319091796875e+01 7.394800186157226562e-01 7.394800186157226562e-01 3.287171576604741574e-11
1.346974182128906250e+01 5.239340066909790039e-01 5.239340066909790039e-01 3.283458574476760816e-11
1.349015045166015625e+01 5.230526328086853027e-01 5.230526328086853027e-01 3.278336282996896500e-11
1.351055908203125000e+01 5.640789866447448730e-01 5.640789866447448730e-01 3.221384270446492337e-11
1.353096771240234375e+01 6.799076199531555176e-01 6.799076199531555176e-01 3.020176123080808850e-11
1.355137634277343750e+01 7.376213669776916504e-01 7.376213669776916504e-01 2.958008490927532819e-11
1.361260223388671875e+01 8.836968541145324707e-01 8.836968541145324707e-01 2.948648269995857163e-11
1.363301086425781250e+01 9.183712601661682129e-01 9.183712601661682129e-01 2.998053194591676629e-11
1.365341949462890625e+01 9.459286928176879883e-01 9.459286928176879883e-01 3.101743167865933515e-11
1.367382907867431641e+01 9.751545786857604980e-01 9.751545786857604980e-01 3.223240771510482716e-11
1.369423770904541016e+01 1.005167365074157715e+00 1.005167365074157715e+00 3.364498957214578923e-11
1.371464633941650391e+01 1.033345341682434082e+00 1.033345341682434082e+00 3.500534584421899353e-11
1.373505496978759766e+01 1.059696793556213379e+00 1.059696793556213379e+00 3.615469035267437903e-11
1.375546360015869141e+01 1.085099577903747559e+00 1.085099577903747559e+00 3.731922063043846549e-11
1.377587318420410156e+01 1.111296176910400391e+00 1.111296176910400391e+00 3.945379439818097467e-11
1.383709812164306641e+01 1.112237334251403809e+00 1.110704183578491211e+00 1.533119357191026211e-03
1.387791538238525391e+01 1.066904544830322266e+00 1.064312934875488281e+00 2.591571304947137833e-03
1.397995948791503906e+01 7.484037876129150391e-01 7.458311319351196289e-01 2.572654513642191887e-03
1.402077770233154297e+01 1.156317949295043945e+00 1.149936556816101074e+00 6.381418555974960327e-03
1.404118442535400391e+01 1.178859949111938477e+00 1.172134280204772949e+00 6.725669838488101959e-03
1.410241127014160156e+01 1.227323293685913086e+00 1.200146913528442383e+00 2.717629820108413696e-02
1.414322853088378906e+01 1.129478812217712402e+00 1.093433380126953125e+00 3.604552522301673889e-02
1.416363716125488281e+01 9.465778470039367676e-01 9.093181490898132324e-01 3.725973889231681824e-02
1.426568031311035156e+01 9.694077372550964355e-01 9.028137922286987305e-01 6.659398227930068970e-02
1.430649757385253906e+01 9.653579592704772949e-01 8.968914151191711426e-01 6.846652179956436157e-02
1.432690715789794922e+01 9.868889451026916504e-01 9.165002703666687012e-01 7.038870453834533691e-02
1.434731578826904297e+01 1.040418028831481934e+00 9.660871624946594238e-01 7.433103770017623901e-02
1.436772441864013672e+01 1.130358219146728516e+00 1.052189111709594727e+00 7.816903293132781982e-02
1.438813304901123047e+01 1.361619710922241211e+00 1.278638601303100586e+00 8.298124372959136963e-02
1.440854167938232422e+01 1.369644045829772949e+00 1.276827454566955566e+00 9.281656891107559204e-02
1.442895126342773438e+01 1.370886445045471191e+00 1.275021553039550781e+00 9.586488455533981323e-02
1.444935989379882812e+01 1.404220581054687500e+00 1.303870677947998047e+00 1.003498658537864685e-01
1.446976852416992188e+01 1.121709108352661133e+00 1.024915695190429688e+00 9.679352492094039917e-02
1.457181072235107422e+01 1.108864188194274902e+00 1.016916990280151367e+00 9.194719046354293823e-02
1.459222030639648438e+01 1.100041031837463379e+00 1.015494704246520996e+00 8.454632759094238281e-02
1.461262893676757812e+01 1.041881084442138672e+00 9.575568437576293945e-01 8.432431519031524658e-02
1.485753345489501953e+01 1.301805257797241211e+00 1.201183438301086426e+00 1.006219461560249329e-01
1.487794208526611328e+01 1.266895771026611328e+00 1.160918951034545898e+00 1.059770435094833374e-01
1.497998523712158203e+01 1.330412626266479492e+00 1.208144307136535645e+00 1.222685277462005615e-01
1.516366481781005859e+01 1.337777376174926758e+00 1.208507657051086426e+00 1.292697936296463013e-01
1.518407344818115234e+01 1.386877655982971191e+00 1.253393054008483887e+00 1.334845125675201416e-01
1.540856838226318359e+01 1.602820754051208496e+00 1.445647835731506348e+00 1.571729630231857300e-01
1.544938468933105469e+01 1.651964545249938965e+00 1.493737339973449707e+00 1.582272350788116455e-01
1.546979331970214844e+01 1.648580193519592285e+00 1.488671660423278809e+00 1.599085628986358643e-01
1.557183837890625000e+01 1.675060510635375977e+00 1.506588339805603027e+00 1.684721559286117554e-01
1.559224700927734375e+01 1.661801695823669434e+00 1.490798473358154297e+00 1.710030734539031982e-01
1.569428920745849609e+01 1.661127805709838867e+00 1.481105446815490723e+00 1.800224334001541138e-01
1.583715152740478516e+01 1.786409974098205566e+00 1.596229195594787598e+00 1.901809424161911011e-01
1.593919372558593750e+01 1.771003127098083496e+00 1.575496912002563477e+00 1.955060809850692749e-01
1.595960235595703125e+01 1.820434331893920898e+00 1.622231602668762207e+00 1.982028186321258545e-01
1.598001194000244141e+01 1.807613372802734375e+00 1.606677174568176270e+00 2.009362429380416870e-01
1.600041961669921875e+01 1.800710916519165039e+00 1.598643064498901367e+00 2.020677775144577026e-01
1.602083015441894531e+01 1.815823316574096680e+00 1.614537596702575684e+00 2.012858539819717407e-01
1.604123878479003906e+01 1.810459971427917480e+00 1.608006477355957031e+00 2.024535983800888062e-01
1.616368865966796875e+01 1.796890735626220703e+00 1.590641021728515625e+00 2.062496542930603027e-01
1.632695960998535156e+01 1.752055406570434570e+00 1.541011214256286621e+00 2.110442519187927246e-01
1.649022865295410156e+01 1.739373326301574707e+00 1.522124409675598145e+00 2.172490805387496948e-01
1.653104782104492188e+01 1.716932058334350586e+00 1.499540328979492188e+00 2.173917740583419800e-01
1.655145645141601562e+01 1.690564155578613281e+00 1.471657156944274902e+00 2.189070433378219604e-01
1.657186508178710938e+01 1.747757673263549805e+00 1.529071688652038574e+00 2.186860740184783936e-01
1.659227180480957031e+01 1.655213236808776855e+00 1.436295509338378906e+00 2.189178168773651123e-01
1.663308906555175781e+01 1.646424889564514160e+00 1.427013874053955078e+00 2.194109708070755005e-01
1.665349769592285156e+01 1.634183526039123535e+00 1.411609053611755371e+00 2.225746065378189087e-01
1.667390823364257812e+01 1.628684163093566895e+00 1.406291842460632324e+00 2.223924696445465088e-01
1.669431686401367188e+01 1.626098155975341797e+00 1.405289649963378906e+00 2.208085656166076660e-01
1.671472549438476562e+01 1.611864805221557617e+00 1.389967560768127441e+00 2.218972742557525635e-01
1.673513412475585938e+01 1.632006525993347168e+00 1.411160111427307129e+00 2.208464294672012329e-01
1.675554275512695312e+01 1.627197742462158203e+00 1.406583786010742188e+00 2.206142097711563110e-01
1.677595138549804688e+01 1.650338649749755859e+00 1.427704572677612305e+00 2.226341068744659424e-01
1.683717727661132812e+01 1.672217607498168945e+00 1.450948953628540039e+00 2.212686538696289062e-01
1.685758590698242188e+01 1.675947666168212891e+00 1.454872727394104004e+00 2.210750281810760498e-01
1.687799453735351562e+01 1.705604672431945801e+00 1.482899069786071777e+00 2.227057069540023804e-01
1.689840316772460938e+01 1.699334383010864258e+00 1.478274822235107422e+00 2.210595607757568359e-01
1.691881179809570312e+01 1.728740453720092773e+00 1.506912827491760254e+00 2.218278050422668457e-01
1.693922042846679688e+01 1.722923636436462402e+00 1.502977371215820312e+00 2.199463844299316406e-01
1.704126548767089844e+01 1.685542345046997070e+00 1.465882062911987305e+00 2.196603417396545410e-01
1.714330673217773438e+01 1.637917637825012207e+00 1.420151591300964355e+00 2.177661508321762085e-01
1.716371536254882812e+01 1.617734193801879883e+00 1.398936510086059570e+00 2.187976390123367310e-01
1.720453453063964844e+01 1.567947745323181152e+00 1.350395560264587402e+00 2.175521403551101685e-01
1.722494316101074219e+01 1.557980298995971680e+00 1.340456962585449219e+00 2.175233513116836548e-01
1.724535179138183594e+01 1.540816545486450195e+00 1.322906851768493652e+00 2.179097235202789307e-01
1.734739494323730469e+01 1.502164006233215332e+00 1.285455346107482910e+00 2.167085856199264526e-01
1.736780357360839844e+01 1.501273274421691895e+00 1.284634113311767578e+00 2.166392207145690918e-01
1.738821220397949219e+01 1.511018633842468262e+00 1.294140100479125977e+00 2.168787121772766113e-01
1.742902946472167969e+01 1.518368959426879883e+00 1.300724029541015625e+00 2.176449894905090332e-01
1.744943809509277344e+01 1.525101542472839355e+00 1.307434320449829102e+00 2.176673114299774170e-01
1.746984672546386719e+01 1.531310081481933594e+00 1.314128756523132324e+00 2.171814590692520142e-01
1.751066398620605469e+01 1.552661061286926270e+00 1.334306478500366211e+00 2.183545082807540894e-01
1.753107261657714844e+01 1.544737577438354492e+00 1.325925588607788086e+00 2.188118845224380493e-01
1.755148124694824219e+01 1.562038421630859375e+00 1.343478918075561523e+00 2.185594439506530762e-01
1.757188987731933594e+01 1.563768863677978516e+00 1.345324516296386719e+00 2.184443771839141846e-01
1.765352439880371094e+01 1.576458573341369629e+00 1.358766078948974609e+00 2.176925241947174072e-01
1.767393493652343750e+01 1.584217667579650879e+00 1.365324020385742188e+00 2.188937515020370483e-01
1.769434356689453125e+01 1.582792401313781738e+00 1.364425539970397949e+00 2.183668464422225952e-01
1.771475219726562500e+01 1.586438417434692383e+00 1.365556359291076660e+00 2.208821922540664673e-01
1.773516082763671875e+01 1.595308065414428711e+00 1.374783515930175781e+00 2.205245643854141235e-01
1.775556755065917969e+01 1.595186352729797363e+00 1.375225782394409180e+00 2.199605256319046021e-01
1.777597618103027344e+01 1.597816705703735352e+00 1.377013564109802246e+00 2.208032459020614624e-01
1.783720397949218750e+01 1.595416784286499023e+00 1.374300122261047363e+00 2.211167663335800171e-01
1.785761260986328125e+01 1.579574584960937500e+00 1.358653664588928223e+00 2.209208160638809204e-01
1.787802124023437500e+01 1.583720803260803223e+00 1.361119866371154785e+00 2.226010560989379883e-01
1.789842987060546875e+01 1.578285098075866699e+00 1.354886531829833984e+00 2.233984917402267456e-01
1.800047302246093750e+01 1.563881754875183105e+00 1.339891314506530762e+00 2.239905595779418945e-01
1.806169891357421875e+01 1.566530346870422363e+00 1.343301653861999512e+00 2.232286334037780762e-01
1.808210754394531250e+01 1.575821042060852051e+00 1.353700637817382812e+00 2.221203446388244629e-01
1.814333343505859375e+01 1.597959995269775391e+00 1.374861717224121094e+00 2.230982929468154907e-01
1.818415260314941406e+01 1.614401698112487793e+00 1.392181038856506348e+00 2.222207486629486084e-01
1.820456123352050781e+01 1.618793129920959473e+00 1.396537780761718750e+00 2.222553342580795288e-01
1.822496795654296875e+01 1.652258396148681641e+00 1.429782867431640625e+00 2.224756479263305664e-01
1.824537658691406250e+01 1.624656796455383301e+00 1.403254151344299316e+00 2.214027643203735352e-01
1.826578521728515625e+01 1.634336829185485840e+00 1.412826418876647949e+00 2.215104103088378906e-01
1.832701301574707031e+01 1.662934660911560059e+00 1.443374395370483398e+00 2.195602953433990479e-01
1.834742164611816406e+01 1.670618295669555664e+00 1.449597597122192383e+00 2.210207134485244751e-01
1.849028205871582031e+01 1.678699731826782227e+00 1.461054563522338867e+00 2.176451086997985840e-01
1.851069068908691406e+01 1.667485833168029785e+00 1.450390934944152832e+00 2.170948982238769531e-01
1.853109931945800781e+01 1.671060085296630859e+00 1.453960895538330078e+00 2.170991301536560059e-01
1.855150794982910156e+01 1.662095308303833008e+00 1.445264101028442383e+00 2.168311774730682373e-01
1.857191658020019531e+01 1.653022766113281250e+00 1.435941934585571289e+00 2.170808613300323486e-01
1.859232521057128906e+01 1.657254338264465332e+00 1.440159797668457031e+00 2.170943468809127808e-01
1.861273384094238281e+01 1.651032924652099609e+00 1.434079051017761230e+00 2.169537395238876343e-01
1.865355110168457031e+01 1.637430906295776367e+00 1.419390916824340820e+00 2.180398404598236084e-01
1.867395973205566406e+01 1.641748070716857910e+00 1.424249529838562012e+00 2.174984514713287354e-01
1.869436836242675781e+01 1.639960408210754395e+00 1.422694683074951172e+00 2.172656506299972534e-01
1.871477699279785156e+01 1.636915922164916992e+00 1.415386915206909180e+00 2.215289771556854248e-01
1.873518562316894531e+01 1.632350802421569824e+00 1.413845062255859375e+00 2.185057848691940308e-01
1.875559425354003906e+01 1.624151229858398438e+00 1.405286550521850586e+00 2.188646048307418823e-01
1.877600288391113281e+01 1.623344182968139648e+00 1.403121590614318848e+00 2.202224284410476685e-01
1.879641151428222656e+01 1.621526718139648438e+00 1.400961279869079590e+00 2.205654382705688477e-01
1.881682205200195312e+01 1.622998476028442383e+00 1.401986241340637207e+00 2.210121005773544312e-01
1.883723068237304688e+01 1.621518611907958984e+00 1.399196386337280273e+00 2.223221808671951294e-01
1.885763931274414062e+01 1.623877644538879395e+00 1.401490569114685059e+00 2.223870903253555298e-01
1.887804794311523438e+01 1.629433751106262207e+00 1.406315803527832031e+00 2.231177836656570435e-01
1.889845657348632812e+01 1.631244063377380371e+00 1.407963871955871582e+00 2.232800871133804321e-01
1.891886329650878906e+01 1.630099892616271973e+00 1.405812621116638184e+00 2.242872714996337891e-01
1.893927192687988281e+01 1.628598332405090332e+00 1.403665661811828613e+00 2.249324172735214233e-01
1.895968055725097656e+01 1.641034841537475586e+00 1.411624550819396973e+00 2.294102609157562256e-01
1.898009109497070312e+01 1.633793592453002930e+00 1.408214569091796875e+00 2.255788445472717285e-01
1.904131698608398438e+01 1.639927625656127930e+00 1.413115739822387695e+00 2.268119752407073975e-01
1.906172561645507812e+01 1.640016794204711914e+00 1.412230730056762695e+00 2.277860641479492188e-01
1.908213424682617188e+01 1.642538905143737793e+00 1.413856506347656250e+00 2.286824882030487061e-01
1.910254287719726562e+01 1.631868362426757812e+00 1.402947187423706055e+00 2.289210259914398193e-01
1.912295150756835938e+01 1.645522594451904297e+00 1.416472077369689941e+00 2.290504425764083862e-01
1.914336013793945312e+01 1.649674296379089355e+00 1.419964075088500977e+00 2.297100871801376343e-01
1.916376876831054688e+01 1.656818985939025879e+00 1.426571726799011230e+00 2.302473783493041992e-01
1.918417739868164062e+01 1.655742049217224121e+00 1.425054073333740234e+00 2.306880205869674683e-01
1.920458602905273438e+01 1.658347725868225098e+00 1.427902460098266602e+00 2.304451763629913330e-01
1.922499465942382812e+01 1.663883447647094727e+00 1.433235287666320801e+00 2.306480258703231812e-01
1.924540328979492188e+01 1.675697565078735352e+00 1.444776177406311035e+00 2.309212833642959595e-01
1.926581192016601562e+01 1.670449733734130859e+00 1.439517974853515625e+00 2.309317737817764282e-01
1.928622055053710938e+01 1.681032657623291016e+00 1.450407266616821289e+00 2.306252568960189819e-01
1.930663108825683594e+01 1.680553793907165527e+00 1.449494004249572754e+00 2.310598939657211304e-01
1.932703971862792969e+01 1.682848811149597168e+00 1.452298521995544434e+00 2.305500954389572144e-01
1.934744834899902344e+01 1.691179275512695312e+00 1.460665345191955566e+00 2.305138707160949707e-01
1.936785507202148438e+01 1.697102665901184082e+00 1.466542482376098633e+00 2.305600792169570923e-01
1.938826370239257812e+01 1.692955136299133301e+00 1.463146567344665527e+00 2.298086732625961304e-01
1.940867233276367188e+01 1.699128627777099609e+00 1.469008445739746094e+00 2.301201224327087402e-01
1.942908096313476562e+01 1.716113209724426270e+00 1.487179517745971680e+00 2.289335727691650391e-01
1.944948959350585938e+01 1.711886763572692871e+00 1.483157396316528320e+00 2.287293076515197754e-01
1.951071739196777344e+01 1.717614769935607910e+00 1.490159153938293457e+00 2.274556308984756470e-01
1.953112602233886719e+01 1.724725365638732910e+00 1.497794866561889648e+00 2.269304692745208740e-01
1.955153465270996094e+01 1.761441230773925781e+00 1.534800410270690918e+00 2.266407608985900879e-01
1.957194328308105469e+01 1.726593136787414551e+00 1.499563813209533691e+00 2.270291447639465332e-01
1.959235191345214844e+01 1.724055290222167969e+00 1.498001813888549805e+00 2.260534763336181641e-01
1.961275863647460938e+01 1.724481344223022461e+00 1.498884201049804688e+00 2.255971133708953857e-01
1.963316917419433594e+01 1.722859978675842285e+00 1.497326016426086426e+00 2.255338728427886963e-01
1.969439506530761719e+01 1.719329357147216797e+00 1.493886709213256836e+00 2.254425436258316040e-01
1.971480369567871094e+01 1.715394616127014160e+00 1.491125941276550293e+00 2.242687046527862549e-01
1.973521232604980469e+01 1.712814450263977051e+00 1.487764358520507812e+00 2.250500768423080444e-01
1.975562095642089844e+01 1.707282304763793945e+00 1.481986165046691895e+00 2.252961397171020508e-01
1.989848136901855469e+01 1.703847169876098633e+00 1.477963209152221680e+00 2.258839458227157593e-01
1.993929862976074219e+01 1.694550275802612305e+00 1.468934655189514160e+00 2.256157100200653076e-01
1.995970916748046875e+01 1.667545557022094727e+00 1.438647747039794922e+00 2.288977503776550293e-01
2.000052642822265625e+01 1.661268353462219238e+00 1.435711741447448730e+00 2.255565077066421509e-01
2.002093505859375000e+01 1.643926382064819336e+00 1.418106198310852051e+00 2.258200794458389282e-01
2.012297821044921875e+01 1.601366400718688965e+00 1.376415491104125977e+00 2.249508798122406006e-01
2.014338684082031250e+01 1.602560281753540039e+00 1.376803517341613770e+00 2.257565855979919434e-01
2.016379547119140625e+01 1.603543162345886230e+00 1.377784490585327148e+00 2.257586419582366943e-01
2.018420410156250000e+01 1.596000313758850098e+00 1.370461225509643555e+00 2.255390882492065430e-01
2.020461273193359375e+01 1.589862704277038574e+00 1.363745093345642090e+00 2.261174470186233521e-01
2.022502136230468750e+01 1.591341495513916016e+00 1.365327954292297363e+00 2.260133326053619385e-01
2.024542999267578125e+01 1.587552189826965332e+00 1.361586809158325195e+00 2.259652465581893921e-01
2.026583862304687500e+01 1.590977430343627930e+00 1.364940643310546875e+00 2.260368615388870239e-01
2.028624725341796875e+01 1.590788841247558594e+00 1.362977385520935059e+00 2.278114259243011475e-01
2.030665588378906250e+01 1.586598873138427734e+00 1.359839320182800293e+00 2.267594635486602783e-01
2.032706451416015625e+01 1.582317590713500977e+00 1.355529785156250000e+00 2.267876565456390381e-01
2.034747314453125000e+01 1.580466032028198242e+00 1.353581905364990234e+00 2.268841266632080078e-01
2.042910766601562500e+01 1.573103070259094238e+00 1.345829248428344727e+00 2.272735387086868286e-01
2.049033546447753906e+01 1.559568881988525391e+00 1.333045601844787598e+00 2.265232950448989868e-01
2.053115081787109375e+01 1.557559251785278320e+00 1.331561446189880371e+00 2.259977459907531738e-01
2.055155944824218750e+01 1.592429041862487793e+00 1.366931319236755371e+00 2.254975289106369019e-01
2.059237670898437500e+01 1.563314676284790039e+00 1.335740208625793457e+00 2.275744378566741943e-01
2.061278724670410156e+01 1.546352863311767578e+00 1.322803735733032227e+00 2.235491722822189331e-01
2.075564765930175781e+01 1.502807140350341797e+00 1.284864425659179688e+00 2.179427146911621094e-01
2.077605628967285156e+01 1.494552135467529297e+00 1.277264952659606934e+00 2.172872275114059448e-01
2.079646492004394531e+01 1.491322875022888184e+00 1.274284839630126953e+00 2.170380651950836182e-01
2.081687355041503906e+01 1.478526949882507324e+00 1.262110710144042969e+00 2.164161950349807739e-01
2.083728218078613281e+01 1.474242687225341797e+00 1.258002400398254395e+00 2.162402123212814331e-01
2.087809944152832031e+01 1.456941843032836914e+00 1.241783499717712402e+00 2.151581943035125732e-01
2.100055122375488281e+01 1.421150684356689453e+00 1.207184553146362305e+00 2.139659076929092407e-01
2.102095985412597656e+01 1.415757179260253906e+00 1.202026605606079102e+00 2.137302905321121216e-01
2.104136848449707031e+01 1.410092592239379883e+00 1.195741057395935059e+00 2.143514454364776611e-01
2.106177711486816406e+01 1.407131910324096680e+00 1.193445682525634766e+00 2.136862128973007202e-01
2.108218574523925781e+01 1.402155518531799316e+00 1.189451694488525391e+00 2.127036899328231812e-01
2.110259437561035156e+01 1.396340131759643555e+00 1.183763623237609863e+00 2.125763446092605591e-01
2.112300491333007812e+01 1.389155626296997070e+00 1.176953315734863281e+00 2.122021317481994629e-01
2.114341354370117188e+01 1.386505246162414551e+00 1.174118876457214355e+00 2.123864442110061646e-01
2.116382217407226562e+01 1.380662322044372559e+00 1.168462038040161133e+00 2.122001200914382935e-01
2.118423080444335938e+01 1.374227881431579590e+00 1.162251234054565430e+00 2.119765430688858032e-01
2.120463943481445312e+01 1.368187546730041504e+00 1.156616806983947754e+00 2.115707546472549438e-01
2.122504615783691406e+01 1.365579485893249512e+00 1.153812885284423828e+00 2.117665708065032959e-01
2.124545478820800781e+01 1.358615636825561523e+00 1.147070646286010742e+00 2.115449160337448120e-01
2.126586532592773438e+01 1.354150056838989258e+00 1.142029762268066406e+00 2.121201753616333008e-01
2.128627395629882812e+01 1.350561141967773438e+00 1.138685584068298340e+00 2.118754237890243530e-01
2.130668258666992188e+01 1.344515085220336914e+00 1.133100628852844238e+00 2.114144414663314819e-01
2.132709121704101562e+01 1.337514519691467285e+00 1.125842690467834473e+00 2.116718143224716187e-01
2.134749984741210938e+01 1.334311842918395996e+00 1.123084187507629395e+00 2.112276256084442139e-01
2.136790847778320312e+01 1.329503417015075684e+00 1.118090391159057617e+00 2.114131748676300049e-01
2.138831710815429688e+01 1.324396610260009766e+00 1.113106131553649902e+00 2.112905830144882202e-01
2.140872573852539062e+01 1.319255471229553223e+00 1.108131289482116699e+00 2.111241668462753296e-01
2.142913436889648438e+01 1.311504840850830078e+00 1.100373148918151855e+00 2.111317664384841919e-01
2.144954490661621094e+01 1.307271242141723633e+00 1.095978021621704102e+00 2.112932652235031128e-01
2.146995162963867188e+01 1.302632451057434082e+00 1.091591238975524902e+00 2.110412716865539551e-01
2.149036026000976562e+01 1.301667451858520508e+00 1.090554475784301758e+00 2.111128568649291992e-01
2.151076889038085938e+01 1.290948271751403809e+00 1.080060243606567383e+00 2.108881175518035889e-01
2.153117752075195312e+01 1.287304401397705078e+00 1.076256990432739258e+00 2.110474854707717896e-01
2.155158615112304688e+01 1.284700870513916016e+00 1.073571681976318359e+00 2.111291736364364624e-01
2.157199478149414062e+01 1.278052687644958496e+00 1.067562103271484375e+00 2.104905247688293457e-01
2.159240341186523438e+01 1.276983976364135742e+00 1.067107439041137695e+00 2.098765969276428223e-01
2.161281394958496094e+01 1.267044782638549805e+00 1.056684851646423340e+00 2.103599905967712402e-01
2.163322257995605469e+01 1.263292908668518066e+00 1.052368164062500000e+00 2.109245955944061279e-01
2.165363121032714844e+01 1.259258985519409180e+00 1.049165248870849609e+00 2.100937813520431519e-01
2.167403984069824219e+01 1.253063082695007324e+00 1.042654752731323242e+00 2.104083895683288574e-01
2.169444656372070312e+01 1.250549912452697754e+00 1.040570497512817383e+00 2.099796980619430542e-01
2.171485519409179688e+01 1.245254158973693848e+00 1.035182833671569824e+00 2.100713849067687988e-01
2.173526382446289062e+01 1.238903880119323730e+00 1.029254436492919922e+00 2.096494138240814209e-01
2.175567245483398438e+01 1.234586954116821289e+00 1.024987936019897461e+00 2.095989584922790527e-01
2.177608299255371094e+01 1.231174707412719727e+00 1.022378325462341309e+00 2.087963819503784180e-01
2.179649162292480469e+01 1.226743459701538086e+00 1.017576932907104492e+00 2.091665267944335938e-01
2.181690025329589844e+01 1.223016381263732910e+00 1.014430403709411621e+00 2.085859030485153198e-01
2.185771751403808594e+01 1.213560223579406738e+00 1.005417108535766602e+00 2.081430703401565552e-01
2.187812614440917969e+01 1.208348751068115234e+00 1.000102400779724121e+00 2.082464843988418579e-01
2.189853477478027344e+01 1.207289099693298340e+00 9.991703033447265625e-01 2.081186920404434204e-01
2.191894340515136719e+01 1.204622149467468262e+00 9.966018199920654297e-01 2.080201953649520874e-01
2.193935203552246094e+01 1.199188470840454102e+00 9.913101196289062500e-01 2.078785002231597900e-01
2.195976066589355469e+01 1.195452213287353516e+00 9.860283136367797852e-01 2.094239890575408936e-01
2.198016929626464844e+01 1.191716313362121582e+00 9.840235710144042969e-01 2.076928615570068359e-01
2.200057792663574219e+01 1.187524318695068359e+00 9.798464775085449219e-01 2.076780945062637329e-01
2.202098655700683594e+01 1.184429883956909180e+00 9.767640829086303711e-01 2.076656967401504517e-01
2.204139518737792969e+01 1.180776357650756836e+00 9.731445312500000000e-01 2.076319158077239990e-01
2.206180381774902344e+01 1.175163149833679199e+00 9.673612713813781738e-01 2.078017741441726685e-01
2.208221244812011719e+01 1.173654675483703613e+00 9.659252166748046875e-01 2.077295035123825073e-01
2.210262298583984375e+01 1.169294476509094238e+00 9.617840051651000977e-01 2.075105160474777222e-01
2.212303161621093750e+01 1.164214968681335449e+00 9.565684795379638672e-01 2.076466977596282959e-01
2.214344024658203125e+01 1.159950733184814453e+00 9.519029259681701660e-01 2.080478072166442871e-01
2.216384696960449219e+01 1.156249523162841797e+00 9.488663077354431152e-01 2.073833495378494263e-01
2.218425559997558594e+01 1.154468894004821777e+00 9.463747739791870117e-01 2.080942392349243164e-01
2.220466423034667969e+01 1.150134325027465820e+00 9.422705769538879395e-01 2.078638076782226562e-01
2.222507286071777344e+01 1.149227023124694824e+00 9.408667087554931641e-01 2.083602994680404663e-01
2.224548149108886719e+01 1.145306587219238281e+00 9.367752075195312500e-01 2.085313796997070312e-01
2.226589202880859375e+01 1.143382668495178223e+00 9.348412752151489258e-01 2.085414081811904907e-01
2.228630065917968750e+01 1.139034152030944824e+00 9.307627677917480469e-01 2.082713842391967773e-01
2.230670928955078125e+01 1.138009667396545410e+00 9.293745756149291992e-01 2.086351960897445679e-01
2.232711791992187500e+01 1.133198142051696777e+00 9.242362976074218750e-01 2.089617699384689331e-01
2.234752655029296875e+01 1.131861805915832520e+00 9.228566288948059082e-01 2.090050429105758667e-01
2.236793518066406250e+01 1.134654641151428223e+00 9.252253174781799316e-01 2.094292044639587402e-01
2.238834190368652344e+01 1.130379199981689453e+00 9.206395149230957031e-01 2.097397148609161377e-01
2.240875053405761719e+01 1.130781054496765137e+00 9.208693504333496094e-01 2.099116593599319458e-01
2.242916107177734375e+01 1.128874182701110840e+00 9.189640879631042480e-01 2.099100351333618164e-01
2.244956970214843750e+01 1.128277659416198730e+00 9.181286692619323730e-01 2.101490348577499390e-01
2.246997833251953125e+01 1.126581549644470215e+00 9.162294268608093262e-01 2.103522270917892456e-01
2.249038696289062500e+01 1.126687765121459961e+00 9.159300923347473145e-01 2.107576727867126465e-01
2.251079559326171875e+01 1.127160549163818359e+00 9.166949391365051270e-01 2.104657590389251709e-01
2.253120422363281250e+01 1.128517627716064453e+00 9.174583554267883301e-01 2.110593169927597046e-01
2.255161285400390625e+01 1.127464532852172852e+00 9.166280627250671387e-01 2.108366340398788452e-01
2.257202148437500000e+01 1.129076004028320312e+00 9.179203510284423828e-01 2.111559063196182251e-01
2.259243011474609375e+01 1.129541039466857910e+00 9.181507825851440430e-01 2.113902568817138672e-01
2.261283874511718750e+01 1.128599882125854492e+00 9.173221588134765625e-01 2.112777680158615112e-01
2.263324737548828125e+01 1.130676746368408203e+00 9.191392064094543457e-01 2.115375995635986328e-01
2.265365600585937500e+01 1.131671547889709473e+00 9.198963642120361328e-01 2.117751240730285645e-01
2.267406463623046875e+01 1.132014036178588867e+00 9.201241135597229004e-01 2.118899822235107422e-01
2.269447326660156250e+01 1.131331443786621094e+00 9.192966818809509277e-01 2.120348364114761353e-01
2.271488189697265625e+01 1.133147716522216797e+00 9.211054444313049316e-01 2.120422869920730591e-01
2.273529052734375000e+01 1.133588552474975586e+00 9.213315248489379883e-01 2.122570574283599854e-01
2.275570106506347656e+01 1.129607915878295898e+00 9.173492193222045898e-01 2.122585624456405640e-01
2.277610969543457031e+01 1.131413817405700684e+00 9.191548228263854980e-01 2.122590392827987671e-01
2.279651832580566406e+01 1.131029367446899414e+00 9.183319211006164551e-01 2.126973867416381836e-01
2.281692695617675781e+01 1.132367372512817383e+00 9.196089506149291992e-01 2.127584815025329590e-01
2.283733558654785156e+01 1.129251599311828613e+00 9.166905879974365234e-01 2.125608623027801514e-01
2.285774230957031250e+01 1.128394126892089844e+00 9.158721566200256348e-01 2.125220000743865967e-01
2.287815093994140625e+01 1.129663109779357910e+00 9.171479344367980957e-01 2.125151902437210083e-01
2.289855957031250000e+01 1.128721237182617188e+00 9.158077239990234375e-01 2.129135429859161377e-01
2.291897010803222656e+01 1.126123070716857910e+00 9.134254455566406250e-01 2.126976251602172852e-01
2.293937873840332031e+01 1.126836776733398438e+00 9.141781330108642578e-01 2.126587629318237305e-01
2.295978736877441406e+01 1.124396085739135742e+00 9.118015766143798828e-01 2.125945687294006348e-01
2.298019599914550781e+01 1.123060345649719238e+00 9.104710221290588379e-01 2.125893235206604004e-01
2.300060462951660156e+01 1.123789191246032715e+00 9.112243652343750000e-01 2.125647664070129395e-01
2.302101325988769531e+01 1.123776674270629883e+00 9.114564061164855957e-01 2.123202085494995117e-01
2.304142189025878906e+01 1.122411370277404785e+00 9.101294875144958496e-01 2.122819274663925171e-01
2.316387367248535156e+01 1.126075148582458496e+00 9.125525951385498047e-01 2.135225087404251099e-01
2.318428230285644531e+01 1.111691117286682129e+00 8.998749256134033203e-01 2.118162512779235840e-01
2.320469093322753906e+01 1.111685991287231445e+00 9.001150727272033691e-01 2.115709483623504639e-01
2.328632736206054688e+01 1.104995727539062500e+00 8.928474187850952148e-01 2.121482640504837036e-01
2.334755134582519531e+01 1.099526882171630859e+00 8.869174122810363770e-01 2.126094251871109009e-01
2.336795997619628906e+01 1.097628831863403320e+00 8.846061825752258301e-01 2.130226492881774902e-01
2.338836860656738281e+01 1.097257375717163086e+00 8.843458890914916992e-01 2.129115164279937744e-01
2.342918777465820312e+01 1.090564370155334473e+00 8.776964545249938965e-01 2.128679156303405762e-01
2.357204818725585938e+01 1.079892754554748535e+00 8.683148622512817383e-01 2.115778177976608276e-01
2.359245681762695312e+01 1.085519909858703613e+00 8.675637245178222656e-01 2.179562002420425415e-01
2.361286544799804688e+01 1.079660654067993164e+00 8.632655143737792969e-01 2.163952291011810303e-01
2.369449996948242188e+01 1.095126032829284668e+00 8.794874548912048340e-01 2.156386673450469971e-01
2.371490859985351562e+01 1.076349854469299316e+00 8.610650897026062012e-01 2.152848243713378906e-01
2.373531723022460938e+01 1.080522418022155762e+00 8.648632764816284180e-01 2.156592160463333130e-01
2.375572776794433594e+01 1.078052401542663574e+00 8.631125688552856445e-01 2.149400264024734497e-01
2.377613449096679688e+01 1.082370877265930176e+00 8.648889064788818359e-01 2.174820750951766968e-01
2.379654312133789062e+01 1.073480248451232910e+00 8.581112027168273926e-01 2.153691053390502930e-01
2.381695175170898438e+01 1.077105402946472168e+00 8.618988990783691406e-01 2.152067124843597412e-01
2.383736038208007812e+01 1.073868155479431152e+00 8.586503863334655762e-01 2.152179628610610962e-01
2.387817764282226562e+01 1.072855591773986816e+00 8.586863875389099121e-01 2.141693383455276489e-01
2.389858627319335938e+01 1.077221274375915527e+00 8.624607324600219727e-01 2.147606760263442993e-01
2.393940544128417969e+01 1.070684790611267090e+00 8.569901585578918457e-01 2.136947065591812134e-01
2.400063133239746094e+01 1.075300574302673340e+00 8.622848391532897949e-01 2.130160033702850342e-01
2.402103805541992188e+01 1.075888514518737793e+00 8.620505928993225098e-01 2.138379812240600586e-01
2.406185722351074219e+01 1.076701045036315918e+00 8.630754351615905762e-01 2.136257588863372803e-01
2.408226585388183594e+01 1.079117894172668457e+00 8.653262257575988770e-01 2.137917578220367432e-01
2.410267448425292969e+01 1.080328106880187988e+00 8.670765161514282227e-01 2.132516950368881226e-01
2.412308311462402344e+01 1.081551194190979004e+00 8.683276772499084473e-01 2.132236510515213013e-01
2.414349174499511719e+01 1.081347703933715820e+00 8.680894970893859863e-01 2.132582962512969971e-01
2.420471763610839844e+01 1.089104890823364258e+00 8.767728209495544434e-01 2.123322933912277222e-01
2.426594352722167969e+01 1.091314554214477539e+00 8.790001273155212402e-01 2.123145163059234619e-01
2.428635215759277344e+01 1.089733242988586426e+00 8.767829537391662598e-01 2.129504978656768799e-01
2.430676078796386719e+01 1.095540881156921387e+00 8.829408288002014160e-01 2.126001417636871338e-01
2.434757804870605469e+01 1.103820681571960449e+00 8.898181319236755371e-01 2.140025794506072998e-01
2.444962310791015625e+01 1.108722567558288574e+00 8.973641991615295410e-01 2.113586068153381348e-01
2.447002983093261719e+01 1.113499641418457031e+00 9.024855494499206543e-01 2.110142707824707031e-01
2.451084709167480469e+01 1.114793896675109863e+00 9.039127230644226074e-01 2.108814567327499390e-01
2.457207489013671875e+01 1.118003726005554199e+00 9.084801077842712402e-01 2.095236480236053467e-01
2.459248352050781250e+01 1.126445293426513672e+00 9.140534996986389160e-01 2.123918384313583374e-01
2.463330078125000000e+01 1.123303890228271484e+00 9.144825935363769531e-01 2.088212817907333374e-01
2.465370941162109375e+01 1.127121806144714355e+00 9.190660119056701660e-01 2.080560624599456787e-01
2.471493530273437500e+01 1.127194166183471680e+00 9.187265634536743164e-01 2.084674835205078125e-01
2.473534393310546875e+01 1.124802470207214355e+00 9.170007705688476562e-01 2.078016549348831177e-01
2.483738708496093750e+01 1.127238750457763672e+00 9.190162420272827148e-01 2.082224488258361816e-01
2.485779571533203125e+01 1.130804419517517090e+00 9.225954413414001465e-01 2.082089334726333618e-01
2.487820434570312500e+01 1.129326343536376953e+00 9.203951954841613770e-01 2.089312523603439331e-01
2.489861488342285156e+01 1.126702785491943359e+00 9.177178144454956055e-01 2.089851349592208862e-01
2.491902351379394531e+01 1.132078886032104492e+00 9.232106208801269531e-01 2.088682353496551514e-01
2.493943023681640625e+01 1.128193497657775879e+00 9.186155796051025391e-01 2.095779627561569214e-01
2.502106475830078125e+01 1.131708502769470215e+00 9.213590025901794434e-01 2.103496342897415161e-01
2.504147338867187500e+01 1.134730696678161621e+00 9.239540696144104004e-01 2.107767164707183838e-01
2.506188392639160156e+01 1.133694529533386230e+00 9.232016205787658691e-01 2.104929387569427490e-01
2.508229255676269531e+01 1.135962843894958496e+00 9.248364567756652832e-01 2.111265212297439575e-01
2.510270118713378906e+01 1.135039329528808594e+00 9.240845441818237305e-01 2.109548598527908325e-01
2.512310981750488281e+01 1.139362692832946777e+00 9.266689419746398926e-01 2.126937657594680786e-01
2.514351844787597656e+01 1.143119215965270996e+00 9.292491078376770020e-01 2.138701528310775757e-01
2.516392517089843750e+01 1.143242955207824707e+00 9.284955263137817383e-01 2.147473543882369995e-01
2.518433380126953125e+01 1.142171978950500488e+00 9.282184243202209473e-01 2.139534652233123779e-01
2.520474243164062500e+01 1.145920634269714355e+00 9.322156906127929688e-01 2.137049138545989990e-01
2.522515296936035156e+01 1.147183775901794434e+00 9.324104785919189453e-01 2.147734016180038452e-01
2.524556159973144531e+01 1.149221658706665039e+00 9.340273737907409668e-01 2.151941508054733276e-01
2.526597023010253906e+01 1.152222037315368652e+00 9.365891218185424805e-01 2.156330347061157227e-01
2.528637886047363281e+01 1.153370141983032227e+00 9.372532367706298828e-01 2.161169946193695068e-01
2.530678749084472656e+01 1.154751777648925781e+00 9.379163384437561035e-01 2.168354988098144531e-01
2.532719612121582031e+01 1.156238079071044922e+00 9.390509128570556641e-01 2.171870321035385132e-01
2.534760475158691406e+01 1.159072399139404297e+00 9.416003823280334473e-01 2.174720466136932373e-01
2.536801338195800781e+01 1.161746740341186523e+00 9.441457390785217285e-01 2.176009118556976318e-01
2.538842201232910156e+01 1.164468407630920410e+00 9.462154507637023926e-01 2.182529866695404053e-01
2.540883064270019531e+01 1.166337490081787109e+00 9.478109478950500488e-01 2.185266166925430298e-01
2.542923927307128906e+01 1.169901132583618164e+00 9.508157968521118164e-01 2.190855592489242554e-01
2.544964790344238281e+01 1.171286702156066895e+00 9.519346356391906738e-01 2.193519473075866699e-01
2.547005653381347656e+01 1.172518134117126465e+00 9.525817036628723145e-01 2.199364453554153442e-01
2.549046516418457031e+01 1.176405191421508789e+00 9.565147161483764648e-01 2.198905944824218750e-01
2.551087379455566406e+01 1.178565859794616699e+00 9.580954909324645996e-01 2.204703688621520996e-01
2.553128242492675781e+01 1.180932998657226562e+00 9.601425528526306152e-01 2.207904458045959473e-01
2.555169296264648438e+01 1.182149767875671387e+00 9.612494111061096191e-01 2.209002673625946045e-01
2.557210159301757812e+01 1.184673905372619629e+00 9.632906317710876465e-01 2.213834226131439209e-01
2.559251022338867188e+01 1.187873363494873047e+00 9.667317867279052734e-01 2.211416512727737427e-01
2.561291885375976562e+01 1.190469145774841309e+00 9.687654376029968262e-01 2.217037081718444824e-01
2.563332557678222656e+01 1.189729452133178711e+00 9.679942131042480469e-01 2.217352837324142456e-01
2.565373420715332031e+01 1.191781163215637207e+00 9.695570468902587891e-01 2.222239971160888672e-01
2.567414283752441406e+01 1.192828774452209473e+00 9.706510901451110840e-01 2.221776992082595825e-01
2.569455146789550781e+01 1.194898486137390137e+00 9.726752042770385742e-01 2.222232669591903687e-01
2.571496200561523438e+01 1.196497559547424316e+00 9.742305278778076172e-01 2.222671806812286377e-01
2.573537063598632812e+01 1.197227239608764648e+00 9.748532772064208984e-01 2.223741859197616577e-01
2.575577926635742188e+01 1.197409868240356445e+00 9.750103354454040527e-01 2.223994135856628418e-01
2.577618789672851562e+01 1.198613524436950684e+00 9.760957956314086914e-01 2.225177139043807983e-01
2.579659652709960938e+01 1.200331330299377441e+00 9.776435494422912598e-01 2.226878851652145386e-01
2.581700515747070312e+01 1.200766205787658691e+00 9.782615900039672852e-01 2.225045263767242432e-01
2.583741378784179688e+01 1.201796412467956543e+00 9.798051714897155762e-01 2.219913750886917114e-01
2.585782241821289062e+01 1.201424598693847656e+00 9.790318608283996582e-01 2.223927825689315796e-01
2.587823104858398438e+01 1.201520681381225586e+00 9.791848063468933105e-01 2.223360240459442139e-01
2.589863967895507812e+01 1.201010942459106445e+00 9.788754582405090332e-01 2.221356779336929321e-01
2.591904830932617188e+01 1.203266501426696777e+00 9.813372492790222168e-01 2.219295352697372437e-01
2.593945693969726562e+01 1.201901078224182129e+00 9.796422719955444336e-01 2.222589105367660522e-01
2.595986557006835938e+01 1.202335119247436523e+00 9.802553653717041016e-01 2.220799028873443604e-01
2.598027420043945312e+01 1.202730774879455566e+00 9.808675050735473633e-01 2.218633443117141724e-01
2.600068283081054688e+01 1.202409029006958008e+00 9.805578589439392090e-01 2.218513637781143188e-01
2.602109146118164062e+01 1.200164675712585449e+00 9.784088134765625000e-01 2.217558622360229492e-01
2.604150009155273438e+01 1.203899979591369629e+00 9.822383522987365723e-01 2.216617465019226074e-01
2.606191062927246094e+01 1.203442335128784180e+00 9.819284677505493164e-01 2.215139269828796387e-01
2.608231925964355469e+01 1.203800916671752930e+00 9.825368523597717285e-01 2.212643474340438843e-01
2.610272598266601562e+01 1.203798413276672363e+00 9.822273254394531250e-01 2.215712219476699829e-01
2.612313461303710938e+01 1.204044342041015625e+00 9.828345179557800293e-01 2.212098836898803711e-01
2.614354324340820312e+01 1.205660343170166016e+00 9.843565225601196289e-01 2.213038206100463867e-01
2.616395187377929688e+01 1.206720352172851562e+00 9.854184985160827637e-01 2.213018685579299927e-01
2.618436050415039062e+01 1.206297516822814941e+00 9.851076602935791016e-01 2.211900204420089722e-01
2.620477104187011719e+01 1.207317948341369629e+00 9.861674904823303223e-01 2.211506366729736328e-01
2.622517967224121094e+01 1.207822442054748535e+00 9.867692589759826660e-01 2.210532128810882568e-01
2.624558830261230469e+01 1.208330273628234863e+00 9.873701930046081543e-01 2.209601700305938721e-01
2.626599693298339844e+01 1.209575176239013672e+00 9.884257912635803223e-01 2.211495190858840942e-01
2.628640556335449219e+01 1.210674643516540527e+00 9.894797801971435547e-01 2.211949080228805542e-01
2.630681419372558594e+01 1.212698817253112793e+00 9.914421439170837402e-01 2.212567031383514404e-01
2.632722091674804688e+01 1.214245319366455078e+00 9.929468631744384766e-01 2.212985903024673462e-01
2.634762954711914062e+01 1.215416431427001953e+00 9.939949512481689453e-01 2.214216887950897217e-01
2.636804008483886719e+01 1.216984391212463379e+00 9.954952597618103027e-01 2.214893251657485962e-01
2.638844871520996094e+01 1.218927860260009766e+00 9.974468350410461426e-01 2.214811444282531738e-01
2.640885734558105469e+01 1.221095323562622070e+00 9.993955492973327637e-01 2.216999828815460205e-01
2.642926597595214844e+01 1.223556518554687500e+00 1.001794099807739258e+00 2.217625081539154053e-01
2.644967460632324219e+01 1.225090861320495605e+00 1.003283739089965820e+00 2.218073159456253052e-01
2.647008323669433594e+01 1.227690815925598145e+00 1.005675554275512695e+00 2.220153510570526123e-01
2.649049186706542969e+01 1.230167150497436523e+00 1.008063673973083496e+00 2.221036255359649658e-01
2.651090049743652344e+01 1.232298851013183594e+00 1.009996533393859863e+00 2.223024964332580566e-01
2.653130912780761719e+01 1.234818458557128906e+00 1.012377619743347168e+00 2.224410772323608398e-01
2.655171966552734375e+01 1.237014293670654297e+00 1.014304399490356445e+00 2.227099388837814331e-01
2.657212638854980469e+01 1.240566015243530273e+00 1.017579436302185059e+00 2.229870110750198364e-01
2.659253501892089844e+01 1.243882417678833008e+00 1.020849466323852539e+00 2.230331748723983765e-01
2.661294364929199219e+01 1.247367143630981445e+00 1.024114608764648438e+00 2.232527732849121094e-01
2.663335227966308594e+01 1.249665141105651855e+00 1.026026248931884766e+00 2.236389368772506714e-01
2.665376091003417969e+01 1.252185940742492676e+00 1.028384208679199219e+00 2.238018959760665894e-01
2.667416954040527344e+01 1.255741715431213379e+00 1.031635880470275879e+00 2.241061478853225708e-01
2.669458007812500000e+01 1.258727073669433594e+00 1.034434318542480469e+00 2.242927998304367065e-01
2.671498870849609375e+01 1.262728571891784668e+00 1.038124561309814453e+00 2.246040701866149902e-01
2.673539733886718750e+01 1.265087485313415527e+00 1.040018200874328613e+00 2.250694781541824341e-01
2.675580596923828125e+01 1.270327329635620117e+00 1.045040845870971680e+00 2.252865433692932129e-01
2.677621459960937500e+01 1.272165179252624512e+00 1.046479344367980957e+00 2.256859689950942993e-01
2.679662132263183594e+01 1.275844812393188477e+00 1.049702525138854980e+00 2.261426001787185669e-01
2.681702995300292969e+01 1.278500437736511230e+00 1.052027940750122070e+00 2.264725118875503540e-01
2.683743858337402344e+01 1.282439351081848145e+00 1.055688023567199707e+00 2.267515063285827637e-01
2.685784912109375000e+01 1.285589337348937988e+00 1.058451056480407715e+00 2.271385341882705688e-01
2.687825775146484375e+01 1.287235736846923828e+00 1.059874057769775391e+00 2.273619174957275391e-01
2.689866638183593750e+01 1.290912628173828125e+00 1.063074827194213867e+00 2.278380095958709717e-01
2.691907501220703125e+01 1.294941425323486328e+00 1.066715359687805176e+00 2.282260507345199585e-01
2.693948364257812500e+01 1.297654032707214355e+00 1.069017410278320312e+00 2.286368310451507568e-01
2.695989227294921875e+01 1.300060749053955078e+00 1.071315884590148926e+00 2.287451624870300293e-01
2.698030090332031250e+01 1.303706526756286621e+00 1.074498295783996582e+00 2.292082756757736206e-01
2.700070953369140625e+01 1.306931376457214355e+00 1.077232718467712402e+00 2.296986579895019531e-01
2.702111816406250000e+01 1.309508919715881348e+00 1.079519867897033691e+00 2.299894541501998901e-01
2.704152679443359375e+01 1.312541723251342773e+00 1.082246184349060059e+00 2.302956432104110718e-01
2.706193542480468750e+01 1.315552115440368652e+00 1.084968447685241699e+00 2.305837720632553101e-01
2.708234405517578125e+01 1.319877624511718750e+00 1.089012503623962402e+00 2.308651506900787354e-01
2.710275268554687500e+01 1.321984052658081055e+00 1.090842366218566895e+00 2.311420440673828125e-01
2.712316131591796875e+01 1.324881434440612793e+00 1.093551993370056152e+00 2.313295453786849976e-01
2.714356994628906250e+01 1.328857541084289551e+00 1.097139358520507812e+00 2.317183762788772583e-01
2.716397857666015625e+01 1.329699158668518066e+00 1.097636938095092773e+00 2.320623546838760376e-01
2.718438720703125000e+01 1.333949804306030273e+00 1.102096676826477051e+00 2.318532466888427734e-01
2.720479774475097656e+01 1.338189005851745605e+00 1.105669736862182617e+00 2.325193136930465698e-01
2.722520446777343750e+01 1.341186404228210449e+00 1.108797788619995117e+00 2.323888689279556274e-01
2.724561500549316406e+01 1.343605875968933105e+00 1.111042380332946777e+00 2.325636297464370728e-01
2.726602172851562500e+01 1.346974134445190430e+00 1.114161849021911621e+00 2.328124344348907471e-01
2.728643226623535156e+01 1.348491907119750977e+00 1.115521669387817383e+00 2.329704463481903076e-01
2.730683898925781250e+01 1.351532220840454102e+00 1.118633031845092773e+00 2.328993678092956543e-01
2.732724952697753906e+01 1.356452584266662598e+00 1.123491644859313965e+00 2.329610884189605713e-01
2.734765815734863281e+01 1.358906745910644531e+00 1.125717043876647949e+00 2.331900000572204590e-01
2.736806488037109375e+01 1.362873077392578125e+00 1.129688620567321777e+00 2.331846207380294800e-01
2.738847541809082031e+01 1.366832375526428223e+00 1.133653879165649414e+00 2.331786304712295532e-01
2.740888214111328125e+01 1.367356896400451660e+00 1.134120106697082520e+00 2.332368791103363037e-01
2.742929267883300781e+01 1.371721744537353516e+00 1.138512730598449707e+00 2.332092225551605225e-01
2.744969940185546875e+01 1.375419139862060547e+00 1.142026782035827637e+00 2.333924621343612671e-01
2.747010993957519531e+01 1.380619645118713379e+00 1.147278547286987305e+00 2.333412766456604004e-01
2.749051666259765625e+01 1.380215644836425781e+00 1.146862268447875977e+00 2.333535254001617432e-01
2.751092720031738281e+01 1.383768439292907715e+00 1.150362253189086914e+00 2.334062606096267700e-01
2.753133583068847656e+01 1.387262463569641113e+00 1.153857231140136719e+00 2.334054112434387207e-01
2.755174636840820312e+01 1.389886140823364258e+00 1.156477928161621094e+00 2.334085255861282349e-01
2.757215309143066406e+01 1.393481731414794922e+00 1.159963130950927734e+00 2.335189580917358398e-01
2.759256362915039062e+01 1.395719766616821289e+00 1.162141680717468262e+00 2.335781753063201904e-01
2.761297035217285156e+01 1.397625207901000977e+00 1.163883566856384277e+00 2.337417304515838623e-01
2.763337707519531250e+01 1.401127219200134277e+00 1.167355656623840332e+00 2.337717562913894653e-01
2.765378761291503906e+01 1.404721140861511230e+00 1.170822381973266602e+00 2.338988780975341797e-01
2.767419624328613281e+01 1.407042026519775391e+00 1.172986626625061035e+00 2.340557575225830078e-01
2.769460678100585938e+01 1.407821059226989746e+00 1.173851013183593750e+00 2.339703440666198730e-01
2.771501350402832031e+01 1.412924766540527344e+00 1.178601145744323730e+00 2.343236953020095825e-01
2.773542404174804688e+01 1.416900157928466797e+00 1.182481050491333008e+00 2.344193309545516968e-01
2.775583076477050781e+01 1.419339895248413086e+00 1.184630274772644043e+00 2.347097694873809814e-01
2.777624130249023438e+01 1.421640396118164062e+00 1.186776280403137207e+00 2.348642349243164062e-01
2.779664802551269531e+01 1.424085140228271484e+00 1.188919305801391602e+00 2.351659685373306274e-01
2.781705856323242188e+01 1.427255749702453613e+00 1.191919565200805664e+00 2.353363186120986938e-01
2.783746528625488281e+01 1.429635524749755859e+00 1.194055676460266113e+00 2.355798780918121338e-01
2.785787391662597656e+01 1.431196451187133789e+00 1.195329308509826660e+00 2.358673363924026489e-01
2.787828445434570312e+01 1.435631275177001953e+00 1.199606418609619141e+00 2.360249012708663940e-01
2.789869117736816406e+01 1.438849210739135742e+00 1.202590227127075195e+00 2.362591326236724854e-01
2.791910171508789062e+01 1.440915822982788086e+00 1.204283475875854492e+00 2.366323918104171753e-01
2.793950843811035156e+01 1.443786382675170898e+00 1.206831097602844238e+00 2.369555085897445679e-01
2.795991897583007812e+01 1.447032451629638672e+00 1.209802985191345215e+00 2.372298091650009155e-01
2.798032569885253906e+01 1.450755715370178223e+00 1.213198542594909668e+00 2.375571876764297485e-01
2.800073623657226562e+01 1.453624486923217773e+00 1.215733885765075684e+00 2.378907501697540283e-01
2.802114486694335938e+01 1.456845641136169434e+00 1.218693017959594727e+00 2.381527274847030640e-01
2.804155540466308594e+01 1.460128784179687500e+00 1.221647620201110840e+00 2.384812682867050171e-01
2.806196212768554688e+01 1.463433384895324707e+00 1.224598050117492676e+00 2.388353794813156128e-01
2.808236885070800781e+01 1.467115283012390137e+00 1.227970480918884277e+00 2.391449660062789917e-01
2.810277938842773438e+01 1.470765829086303711e+00 1.231337785720825195e+00 2.394281923770904541e-01
2.812318611145019531e+01 1.474552750587463379e+00 1.234700441360473633e+00 2.398524582386016846e-01
2.814359664916992188e+01 1.477757930755615234e+00 1.237632751464843750e+00 2.401252537965774536e-01
2.816400527954101562e+01 1.482689499855041504e+00 1.242260932922363281e+00 2.404287308454513550e-01
2.818441581726074219e+01 1.486888408660888672e+00 1.246032834053039551e+00 2.408557534217834473e-01
2.820482254028320312e+01 1.490924119949340820e+00 1.249799370765686035e+00 2.411250472068786621e-01
2.822523307800292969e+01 1.494643807411193848e+00 1.253136396408081055e+00 2.415075302124023438e-01
2.824563980102539062e+01 1.499856710433959961e+00 1.258163809776306152e+00 2.416930198669433594e-01
2.826605033874511719e+01 1.504817247390747070e+00 1.262760281562805176e+00 2.420571744441986084e-01
2.828645706176757812e+01 1.508763432502746582e+00 1.266503930091857910e+00 2.422598451375961304e-01
2.830686378479003906e+01 1.513718843460083008e+00 1.271088123321533203e+00 2.426308542490005493e-01
2.832727432250976562e+01 1.518571853637695312e+00 1.275665283203125000e+00 2.429067343473434448e-01
2.834768295288085938e+01 1.524105787277221680e+00 1.281080484390258789e+00 2.430251985788345337e-01
2.836809349060058594e+01 1.527832031250000000e+00 1.284378290176391602e+00 2.434537857770919800e-01
2.838850021362304688e+01 1.534747004508972168e+00 1.291044235229492188e+00 2.437028884887695312e-01
2.840891075134277344e+01 1.538242340087890625e+00 1.294330000877380371e+00 2.439124286174774170e-01
2.842931747436523438e+01 1.542074441909790039e+00 1.298032283782958984e+00 2.440423071384429932e-01
2.844972801208496094e+01 1.547372341156005859e+00 1.303411960601806641e+00 2.439606040716171265e-01
2.847013473510742188e+01 1.551157593727111816e+00 1.306681990623474121e+00 2.444757819175720215e-01
2.849054527282714844e+01 1.554568171501159668e+00 1.309947133064270020e+00 2.446212470531463623e-01
2.851095390319824219e+01 1.561153769493103027e+00 1.316146612167358398e+00 2.450072765350341797e-01
2.853136062622070312e+01 1.565296292304992676e+00 1.320239424705505371e+00 2.450569421052932739e-01
2.855177116394042969e+01 1.570147752761840820e+00 1.325164794921875000e+00 2.449831515550613403e-01
2.857217788696289062e+01 1.573792219161987305e+00 1.328407406806945801e+00 2.453847974538803101e-01
2.859258842468261719e+01 1.578961968421936035e+00 1.333319783210754395e+00 2.456422597169876099e-01
2.861299514770507812e+01 1.581967234611511230e+00 1.336552262306213379e+00 2.454152256250381470e-01
2.863340568542480469e+01 1.584964394569396973e+00 1.339361786842346191e+00 2.456028014421463013e-01
2.865381431579589844e+01 1.589336991310119629e+00 1.343838453292846680e+00 2.454986870288848877e-01
2.867422294616699219e+01 1.591911792755126953e+00 1.346221208572387695e+00 2.456907778978347778e-01
2.869463157653808594e+01 1.596322059631347656e+00 1.350686550140380859e+00 2.456356734037399292e-01
2.871504211425781250e+01 1.599466919898986816e+00 1.353895068168640137e+00 2.455719411373138428e-01
2.873544883728027344e+01 1.600667238235473633e+00 1.355432748794555664e+00 2.452345788478851318e-01
2.875585937500000000e+01 1.605880856513977051e+00 1.360298275947570801e+00 2.455829381942749023e-01
2.877626609802246094e+01 1.608610391616821289e+00 1.363077044486999512e+00 2.455335408449172974e-01
2.879667282104492188e+01 1.611765146255493164e+00 1.366267561912536621e+00 2.454979568719863892e-01
2.881708335876464844e+01 1.612848758697509766e+00 1.367376804351806641e+00 2.454720139503479004e-01
2.883749198913574219e+01 1.615152478218078613e+00 1.369729638099670410e+00 2.454229593276977539e-01
2.885790252685546875e+01 1.617845177650451660e+00 1.372493863105773926e+00 2.453514188528060913e-01
2.887830924987792969e+01 1.620879054069519043e+00 1.375668883323669434e+00 2.452103942632675171e-01
2.889871978759765625e+01 1.620612978935241699e+00 1.375525474548339844e+00 2.450877279043197632e-01
2.891912651062011719e+01 1.623810648918151855e+00 1.378693938255310059e+00 2.451169341802597046e-01
2.893953704833984375e+01 1.624851942062377930e+00 1.379789710044860840e+00 2.450624108314514160e-01
2.895994377136230469e+01 1.626248121261596680e+00 1.381297230720520020e+00 2.449511736631393433e-01
2.898035430908203125e+01 1.627288699150085449e+00 1.382389545440673828e+00 2.448993623256683350e-01
2.900076293945312500e+01 1.629548907279968262e+00 1.384718656539916992e+00 2.448301762342453003e-01
2.902116966247558594e+01 1.631707310676574707e+00 1.386631965637207031e+00 2.450754493474960327e-01
2.904158020019531250e+01 1.632052183151245117e+00 1.387305974960327148e+00 2.447462826967239380e-01
2.906198692321777344e+01 1.633109569549560547e+00 1.388391137123107910e+00 2.447184473276138306e-01
2.908239746093750000e+01 1.633752822875976562e+00 1.389063239097595215e+00 2.446895241737365723e-01
2.910280418395996094e+01 1.636130094528198242e+00 1.391379356384277344e+00 2.447507232427597046e-01
2.912321472167968750e+01 1.636234402656555176e+00 1.391637325286865234e+00 2.445972859859466553e-01
2.914362144470214844e+01 1.637741088867187500e+00 1.393127083778381348e+00 2.446140199899673462e-01
2.916403198242187500e+01 1.639268994331359863e+00 1.394614577293395996e+00 2.446545064449310303e-01
2.918444061279296875e+01 1.640443801879882812e+00 1.395690202713012695e+00 2.447537332773208618e-01
2.920485115051269531e+01 1.641137838363647461e+00 1.396354079246520996e+00 2.447840720415115356e-01
2.922525787353515625e+01 1.638998270034790039e+00 1.394150257110595703e+00 2.448482364416122437e-01
2.924566459655761719e+01 1.644193530082702637e+00 1.399316549301147461e+00 2.448770999908447266e-01
2.926607513427734375e+01 1.645802974700927734e+00 1.400794744491577148e+00 2.450082153081893921e-01
2.928648185729980469e+01 1.646471261978149414e+00 1.401453495025634766e+00 2.450179606676101685e-01
2.930689239501953125e+01 1.648021817207336426e+00 1.402927994728088379e+00 2.450939118862152100e-01
2.932730102539062500e+01 1.649771332740783691e+00 1.404400467872619629e+00 2.453710436820983887e-01
2.934771156311035156e+01 1.650897622108459473e+00 1.405463099479675293e+00 2.454346567392349243e-01
2.936811828613281250e+01 1.652395963668823242e+00 1.406931877136230469e+00 2.454642206430435181e-01
2.938852882385253906e+01 1.654912352561950684e+00 1.409213185310363770e+00 2.456993013620376587e-01
2.940893554687500000e+01 1.655624747276306152e+00 1.409863233566284180e+00 2.457615137100219727e-01
2.942934608459472656e+01 1.656436324119567871e+00 1.410512328147888184e+00 2.459242045879364014e-01
2.944975280761718750e+01 1.658824801445007324e+00 1.412786364555358887e+00 2.460385710000991821e-01
2.947016143798828125e+01 1.660723328590393066e+00 1.414651155471801758e+00 2.460721880197525024e-01
2.949057197570800781e+01 1.662800788879394531e+00 1.416513204574584961e+00 2.462876290082931519e-01
2.951097869873046875e+01 1.665685892105102539e+00 1.419184207916259766e+00 2.465017139911651611e-01
2.953138923645019531e+01 1.667658090591430664e+00 1.421040534973144531e+00 2.466175407171249390e-01
2.955179595947265625e+01 1.669718146324157715e+00 1.422894477844238281e+00 2.468238174915313721e-01
2.957220649719238281e+01 1.672101140022277832e+00 1.425150394439697266e+00 2.469507902860641479e-01
2.959261322021484375e+01 1.674637079238891602e+00 1.427403450012207031e+00 2.472339719533920288e-01
2.961302375793457031e+01 1.676590800285339355e+00 1.429249048233032227e+00 2.473418116569519043e-01
2.963343048095703125e+01 1.679301857948303223e+00 1.431900024414062500e+00 2.474019229412078857e-01
2.965384101867675781e+01 1.682530283927917480e+00 1.434950828552246094e+00 2.475796490907669067e-01
2.967424964904785156e+01 1.683692097663879395e+00 1.435980916023254395e+00 2.477113902568817139e-01
2.969465637207031250e+01 1.687505006790161133e+00 1.439831018447875977e+00 2.476741522550582886e-01
2.971506690979003906e+01 1.688677787780761719e+00 1.440856099128723145e+00 2.478216886520385742e-01
2.973547363281250000e+01 1.690667152404785156e+00 1.442685127258300781e+00 2.479822039604187012e-01
2.975588417053222656e+01 1.692921757698059082e+00 1.444913625717163086e+00 2.480084449052810669e-01
2.977629089355468750e+01 1.695231676101684570e+00 1.447139024734497070e+00 2.480926811695098877e-01
2.979670143127441406e+01 1.697479248046875000e+00 1.449361562728881836e+00 2.481177598237991333e-01
2.981711006164550781e+01 1.699332833290100098e+00 1.451179623603820801e+00 2.481532841920852661e-01
2.983752059936523438e+01 1.701169967651367188e+00 1.452994942665100098e+00 2.481749802827835083e-01
2.985792732238769531e+01 1.703012108802795410e+00 1.454808115959167480e+00 2.482039630413055420e-01
2.987833786010742188e+01 1.704730510711669922e+00 1.456618547439575195e+00 2.481121569871902466e-01
2.989874458312988281e+01 1.704660296440124512e+00 1.456425070762634277e+00 2.482353746891021729e-01
2.991915130615234375e+01 1.709272861480712891e+00 1.461032629013061523e+00 2.482403665781021118e-01
2.993956184387207031e+01 1.709183812141418457e+00 1.461236000061035156e+00 2.479479014873504639e-01
2.995997047424316406e+01 1.710565328598022461e+00 1.462637782096862793e+00 2.479275166988372803e-01
2.998037910461425781e+01 1.711494207382202148e+00 1.463638305664062500e+00 2.478560060262680054e-01
3.000078773498535156e+01 1.712755084037780762e+00 1.465036511421203613e+00 2.477186024188995361e-01
3.002119827270507812e+01 1.713507533073425293e+00 1.466034054756164551e+00 2.474737316370010376e-01
3.004160499572753906e+01 1.714183807373046875e+00 1.466631770133972168e+00 2.475521415472030640e-01
3.006201553344726562e+01 1.714210867881774902e+00 1.467228770256042480e+00 2.469822913408279419e-01
3.008242225646972656e+01 1.714625954627990723e+00 1.467427134513854980e+00 2.471989691257476807e-01
3.010283279418945312e+01 1.715045452117919922e+00 1.468022584915161133e+00 2.470230162143707275e-01
3.012323951721191406e+01 1.715474963188171387e+00 1.468617439270019531e+00 2.468575388193130493e-01
3.014365005493164062e+01 1.715415954589843750e+00 1.468814373016357422e+00 2.466017603874206543e-01
3.016405868530273438e+01 1.717165946960449219e+00 1.470598220825195312e+00 2.465679198503494263e-01
3.018446540832519531e+01 1.715528607368469238e+00 1.469207525253295898e+00 2.463212609291076660e-01
3.020487594604492188e+01 1.716317057609558105e+00 1.470196008682250977e+00 2.461210191249847412e-01
3.022528266906738281e+01 1.716628789901733398e+00 1.470787525177001953e+00 2.458414286375045776e-01
3.024569320678710938e+01 1.717493653297424316e+00 1.471773743629455566e+00 2.457201629877090454e-01
3.026609992980957031e+01 1.717786788940429688e+00 1.472363233566284180e+00 2.454236000776290894e-01
3.028651046752929688e+01 1.718804359436035156e+00 1.473742365837097168e+00 2.450621724128723145e-01
3.030691909790039062e+01 1.720631599426269531e+00 1.475909471511840820e+00 2.447221726179122925e-01
3.032732963562011719e+01 1.723706364631652832e+00 1.479652285575866699e+00 2.440541684627532959e-01
3.034773635864257812e+01 1.722863554954528809e+00 1.479051828384399414e+00 2.438119500875473022e-01
3.036814689636230469e+01 1.724075078964233398e+00 1.480816721916198730e+00 2.432585507631301880e-01
3.038855361938476562e+01 1.725358366966247559e+00 1.482579588890075684e+00 2.427788525819778442e-01
3.040896034240722656e+01 1.727004647254943848e+00 1.484733462333679199e+00 2.422713190317153931e-01
3.042937088012695312e+01 1.725353121757507324e+00 1.483344197273254395e+00 2.420092076063156128e-01
3.044977760314941406e+01 1.725022435188293457e+00 1.483529448509216309e+00 2.414930909872055054e-01
3.047018814086914062e+01 1.725294232368469238e+00 1.483714222908020020e+00 2.415800988674163818e-01
3.049059677124023438e+01 1.722391128540039062e+00 1.480758309364318848e+00 2.416330277919769287e-01
3.051100730895996094e+01 1.720482349395751953e+00 1.478983163833618164e+00 2.414990514516830444e-01
3.053141403198242188e+01 1.723954558372497559e+00 1.483091115951538086e+00 2.408633679151535034e-01
3.055182456970214844e+01 1.724674820899963379e+00 1.484059214591979980e+00 2.406155914068222046e-01
3.057223129272460938e+01 1.725307703018188477e+00 1.485026121139526367e+00 2.402816265821456909e-01
3.059264183044433594e+01 1.725800991058349609e+00 1.485600352287292480e+00 2.402006834745407104e-01
3.061304855346679688e+01 1.727065801620483398e+00 1.486956119537353516e+00 2.401098757982254028e-01
3.063345718383789062e+01 1.727847695350646973e+00 1.487919092178344727e+00 2.399285435676574707e-01
3.065386772155761719e+01 1.729067683219909668e+00 1.489271283149719238e+00 2.397965341806411743e-01
3.067427444458007812e+01 1.729905962944030762e+00 1.490231513977050781e+00 2.396746426820755005e-01
3.069468498229980469e+01 1.731544613838195801e+00 1.491970419883728027e+00 2.395744472742080688e-01
3.071509170532226562e+01 1.732402324676513672e+00 1.492927551269531250e+00 2.394747734069824219e-01
3.073550224304199219e+01 1.734464883804321289e+00 1.495051622390747070e+00 2.394133508205413818e-01
3.075590896606445312e+01 1.736502051353454590e+00 1.497173190116882324e+00 2.393290847539901733e-01
3.077631950378417969e+01 1.738358974456787109e+00 1.498902559280395508e+00 2.394566535949707031e-01
3.079672813415527344e+01 1.741338729858398438e+00 1.501796007156372070e+00 2.395427972078323364e-01
3.081713676452636719e+01 1.744978785514831543e+00 1.505462169647216797e+00 2.395165860652923584e-01
3.083754539489746094e+01 1.748728752136230469e+00 1.509123921394348145e+00 2.396050542593002319e-01
3.085795211791992188e+01 1.752837181091308594e+00 1.513168334960937500e+00 2.396690696477890015e-01
3.087836265563964844e+01 1.758615374565124512e+00 1.518757939338684082e+00 2.398576140403747559e-01
3.089876937866210938e+01 1.765166878700256348e+00 1.525115132331848145e+00 2.400517910718917847e-01
3.091917991638183594e+01 1.771726489067077637e+00 1.531463861465454102e+00 2.402629405260086060e-01
3.093958663940429688e+01 1.777878284454345703e+00 1.537417173385620117e+00 2.404612898826599121e-01
3.095999717712402344e+01 1.782051682472229004e+00 1.541429758071899414e+00 2.406221032142639160e-01
3.098040580749511719e+01 1.782123565673828125e+00 1.541573405265808105e+00 2.405503392219543457e-01
3.100081634521484375e+01 1.778591275215148926e+00 1.538241863250732422e+00 2.403494715690612793e-01
3.102122306823730469e+01 1.777633547782897949e+00 1.537229895591735840e+00 2.404038161039352417e-01
3.104163360595703125e+01 1.783612728118896484e+00 1.542388677597045898e+00 2.412241250276565552e-01
3.106204032897949219e+01 1.797512292861938477e+00 1.555633068084716797e+00 2.418793141841888428e-01
3.108244705200195312e+01 1.800601124763488770e+00 1.558847784996032715e+00 2.417533695697784424e-01
3.110285758972167969e+01 1.797626972198486328e+00 1.556670308113098145e+00 2.409569770097732544e-01
3.112326622009277344e+01 1.795791387557983398e+00 1.555265069007873535e+00 2.405265569686889648e-01
3.114367675781250000e+01 1.793141841888427734e+00 1.552708268165588379e+00 2.404337525367736816e-01
3.116408348083496094e+01 1.792346596717834473e+00 1.551691532135009766e+00 2.406551688909530640e-01
3.118449401855468750e+01 1.791521072387695312e+00 1.550675988197326660e+00 2.408450692892074585e-01
3.120490074157714844e+01 1.792584657669067383e+00 1.551196336746215820e+00 2.413884699344635010e-01
3.122531127929687500e+01 1.795142054557800293e+00 1.552865505218505859e+00 2.422768622636795044e-01
3.124571800231933594e+01 1.795669555664062500e+00 1.552617549896240234e+00 2.430521547794342041e-01
3.126612854003906250e+01 1.795653462409973145e+00 1.550838351249694824e+00 2.448151707649230957e-01
3.128653526306152344e+01 1.819842815399169922e+00 1.575459599494934082e+00 2.443834096193313599e-01
3.130694580078125000e+01 1.827009916305541992e+00 1.582843780517578125e+00 2.441662102937698364e-01
3.132735443115234375e+01 1.827494978904724121e+00 1.584105134010314941e+00 2.433898746967315674e-01
3.134776115417480469e+01 1.826205611228942871e+00 1.583073854446411133e+00 2.431318163871765137e-01
3.136817169189453125e+01 1.825564622879028320e+00 1.582806944847106934e+00 2.427580803632736206e-01
3.138857841491699219e+01 1.829439759254455566e+00 1.585972666740417480e+00 2.434671819210052490e-01
3.140898895263671875e+01 1.825937867164611816e+00 1.584179878234863281e+00 2.417580932378768921e-01
3.142939567565917969e+01 1.827803134918212891e+00 1.585816979408264160e+00 2.419861853122711182e-01
3.144980621337890625e+01 1.823405027389526367e+00 1.580981969833374023e+00 2.424232512712478638e-01
3.147021484375000000e+01 1.823943614959716797e+00 1.581097841262817383e+00 2.428458333015441895e-01
3.149062538146972656e+01 1.817480564117431641e+00 1.573991417884826660e+00 2.434893250465393066e-01
3.151103210449218750e+01 1.803038001060485840e+00 1.558917522430419922e+00 2.441206425428390503e-01
3.153144264221191406e+01 1.779489636421203613e+00 1.537029981613159180e+00 2.424597442150115967e-01
3.155184936523437500e+01 1.809299945831298828e+00 1.567522883415222168e+00 2.417773008346557617e-01
3.157225608825683594e+01 1.827630400657653809e+00 1.583949089050292969e+00 2.436814457178115845e-01
3.159266662597656250e+01 1.829979062080383301e+00 1.584820151329040527e+00 2.451591938734054565e-01
3.161307525634765625e+01 1.828254461288452148e+00 1.582282662391662598e+00 2.459717690944671631e-01
3.163348579406738281e+01 1.822286725044250488e+00 1.575964331626892090e+00 2.463224828243255615e-01
3.165389251708984375e+01 1.816450595855712891e+00 1.570032477378845215e+00 2.464181780815124512e-01
3.167430305480957031e+01 1.808950662612915039e+00 1.563730120658874512e+00 2.452205121517181396e-01
3.169470977783203125e+01 1.807556986808776855e+00 1.563856363296508789e+00 2.437006682157516479e-01
3.171512031555175781e+01 1.812228441238403320e+00 1.569643378257751465e+00 2.425850182771682739e-01
3.173552703857421875e+01 1.819814682006835938e+00 1.577685952186584473e+00 2.421288788318634033e-01
3.175593757629394531e+01 1.826743483543395996e+00 1.584587335586547852e+00 2.421562671661376953e-01
3.177634429931640625e+01 1.833620190620422363e+00 1.590726494789123535e+00 2.428937703371047974e-01
3.179675292968750000e+01 1.837545037269592285e+00 1.594223022460937500e+00 2.433220744132995605e-01
3.181716346740722656e+01 1.838469266891479492e+00 1.594704985618591309e+00 2.437644749879837036e-01
3.183757019042968750e+01 1.836614370346069336e+00 1.592179059982299805e+00 2.444353401660919189e-01
3.185798072814941406e+01 1.832914352416992188e+00 1.587026119232177734e+00 2.458881735801696777e-01
3.187838745117187500e+01 1.818534851074218750e+00 1.568738222122192383e+00 2.497968226671218872e-01
3.189879798889160156e+01 1.784808158874511719e+00 1.528334736824035645e+00 2.564736902713775635e-01
3.191920471191406250e+01 1.732587575912475586e+00 1.478608250617980957e+00 2.539794147014617920e-01
3.193961524963378906e+01 1.752138495445251465e+00 1.507269144058227539e+00 2.448696047067642212e-01
3.196002388000488281e+01 1.789522171020507812e+00 1.551248669624328613e+00 2.382738143205642700e-01
3.198043441772460938e+01 1.809955000877380371e+00 1.573463797569274902e+00 2.364912927150726318e-01
3.200083923339843750e+01 1.815680384635925293e+00 1.579567074775695801e+00 2.361132800579071045e-01
3.202124786376953125e+01 1.818152785301208496e+00 1.581550955772399902e+00 2.366019934415817261e-01
3.204166030883789062e+01 1.811138153076171875e+00 1.574566364288330078e+00 2.365719228982925415e-01
3.206206512451171875e+01 1.803108692169189453e+00 1.566471099853515625e+00 2.366376519203186035e-01
3.208247756958007812e+01 1.792843818664550781e+00 1.555774331092834473e+00 2.370696216821670532e-01
3.210288238525390625e+01 1.795058131217956543e+00 1.555158138275146484e+00 2.398999780416488647e-01
3.212329483032226562e+01 1.793447136878967285e+00 1.553052186965942383e+00 2.403949499130249023e-01
3.214369964599609375e+01 1.788665652275085449e+00 1.552066206932067871e+00 2.365995049476623535e-01
3.216411209106445312e+01 1.796187639236450195e+00 1.562245488166809082e+00 2.339422553777694702e-01
3.218451690673828125e+01 1.809646129608154297e+00 1.576874852180480957e+00 2.327712327241897583e-01
3.220492935180664062e+01 1.821833491325378418e+00 1.589627265930175781e+00 2.322063744068145752e-01
3.222533798217773438e+01 1.832100868225097656e+00 1.600134968757629395e+00 2.319659143686294556e-01
3.224574279785156250e+01 1.827081561088562012e+00 1.594668030738830566e+00 2.324138730764389038e-01
3.226615524291992188e+01 1.831726193428039551e+00 1.598110675811767578e+00 2.336156368255615234e-01
3.228656005859375000e+01 1.834782838821411133e+00 1.600066542625427246e+00 2.347163558006286621e-01
3.230697250366210938e+01 1.837825775146484375e+00 1.602019548416137695e+00 2.358062416315078735e-01
3.232737731933593750e+01 1.838180541992187500e+00 1.600267767906188965e+00 2.379128783941268921e-01
3.234778976440429688e+01 1.837503314018249512e+00 1.596667885780334473e+00 2.408355325460433960e-01
3.236819839477539062e+01 1.858181834220886230e+00 1.617479205131530762e+00 2.407025843858718872e-01
3.238860702514648438e+01 1.870378017425537109e+00 1.627177000045776367e+00 2.432011216878890991e-01
3.240901565551757812e+01 1.867880582809448242e+00 1.621720552444458008e+00 2.461602091789245605e-01
3.242942428588867188e+01 1.857085347175598145e+00 1.608519673347473145e+00 2.485659271478652954e-01
3.244983291625976562e+01 1.836188912391662598e+00 1.588696002960205078e+00 2.474930137395858765e-01
3.247023773193359375e+01 1.788709998130798340e+00 1.536457777023315430e+00 2.522523105144500732e-01
3.249065017700195312e+01 1.760012745857238770e+00 1.504915356636047363e+00 2.550974488258361816e-01
3.251105880737304688e+01 1.800763845443725586e+00 1.556618809700012207e+00 2.441450655460357666e-01
3.253146743774414062e+01 1.815925121307373047e+00 1.576982736587524414e+00 2.389425188302993774e-01
3.255187606811523438e+01 1.823392748832702637e+00 1.587393045425415039e+00 2.359999120235443115e-01
3.257228469848632812e+01 1.834141492843627930e+00 1.598524928092956543e+00 2.356166690587997437e-01
3.259269332885742188e+01 1.841936469078063965e+00 1.605236291885375977e+00 2.367003858089447021e-01
3.261310195922851562e+01 1.834182620048522949e+00 1.595790266990661621e+00 2.383925914764404297e-01
3.263351058959960938e+01 1.815551042556762695e+00 1.577186584472656250e+00 2.383646816015243530e-01
3.265391921997070312e+01 1.811855554580688477e+00 1.574001312255859375e+00 2.378543764352798462e-01
3.267432785034179688e+01 1.814635396003723145e+00 1.578513264656066895e+00 2.361222356557846069e-01
3.269473648071289062e+01 1.814105749130249023e+00 1.580456733703613281e+00 2.336491197347640991e-01
3.271514511108398438e+01 1.819742202758789062e+00 1.587885856628417969e+00 2.318565398454666138e-01
3.273555374145507812e+01 1.824025869369506836e+00 1.593111872673034668e+00 2.309140413999557495e-01
3.275596237182617188e+01 1.821738362312316895e+00 1.592484712600708008e+00 2.292537391185760498e-01
3.277637100219726562e+01 1.804233193397521973e+00 1.574329257011413574e+00 2.299039512872695923e-01
3.279677963256835938e+01 1.793290734291076660e+00 1.556926250457763672e+00 2.363645285367965698e-01
3.281718826293945312e+01 1.783924579620361328e+00 1.542827606201171875e+00 2.410971820354461670e-01
3.283759689331054688e+01 1.749749660491943359e+00 1.512343525886535645e+00 2.374060899019241333e-01
3.285800552368164062e+01 1.704245805740356445e+00 1.468783378601074219e+00 2.354625761508941650e-01
3.287841796875000000e+01 1.683545947074890137e+00 1.451124906539916992e+00 2.324211001396179199e-01
3.289882278442382812e+01 1.693087339401245117e+00 1.461139678955078125e+00 2.319477647542953491e-01
3.291923522949218750e+01 1.716885328292846680e+00 1.483140826225280762e+00 2.337447106838226318e-01
3.293964004516601562e+01 1.740648865699768066e+00 1.502571225166320801e+00 2.380778044462203979e-01
3.296004867553710938e+01 1.761198639869689941e+00 1.517619729042053223e+00 2.435790896415710449e-01
3.298045730590820312e+01 1.748152613639831543e+00 1.505792498588562012e+00 2.423602342605590820e-01
3.300086593627929688e+01 1.747151851654052734e+00 1.508851170539855957e+00 2.383007109165191650e-01
3.302127456665039062e+01 1.762390255928039551e+00 1.526404976844787598e+00 2.359854131937026978e-01
3.304168319702148438e+01 1.776663661003112793e+00 1.539952516555786133e+00 2.367113679647445679e-01
3.306209564208984375e+01 1.789692878723144531e+00 1.550586938858032227e+00 2.391058951616287231e-01
3.308250045776367188e+01 1.799749255180358887e+00 1.556143045425415039e+00 2.436063736677169800e-01
3.310291290283203125e+01 1.802709698677062988e+00 1.551567554473876953e+00 2.511422932147979736e-01
3.312331771850585938e+01 1.796310901641845703e+00 1.530013918876647949e+00 2.662969529628753662e-01
3.314373016357421875e+01 1.803056955337524414e+00 1.538822650909423828e+00 2.642345428466796875e-01
3.316413497924804688e+01 1.831866502761840820e+00 1.574689507484436035e+00 2.571772038936614990e-01
3.318454360961914062e+01 1.825308442115783691e+00 1.577688813209533691e+00 2.476195544004440308e-01
3.320495605468750000e+01 1.774720072746276855e+00 1.525171041488647461e+00 2.495491802692413330e-01
3.322536087036132812e+01 1.758640527725219727e+00 1.513786911964416504e+00 2.448536902666091919e-01
3.324577331542968750e+01 1.859168052673339844e+00 1.616186976432800293e+00 2.429812103509902954e-01
3.326617813110351562e+01 1.866203784942626953e+00 1.623830914497375488e+00 2.423730343580245972e-01
3.328659057617187500e+01 1.847996950149536133e+00 1.600900292396545410e+00 2.470967173576354980e-01
3.330699539184570312e+01 1.794839739799499512e+00 1.547810554504394531e+00 2.470293343067169189e-01
3.332740783691406250e+01 1.843376874923706055e+00 1.603608489036560059e+00 2.397685050964355469e-01
3.334781646728515625e+01 1.855308294296264648e+00 1.621650576591491699e+00 2.336578667163848877e-01
3.336822509765625000e+01 1.845704197883605957e+00 1.614560484886169434e+00 2.311437875032424927e-01
3.338863372802734375e+01 1.825510025024414062e+00 1.593498110771179199e+00 2.320120334625244141e-01
3.340903854370117188e+01 1.832975149154663086e+00 1.591449856758117676e+00 2.415255010128021240e-01
3.342945098876953125e+01 1.840631127357482910e+00 1.599787592887878418e+00 2.408437132835388184e-01
3.344985580444335938e+01 1.826810359954833984e+00 1.588434457778930664e+00 2.383760511875152588e-01
3.347026824951171875e+01 1.806232452392578125e+00 1.569227218627929688e+00 2.370052337646484375e-01
3.349067306518554688e+01 1.806565403938293457e+00 1.566483974456787109e+00 2.400815933942794800e-01
3.351108551025390625e+01 1.826418519020080566e+00 1.585532188415527344e+00 2.408864498138427734e-01
3.353149414062500000e+01 1.866556406021118164e+00 1.625618338584899902e+00 2.409383356571197510e-01
3.355190277099609375e+01 1.873878717422485352e+00 1.630694031715393066e+00 2.431849390268325806e-01
3.357231140136718750e+01 1.854165673255920410e+00 1.604389071464538574e+00 2.497767657041549683e-01
3.359272003173828125e+01 1.784697771072387695e+00 1.536783456802368164e+00 2.479144781827926636e-01
3.361312866210937500e+01 1.788439273834228516e+00 1.550450563430786133e+00 2.379889488220214844e-01
3.363353347778320312e+01 1.799417495727539062e+00 1.572642087936401367e+00 2.267754822969436646e-01
3.365394592285156250e+01 1.800017118453979492e+00 1.575244903564453125e+00 2.247724235057830811e-01
3.367435455322265625e+01 1.780520558357238770e+00 1.549764275550842285e+00 2.307563126087188721e-01
3.369476318359375000e+01 1.777316331863403320e+00 1.547404527664184570e+00 2.299118936061859131e-01
3.371517181396484375e+01 1.783262729644775391e+00 1.554633378982543945e+00 2.286293059587478638e-01
3.373558044433593750e+01 1.798133373260498047e+00 1.569659113883972168e+00 2.284745126962661743e-01
3.375598907470703125e+01 1.807438492774963379e+00 1.582184553146362305e+00 2.252540290355682373e-01
3.377639770507812500e+01 1.799649834632873535e+00 1.573077917098999023e+00 2.265719175338745117e-01
3.379680633544921875e+01 1.803421974182128906e+00 1.574961304664611816e+00 2.284607589244842529e-01
3.381721496582031250e+01 1.807008385658264160e+00 1.576488375663757324e+00 2.305201143026351929e-01
3.383762359619140625e+01 1.814870715141296387e+00 1.582965970039367676e+00 2.319048345088958740e-01
3.385803222656250000e+01 1.819071888923645020e+00 1.590142846107482910e+00 2.289289981126785278e-01
3.387844085693359375e+01 1.820851087570190430e+00 1.588478326797485352e+00 2.323727309703826904e-01
3.389884948730468750e+01 1.825984716415405273e+00 1.590699791908264160e+00 2.352850139141082764e-01
3.391925811767578125e+01 1.821630120277404785e+00 1.586213946342468262e+00 2.354162931442260742e-01
3.393966674804687500e+01 1.821976542472839355e+00 1.589844822883605957e+00 2.321316897869110107e-01
3.396007537841796875e+01 1.816523551940917969e+00 1.584659814834594727e+00 2.318639457225799561e-01
3.398048400878906250e+01 1.811008095741271973e+00 1.578424453735351562e+00 2.325838655233383179e-01
3.400089263916015625e+01 1.810889482498168945e+00 1.576420783996582031e+00 2.344689220190048218e-01
3.402130126953125000e+01 1.807958602905273438e+00 1.573012351989746094e+00 2.349463254213333130e-01
3.404171371459960938e+01 1.814241170883178711e+00 1.577343583106994629e+00 2.368978559970855713e-01
3.406211853027343750e+01 1.827434897422790527e+00 1.587994813919067383e+00 2.394403666257858276e-01
3.408253097534179688e+01 1.826465845108032227e+00 1.588448643684387207e+00 2.380172312259674072e-01
3.410293579101562500e+01 1.815092206001281738e+00 1.575915575027465820e+00 2.391767799854278564e-01
3.412334442138671875e+01 1.826501607894897461e+00 1.588653445243835449e+00 2.378483116626739502e-01
3.414375305175781250e+01 1.848925352096557617e+00 1.611191630363464355e+00 2.377338111400604248e-01
3.416416168212890625e+01 1.820866703987121582e+00 1.583952426910400391e+00 2.369142621755599976e-01
3.418457412719726562e+01 1.802191257476806641e+00 1.566199779510498047e+00 2.359916120767593384e-01
3.420497894287109375e+01 1.802054762840270996e+00 1.566665053367614746e+00 2.353899031877517700e-01
3.422539138793945312e+01 1.804071664810180664e+00 1.572025895118713379e+00 2.320458441972732544e-01
3.424579620361328125e+01 1.814584732055664062e+00 1.581924200057983398e+00 2.326606810092926025e-01
3.426620864868164062e+01 1.826438784599304199e+00 1.583776473999023438e+00 2.426624596118927002e-01
3.428661346435546875e+01 1.818269729614257812e+00 1.574455261230468750e+00 2.438146173954010010e-01
3.430702590942382812e+01 1.790836691856384277e+00 1.548747062683105469e+00 2.420896142721176147e-01
3.432743072509765625e+01 1.815343022346496582e+00 1.575024008750915527e+00 2.403190732002258301e-01
3.434783935546875000e+01 1.846907615661621094e+00 1.600224256515502930e+00 2.466834336519241333e-01
3.436825180053710938e+01 1.837314963340759277e+00 1.586387753486633301e+00 2.509271502494812012e-01
3.438865661621093750e+01 1.851676940917968750e+00 1.608070731163024902e+00 2.436062991619110107e-01
3.440906906127929688e+01 1.816597580909729004e+00 1.573026537895202637e+00 2.435711622238159180e-01
3.442947387695312500e+01 1.845900058746337891e+00 1.598168253898620605e+00 2.477320432662963867e-01
3.444988632202148438e+01 1.802692890167236328e+00 1.561434149742126465e+00 2.412587851285934448e-01
3.447029113769531250e+01 1.776986956596374512e+00 1.534813761711120605e+00 2.421732693910598755e-01
3.449070358276367188e+01 1.811959505081176758e+00 1.569650411605834961e+00 2.423093169927597046e-01
3.451111221313476562e+01 1.813695549964904785e+00 1.566988110542297363e+00 2.467074990272521973e-01
3.453152084350585938e+01 1.798645257949829102e+00 1.556009769439697266e+00 2.426356077194213867e-01
3.455192947387695312e+01 1.780243039131164551e+00 1.533958911895751953e+00 2.462841868400573730e-01
3.457233428955078125e+01 1.796899676322937012e+00 1.548287153244018555e+00 2.486125379800796509e-01
3.459274673461914062e+01 1.780631184577941895e+00 1.528688669204711914e+00 2.519426941871643066e-01
3.461315155029296875e+01 1.801230907440185547e+00 1.549227714538574219e+00 2.520034313201904297e-01
3.463356399536132812e+01 1.852225065231323242e+00 1.604302883148193359e+00 2.479221969842910767e-01
3.465397262573242188e+01 1.881613492965698242e+00 1.633408308029174805e+00 2.482052594423294067e-01
3.467438125610351562e+01 1.893990874290466309e+00 1.650051832199096680e+00 2.439391762018203735e-01
3.469478988647460938e+01 1.889858603477478027e+00 1.648046255111694336e+00 2.418124973773956299e-01
3.471519851684570312e+01 1.883328557014465332e+00 1.648456573486328125e+00 2.348721474409103394e-01
3.473560714721679688e+01 1.868335843086242676e+00 1.633359789848327637e+00 2.349763065576553345e-01
3.475601577758789062e+01 1.864837646484375000e+00 1.632400631904602051e+00 2.324372082948684692e-01
3.477642440795898438e+01 1.864508152008056641e+00 1.634196162223815918e+00 2.303119897842407227e-01
3.479682922363281250e+01 1.867213606834411621e+00 1.639773368835449219e+00 2.274403423070907593e-01
3.481724166870117188e+01 1.892771124839782715e+00 1.665283441543579102e+00 2.274877429008483887e-01
3.483765029907226562e+01 1.889959216117858887e+00 1.662590146064758301e+00 2.273691296577453613e-01
3.485805892944335938e+01 1.922870278358459473e+00 1.699731826782226562e+00 2.231386601924896240e-01
3.487846755981445312e+01 1.925399661064147949e+00 1.701825857162475586e+00 2.235738039016723633e-01
3.489887619018554688e+01 1.926448106765747070e+00 1.704603433609008789e+00 2.218446731567382812e-01
3.491928482055664062e+01 1.917264103889465332e+00 1.696408867835998535e+00 2.208551466464996338e-01
3.493969345092773438e+01 1.911771059036254883e+00 1.688566327095031738e+00 2.232048064470291138e-01
3.496010208129882812e+01 1.906495928764343262e+00 1.681417822837829590e+00 2.250782400369644165e-01
3.498051071166992188e+01 1.870658278465270996e+00 1.645192384719848633e+00 2.254660427570343018e-01
3.500091934204101562e+01 1.881867408752441406e+00 1.655860543251037598e+00 2.260070592164993286e-01
3.502132797241210938e+01 1.892423510551452637e+00 1.665148973464965820e+00 2.272744625806808472e-01
3.504173660278320312e+01 1.893532037734985352e+00 1.661446571350097656e+00 2.320856600999832153e-01
3.506214523315429688e+01 1.875825285911560059e+00 1.641703367233276367e+00 2.341218590736389160e-01
3.508255386352539062e+01 1.856577873229980469e+00 1.624030351638793945e+00 2.325476408004760742e-01
3.510296249389648438e+01 1.853733897209167480e+00 1.621722340583801270e+00 2.320116907358169556e-01
3.512337112426757812e+01 1.833863973617553711e+00 1.603059053421020508e+00 2.308049499988555908e-01
3.514377975463867188e+01 1.807415008544921875e+00 1.574880957603454590e+00 2.325341850519180298e-01
3.516418838500976562e+01 1.790417671203613281e+00 1.558308959007263184e+00 2.321088612079620361e-01
3.518459701538085938e+01 1.780889630317687988e+00 1.552642464637756348e+00 2.282472848892211914e-01
3.520500946044921875e+01 1.801854610443115234e+00 1.570102095603942871e+00 2.317526638507843018e-01
3.522541427612304688e+01 1.789830923080444336e+00 1.555260658264160156e+00 2.345702797174453735e-01
3.524582672119140625e+01 1.788263082504272461e+00 1.554360032081604004e+00 2.339032739400863647e-01
3.526623153686523438e+01 1.803759932518005371e+00 1.566357970237731934e+00 2.374021410942077637e-01
3.528664016723632812e+01 1.803152203559875488e+00 1.560364007949829102e+00 2.427883297204971313e-01
3.530704879760742188e+01 1.798161387443542480e+00 1.556071758270263672e+00 2.420897483825683594e-01
3.532745742797851562e+01 1.798554658889770508e+00 1.555850505828857422e+00 2.427042126655578613e-01
3.534786987304687500e+01 1.788910150527954102e+00 1.553597807884216309e+00 2.353125512599945068e-01
3.536827468872070312e+01 1.771980524063110352e+00 1.537472128868103027e+00 2.345084846019744873e-01
3.538868713378906250e+01 1.778677701950073242e+00 1.536585450172424316e+00 2.420925647020339966e-01
3.540909194946289062e+01 1.808190703392028809e+00 1.550573348999023438e+00 2.576176226139068604e-01
3.542950439453125000e+01 1.812716484069824219e+00 1.549342393875122070e+00 2.633742690086364746e-01
3.544990921020507812e+01 1.804743170738220215e+00 1.537307977676391602e+00 2.674351930618286133e-01
3.547032165527343750e+01 1.867837071418762207e+00 1.602901697158813477e+00 2.649353742599487305e-01
3.549073028564453125e+01 1.879740238189697266e+00 1.620866417884826660e+00 2.588738501071929932e-01
3.551113510131835938e+01 1.829612612724304199e+00 1.580498576164245605e+00 2.491139620542526245e-01
3.553154754638671875e+01 1.810805678367614746e+00 1.563757658004760742e+00 2.470481395721435547e-01
3.555195236206054688e+01 1.700161457061767578e+00 1.456469655036926270e+00 2.436918467283248901e-01
3.557236480712890625e+01 1.672103166580200195e+00 1.426696300506591797e+00 2.454070299863815308e-01
3.559276962280273438e+01 1.699419260025024414e+00 1.454799413681030273e+00 2.446200996637344360e-01
3.561318206787109375e+01 1.658435702323913574e+00 1.412289381027221680e+00 2.461464405059814453e-01
3.563358688354492188e+01 1.662476301193237305e+00 1.390990138053894043e+00 2.714864313602447510e-01
3.565399932861328125e+01 1.702639818191528320e+00 1.428801059722900391e+00 2.738389968872070312e-01
3.567440795898437500e+01 1.690612077713012695e+00 1.416240572929382324e+00 2.743715047836303711e-01
3.569481658935546875e+01 1.729314327239990234e+00 1.454329013824462891e+00 2.749855816364288330e-01
3.571522521972656250e+01 1.809645533561706543e+00 1.532926082611083984e+00 2.767194807529449463e-01
3.573563003540039062e+01 1.828341484069824219e+00 1.555831909179687500e+00 2.725096344947814941e-01
3.575604248046875000e+01 1.825268030166625977e+00 1.544901013374328613e+00 2.803671061992645264e-01
3.577644729614257812e+01 1.862820148468017578e+00 1.582160472869873047e+00 2.806597352027893066e-01
3.579685974121093750e+01 1.853757858276367188e+00 1.564205050468444824e+00 2.895525991916656494e-01
3.581726837158203125e+01 1.805744051933288574e+00 1.535242319107055664e+00 2.705016732215881348e-01
3.583767700195312500e+01 1.799386978149414062e+00 1.541047811508178711e+00 2.583392858505249023e-01
3.585808563232421875e+01 1.790766239166259766e+00 1.537834167480468750e+00 2.529320716857910156e-01
3.587849426269531250e+01 1.823358654975891113e+00 1.543298125267028809e+00 2.800605893135070801e-01
3.589890289306640625e+01 1.849596858024597168e+00 1.567427635192871094e+00 2.821694016456604004e-01
