# NTRMN  = 9
# NTRANS = 56
1.142887115478515625e+01 0.000000000000000000e+00 0.000000000000000000e+00 0.000000000000000000e+00
1.144927978515625000e+01 0.000000000000000000e+00 0.000000000000000000e+00 0.000000000000000000e+00
1.146968936920166016e+01 0.000000000000000000e+00 0.000000000000000000e+00 0.000000000000000000e+00
1.149009799957275391e+01 0.000000000000000000e+00 0.000000000000000000e+00 0.000000000000000000e+00
1.151050662994384766e+01 0.000000000000000000e+00 0.000000000000000000e+00 0.000000000000000000e+00
1.153091526031494141e+01 0.000000000000000000e+00 0.000000000000000000e+00 0.000000000000000000e+00
1.157173252105712891e+01 0.000000000000000000e+00 0.000000000000000000e+00 0.000000000000000000e+00
1.159214115142822266e+01 0.000000000000000000e+00 0.000000000000000000e+00 0.000000000000000000e+00
1.161254978179931641e+01 0.000000000000000000e+00 0.000000000000000000e+00 0.000000000000000000e+00
1.165336799621582031e+01 0.000000000000000000e+00 0.000000000000000000e+00 0.000000000000000000e+00
1.167377567291259766e+01 0.000000000000000000e+00 0.000000000000000000e+00 0.000000000000000000e+00
1.169418430328369141e+01 0.000000000000000000e+00 0.000000000000000000e+00 0.000000000000000000e+00
1.171459388732910156e+01 0.000000000000000000e+00 0.000000000000000000e+00 0.000000000000000000e+00
1.175541114807128906e+01 0.000000000000000000e+00 0.000000000000000000e+00 0.000000000000000000e+00
1.177581882476806641e+01 0.000000000000000000e+00 0.000000000000000000e+00 0.000000000000000000e+00
1.179622840881347656e+01 0.000000000000000000e+00 0.000000000000000000e+00 0.000000000000000000e+00
1.181663703918457031e+01 0.000000000000000000e+00 0.000000000000000000e+00 0.000000000000000000e+00
1.183704566955566406e+01 0.000000000000000000e+00 0.000000000000000000e+00 0.000000000000000000e+00
1.185745429992675781e+01 0.000000000000000000e+00 0.000000000000000000e+00 0.000000000000000000e+00
1.187786388397216797e+01 0.000000000000000000e+00 0.000000000000000000e+00 0.000000000000000000e+00
1.193908882141113281e+01 0.000000000000000000e+00 0.000000000000000000e+00 0.000000000000000000e+00
1.195949840545654297e+01 0.000000000000000000e+00 0.000000000000000000e+00 0.000000000000000000e+00
1.197990703582763672e+01 0.000000000000000000e+00 0.000000000000000000e+00 0.000000000000000000e+00
1.200031566619873047e+01 0.000000000000000000e+00 0.000000000000000000e+00 0.000000000000000000e+00
1.202072334289550781e+01 0.000000000000000000e+00 0.000000000000000000e+00 0.000000000000000000e+00
1.204113292694091797e+01 0.000000000000000000e+00 0.000000000000000000e+00 0.000000000000000000e+00
1.206154155731201172e+01 0.000000000000000000e+00 0.000000000000000000e+00 0.000000000000000000e+00
1.208195018768310547e+01 0.000000000000000000e+00 0.000000000000000000e+00 0.000000000000000000e+00
1.210235881805419922e+01 0.000000000000000000e+00 0.000000000000000000e+00 0.000000000000000000e+00
1.212276744842529297e+01 0.000000000000000000e+00 0.000000000000000000e+00 0.000000000000000000e+00
1.214317607879638672e+01 0.000000000000000000e+00 0.000000000000000000e+00 0.000000000000000000e+00
1.216358470916748047e+01 0.000000000000000000e+00 0.000000000000000000e+00 0.000000000000000000e+00
1.218399333953857422e+01 0.000000000000000000e+00 0.000000000000000000e+00 0.000000000000000000e+00
1.220440292358398438e+01 0.000000000000000000e+00 0.000000000000000000e+00 0.000000000000000000e+00
1.222481155395507812e+01 0.000000000000000000e+00 0.000000000000000000e+00 0.000000000000000000e+00
1.224521923065185547e+01 0.000000000000000000e+00 0.000000000000000000e+00 0.000000000000000000e+00
1.226562786102294922e+01 0.000000000000000000e+00 0.000000000000000000e+00 0.000000000000000000e+00
1.228603744506835938e+01 0.000000000000000000e+00 0.000000000000000000e+00 0.000000000000000000e+00
1.230644607543945312e+01 0.000000000000000000e+00 0.000000000000000000e+00 0.000000000000000000e+00
1.232685470581054688e+01 0.000000000000000000e+00 0.000000000000000000e+00 0.000000000000000000e+00
1.234726333618164062e+01 0.000000000000000000e+00 0.000000000000000000e+00 0.000000000000000000e+00
1.236767196655273438e+01 0.000000000000000000e+00 0.000000000000000000e+00 0.000000000000000000e+00
1.238808059692382812e+01 0.000000000000000000e+00 0.000000000000000000e+00 0.000000000000000000e+00
1.240848922729492188e+01 0.000000000000000000e+00 0.000000000000000000e+00 0.000000000000000000e+00
1.242889785766601562e+01 0.000000000000000000e+00 0.000000000000000000e+00 0.000000000000000000e+00
1.244930744171142578e+01 0.000000000000000000e+00 0.000000000000000000e+00 0.000000000000000000e+00
1.246971511840820312e+01 0.000000000000000000e+00 0.000000000000000000e+00 0.000000000000000000e+00
1.249012374877929688e+01 0.000000000000000000e+00 0.000000000000000000e+00 0.000000000000000000e+00
1.251053237915039062e+01 0.000000000000000000e+00 0.000000000000000000e+00 0.000000000000000000e+00
1.253094196319580078e+01 0.000000000000000000e+00 0.000000000000000000e+00 0.000000000000000000e+00
1.255135059356689453e+01 0.000000000000000000e+00 0.000000000000000000e+00 0.000000000000000000e+00
1.257175922393798828e+01 0.000000000000000000e+00 0.000000000000000000e+00 0.000000000000000000e+00
1.259216690063476562e+01 0.000000000000000000e+00 0.000000000000000000e+00 0.000000000000000000e+00
1.261257648468017578e+01 0.000000000000000000e+00 0.000000000000000000e+00 0.000000000000000000e+00
1.263298511505126953e+01 0.000000000000000000e+00 0.000000000000000000e+00 0.000000000000000000e+00
1.265339374542236328e+01 0.000000000000000000e+00 0.000000000000000000e+00 0.000000000000000000e+00
1.267380237579345703e+01 0.000000000000000000e+00 0.000000000000000000e+00 0.000000000000000000e+00
1.269421100616455078e+01 0.000000000000000000e+00 0.000000000000000000e+00 0.000000000000000000e+00
1.271461963653564453e+01 0.000000000000000000e+00 0.000000000000000000e+00 0.000000000000000000e+00
1.273502826690673828e+01 0.000000000000000000e+00 0.000000000000000000e+00 0.000000000000000000e+00
1.275543689727783203e+01 0.000000000000000000e+00 0.000000000000000000e+00 0.000000000000000000e+00
1.277584648132324219e+01 0.000000000000000000e+00 0.000000000000000000e+00 0.000000000000000000e+00
1.279625511169433594e+01 0.000000000000000000e+00 0.000000000000000000e+00 0.000000000000000000e+00
1.281666278839111328e+01 0.000000000000000000e+00 0.000000000000000000e+00 0.000000000000000000e+00
1.283707141876220703e+01 0.000000000000000000e+00 0.000000000000000000e+00 0.000000000000000000e+00
1.285748100280761719e+01 0.000000000000000000e+00 0.000000000000000000e+00 0.000000000000000000e+00
1.287788963317871094e+01 0.000000000000000000e+00 0.000000000000000000e+00 0.000000000000000000e+00
1.289829826354980469e+01 0.000000000000000000e+00 0.000000000000000000e+00 0.000000000000000000e+00
1.295952415466308594e+01 0.000000000000000000e+00 0.000000000000000000e+00 0.000000000000000000e+00
1.297993278503417969e+01 0.000000000000000000e+00 0.000000000000000000e+00 0.000000000000000000e+00
1.300034141540527344e+01 0.000000000000000000e+00 0.000000000000000000e+00 0.000000000000000000e+00
1.302075004577636719e+01 0.000000000000000000e+00 0.000000000000000000e+00 0.000000000000000000e+00
1.304115962982177734e+01 0.000000000000000000e+00 0.000000000000000000e+00 0.000000000000000000e+00
1.312279415130615234e+01 0.000000000000000000e+00 0.000000000000000000e+00 0.000000000000000000e+00
1.314320278167724609e+01 0.000000000000000000e+00 0.000000000000000000e+00 0.000000000000000000e+00
1.320442867279052734e+01 1.479377269744873047e+00 1.479377269744873047e+00 0.000000000000000000e+00
1.322483730316162109e+01 1.477094173431396484e+00 1.477094173431396484e+00 0.000000000000000000e+00
1.324524593353271484e+01 1.504639983177185059e+00 1.504639983177185059e+00 0.000000000000000000e+00
1.326565456390380859e+01 1.459917187690734863e+00 1.459917187690734863e+00 0.000000000000000000e+00
1.336769866943359375e+01 1.445191264152526855e+00 1.445191264152526855e+00 1.028713225714739110e-09
1.338810729980468750e+01 1.442094087600708008e+00 1.442094087600708008e+00 1.118969583657758449e-09
1.340851497650146484e+01 1.483640789985656738e+00 1.483640789985656738e+00 1.233716462323286578e-09
1.342892456054687500e+01 1.536648273468017578e+00 1.536648273468017578e+00 1.314132247465238379e-09
1.344933319091796875e+01 1.589494705200195312e+00 1.589494705200195312e+00 1.371069480171627220e-09
1.346974182128906250e+01 1.633295059204101562e+00 1.633295059204101562e+00 1.385705550305260658e-09
1.349015045166015625e+01 1.650344371795654297e+00 1.650344371795654297e+00 1.372307600888689194e-09
1.351055908203125000e+01 1.673543691635131836e+00 1.673543691635131836e+00 1.328236631792378830e-09
1.353096771240234375e+01 1.673673391342163086e+00 1.673673391342163086e+00 1.260516135914713232e-09
1.355137634277343750e+01 1.683518648147583008e+00 1.683518648147583008e+00 1.232249524640849359e-09
1.361260223388671875e+01 1.624947071075439453e+00 1.624947071075439453e+00 1.875517963156880796e-09
1.363301086425781250e+01 1.622514486312866211e+00 1.622514486312866211e+00 1.992020326468946223e-09
1.365341949462890625e+01 1.627979397773742676e+00 1.627979397773742676e+00 2.319278991080864216e-09
1.367382907867431641e+01 1.629050970077514648e+00 1.629050970077514648e+00 2.360278417157246622e-09
1.369423770904541016e+01 1.624001026153564453e+00 1.624001026153564453e+00 2.407026578055138089e-09
1.371464633941650391e+01 1.611111164093017578e+00 1.611111164093017578e+00 2.286732359024767902e-09
1.373505496978759766e+01 1.590416550636291504e+00 1.590416550636291504e+00 2.236316687387329694e-09
1.375546360015869141e+01 1.559341311454772949e+00 1.559341311454772949e+00 2.257555253848408938e-09
1.377587318420410156e+01 1.543128967285156250e+00 1.543128967285156250e+00 2.327641634991550745e-09
1.383709812164306641e+01 1.540972590446472168e+00 1.536301016807556152e+00 4.671556409448385239e-03
1.387791538238525391e+01 1.603590250015258789e+00 1.531782507896423340e+00 7.180775701999664307e-02
1.397995948791503906e+01 1.545760035514831543e+00 1.472654819488525391e+00 7.310528308153152466e-02
1.402077770233154297e+01 1.554303765296936035e+00 1.468367576599121094e+00 8.593626320362091064e-02
1.404118442535400391e+01 1.658546686172485352e+00 1.522495746612548828e+00 1.360508799552917480e-01
1.410241127014160156e+01 2.054044246673583984e+00 1.609249472618103027e+00 4.447948038578033447e-01
1.414322853088378906e+01 2.253404378890991211e+00 1.580908536911010742e+00 6.724958419799804688e-01
1.416363716125488281e+01 2.261873722076416016e+00 1.513558387756347656e+00 7.483153939247131348e-01
1.426568031311035156e+01 2.274791240692138672e+00 1.381909251213073730e+00 8.928819894790649414e-01
1.430649757385253906e+01 2.325346946716308594e+00 1.352867007255554199e+00 9.724799990653991699e-01
1.432690715789794922e+01 2.301168203353881836e+00 1.289115667343139648e+00 1.012052655220031738e+00
1.434731578826904297e+01 2.331534385681152344e+00 1.291453361511230469e+00 1.040080904960632324e+00
1.436772441864013672e+01 2.456195354461669922e+00 1.414581894874572754e+00 1.041613698005676270e+00
1.438813304901123047e+01 2.702515363693237305e+00 1.722044348716735840e+00 9.804710149765014648e-01
1.440854167938232422e+01 2.641366958618164062e+00 1.719605088233947754e+00 9.217619895935058594e-01
1.442895126342773438e+01 2.683439731597900391e+00 1.737082123756408691e+00 9.463577866554260254e-01
1.444935989379882812e+01 2.637355089187622070e+00 1.667529702186584473e+00 9.698253870010375977e-01
1.446976852416992188e+01 2.656351089477539062e+00 1.637879729270935059e+00 1.018471479415893555e+00
1.457181072235107422e+01 2.674298048019409180e+00 1.532768249511718750e+00 1.141529440879821777e+00
1.459222030639648438e+01 2.631214380264282227e+00 1.464182615280151367e+00 1.167031407356262207e+00
1.461262893676757812e+01 2.620916366577148438e+00 1.417904973030090332e+00 1.203011035919189453e+00
1.485753345489501953e+01 2.762416839599609375e+00 1.472678303718566895e+00 1.289738535881042480e+00
1.487794208526611328e+01 2.812172174453735352e+00 1.519733786582946777e+00 1.292437672615051270e+00
1.497998523712158203e+01 3.021356582641601562e+00 1.530156373977661133e+00 1.491201043128967285e+00
1.516366481781005859e+01 3.068138360977172852e+00 1.500570297241210938e+00 1.567567825317382812e+00
1.518407344818115234e+01 3.066202163696289062e+00 1.552945971488952637e+00 1.513256311416625977e+00
1.540856838226318359e+01 3.191456079483032227e+00 1.563723206520080566e+00 1.627732634544372559e+00
1.544938468933105469e+01 3.264683723449707031e+00 1.626996040344238281e+00 1.637687444686889648e+00
1.546979331970214844e+01 3.254139184951782227e+00 1.621754646301269531e+00 1.632385492324829102e+00
1.557183837890625000e+01 3.289863348007202148e+00 1.608052372932434082e+00 1.681811213493347168e+00
1.559224700927734375e+01 3.355120658874511719e+00 1.645866036415100098e+00 1.709254503250122070e+00
1.569428920745849609e+01 3.438877105712890625e+00 1.683975696563720703e+00 1.754900932312011719e+00
1.583715152740478516e+01 3.593081235885620117e+00 1.776863098144531250e+00 1.816217899322509766e+00
1.593919372558593750e+01 3.613624095916748047e+00 1.774499177932739258e+00 1.839125037193298340e+00
1.595960235595703125e+01 3.640342473983764648e+00 1.793229699134826660e+00 1.847112774848937988e+00
1.598001194000244141e+01 3.637497901916503906e+00 1.779703855514526367e+00 1.857793927192687988e+00
1.600041961669921875e+01 3.644330263137817383e+00 1.765464663505554199e+00 1.878865599632263184e+00
1.602083015441894531e+01 3.618846893310546875e+00 1.749020218849182129e+00 1.869827151298522949e+00
1.604123878479003906e+01 3.640893936157226562e+00 1.750525951385498047e+00 1.890367984771728516e+00
1.616368865966796875e+01 3.671400070190429688e+00 1.790581941604614258e+00 1.880818605422973633e+00
1.632695960998535156e+01 3.739899158477783203e+00 1.860650062561035156e+00 1.879249811172485352e+00
1.649022865295410156e+01 3.862244367599487305e+00 1.873439669609069824e+00 1.988805651664733887e+00
1.653104782104492188e+01 3.858237504959106445e+00 1.857952952384948730e+00 2.000283479690551758e+00
1.655145645141601562e+01 3.866221189498901367e+00 1.849153280258178711e+00 2.017066955566406250e+00
1.657186508178710938e+01 3.923071384429931641e+00 1.864210844039916992e+00 2.058861017227172852e+00
1.659227180480957031e+01 3.881737470626831055e+00 1.851818442344665527e+00 2.029919862747192383e+00
1.663308906555175781e+01 3.920844078063964844e+00 1.867423415184020996e+00 2.053420066833496094e+00
1.665349769592285156e+01 3.920974731445312500e+00 1.873760104179382324e+00 2.047213792800903320e+00
1.667390823364257812e+01 3.956661939620971680e+00 1.892284393310546875e+00 2.064377784729003906e+00
1.669431686401367188e+01 3.947340011596679688e+00 1.875631332397460938e+00 2.071708679199218750e+00
1.671472549438476562e+01 3.974712371826171875e+00 1.902701735496520996e+00 2.072010993957519531e+00
1.673513412475585938e+01 3.981721401214599609e+00 1.911110043525695801e+00 2.070611238479614258e+00
1.675554275512695312e+01 4.003381252288818359e+00 1.925212502479553223e+00 2.078168630599975586e+00
1.677595138549804688e+01 4.035053253173828125e+00 1.932859301567077637e+00 2.102194309234619141e+00
1.683717727661132812e+01 4.057398319244384766e+00 1.959954142570495605e+00 2.097445249557495117e+00
1.685758590698242188e+01 4.067683696746826172e+00 1.959001183509826660e+00 2.108682632446289062e+00
1.687799453735351562e+01 4.097009658813476562e+00 1.975780487060546875e+00 2.121229887008666992e+00
1.689840316772460938e+01 4.097683906555175781e+00 1.982602596282958984e+00 2.115081310272216797e+00
1.691881179809570312e+01 4.131265163421630859e+00 2.000020027160644531e+00 2.131246566772460938e+00
1.693922042846679688e+01 4.131215095520019531e+00 2.006796360015869141e+00 2.124418735504150391e+00
1.704126548767089844e+01 4.219215869903564453e+00 2.073446989059448242e+00 2.145769119262695312e+00
1.714330673217773438e+01 4.207923889160156250e+00 2.040158987045288086e+00 2.167763948440551758e+00
1.716371536254882812e+01 4.201137065887451172e+00 2.030759334564208984e+00 2.170377731323242188e+00
1.720453453063964844e+01 4.161306858062744141e+00 2.001590967178344727e+00 2.159715175628662109e+00
1.722494316101074219e+01 4.180980205535888672e+00 2.000609397888183594e+00 2.180371522903442383e+00
1.724535179138183594e+01 4.172455310821533203e+00 1.996159315109252930e+00 2.176296472549438477e+00
1.734739494323730469e+01 4.167799472808837891e+00 1.985797524452209473e+00 2.182001590728759766e+00
1.736780357360839844e+01 4.194472789764404297e+00 2.006206989288330078e+00 2.188266038894653320e+00
1.738821220397949219e+01 4.191785335540771484e+00 2.001786947250366211e+00 2.189999341964721680e+00
1.742902946472167969e+01 4.215375423431396484e+00 2.016328334808349609e+00 2.199047327041625977e+00
1.744943809509277344e+01 4.237453937530517578e+00 2.026317358016967773e+00 2.211135625839233398e+00
1.746984672546386719e+01 4.257875442504882812e+00 2.039708614349365234e+00 2.218168020248413086e+00
1.751066398620605469e+01 4.280780315399169922e+00 2.050676107406616211e+00 2.230104684829711914e+00
1.753107261657714844e+01 4.315512180328369141e+00 2.069454193115234375e+00 2.246059179306030273e+00
1.755148124694824219e+01 4.290315151214599609e+00 2.071139812469482422e+00 2.219175338745117188e+00
1.757188987731933594e+01 4.318681716918945312e+00 2.085763692855834961e+00 2.232917785644531250e+00
1.765352439880371094e+01 4.342998981475830078e+00 2.076118469238281250e+00 2.266880989074707031e+00
1.767393493652343750e+01 4.352226257324218750e+00 2.071689367294311523e+00 2.280537366867065430e+00
1.769434356689453125e+01 4.359590053558349609e+00 2.071329116821289062e+00 2.288261413574218750e+00
1.771475219726562500e+01 4.383530616760253906e+00 2.077051162719726562e+00 2.306480646133422852e+00
1.773516082763671875e+01 4.395553112030029297e+00 2.101657152175903320e+00 2.293897151947021484e+00
1.775556755065917969e+01 4.391485214233398438e+00 2.097893476486206055e+00 2.293593168258666992e+00
1.777597618103027344e+01 4.401894569396972656e+00 2.107605457305908203e+00 2.294290065765380859e+00
1.783720397949218750e+01 4.402073383331298828e+00 2.102383852005004883e+00 2.299690961837768555e+00
1.785761260986328125e+01 4.390789031982421875e+00 2.089256763458251953e+00 2.301532268524169922e+00
1.787802124023437500e+01 4.406812667846679688e+00 2.104948520660400391e+00 2.301865577697753906e+00
1.789842987060546875e+01 4.405694484710693359e+00 2.102548360824584961e+00 2.303145647048950195e+00
1.800047302246093750e+01 4.421218395233154297e+00 2.105923414230346680e+00 2.315296173095703125e+00
1.806169891357421875e+01 4.441590785980224609e+00 2.107399940490722656e+00 2.334191322326660156e+00
1.808210754394531250e+01 4.449967384338378906e+00 2.118260383605957031e+00 2.331707477569580078e+00
1.814333343505859375e+01 4.468071937561035156e+00 2.126945495605468750e+00 2.341126680374145508e+00
1.818415260314941406e+01 4.472372531890869141e+00 2.131386280059814453e+00 2.340986967086791992e+00
1.820456123352050781e+01 4.470636844635009766e+00 2.128996849060058594e+00 2.341638803482055664e+00
1.822496795654296875e+01 4.525595188140869141e+00 2.166675806045532227e+00 2.358918190002441406e+00
1.824537658691406250e+01 4.494573593139648438e+00 2.144571304321289062e+00 2.350001811981201172e+00
1.826578521728515625e+01 4.488046169281005859e+00 2.146762371063232422e+00 2.341284751892089844e+00
1.832701301574707031e+01 4.512832164764404297e+00 2.157224416732788086e+00 2.355608224868774414e+00
1.834742164611816406e+01 4.524825096130371094e+00 2.167220115661621094e+00 2.357605457305908203e+00
1.849028205871582031e+01 4.491801738739013672e+00 2.156948804855346680e+00 2.334853649139404297e+00
1.851069068908691406e+01 4.486224174499511719e+00 2.158450841903686523e+00 2.327774047851562500e+00
1.853109931945800781e+01 4.496770381927490234e+00 2.164470434188842773e+00 2.332298278808593750e+00
1.855150794982910156e+01 4.482089042663574219e+00 2.155637264251708984e+00 2.326450824737548828e+00
1.857191658020019531e+01 4.488096237182617188e+00 2.148756742477416992e+00 2.339341163635253906e+00
1.859232521057128906e+01 4.486740589141845703e+00 2.148973464965820312e+00 2.337767839431762695e+00
1.861273384094238281e+01 4.494243144989013672e+00 2.165909528732299805e+00 2.328332662582397461e+00
1.865355110168457031e+01 4.502220153808593750e+00 2.156036615371704102e+00 2.346183061599731445e+00
1.867395973205566406e+01 4.497965335845947266e+00 2.149834632873535156e+00 2.348131179809570312e+00
1.869436836242675781e+01 4.493126392364501953e+00 2.147487640380859375e+00 2.345638036727905273e+00
1.871477699279785156e+01 4.556032180786132812e+00 2.145785570144653320e+00 2.410246849060058594e+00
1.873518562316894531e+01 4.525380134582519531e+00 2.157503366470336914e+00 2.367875814437866211e+00
1.875559425354003906e+01 4.535141944885253906e+00 2.161537408828735352e+00 2.373604297637939453e+00
1.877600288391113281e+01 4.541984081268310547e+00 2.162375450134277344e+00 2.379608392715454102e+00
1.879641151428222656e+01 4.552201747894287109e+00 2.162574768066406250e+00 2.389627456665039062e+00
1.881682205200195312e+01 4.553743839263916016e+00 2.157048463821411133e+00 2.396697044372558594e+00
1.883723068237304688e+01 4.570508956909179688e+00 2.163607597351074219e+00 2.406902790069580078e+00
1.885763931274414062e+01 4.578865528106689453e+00 2.166343688964843750e+00 2.412520647048950195e+00
1.887804794311523438e+01 4.582828044891357422e+00 2.159563541412353516e+00 2.423264265060424805e+00
1.889845657348632812e+01 4.580428600311279297e+00 2.157864570617675781e+00 2.422564506530761719e+00
1.891886329650878906e+01 4.591279506683349609e+00 2.156802415847778320e+00 2.434478759765625000e+00
1.893927192687988281e+01 4.603454113006591797e+00 2.165854215621948242e+00 2.437599182128906250e+00
1.895968055725097656e+01 4.644400119781494141e+00 2.172361135482788086e+00 2.472039461135864258e+00
1.898009109497070312e+01 4.601938724517822266e+00 2.161826848983764648e+00 2.440111160278320312e+00
1.904131698608398438e+01 4.593118190765380859e+00 2.158647537231445312e+00 2.434469699859619141e+00
1.906172561645507812e+01 4.614204883575439453e+00 2.161987781524658203e+00 2.452217340469360352e+00
1.908213424682617188e+01 4.624787330627441406e+00 2.169084310531616211e+00 2.455703496932983398e+00
1.910254287719726562e+01 4.617845058441162109e+00 2.161754131317138672e+00 2.456089973449707031e+00
1.912295150756835938e+01 4.629736423492431641e+00 2.167584180831909180e+00 2.462154150009155273e+00
1.914336013793945312e+01 4.631630420684814453e+00 2.177153587341308594e+00 2.454474925994873047e+00
1.916376876831054688e+01 4.634702205657958984e+00 2.161093711853027344e+00 2.473608732223510742e+00
1.918417739868164062e+01 4.629847049713134766e+00 2.158794641494750977e+00 2.471051931381225586e+00
1.920458602905273438e+01 4.652457237243652344e+00 2.180184602737426758e+00 2.472275257110595703e+00
1.922499465942382812e+01 4.639689445495605469e+00 2.171021461486816406e+00 2.468668222427368164e+00
1.924540328979492188e+01 4.649856090545654297e+00 2.174938678741455078e+00 2.474917173385620117e+00
1.926581192016601562e+01 4.638938903808593750e+00 2.169528245925903320e+00 2.469412088394165039e+00
1.928622055053710938e+01 4.641069412231445312e+00 2.170335531234741211e+00 2.470733165740966797e+00
1.930663108825683594e+01 4.640666484832763672e+00 2.165561199188232422e+00 2.475105524063110352e+00
1.932703971862792969e+01 4.639966487884521484e+00 2.171945095062255859e+00 2.468021631240844727e+00
1.934744834899902344e+01 4.637346744537353516e+00 2.172128677368164062e+00 2.465218305587768555e+00
1.936785507202148438e+01 4.638780593872070312e+00 2.166749954223632812e+00 2.472030162811279297e+00
1.938826370239257812e+01 4.642658233642578125e+00 2.176198959350585938e+00 2.466458559036254883e+00
1.940867233276367188e+01 4.641667842864990234e+00 2.174527168273925781e+00 2.467139959335327148e+00
1.942908096313476562e+01 4.637872695922851562e+00 2.177171707153320312e+00 2.460699558258056641e+00
1.944948959350585938e+01 4.645944595336914062e+00 2.182887554168701172e+00 2.463056564331054688e+00
1.951071739196777344e+01 4.620000839233398438e+00 2.183399200439453125e+00 2.436603784561157227e+00
1.953112602233886719e+01 4.606610298156738281e+00 2.178053617477416992e+00 2.428556680679321289e+00
1.955153465270996094e+01 4.615798950195312500e+00 2.175780057907104492e+00 2.440017461776733398e+00
1.957194328308105469e+01 4.658362865447998047e+00 2.198585510253906250e+00 2.459777832031250000e+00
1.959235191345214844e+01 4.632818698883056641e+00 2.191407918930053711e+00 2.441412687301635742e+00
1.961275863647460938e+01 4.627089977264404297e+00 2.189127683639526367e+00 2.437963962554931641e+00
1.963316917419433594e+01 4.627121448516845703e+00 2.188071489334106445e+00 2.439049482345581055e+00
1.969439506530761719e+01 4.625098705291748047e+00 2.180661201477050781e+00 2.444438695907592773e+00
1.971480369567871094e+01 4.614009380340576172e+00 2.174153804779052734e+00 2.439857482910156250e+00
1.973521232604980469e+01 4.611482143402099609e+00 2.177364110946655273e+00 2.434116125106811523e+00
1.975562095642089844e+01 4.626816749572753906e+00 2.190867424011230469e+00 2.435948848724365234e+00
1.989848136901855469e+01 4.630620956420898438e+00 2.176341295242309570e+00 2.454279422760009766e+00
1.993929862976074219e+01 4.612524509429931641e+00 2.160480499267578125e+00 2.452044248580932617e+00
1.995970916748046875e+01 4.611103057861328125e+00 2.158271312713623047e+00 2.452831983566284180e+00
2.000052642822265625e+01 4.630775928497314453e+00 2.164638996124267578e+00 2.466136693954467773e+00
2.002093505859375000e+01 4.621713638305664062e+00 2.160041093826293945e+00 2.461671590805053711e+00
2.012297821044921875e+01 4.647471904754638672e+00 2.171096086502075195e+00 2.476377487182617188e+00
2.014338684082031250e+01 4.654111862182617188e+00 2.171273231506347656e+00 2.482838392257690430e+00
2.016379547119140625e+01 4.655657291412353516e+00 2.170262813568115234e+00 2.485393285751342773e+00
2.018420410156250000e+01 4.656273365020751953e+00 2.169254302978515625e+00 2.487019538879394531e+00
2.020461273193359375e+01 4.659468650817871094e+00 2.166471004486083984e+00 2.492997646331787109e+00
2.022502136230468750e+01 4.666660785675048828e+00 2.168427228927612305e+00 2.498233318328857422e+00
2.024542999267578125e+01 4.669090270996093750e+00 2.168606519699096680e+00 2.500483989715576172e+00
2.026583862304687500e+01 4.679593563079833984e+00 2.171147346496582031e+00 2.508446455001831055e+00
2.028624725341796875e+01 4.694546699523925781e+00 2.173093557357788086e+00 2.521454811096191406e+00
2.030665588378906250e+01 4.687346458435058594e+00 2.173267364501953125e+00 2.514080762863159180e+00
2.032706451416015625e+01 4.691520214080810547e+00 2.175207376480102539e+00 2.516311883926391602e+00
2.034747314453125000e+01 4.700495243072509766e+00 2.178908109664916992e+00 2.521587133407592773e+00
2.042910766601562500e+01 4.727670192718505859e+00 2.194223165512084961e+00 2.533447027206420898e+00
2.049033546447753906e+01 4.706161499023437500e+00 2.177736043930053711e+00 2.528426408767700195e+00
2.053115081787109375e+01 4.706977844238281250e+00 2.183317661285400391e+00 2.523659944534301758e+00
2.055155944824218750e+01 4.855195999145507812e+00 2.259775876998901367e+00 2.595420122146606445e+00
2.059237670898437500e+01 4.765450477600097656e+00 2.189613819122314453e+00 2.575837135314941406e+00
2.061278724670410156e+01 4.704406261444091797e+00 2.184542655944824219e+00 2.519865036010742188e+00
2.075564765930175781e+01 4.644703388214111328e+00 2.166046142578125000e+00 2.478657245635986328e+00
2.077605628967285156e+01 4.639123916625976562e+00 2.163918495178222656e+00 2.475204467773437500e+00
2.079646492004394531e+01 4.622570037841796875e+00 2.153161525726318359e+00 2.469409704208374023e+00
2.081687355041503906e+01 4.629793643951416016e+00 2.155075550079345703e+00 2.474719047546386719e+00
2.083728218078613281e+01 4.614581108093261719e+00 2.147794961929321289e+00 2.466786384582519531e+00
2.087809944152832031e+01 4.613415241241455078e+00 2.151048660278320312e+00 2.462365150451660156e+00
2.100055122375488281e+01 4.606233596801757812e+00 2.131666898727416992e+00 2.474565982818603516e+00
2.102095985412597656e+01 4.601213932037353516e+00 2.126749992370605469e+00 2.474465608596801758e+00
2.104136848449707031e+01 4.585200309753417969e+00 2.117861032485961914e+00 2.467338562011718750e+00
2.106177711486816406e+01 4.600080966949462891e+00 2.122060060501098633e+00 2.478020906448364258e+00
2.108218574523925781e+01 4.599671363830566406e+00 2.122276782989501953e+00 2.477394819259643555e+00
2.110259437561035156e+01 4.591280937194824219e+00 2.113985061645507812e+00 2.477295875549316406e+00
2.112300491333007812e+01 4.596280097961425781e+00 2.114209413528442383e+00 2.482071161270141602e+00
2.114341354370117188e+01 4.592697143554687500e+00 2.111036300659179688e+00 2.481659412384033203e+00
2.116382217407226562e+01 4.594543933868408203e+00 2.110131740570068359e+00 2.484412431716918945e+00
2.118423080444335938e+01 4.600577831268310547e+00 2.110924005508422852e+00 2.489653587341308594e+00
2.120463943481445312e+01 4.598481655120849609e+00 2.108892440795898438e+00 2.489589452743530273e+00
2.122504615783691406e+01 4.601885795593261719e+00 2.109120368957519531e+00 2.492766857147216797e+00
2.124545478820800781e+01 4.608295917510986328e+00 2.111038208007812500e+00 2.497257709503173828e+00
2.126586532592773438e+01 4.602725028991699219e+00 2.107323408126831055e+00 2.495401859283447266e+00
2.128627395629882812e+01 4.609877109527587891e+00 2.109239339828491211e+00 2.500636816024780273e+00
2.130668258666992188e+01 4.604445934295654297e+00 2.103848218917846680e+00 2.500597238540649414e+00
2.132709121704101562e+01 4.610250949859619141e+00 2.106886148452758789e+00 2.503363132476806641e+00
2.134749984741210938e+01 4.607656002044677734e+00 2.103750467300415039e+00 2.503906011581420898e+00
2.136790847778320312e+01 4.605998039245605469e+00 2.100620746612548828e+00 2.505377531051635742e+00
2.138831710815429688e+01 4.598946571350097656e+00 2.094698905944824219e+00 2.504248142242431641e+00
2.140872573852539062e+01 4.603797435760498047e+00 2.092701911926269531e+00 2.511096477508544922e+00
2.142913436889648438e+01 4.607819080352783203e+00 2.097411870956420898e+00 2.510406970977783203e+00
2.144954490661621094e+01 4.608738422393798828e+00 2.092626094818115234e+00 2.516113996505737305e+00
2.146995162963867188e+01 4.603459358215332031e+00 2.090079307556152344e+00 2.513380527496337891e+00
2.149036026000976562e+01 4.609622478485107422e+00 2.090879440307617188e+00 2.518742799758911133e+00
2.151076889038085938e+01 4.606352329254150391e+00 2.087782621383666992e+00 2.518569946289062500e+00
2.153117752075195312e+01 4.599959373474121094e+00 2.082468271255493164e+00 2.517490148544311523e+00
2.155158615112304688e+01 4.597329616546630859e+00 2.080496311187744141e+00 2.516833066940307617e+00
2.157199478149414062e+01 4.590598583221435547e+00 2.078527927398681641e+00 2.512070178985595703e+00
2.159240341186523438e+01 4.592223167419433594e+00 2.079335212707519531e+00 2.512887239456176758e+00
2.161281394958496094e+01 4.584129333496093750e+00 2.075710058212280273e+00 2.508419275283813477e+00
2.163322257995605469e+01 4.577144145965576172e+00 2.068218708038330078e+00 2.508925676345825195e+00
2.165363121032714844e+01 4.572577476501464844e+00 2.066269397735595703e+00 2.506307601928710938e+00
2.167403984069824219e+01 4.563352108001708984e+00 2.061010360717773438e+00 2.502341985702514648e+00
2.169444656372070312e+01 4.561646461486816406e+00 2.060175180435180664e+00 2.501471757888793945e+00
2.171485519409179688e+01 4.554058551788330078e+00 2.054931640625000000e+00 2.499126672744750977e+00
2.173526382446289062e+01 4.544692993164062500e+00 2.050799131393432617e+00 2.493894338607788086e+00
2.175567245483398438e+01 4.535616874694824219e+00 2.048875331878662109e+00 2.486740827560424805e+00
2.177608299255371094e+01 4.529737949371337891e+00 2.045305967330932617e+00 2.484431743621826172e+00
2.179649162292480469e+01 4.516249179840087891e+00 2.038448572158813477e+00 2.477800607681274414e+00
2.181690025329589844e+01 4.510051250457763672e+00 2.037090301513671875e+00 2.472959756851196289e+00
2.185771751403808594e+01 4.488197326660156250e+00 2.030548334121704102e+00 2.457648754119873047e+00
2.187812614440917969e+01 4.484317302703857422e+00 2.033030986785888672e+00 2.451288223266601562e+00
2.189853477478027344e+01 4.476897716522216797e+00 2.019111156463623047e+00 2.457787275314331055e+00
2.191894340515136719e+01 4.469726085662841797e+00 2.016139268875122070e+00 2.453587055206298828e+00
2.193935203552246094e+01 4.467291831970214844e+00 2.014809131622314453e+00 2.452483654022216797e+00
2.195976066589355469e+01 4.468542575836181641e+00 2.012936592102050781e+00 2.455604314804077148e+00
2.198016929626464844e+01 4.451795578002929688e+00 2.003443717956542969e+00 2.448351621627807617e+00
2.200057792663574219e+01 4.448768615722656250e+00 2.005393743515014648e+00 2.443373918533325195e+00
2.202098655700683594e+01 4.447396278381347656e+00 2.001360893249511719e+00 2.446038007736206055e+00
2.204139518737792969e+01 4.444735527038574219e+00 1.998964786529541016e+00 2.445771217346191406e+00
2.206180381774902344e+01 4.441260337829589844e+00 1.997115612030029297e+00 2.444144487380981445e+00
2.208221244812011719e+01 4.439138889312744141e+00 1.996895909309387207e+00 2.442244052886962891e+00
2.210262298583984375e+01 4.434130668640136719e+00 1.991261363029479980e+00 2.442871570587158203e+00
2.212303161621093750e+01 4.436581611633300781e+00 1.988342165946960449e+00 2.448238849639892578e+00
2.214344024658203125e+01 4.437186241149902344e+00 1.991374492645263672e+00 2.445812225341796875e+00
2.216384696960449219e+01 4.431495666503906250e+00 1.984680414199829102e+00 2.446814537048339844e+00
2.218425559997558594e+01 4.432838916778564453e+00 1.985012769699096680e+00 2.447824001312255859e+00
2.220466423034667969e+01 4.430945396423339844e+00 1.982649326324462891e+00 2.448295831680297852e+00
2.222507286071777344e+01 4.434267997741699219e+00 1.981367111206054688e+00 2.452901124954223633e+00
2.224548149108886719e+01 4.432689189910888672e+00 1.981701850891113281e+00 2.450987100601196289e+00
2.226589202880859375e+01 4.435181140899658203e+00 1.979885458946228027e+00 2.455294609069824219e+00
2.228630065917968750e+01 4.433323860168457031e+00 1.980220556259155273e+00 2.453102588653564453e+00
2.230670928955078125e+01 4.437824249267578125e+00 1.978945612907409668e+00 2.458879947662353516e+00
2.232711791992187500e+01 4.435707569122314453e+00 1.977672576904296875e+00 2.458034753799438477e+00
2.234752655029296875e+01 4.438539981842041016e+00 1.975331068038940430e+00 2.463207721710205078e+00
2.236793518066406250e+01 4.437164783477783203e+00 1.974063754081726074e+00 2.463102340698242188e+00
2.238834190368652344e+01 4.439937114715576172e+00 1.976006746292114258e+00 2.463930368423461914e+00
2.240875053405761719e+01 4.445369720458984375e+00 1.976877689361572266e+00 2.468492269515991211e+00
2.242916107177734375e+01 4.443755149841308594e+00 1.975078940391540527e+00 2.468676328659057617e+00
2.244956970214843750e+01 4.443326473236083984e+00 1.974349975585937500e+00 2.468978643417358398e+00
2.246997833251953125e+01 4.446014881134033203e+00 1.974154591560363770e+00 2.471859455108642578e+00
2.249038696289062500e+01 4.445360660552978516e+00 1.973959922790527344e+00 2.471401214599609375e+00
2.251079559326171875e+01 4.450153827667236328e+00 1.974297046661376953e+00 2.475857019424438477e+00
2.253120422363281250e+01 4.455404758453369141e+00 1.978883862495422363e+00 2.476521492004394531e+00
2.255161285400390625e+01 4.452653408050537109e+00 1.974439024925231934e+00 2.478215217590332031e+00
2.257202148437500000e+01 4.455968856811523438e+00 1.977956652641296387e+00 2.478012800216674805e+00
2.259243011474609375e+01 4.458993911743164062e+00 1.978818893432617188e+00 2.480175495147705078e+00
2.261283874511718750e+01 4.457651615142822266e+00 1.977562546730041504e+00 2.480089664459228516e+00
2.263324737548828125e+01 4.460621356964111328e+00 1.981067657470703125e+00 2.479555368423461914e+00
2.265365600585937500e+01 4.463442802429199219e+00 1.980339646339416504e+00 2.483103752136230469e+00
2.267406463623046875e+01 4.466310024261474609e+00 1.980140924453735352e+00 2.486169099807739258e+00
2.269447326660156250e+01 4.464992046356201172e+00 1.980469822883605957e+00 2.484522104263305664e+00
2.271488189697265625e+01 4.474665164947509766e+00 1.984486818313598633e+00 2.490177631378173828e+00
2.273529052734375000e+01 4.466424942016601562e+00 1.981125950813293457e+00 2.485298395156860352e+00
2.275570106506347656e+01 4.475900650024414062e+00 1.985661149024963379e+00 2.490239620208740234e+00
2.277610969543457031e+01 4.469806671142578125e+00 1.982831001281738281e+00 2.486974477767944336e+00
2.279651832580566406e+01 4.471203327178955078e+00 1.981580853462219238e+00 2.489623308181762695e+00
2.281692695617675781e+01 4.472060203552246094e+00 1.983480572700500488e+00 2.488579750061035156e+00
2.283733558654785156e+01 4.474313735961914062e+00 1.987997412681579590e+00 2.486317396163940430e+00
2.285774230957031250e+01 4.467786312103271484e+00 1.980462312698364258e+00 2.487322568893432617e+00
2.287815093994140625e+01 4.469571113586425781e+00 1.982357859611511230e+00 2.487212896347045898e+00
2.289855957031250000e+01 4.469225406646728516e+00 1.984250187873840332e+00 2.484975337982177734e+00
2.291897010803222656e+01 4.466416835784912109e+00 1.983005404472351074e+00 2.483411312103271484e+00
2.293937873840332031e+01 4.467617034912109375e+00 1.984372019767761230e+00 2.483245611190795898e+00
2.295978736877441406e+01 4.462371826171875000e+00 1.983129382133483887e+00 2.479243040084838867e+00
2.298019599914550781e+01 4.460457324981689453e+00 1.981368184089660645e+00 2.479088783264160156e+00
2.300060462951660156e+01 4.457501411437988281e+00 1.981171369552612305e+00 2.476330041885375977e+00
2.302101325988769531e+01 4.451182842254638672e+00 1.979414939880371094e+00 2.471769809722900391e+00
2.304142189025878906e+01 4.450304031372070312e+00 1.978700757026672363e+00 2.471605062484741211e+00
2.316387367248535156e+01 4.456608772277832031e+00 1.997694492340087891e+00 2.458914995193481445e+00
2.318428230285644531e+01 4.448569774627685547e+00 1.987159252166748047e+00 2.461412191390991211e+00
2.320469093322753906e+01 4.425632953643798828e+00 1.980253100395202637e+00 2.445378541946411133e+00
2.328632736206054688e+01 4.449406623840332031e+00 1.983591198921203613e+00 2.465814590454101562e+00
2.334755134582519531e+01 4.447455406188964844e+00 1.983003616333007812e+00 2.464452505111694336e+00
2.336795997619628906e+01 4.441476345062255859e+00 1.977174162864685059e+00 2.464301347732543945e+00
2.338836860656738281e+01 4.436154365539550781e+00 1.978519439697265625e+00 2.457633733749389648e+00
2.342918777465820312e+01 4.433069229125976562e+00 1.980181217193603516e+00 2.452888727188110352e+00
2.357204818725585938e+01 4.406437873840332031e+00 1.968180179595947266e+00 2.438257217407226562e+00
2.359245681762695312e+01 4.490519523620605469e+00 1.992859840393066406e+00 2.497661113739013672e+00
2.361286544799804688e+01 4.456374168395996094e+00 1.955146789550781250e+00 2.501227855682373047e+00
2.369449996948242188e+01 4.427062034606933594e+00 1.948410630226135254e+00 2.478649854660034180e+00
2.371490859985351562e+01 4.446961402893066406e+00 1.951276421546936035e+00 2.495686054229736328e+00
2.373531723022460938e+01 4.436697483062744141e+00 1.946068525314331055e+00 2.490628957748413086e+00
2.375572776794433594e+01 4.440704345703125000e+00 1.950946807861328125e+00 2.489757537841796875e+00
2.377613449096679688e+01 4.493734359741210938e+00 1.951285958290100098e+00 2.542448759078979492e+00
2.379654312133789062e+01 4.442835807800292969e+00 1.946594476699829102e+00 2.496241807937622070e+00
2.381695175170898438e+01 4.440495967864990234e+00 1.947439312934875488e+00 2.493056535720825195e+00
2.383736038208007812e+01 4.442616462707519531e+00 1.946776270866394043e+00 2.495840787887573242e+00
2.387817764282226562e+01 4.455354213714599609e+00 1.952471375465393066e+00 2.502883434295654297e+00
2.389858627319335938e+01 4.464031696319580078e+00 1.954309821128845215e+00 2.509720563888549805e+00
2.393940544128417969e+01 4.461691379547119141e+00 1.958477735519409180e+00 2.503214359283447266e+00
2.400063133239746094e+01 4.447225570678710938e+00 1.948993206024169922e+00 2.498232126235961914e+00
2.402103805541992188e+01 4.458198547363281250e+00 1.958299636840820312e+00 2.499900817871093750e+00
2.406185722351074219e+01 4.448566436767578125e+00 1.954977631568908691e+00 2.493589162826538086e+00
2.408226585388183594e+01 4.459480762481689453e+00 1.953818082809448242e+00 2.505663633346557617e+00
2.410267448425292969e+01 4.455341339111328125e+00 1.953156828880310059e+00 2.502184867858886719e+00
2.412308311462402344e+01 4.457517147064208984e+00 1.954977750778198242e+00 2.502540349960327148e+00
2.414349174499511719e+01 4.463938236236572266e+00 1.961257576942443848e+00 2.502679347991943359e+00
2.420471763610839844e+01 4.471052646636962891e+00 1.969153761863708496e+00 2.501898765563964844e+00
2.426594352722167969e+01 4.462376594543457031e+00 1.969611406326293945e+00 2.492765188217163086e+00
2.428635215759277344e+01 4.470694541931152344e+00 1.971899032592773438e+00 2.498796939849853516e+00
2.430676078796386719e+01 4.470434188842773438e+00 1.976644992828369141e+00 2.493789672851562500e+00
2.434757804870605469e+01 4.485521316528320312e+00 1.987096309661865234e+00 2.498426198959350586e+00
2.444962310791015625e+01 4.466954231262207031e+00 1.989573240280151367e+00 2.477380275726318359e+00
2.447002983093261719e+01 4.466643333435058594e+00 1.986935734748840332e+00 2.479708433151245117e+00
2.451084709167480469e+01 4.473745822906494141e+00 1.990952134132385254e+00 2.482792854309082031e+00
2.457207489013671875e+01 4.455713272094726562e+00 1.992323637008666992e+00 2.463390588760375977e+00
2.459248352050781250e+01 4.487762928009033203e+00 2.000891447067260742e+00 2.486870765686035156e+00
2.463330078125000000e+01 4.456370830535888672e+00 2.002920866012573242e+00 2.453449726104736328e+00
2.465370941162109375e+01 4.445913791656494141e+00 1.994465708732604980e+00 2.451446533203125000e+00
2.471493530273437500e+01 4.442027568817138672e+00 1.987103462219238281e+00 2.454923629760742188e+00
2.473534393310546875e+01 4.452198982238769531e+00 1.991270661354064941e+00 2.460928916931152344e+00
2.483738708496093750e+01 4.443009376525878906e+00 1.984053492546081543e+00 2.458956480026245117e+00
2.485779571533203125e+01 4.448709011077880859e+00 1.989647269248962402e+00 2.459060668945312500e+00
2.487820434570312500e+01 4.460904121398925781e+00 1.996194124221801758e+00 2.464709758758544922e+00
2.489861488342285156e+01 4.458422183990478516e+00 1.988308310508728027e+00 2.470115184783935547e+00
2.491902351379394531e+01 4.451733112335205078e+00 1.987160444259643555e+00 2.464573621749877930e+00
2.493943023681640625e+01 4.456521511077880859e+00 1.987934231758117676e+00 2.468586206436157227e+00
2.502106475830078125e+01 4.469913482666015625e+00 1.990537285804748535e+00 2.479377031326293945e+00
2.504147338867187500e+01 4.473358631134033203e+00 1.985569119453430176e+00 2.487790584564208984e+00
2.506188392639160156e+01 4.469134807586669922e+00 1.983952164649963379e+00 2.485184431076049805e+00
2.508229255676269531e+01 4.486568927764892578e+00 1.988064408302307129e+00 2.498505830764770508e+00
2.510270118713378906e+01 4.471647262573242188e+00 1.986448168754577637e+00 2.485200881958007812e+00
2.512310981750488281e+01 4.481506347656250000e+00 1.985310792922973633e+00 2.496195793151855469e+00
2.514351844787597656e+01 4.492596149444580078e+00 1.986555814743041992e+00 2.506038665771484375e+00
2.516392517089843750e+01 4.489337444305419922e+00 1.984944701194763184e+00 2.504393577575683594e+00
2.518433380126953125e+01 4.495698928833007812e+00 1.986187815666198730e+00 2.509510040283203125e+00
2.520474243164062500e+01 4.500849723815917969e+00 1.988378643989562988e+00 2.512470006942749023e+00
2.522515296936035156e+01 4.507586002349853516e+00 1.989616990089416504e+00 2.517969131469726562e+00
2.524556159973144531e+01 4.513348579406738281e+00 1.989904999732971191e+00 2.523443222045898438e+00
2.526597023010253906e+01 4.517546176910400391e+00 1.990192770957946777e+00 2.527352094650268555e+00
2.528637886047363281e+01 4.523296356201171875e+00 1.990006446838378906e+00 2.533290147781372070e+00
2.530678749084472656e+01 4.529635906219482422e+00 1.993131399154663086e+00 2.536504507064819336e+00
2.532719612121582031e+01 4.534767627716064453e+00 1.994360804557800293e+00 2.540407419204711914e+00
2.534760475158691406e+01 4.540767669677734375e+00 1.994171619415283203e+00 2.546598196029663086e+00
2.536801338195800781e+01 4.557368278503417969e+00 1.996342062950134277e+00 2.561026096343994141e+00
2.538842201232910156e+01 4.551522254943847656e+00 1.994737267494201660e+00 2.556785106658935547e+00
2.540883064270019531e+01 4.556681632995605469e+00 1.996903777122497559e+00 2.559777736663818359e+00
2.542923927307128906e+01 4.564209938049316406e+00 1.998596072196960449e+00 2.565614223480224609e+00
2.544964790344238281e+01 4.566519260406494141e+00 1.997933983802795410e+00 2.568583011627197266e+00
2.547005653381347656e+01 4.572837352752685547e+00 2.000092506408691406e+00 2.572745084762573242e+00
2.549046516418457031e+01 4.584352970123291016e+00 2.003656625747680664e+00 2.580696344375610352e+00
2.551087379455566406e+01 4.582830905914306641e+00 2.001115083694458008e+00 2.581715106964111328e+00
2.553128242492675781e+01 4.586184978485107422e+00 2.002328395843505859e+00 2.583856582641601562e+00
2.555169296264648438e+01 4.589106082916259766e+00 2.001666069030761719e+00 2.587439060211181641e+00
2.557210159301757812e+01 4.586477279663085938e+00 2.002408981323242188e+00 2.584067821502685547e+00
2.559251022338867188e+01 4.593355655670166016e+00 2.005021333694458008e+00 2.588334321975708008e+00
2.561291885375976562e+01 4.596187591552734375e+00 2.002956628799438477e+00 2.593230247497558594e+00
2.563332557678222656e+01 4.596127986907958984e+00 2.004163503646850586e+00 2.591964244842529297e+00
2.565373420715332031e+01 4.594363689422607422e+00 2.003968954086303711e+00 2.590394735336303711e+00
2.567414283752441406e+01 4.595942974090576172e+00 2.003774404525756836e+00 2.592170000076293945e+00
2.569455146789550781e+01 4.597608566284179688e+00 2.005443811416625977e+00 2.592164278030395508e+00
2.571496200561523438e+01 4.596027851104736328e+00 2.004783153533935547e+00 2.591243982315063477e+00
2.573537063598632812e+01 4.594049453735351562e+00 2.004123449325561523e+00 2.589924812316894531e+00
2.575577926635742188e+01 4.598132610321044922e+00 2.009506464004516602e+00 2.588624954223632812e+00
2.577618789672851562e+01 4.590012073516845703e+00 2.005129098892211914e+00 2.584882974624633789e+00
2.579659652709960938e+01 4.587117671966552734e+00 2.003542900085449219e+00 2.583574295043945312e+00
2.581700515747070312e+01 4.583794593811035156e+00 2.002886295318603516e+00 2.580907344818115234e+00
2.583741378784179688e+01 4.579958438873291016e+00 2.002694129943847656e+00 2.577265262603759766e+00
2.585782241821289062e+01 4.577320098876953125e+00 2.002501964569091797e+00 2.574819326400756836e+00
2.587823104858398438e+01 4.574260711669921875e+00 2.002773046493530273e+00 2.571488618850708008e+00
2.589863967895507812e+01 4.573091030120849609e+00 2.006278753280639648e+00 2.566812753677368164e+00
2.591904830932617188e+01 4.561769962310791016e+00 2.000542640686035156e+00 2.561227560043334961e+00
2.593945693969726562e+01 4.564029216766357422e+00 2.000814437866210938e+00 2.563214302062988281e+00
2.595986557006835938e+01 4.559936523437500000e+00 2.002007722854614258e+00 2.557929039001464844e+00
2.598027420043945312e+01 4.554682254791259766e+00 2.001356601715087891e+00 2.553326129913330078e+00
2.600068283081054688e+01 4.549297332763671875e+00 2.000706434249877930e+00 2.548591375350952148e+00
2.602109146118164062e+01 4.545208930969238281e+00 2.001437187194824219e+00 2.543772697448730469e+00
2.604150009155273438e+01 4.543195247650146484e+00 2.000787973403930664e+00 2.542407751083374023e+00
2.606191062927246094e+01 4.538700103759765625e+00 2.000598907470703125e+00 2.538101434707641602e+00
2.608231925964355469e+01 4.537500381469726562e+00 2.004999399185180664e+00 2.532501935958862305e+00
2.610272598266601562e+01 4.533841609954833984e+00 2.002514839172363281e+00 2.531327009201049805e+00
2.612313461303710938e+01 4.531590938568115234e+00 2.003241300582885742e+00 2.528350353240966797e+00
2.614354324340820312e+01 4.528906822204589844e+00 2.003509044647216797e+00 2.525398731231689453e+00
2.616395187377929688e+01 4.535493373870849609e+00 2.007435798645019531e+00 2.528058052062988281e+00
2.618436050415039062e+01 4.524780750274658203e+00 2.005414009094238281e+00 2.519367933273315430e+00
2.620477104187011719e+01 4.524069786071777344e+00 2.006592988967895508e+00 2.517476320266723633e+00
2.622517967224121094e+01 4.521527290344238281e+00 2.007313251495361328e+00 2.514214992523193359e+00
2.624558830261230469e+01 4.519708633422851562e+00 2.008944749832153320e+00 2.510764598846435547e+00
2.626599693298339844e+01 4.519235134124755859e+00 2.009206533432006836e+00 2.510028362274169922e+00
2.628640556335449219e+01 4.518403530120849609e+00 2.010378837585449219e+00 2.508024692535400391e+00
2.630681419372558594e+01 4.519472122192382812e+00 2.012004375457763672e+00 2.507466793060302734e+00
2.632722091674804688e+01 4.520207405090332031e+00 2.013627052307128906e+00 2.506579637527465820e+00
2.634762954711914062e+01 4.518856048583984375e+00 2.012975931167602539e+00 2.505880117416381836e+00
2.636804008483886719e+01 4.520973682403564453e+00 2.015957355499267578e+00 2.505018234252929688e+00
2.638844871520996094e+01 4.519293785095214844e+00 2.015758991241455078e+00 2.503536224365234375e+00
2.640885734558105469e+01 4.521189689636230469e+00 2.016920804977416992e+00 2.504268884658813477e+00
2.642926597595214844e+01 4.522609710693359375e+00 2.018533229827880859e+00 2.504077911376953125e+00
2.644967460632324219e+01 4.523600101470947266e+00 2.019238471984863281e+00 2.504363536834716797e+00
2.647008323669433594e+01 4.525604724884033203e+00 2.021299362182617188e+00 2.504307031631469727e+00
2.649049186706542969e+01 4.527688026428222656e+00 2.023808479309082031e+00 2.503880739212036133e+00
2.651090049743652344e+01 4.529409885406494141e+00 2.023153781890869141e+00 2.506255626678466797e+00
2.653130912780761719e+01 4.528352260589599609e+00 2.023401975631713867e+00 2.504950046539306641e+00
2.655171966552734375e+01 4.531782150268554688e+00 2.024551391601562500e+00 2.507231950759887695e+00
2.657212638854980469e+01 4.535412311553955078e+00 2.028402090072631836e+00 2.507010698318481445e+00
2.659253501892089844e+01 4.532828807830810547e+00 2.025945186614990234e+00 2.506883382797241211e+00
2.661294364929199219e+01 4.534825801849365234e+00 2.027090072631835938e+00 2.507735013961791992e+00
2.663335227966308594e+01 4.535134792327880859e+00 2.026435613632202148e+00 2.508699178695678711e+00
2.665376091003417969e+01 4.538899898529052734e+00 2.028925657272338867e+00 2.509975671768188477e+00
2.667416954040527344e+01 4.542702674865722656e+00 2.030065774917602539e+00 2.512636423110961914e+00
2.669458007812500000e+01 4.543032169342041016e+00 2.030307054519653320e+00 2.512725591659545898e+00
2.671498870849609375e+01 4.539893627166748047e+00 2.026963949203491211e+00 2.512929677963256836e+00
2.673539733886718750e+01 4.545092105865478516e+00 2.030341386795043945e+00 2.514750242233276367e+00
2.675580596923828125e+01 4.547701835632324219e+00 2.031924009323120117e+00 2.515776872634887695e+00
2.677621459960937500e+01 4.548652648925781250e+00 2.031716346740722656e+00 2.516935825347900391e+00
2.679662132263183594e+01 4.550541877746582031e+00 2.032402515411376953e+00 2.518138170242309570e+00
2.681702995300292969e+01 4.549662590026855469e+00 2.032194852828979492e+00 2.517467737197875977e+00
2.683743858337402344e+01 4.549213886260986328e+00 2.030649423599243164e+00 2.518563032150268555e+00
2.685784912109375000e+01 4.552760601043701172e+00 2.031334877014160156e+00 2.521425962448120117e+00
2.687825775146484375e+01 4.548730850219726562e+00 2.029792308807373047e+00 2.518938541412353516e+00
2.689866638183593750e+01 4.547088146209716797e+00 2.028252363204956055e+00 2.518836021423339844e+00
2.691907501220703125e+01 4.549796104431152344e+00 2.030271768569946289e+00 2.519523859024047852e+00
2.693948364257812500e+01 4.550441265106201172e+00 2.030066728591918945e+00 2.520375251770019531e+00
2.695989227294921875e+01 4.552258491516113281e+00 2.031193733215332031e+00 2.521065711975097656e+00
2.698030090332031250e+01 4.549703598022460938e+00 2.030100822448730469e+00 2.519603490829467773e+00
2.700070953369140625e+01 4.549037456512451172e+00 2.030339717864990234e+00 2.518699169158935547e+00
2.702111816406250000e+01 4.546758651733398438e+00 2.029692173004150391e+00 2.517066478729248047e+00
2.704152679443359375e+01 4.546240329742431641e+00 2.029931068420410156e+00 2.516310214996337891e+00
2.706193542480468750e+01 4.544314384460449219e+00 2.029284715652465820e+00 2.515029430389404297e+00
2.708234405517578125e+01 4.544064521789550781e+00 2.029523134231567383e+00 2.514540672302246094e+00
2.710275268554687500e+01 4.542434215545654297e+00 2.030203104019165039e+00 2.512230873107910156e+00
2.712316131591796875e+01 4.537692546844482422e+00 2.029116868972778320e+00 2.508576393127441406e+00
2.714356994628906250e+01 4.537381649017333984e+00 2.029796123504638672e+00 2.507586717605590820e+00
2.716397857666015625e+01 4.535627365112304688e+00 2.028271198272705078e+00 2.507357835769653320e+00
2.718438720703125000e+01 4.532602787017822266e+00 2.031151533126831055e+00 2.501451730728149414e+00
2.720479774475097656e+01 4.534761428833007812e+00 2.033147573471069336e+00 2.501613616943359375e+00
2.722520446777343750e+01 4.529419422149658203e+00 2.032063245773315430e+00 2.497357368469238281e+00
2.724561500549316406e+01 4.527375698089599609e+00 2.032737493515014648e+00 2.494638919830322266e+00
2.726602172851562500e+01 4.525999069213867188e+00 2.034728050231933594e+00 2.491272449493408203e+00
2.728643226623535156e+01 4.524567127227783203e+00 2.036715507507324219e+00 2.487851619720458984e+00
2.730683898925781250e+01 4.521296501159667969e+00 2.036946773529052734e+00 2.484349966049194336e+00
2.732724952697753906e+01 4.519543170928955078e+00 2.039367198944091797e+00 2.480175495147705078e+00
2.734765815734863281e+01 4.518637657165527344e+00 2.041347026824951172e+00 2.477291107177734375e+00
2.736806488037109375e+01 4.515459537506103516e+00 2.041574001312255859e+00 2.473884344100952148e+00
2.738847541809082031e+01 4.509358882904052734e+00 2.042237758636474609e+00 2.467121601104736328e+00
2.740888214111328125e+01 4.511295318603515625e+00 2.045084238052368164e+00 2.466212034225463867e+00
2.742929267883300781e+01 4.507373332977294922e+00 2.045744419097900391e+00 2.461628675460815430e+00
2.744969940185546875e+01 4.508606433868408203e+00 2.049020290374755859e+00 2.459586620330810547e+00
2.747010993957519531e+01 4.511288642883300781e+00 2.055776834487915039e+00 2.455513000488281250e+00
2.749051666259765625e+01 4.505616664886474609e+00 2.052944421768188477e+00 2.452672004699707031e+00
2.751092720031738281e+01 4.502338409423828125e+00 2.053596735000610352e+00 2.448742151260375977e+00
2.753133583068847656e+01 4.500617027282714844e+00 2.054248094558715820e+00 2.446369409561157227e+00
2.755174636840820312e+01 4.497029304504394531e+00 2.054898738861083984e+00 2.442130327224731445e+00
2.757215309143066406e+01 4.497177600860595703e+00 2.057284832000732422e+00 2.439892768859863281e+00
2.759256362915039062e+01 4.496461391448974609e+00 2.058799743652343750e+00 2.437663078308105469e+00
2.761297035217285156e+01 4.497112751007080078e+00 2.059445619583129883e+00 2.437666416168212891e+00
2.763337707519531250e+01 4.496199131011962891e+00 2.062256336212158203e+00 2.433942079544067383e+00
2.765378761291503906e+01 4.494060516357421875e+00 2.063331127166748047e+00 2.430730104446411133e+00
2.767419624328613281e+01 4.492126464843750000e+00 2.063539505004882812e+00 2.428587675094604492e+00
2.769460678100585938e+01 4.491680145263671875e+00 2.067637205123901367e+00 2.424042701721191406e+00
2.771501350402832031e+01 4.490667819976806641e+00 2.064387559890747070e+00 2.426280736923217773e+00
2.773542404174804688e+01 4.490369796752929688e+00 2.065457582473754883e+00 2.424913644790649414e+00
2.775583076477050781e+01 4.488303661346435547e+00 2.066095352172851562e+00 2.422208786010742188e+00
2.777624130249023438e+01 4.489263534545898438e+00 2.067162752151489258e+00 2.422100782394409180e+00
2.779664802551269531e+01 4.489511489868164062e+00 2.066506385803222656e+00 2.423005819320678711e+00
2.781705856323242188e+01 4.490179538726806641e+00 2.067141294479370117e+00 2.423038482666015625e+00
2.783746528625488281e+01 4.488812446594238281e+00 2.066485881805419922e+00 2.422327518463134766e+00
2.785787391662597656e+01 4.492581367492675781e+00 2.069698572158813477e+00 2.422883749008178711e+00
2.787828445434570312e+01 4.490237712860107422e+00 2.066895246505737305e+00 2.423342943191528320e+00
2.789869117736816406e+01 4.489922523498535156e+00 2.067957639694213867e+00 2.421966075897216797e+00
2.791910171508789062e+01 4.492031574249267578e+00 2.067731857299804688e+00 2.424301147460937500e+00
2.793950843811035156e+01 4.493998050689697266e+00 2.068363666534423828e+00 2.425635337829589844e+00
2.795991897583007812e+01 4.494619846343994141e+00 2.067281723022460938e+00 2.427338361740112305e+00
2.798032569885253906e+01 4.495674133300781250e+00 2.068340778350830078e+00 2.427334785461425781e+00
2.800073623657226562e+01 4.496912002563476562e+00 2.067688226699829102e+00 2.429224967956542969e+00
2.802114486694335938e+01 4.496716499328613281e+00 2.066609144210815430e+00 2.430108308792114258e+00
2.804155540466308594e+01 4.501460075378417969e+00 2.069800615310668945e+00 2.431659460067749023e+00
2.806196212768554688e+01 4.501552104949951172e+00 2.068295240402221680e+00 2.433256864547729492e+00
2.808236885070800781e+01 4.502793788909912109e+00 2.068071126937866211e+00 2.434723854064941406e+00
2.810277938842773438e+01 4.505259990692138672e+00 2.069124460220336914e+00 2.436137914657592773e+00
2.812318611145019531e+01 4.508179187774658203e+00 2.070177078247070312e+00 2.438004255294799805e+00
2.814359664916992188e+01 4.512656211853027344e+00 2.072077989578247070e+00 2.440579175949096680e+00
2.816400527954101562e+01 4.512231349945068359e+00 2.071426630020141602e+00 2.440803766250610352e+00
2.818441581726074219e+01 4.513347625732421875e+00 2.070775747299194336e+00 2.442572832107543945e+00
2.820482254028320312e+01 4.521191120147705078e+00 2.073945760726928711e+00 2.447245121002197266e+00
2.822523307800292969e+01 4.522664546966552734e+00 2.074990510940551758e+00 2.447674512863159180e+00
2.824563980102539062e+01 4.525654792785644531e+00 2.076457500457763672e+00 2.449197530746459961e+00
2.826605033874511719e+01 4.529096126556396484e+00 2.077922344207763672e+00 2.451173067092895508e+00
2.828645706176757812e+01 4.530983924865722656e+00 2.080231904983520508e+00 2.450751304626464844e+00
2.830686378479003906e+01 4.532242774963378906e+00 2.080000638961791992e+00 2.452242374420166016e+00
2.832727432250976562e+01 4.537749767303466797e+00 2.081459999084472656e+00 2.456289052963256836e+00
2.834768295288085938e+01 4.540573596954345703e+00 2.083339214324951172e+00 2.457235097885131836e+00
2.836809349060058594e+01 4.543856143951416016e+00 2.084794044494628906e+00 2.459062814712524414e+00
2.838850021362304688e+01 4.547904491424560547e+00 2.087090015411376953e+00 2.460814952850341797e+00
2.840891075134277344e+01 4.547393321990966797e+00 2.087275505065917969e+00 2.460117578506469727e+00
2.842931747436523438e+01 4.549867153167724609e+00 2.089145660400390625e+00 2.460720777511596680e+00
2.844972801208496094e+01 4.547699451446533203e+00 2.089329719543457031e+00 2.458369016647338867e+00
2.847013473510742188e+01 4.551342010498046875e+00 2.088673114776611328e+00 2.462668180465698242e+00
2.849054527282714844e+01 4.555023193359375000e+00 2.093478441238403320e+00 2.461545705795288086e+00
2.851095390319824219e+01 4.557908058166503906e+00 2.093659400939941406e+00 2.464247703552246094e+00
2.853136062622070312e+01 4.559565067291259766e+00 2.097196102142333984e+00 2.462369918823242188e+00
2.855177116394042969e+01 4.557860851287841797e+00 2.097373962402343750e+00 2.460488080978393555e+00
2.857217788696289062e+01 4.558431625366210938e+00 2.097132682800292969e+00 2.461300134658813477e+00
2.859258842468261719e+01 4.556233882904052734e+00 2.097310066223144531e+00 2.458924055099487305e+00
2.861299514770507812e+01 4.554139137268066406e+00 2.096651077270507812e+00 2.457488536834716797e+00
2.863340568542480469e+01 4.555893421173095703e+00 2.099754810333251953e+00 2.456139564514160156e+00
2.865381431579589844e+01 4.553521633148193359e+00 2.098259210586547852e+00 2.455263614654541016e+00
2.867422294616699219e+01 4.551155090332031250e+00 2.098435401916503906e+00 2.452721357345581055e+00
2.869463157653808594e+01 4.549472808837890625e+00 2.098611593246459961e+00 2.450860738754272461e+00
2.871504211425781250e+01 4.545446395874023438e+00 2.096703052520751953e+00 2.448742866516113281e+00
2.873544883728027344e+01 4.551708221435546875e+00 2.105627536773681641e+00 2.446082830429077148e+00
2.875585937500000000e+01 4.539906501770019531e+00 2.096224546432495117e+00 2.443682909011840820e+00
2.877626609802246094e+01 4.533313274383544922e+00 2.093905925750732422e+00 2.439408779144287109e+00
2.879667282104492188e+01 4.520215511322021484e+00 2.085771322250366211e+00 2.434444427490234375e+00
2.881708335876464844e+01 4.525942802429199219e+00 2.092186212539672852e+00 2.433756589889526367e+00
2.883749198913574219e+01 4.522752761840820312e+00 2.091950654983520508e+00 2.430802106857299805e+00
2.885790252685546875e+01 4.513141155242919922e+00 2.087567806243896484e+00 2.425573110580444336e+00
2.887830924987792969e+01 4.509633541107177734e+00 2.084849119186401367e+00 2.424785137176513672e+00
2.889871978759765625e+01 4.506053924560546875e+00 2.086276054382324219e+00 2.419778585433959961e+00
2.891912651062011719e+01 4.497376441955566406e+00 2.083562135696411133e+00 2.413815736770629883e+00
2.893953704833984375e+01 4.493003368377685547e+00 2.081265449523925781e+00 2.411739587783813477e+00
2.895994377136230469e+01 4.486319065093994141e+00 2.078558921813964844e+00 2.407760858535766602e+00
2.898035430908203125e+01 4.479928970336914062e+00 2.076268911361694336e+00 2.403659343719482422e+00
2.900076293945312500e+01 4.474751949310302734e+00 2.073982238769531250e+00 2.400769948959350586e+00
2.902116966247558594e+01 4.469495296478271484e+00 2.070874214172363281e+00 2.398620843887329102e+00
2.904158020019531250e+01 4.463561534881591797e+00 2.069418668746948242e+00 2.394142150878906250e+00
2.906198692321777344e+01 4.458113670349121094e+00 2.066730022430419922e+00 2.391386270523071289e+00
2.908239746093750000e+01 4.450948715209960938e+00 2.064044952392578125e+00 2.386904954910278320e+00
2.910280418395996094e+01 4.445168018341064453e+00 2.060952425003051758e+00 2.384217023849487305e+00
2.912321472167968750e+01 4.443447113037109375e+00 2.059508085250854492e+00 2.383941173553466797e+00
2.914362144470214844e+01 4.437937736511230469e+00 2.057244539260864258e+00 2.380692481994628906e+00
2.916403198242187500e+01 4.433239936828613281e+00 2.054573535919189453e+00 2.378666877746582031e+00
2.918444061279296875e+01 4.431839466094970703e+00 2.052316427230834961e+00 2.379523515701293945e+00
2.920485115051269531e+01 4.426441192626953125e+00 2.050062656402587891e+00 2.376378059387207031e+00
2.922525787353515625e+01 4.424535274505615234e+00 2.048221349716186523e+00 2.376316308975219727e+00
2.924566459655761719e+01 4.419650554656982422e+00 2.045155286788940430e+00 2.374496459960937500e+00
2.926607513427734375e+01 4.417269706726074219e+00 2.044137716293334961e+00 2.373133182525634766e+00
2.928648185729980469e+01 4.414736270904541016e+00 2.041895866394042969e+00 2.372840881347656250e+00
2.930689239501953125e+01 4.413053512573242188e+00 2.040065526962280273e+00 2.372988224029541016e+00
2.932730102539062500e+01 4.412253379821777344e+00 2.038645982742309570e+00 2.373608589172363281e+00
2.934771156311035156e+01 4.410479545593261719e+00 2.036412477493286133e+00 2.374068498611450195e+00
2.936811828613281250e+01 4.412740230560302734e+00 2.035812616348266602e+00 2.376928806304931641e+00
2.938852882385253906e+01 4.406598091125488281e+00 2.033991336822509766e+00 2.372606754302978516e+00
2.940893554687500000e+01 4.407237529754638672e+00 2.033393859863281250e+00 2.373844623565673828e+00
2.942934608459472656e+01 4.406130313873291016e+00 2.031983613967895508e+00 2.374145984649658203e+00
2.944975280761718750e+01 4.406435489654541016e+00 2.030982255935668945e+00 2.375453948974609375e+00
2.947016143798828125e+01 4.409745216369628906e+00 2.032012701034545898e+00 2.377732276916503906e+00
2.949057197570800781e+01 4.409741401672363281e+00 2.030606269836425781e+00 2.379135370254516602e+00
2.951097869873046875e+01 4.409378528594970703e+00 2.028796672821044922e+00 2.380581617355346680e+00
2.953138923645019531e+01 4.412277221679687500e+00 2.029015541076660156e+00 2.383262157440185547e+00
2.955179595947265625e+01 4.409498214721679688e+00 2.028424501419067383e+00 2.381072521209716797e+00
2.957220649719238281e+01 4.411154270172119141e+00 2.027833938598632812e+00 2.383319854736328125e+00
2.959261322021484375e+01 4.411342144012451172e+00 2.026840209960937500e+00 2.384501695632934570e+00
2.961302375793457031e+01 4.412377834320068359e+00 2.025847434997558594e+00 2.386530399322509766e+00
2.963343048095703125e+01 4.413946151733398438e+00 2.026067733764648438e+00 2.387878656387329102e+00
2.965384101867675781e+01 4.414563655853271484e+00 2.025480508804321289e+00 2.389083147048950195e+00
2.967424964904785156e+01 4.415496826171875000e+00 2.026104450225830078e+00 2.389391899108886719e+00
2.969465637207031250e+01 4.415599822998046875e+00 2.025921344757080078e+00 2.389677762985229492e+00
2.971506690979003906e+01 4.416029930114746094e+00 2.025738239288330078e+00 2.390291452407836914e+00
2.973547363281250000e+01 4.417009830474853516e+00 2.025153160095214844e+00 2.391856670379638672e+00
2.975588417053222656e+01 4.416422367095947266e+00 2.024568557739257812e+00 2.391854047775268555e+00
2.977629089355468750e+01 4.414527416229248047e+00 2.023180961608886719e+00 2.391346931457519531e+00
2.979670143127441406e+01 4.413605690002441406e+00 2.023000240325927734e+00 2.390604972839355469e+00
2.981711006164550781e+01 4.411731243133544922e+00 2.021615743637084961e+00 2.390116214752197266e+00
2.983752059936523438e+01 4.409691333770751953e+00 2.020633935928344727e+00 2.389058351516723633e+00
2.985792732238769531e+01 4.407205581665039062e+00 2.019253015518188477e+00 2.387953758239746094e+00
2.987833786010742188e+01 4.404768466949462891e+00 2.018274068832397461e+00 2.386494398117065430e+00
2.989874458312988281e+01 4.400768280029296875e+00 2.014894962310791016e+00 2.385873556137084961e+00
2.991915130615234375e+01 4.398669719696044922e+00 2.013120412826538086e+00 2.385549306869506836e+00
2.993956184387207031e+01 4.391873359680175781e+00 2.012147903442382812e+00 2.379724264144897461e+00
2.995997047424316406e+01 4.385516166687011719e+00 2.009578704833984375e+00 2.375935316085815430e+00
2.998037910461425781e+01 4.383127689361572266e+00 2.007012844085693359e+00 2.376113653182983398e+00
3.000078773498535156e+01 4.375627517700195312e+00 2.004450798034667969e+00 2.371176004409790039e+00
3.002119827270507812e+01 4.372417449951171875e+00 2.003087997436523438e+00 2.369329214096069336e+00
3.004160499572753906e+01 4.364539623260498047e+00 1.999336600303649902e+00 2.365203380584716797e+00
3.006201553344726562e+01 4.354927062988281250e+00 1.994794011116027832e+00 2.360133409500122070e+00
3.008242225646972656e+01 4.349921226501464844e+00 1.993440747261047363e+00 2.356481313705444336e+00
3.010283279418945312e+01 4.341766357421875000e+00 1.989703297615051270e+00 2.352063179016113281e+00
3.012323951721191406e+01 4.334516525268554688e+00 1.986368536949157715e+00 2.348147392272949219e+00
3.014365005493164062e+01 4.325990676879882812e+00 1.983038306236267090e+00 2.342951774597167969e+00
3.016405868530273438e+01 4.318832874298095703e+00 1.979712605476379395e+00 2.339119434356689453e+00
3.018446540832519531e+01 4.309737205505371094e+00 1.975994825363159180e+00 2.333743095397949219e+00
3.020487594604492188e+01 4.302494525909423828e+00 1.972282052040100098e+00 2.330212593078613281e+00
3.022528266906738281e+01 4.293755531311035156e+00 1.968970298767089844e+00 2.324784994125366211e+00
3.024569320678710938e+01 4.290465354919433594e+00 1.966058492660522461e+00 2.324406862258911133e+00
3.026609992980957031e+01 4.275633811950683594e+00 1.962755680084228516e+00 2.312878131866455078e+00
3.028651046752929688e+01 4.267833232879638672e+00 1.958666443824768066e+00 2.309167385101318359e+00
3.030691909790039062e+01 4.259534835815429688e+00 1.955372691154479980e+00 2.304163217544555664e+00
3.032732963562011719e+01 4.251450061798095703e+00 1.951293945312500000e+00 2.300157308578491211e+00
3.034773635864257812e+01 4.242764472961425781e+00 1.946826577186584473e+00 2.295937538146972656e+00
3.036814689636230469e+01 4.233792304992675781e+00 1.943941473960876465e+00 2.289851427078247070e+00
3.038855361938476562e+01 4.222281932830810547e+00 1.940666556358337402e+00 2.281616210937500000e+00
3.040896034240722656e+01 4.216598510742187500e+00 1.937789678573608398e+00 2.278808593750000000e+00
3.042937088012695312e+01 4.207384586334228516e+00 1.935309886932373047e+00 2.272073984146118164e+00
3.044977760314941406e+01 4.199402809143066406e+00 1.932833552360534668e+00 2.266569614410400391e+00
3.047018814086914062e+01 4.204082012176513672e+00 1.934288620948791504e+00 2.269794702529907227e+00
3.049059677124023438e+01 4.199234008789062500e+00 1.932208895683288574e+00 2.267024755477905273e+00
3.051100730895996094e+01 4.184454441070556641e+00 1.926208734512329102e+00 2.258245944976806641e+00
3.053141403198242188e+01 4.184986114501953125e+00 1.929625749588012695e+00 2.255360126495361328e+00
3.055182456970214844e+01 4.182328701019287109e+00 1.929903984069824219e+00 2.252424955368041992e+00
3.057223129272460938e+01 4.177763462066650391e+00 1.929398655891418457e+00 2.248365879058837891e+00
3.059264183044433594e+01 4.175537109375000000e+00 1.929285168647766113e+00 2.246251583099365234e+00
3.061304855346679688e+01 4.173605442047119141e+00 1.929563045501708984e+00 2.244040966033935547e+00
3.063345718383789062e+01 4.171468734741210938e+00 1.929449915885925293e+00 2.242018699645996094e+00
3.065386772155761719e+01 4.169140338897705078e+00 1.929726958274841309e+00 2.239411592483520508e+00
3.067427444458007812e+01 4.167900085449218750e+00 1.930004000663757324e+00 2.237895011901855469e+00
3.069468498229980469e+01 4.166310310363769531e+00 1.929890513420104980e+00 2.236418962478637695e+00
3.071509170532226562e+01 4.163565635681152344e+00 1.929387807846069336e+00 2.234178781509399414e+00
3.073550224304199219e+01 4.162602424621582031e+00 1.928885459899902344e+00 2.233717203140258789e+00
3.075590896606445312e+01 4.160423755645751953e+00 1.927994489669799805e+00 2.232428789138793945e+00
3.077631950378417969e+01 4.161182880401611328e+00 1.927105069160461426e+00 2.234078645706176758e+00
3.079672813415527344e+01 4.158605575561523438e+00 1.925050735473632812e+00 2.233556270599365234e+00
3.081713676452636719e+01 4.155819892883300781e+00 1.922610521316528320e+00 2.233210325241088867e+00
3.083754539489746094e+01 4.153994083404541016e+00 1.920173645019531250e+00 2.233819723129272461e+00
3.085795211791992188e+01 4.152607917785644531e+00 1.917352437973022461e+00 2.235255479812622070e+00
3.087836265563964844e+01 4.149875640869140625e+00 1.914922118186950684e+00 2.234952926635742188e+00
3.089876937866210938e+01 4.150615215301513672e+00 1.915206789970397949e+00 2.235409498214721680e+00
3.091917991638183594e+01 4.154930114746093750e+00 1.919362425804138184e+00 2.235568046569824219e+00
3.093958663940429688e+01 4.161328792572021484e+00 1.927381038665771484e+00 2.233946084976196289e+00
3.095999717712402344e+01 4.173743724822998047e+00 1.941961646080017090e+00 2.231782913208007812e+00
3.098040580749511719e+01 4.191302776336669922e+00 1.963091492652893066e+00 2.228211402893066406e+00
3.100081634521484375e+01 4.194506645202636719e+00 1.972223758697509766e+00 2.222282171249389648e+00
3.102122306823730469e+01 4.179510116577148438e+00 1.957807421684265137e+00 2.221702575683593750e+00
3.104163360595703125e+01 4.164070129394531250e+00 1.935312390327453613e+00 2.228756666183471680e+00
3.106204032897949219e+01 4.174768447875976562e+00 1.942903637886047363e+00 2.231865406036376953e+00
3.108244705200195312e+01 4.195075035095214844e+00 1.971279978752136230e+00 2.223794221878051758e+00
3.110285758972167969e+01 4.199953556060791016e+00 1.980377078056335449e+00 2.219576358795166016e+00
3.112326622009277344e+01 4.199138164520263672e+00 1.981001377105712891e+00 2.218137979507446289e+00
3.114367675781250000e+01 4.199076175689697266e+00 1.980856060981750488e+00 2.218219757080078125e+00
3.116408348083496094e+01 4.195276737213134766e+00 1.976870536804199219e+00 2.218406915664672852e+00
3.118449401855468750e+01 4.189497947692871094e+00 1.969051599502563477e+00 2.220444917678833008e+00
3.120490074157714844e+01 4.179881095886230469e+00 1.954338431358337402e+00 2.225540876388549805e+00
3.122531127929687500e+01 4.174459934234619141e+00 1.940411090850830078e+00 2.234049797058105469e+00
3.124571800231933594e+01 4.190335273742675781e+00 1.934163928031921387e+00 2.256169795989990234e+00
3.126612854003906250e+01 4.228145122528076172e+00 1.928307414054870605e+00 2.299837112426757812e+00
3.128653526306152344e+01 4.202201366424560547e+00 1.937761664390563965e+00 2.264439821243286133e+00
3.130694580078125000e+01 4.211657524108886719e+00 1.967849493026733398e+00 2.243808507919311523e+00
3.132735443115234375e+01 4.211867809295654297e+00 1.974591016769409180e+00 2.237276792526245117e+00
3.134776115417480469e+01 4.196835517883300781e+00 1.966432809829711914e+00 2.230402946472167969e+00
3.136817169189453125e+01 4.191015243530273438e+00 1.962482213973999023e+00 2.228533744812011719e+00
3.138857841491699219e+01 4.196885108947753906e+00 1.961206316947937012e+00 2.235679626464843750e+00
3.140898895263671875e+01 4.188705921173095703e+00 1.961075186729431152e+00 2.227631568908691406e+00
3.142939567565917969e+01 4.190127372741699219e+00 1.960944294929504395e+00 2.229182004928588867e+00
3.144980621337890625e+01 4.200539588928222656e+00 1.972231268882751465e+00 2.228308439254760742e+00
3.147021484375000000e+01 4.212790966033935547e+00 1.981601834297180176e+00 2.231190681457519531e+00
3.149062538146972656e+01 4.235362052917480469e+00 1.994001269340515137e+00 2.241361379623413086e+00
3.151103210449218750e+01 4.277927875518798828e+00 2.007524251937866211e+00 2.270402669906616211e+00
3.153144264221191406e+01 4.279301166534423828e+00 1.978513479232788086e+00 2.300786972045898438e+00
3.155184936523437500e+01 4.123684883117675781e+00 1.894153475761413574e+00 2.229531288146972656e+00
3.157225608825683594e+01 4.094912528991699219e+00 1.902027964591979980e+00 2.192885160446166992e+00
3.159266662597656250e+01 4.116879463195800781e+00 1.928456783294677734e+00 2.188422441482543945e+00
3.161307525634765625e+01 4.157297134399414062e+00 1.967724919319152832e+00 2.189572334289550781e+00
3.163348579406738281e+01 4.217033386230468750e+00 2.019428968429565430e+00 2.197605133056640625e+00
3.165389251708984375e+01 4.273097991943359375e+00 2.064638137817382812e+00 2.208460092544555664e+00
3.167430305480957031e+01 4.301426887512207031e+00 2.079934835433959961e+00 2.221492290496826172e+00
3.169470977783203125e+01 4.289418697357177734e+00 2.055936574935913086e+00 2.233482122421264648e+00
3.171512031555175781e+01 4.257924079895019531e+00 2.015363216400146484e+00 2.242561340332031250e+00
3.173552703857421875e+01 4.224889278411865234e+00 1.978613615036010742e+00 2.246277332305908203e+00
3.175593757629394531e+01 4.197002887725830078e+00 1.950957059860229492e+00 2.246045351028442383e+00
3.177634429931640625e+01 4.179139614105224609e+00 1.933130264282226562e+00 2.246009826660156250e+00
3.179675292968750000e+01 4.172167778015136719e+00 1.927748680114746094e+00 2.244418859481811523e+00
3.181716346740722656e+01 4.172754287719726562e+00 1.928016901016235352e+00 2.244737863540649414e+00
3.183757019042968750e+01 4.187590599060058594e+00 1.937683701515197754e+00 2.249907732009887695e+00
3.185798072814941406e+01 4.223728179931640625e+00 1.955603957176208496e+00 2.268123865127563477e+00
3.187838745117187500e+01 4.297092437744140625e+00 1.993401408195495605e+00 2.303690671920776367e+00
3.189879798889160156e+01 4.435956001281738281e+00 2.048036098480224609e+00 2.387920856475830078e+00
3.191920471191406250e+01 4.507575511932373047e+00 2.071851491928100586e+00 2.435725450515747070e+00
3.193961524963378906e+01 4.368895530700683594e+00 1.988455772399902344e+00 2.380439996719360352e+00
3.196002388000488281e+01 4.218063354492187500e+00 1.932506680488586426e+00 2.285558223724365234e+00
3.198043441772460938e+01 4.147143363952636719e+00 1.917425155639648438e+00 2.229717254638671875e+00
3.200083923339843750e+01 4.113553047180175781e+00 1.913583993911743164e+00 2.199968576431274414e+00
3.202124786376953125e+01 4.092384815216064453e+00 1.910121798515319824e+00 2.182263612747192383e+00
3.204166030883789062e+01 4.075640201568603516e+00 1.907037258148193359e+00 2.168601751327514648e+00
3.206206512451171875e+01 4.070514202117919922e+00 1.909556746482849121e+00 2.160957098007202148e+00
3.208247756958007812e+01 4.085500717163085938e+00 1.921772837638854980e+00 2.163727045059204102e+00
3.210288238525390625e+01 4.132542610168457031e+00 1.953734993934631348e+00 2.178807973861694336e+00
3.212329483032226562e+01 4.163607120513916016e+00 1.974477767944335938e+00 2.189129829406738281e+00
3.214369964599609375e+01 4.131707191467285156e+00 1.943434119224548340e+00 2.188275337219238281e+00
3.216411209106445312e+01 4.091941356658935547e+00 1.906475424766540527e+00 2.185466289520263672e+00
3.218451690673828125e+01 4.058846950531005859e+00 1.878489494323730469e+00 2.180357933044433594e+00
3.220492935180664062e+01 4.036830425262451172e+00 1.862432241439819336e+00 2.174398422241210938e+00
3.222533798217773438e+01 4.036564826965332031e+00 1.861252784729003906e+00 2.175312757492065430e+00
3.224574279785156250e+01 4.087553501129150391e+00 1.876036405563354492e+00 2.211515665054321289e+00
3.226615524291992188e+01 4.053498744964599609e+00 1.880043148994445801e+00 2.173455476760864258e+00
3.228656005859375000e+01 4.022978782653808594e+00 1.871811032295227051e+00 2.151168107986450195e+00
3.230697250366210938e+01 4.013566493988037109e+00 1.867664337158203125e+00 2.145902872085571289e+00
3.232737731933593750e+01 4.003703594207763672e+00 1.859820723533630371e+00 2.143882513046264648e+00
3.234778976440429688e+01 3.959094285964965820e+00 1.816464185714721680e+00 2.142629861831665039e+00
3.236819839477539062e+01 3.955553531646728516e+00 1.811621069908142090e+00 2.143932104110717773e+00
3.238860702514648438e+01 3.985678911209106445e+00 1.835609436035156250e+00 2.150069475173950195e+00
3.240901565551757812e+01 4.035472869873046875e+00 1.873232960700988770e+00 2.162239551544189453e+00
3.242942428588867188e+01 4.100938796997070312e+00 1.916345715522766113e+00 2.184592962265014648e+00
3.244983291625976562e+01 4.189995765686035156e+00 1.973052144050598145e+00 2.216944217681884766e+00
3.247023773193359375e+01 4.306194305419921875e+00 2.018259763717651367e+00 2.287935972213745117e+00
3.249065017700195312e+01 4.251899719238281250e+00 1.932259798049926758e+00 2.319641113281250000e+00
3.251105880737304688e+01 4.125631332397460938e+00 1.842686295509338379e+00 2.282943964004516602e+00
3.253146743774414062e+01 4.089277744293212891e+00 1.829756140708923340e+00 2.259521961212158203e+00
3.255187606811523438e+01 4.033529758453369141e+00 1.813533067703247070e+00 2.219996690750122070e+00
3.257228469848632812e+01 3.979417085647583008e+00 1.807986855506896973e+00 2.171430349349975586e+00
3.259269332885742188e+01 3.952225208282470703e+00 1.801713347434997559e+00 2.150511264801025391e+00
3.261310195922851562e+01 3.961414337158203125e+00 1.815633535385131836e+00 2.145780563354492188e+00
3.263351058959960938e+01 3.986349105834960938e+00 1.836138606071472168e+00 2.150210618972778320e+00
3.265391921997070312e+01 4.002506732940673828e+00 1.835357427597045898e+00 2.167149305343627930e+00
3.267432785034179688e+01 4.025832176208496094e+00 1.836408972740173340e+00 2.189423084259033203e+00
3.269473648071289062e+01 4.034521579742431641e+00 1.843683123588562012e+00 2.190839529037475586e+00
3.271514511108398438e+01 4.029627799987792969e+00 1.851679801940917969e+00 2.177947759628295898e+00
3.273555374145507812e+01 4.037549495697021484e+00 1.869904518127441406e+00 2.167645215988159180e+00
3.275596237182617188e+01 4.078502655029296875e+00 1.912589550018310547e+00 2.165912389755249023e+00
3.277637100219726562e+01 4.136265277862548828e+00 1.964351058006286621e+00 2.171914815902709961e+00
3.279677963256835938e+01 4.144020080566406250e+00 1.976267099380493164e+00 2.167752265930175781e+00
3.281718826293945312e+01 4.107811450958251953e+00 1.972120285034179688e+00 2.135690927505493164e+00
3.283759689331054688e+01 4.146972179412841797e+00 2.043066978454589844e+00 2.103905677795410156e+00
3.285800552368164062e+01 4.224165916442871094e+00 2.113561630249023438e+00 2.110605716705322266e+00
3.287841796875000000e+01 4.239167690277099609e+00 2.101328134536743164e+00 2.137838602066040039e+00
3.289882278442382812e+01 4.206241130828857422e+00 2.042539358139038086e+00 2.163700580596923828e+00
3.291923522949218750e+01 4.158429622650146484e+00 1.978369593620300293e+00 2.180059432983398438e+00
3.293964004516601562e+01 4.118788242340087891e+00 1.922273755073547363e+00 2.196514368057250977e+00
3.296004867553710938e+01 4.096014499664306641e+00 1.881862878799438477e+00 2.214151859283447266e+00
3.298045730590820312e+01 4.103178024291992188e+00 1.874165534973144531e+00 2.229012489318847656e+00
3.300086593627929688e+01 4.045121192932128906e+00 1.835285186767578125e+00 2.209836959838867188e+00
3.302127456665039062e+01 3.992122888565063477e+00 1.807327389717102051e+00 2.184795856475830078e+00
3.304168319702148438e+01 3.962018966674804688e+00 1.788822889328002930e+00 2.173196554183959961e+00
3.306209564208984375e+01 3.951977252960205078e+00 1.781563997268676758e+00 2.170413494110107422e+00
3.308250045776367188e+01 3.959238529205322266e+00 1.784083127975463867e+00 2.175155162811279297e+00
3.310291290283203125e+01 3.982348203659057617e+00 1.784429430961608887e+00 2.197918653488159180e+00
3.312331771850585938e+01 4.075073242187500000e+00 1.795977711677551270e+00 2.279095172882080078e+00
3.314373016357421875e+01 4.077125072479248047e+00 1.769230842590332031e+00 2.307894468307495117e+00
3.316413497924804688e+01 4.023654460906982422e+00 1.772112131118774414e+00 2.251542329788208008e+00
3.318454360961914062e+01 3.995108604431152344e+00 1.811059713363647461e+00 2.184048891067504883e+00
3.320495605468750000e+01 4.048104286193847656e+00 1.811388373374938965e+00 2.236716508865356445e+00
3.322536087036132812e+01 3.967766284942626953e+00 1.775691509246826172e+00 2.192075014114379883e+00
3.324577331542968750e+01 3.926895856857299805e+00 1.749399065971374512e+00 2.177497148513793945e+00
3.326617813110351562e+01 3.952419996261596680e+00 1.759839892387390137e+00 2.192580223083496094e+00
3.328659057617187500e+01 4.025335311889648438e+00 1.779617071151733398e+00 2.245718479156494141e+00
3.330699539184570312e+01 4.082468509674072266e+00 1.749417543411254883e+00 2.333051681518554688e+00
3.332740783691406250e+01 4.005734920501708984e+00 1.713149428367614746e+00 2.292585372924804688e+00
3.334781646728515625e+01 4.017158508300781250e+00 1.744045972824096680e+00 2.273112058639526367e+00
3.336822509765625000e+01 4.086064338684082031e+00 1.812210559844970703e+00 2.273852825164794922e+00
3.338863372802734375e+01 4.096193313598632812e+00 1.836914300918579102e+00 2.259280204772949219e+00
3.340903854370117188e+01 4.059905052185058594e+00 1.804980635643005371e+00 2.254924774169921875e+00
3.342945098876953125e+01 4.026487350463867188e+00 1.792062878608703613e+00 2.234424591064453125e+00
3.344985580444335938e+01 4.029566287994384766e+00 1.801346898078918457e+00 2.228218555450439453e+00
3.347026824951171875e+01 4.031454086303710938e+00 1.801321387290954590e+00 2.230132341384887695e+00
3.349067306518554688e+01 4.023363590240478516e+00 1.791288614273071289e+00 2.232075452804565430e+00
3.351108551025390625e+01 4.003017902374267578e+00 1.772695779800415039e+00 2.230322122573852539e+00
3.353149414062500000e+01 3.889044523239135742e+00 1.733064651489257812e+00 2.155979633331298828e+00
3.355190277099609375e+01 3.888266801834106445e+00 1.747707366943359375e+00 2.140559434890747070e+00
3.357231140136718750e+01 4.020419597625732422e+00 1.797985315322875977e+00 2.222433328628540039e+00
3.359272003173828125e+01 4.116030693054199219e+00 1.790122866630554199e+00 2.325907707214355469e+00
3.361312866210937500e+01 4.036234378814697266e+00 1.755918979644775391e+00 2.280315399169921875e+00
3.363353347778320312e+01 3.975258588790893555e+00 1.734924197196960449e+00 2.240333795547485352e+00
3.365394592285156250e+01 3.896587610244750977e+00 1.750588297843933105e+00 2.145998716354370117e+00
3.367435455322265625e+01 3.869204759597778320e+00 1.742773771286010742e+00 2.126430749893188477e+00
3.369476318359375000e+01 3.834699153900146484e+00 1.724311709403991699e+00 2.110387086868286133e+00
3.371517181396484375e+01 3.812178373336791992e+00 1.710487246513366699e+00 2.101690530776977539e+00
3.373558044433593750e+01 3.794960260391235352e+00 1.691712260246276855e+00 2.103247642517089844e+00
3.375598907470703125e+01 3.849473953247070312e+00 1.697426557540893555e+00 2.152046680450439453e+00
3.377639770507812500e+01 3.914248228073120117e+00 1.713410973548889160e+00 2.200837373733520508e+00
3.379680633544921875e+01 3.865161418914794922e+00 1.686522364616394043e+00 2.178638935089111328e+00
3.381721496582031250e+01 3.857625722885131836e+00 1.683380961418151855e+00 2.174244165420532227e+00
3.383762359619140625e+01 3.860098838806152344e+00 1.674583435058593750e+00 2.185515880584716797e+00
3.385803222656250000e+01 3.843641757965087891e+00 1.652716159820556641e+00 2.190925359725952148e+00
3.387844085693359375e+01 3.833050966262817383e+00 1.650307297706604004e+00 2.182743787765502930e+00
3.389884948730468750e+01 3.834363222122192383e+00 1.666615724563598633e+00 2.167747497558593750e+00
3.391925811767578125e+01 3.801677465438842773e+00 1.664554119110107422e+00 2.137123584747314453e+00
3.393966674804687500e+01 3.797048568725585938e+00 1.664611339569091797e+00 2.132437467575073242e+00
3.396007537841796875e+01 3.802031040191650391e+00 1.672069907188415527e+00 2.129960298538208008e+00
3.398048400878906250e+01 3.816254854202270508e+00 1.685508012771606445e+00 2.130747556686401367e+00
3.400089263916015625e+01 3.804663419723510742e+00 1.677455306053161621e+00 2.127208471298217773e+00
3.402130126953125000e+01 3.794098615646362305e+00 1.679263710975646973e+00 2.114834785461425781e+00
3.404171371459960938e+01 3.789218664169311523e+00 1.684585928916931152e+00 2.104632854461669922e+00
3.406211853027343750e+01 3.798191070556640625e+00 1.688847661018371582e+00 2.109343051910400391e+00
3.408253097534179688e+01 3.792424678802490234e+00 1.696264982223510742e+00 2.096159696578979492e+00
3.410293579101562500e+01 3.781293630599975586e+00 1.691389203071594238e+00 2.089905023574829102e+00
3.412334442138671875e+01 3.764281511306762695e+00 1.675294399261474609e+00 2.088986873626708984e+00
3.414375305175781250e+01 3.780854701995849609e+00 1.704441547393798828e+00 2.076412916183471680e+00
3.416416168212890625e+01 3.766957998275756836e+00 1.739159464836120605e+00 2.027798891067504883e+00
3.418457412719726562e+01 3.776826858520507812e+00 1.710109591484069824e+00 2.066716909408569336e+00
3.420497894287109375e+01 3.848746061325073242e+00 1.694391965866088867e+00 2.154353380203247070e+00
3.422539138793945312e+01 3.786503076553344727e+00 1.674496293067932129e+00 2.112006664276123047e+00
3.424579620361328125e+01 3.781915187835693359e+00 1.676643967628479004e+00 2.105269908905029297e+00
3.426620864868164062e+01 3.815835475921630859e+00 1.678789019584655762e+00 2.137046575546264648e+00
3.428661346435546875e+01 3.800038576126098633e+00 1.686517357826232910e+00 2.113520383834838867e+00
3.430702590942382812e+01 3.784331321716308594e+00 1.647833466529846191e+00 2.136498212814331055e+00
3.432743072509765625e+01 3.752733707427978516e+00 1.619656085968017578e+00 2.133077621459960938e+00
3.434783935546875000e+01 3.857093095779418945e+00 1.655284166336059570e+00 2.201809406280517578e+00
3.436825180053710938e+01 3.836013078689575195e+00 1.636539220809936523e+00 2.199473381042480469e+00
3.438865661621093750e+01 3.798643112182617188e+00 1.672811269760131836e+00 2.125831365585327148e+00
3.440906906127929688e+01 3.813733577728271484e+00 1.667992591857910156e+00 2.145740985870361328e+00
3.442947387695312500e+01 3.818712472915649414e+00 1.652402400970458984e+00 2.166309833526611328e+00
3.444988632202148438e+01 3.826493024826049805e+00 1.644126892089843750e+00 2.182366132736206055e+00
3.447029113769531250e+01 3.803372859954833984e+00 1.629263997077941895e+00 2.174109220504760742e+00
3.449070358276367188e+01 3.778737783432006836e+00 1.623441219329833984e+00 2.155296325683593750e+00
3.451111221313476562e+01 3.837657451629638672e+00 1.632192611694335938e+00 2.205465078353881836e+00
3.453152084350585938e+01 3.879153728485107422e+00 1.676982522010803223e+00 2.202170610427856445e+00
3.455192947387695312e+01 3.865191221237182617e+00 1.646892666816711426e+00 2.218298912048339844e+00
3.457233428955078125e+01 3.820896625518798828e+00 1.610260009765625000e+00 2.210636854171752930e+00
3.459274673461914062e+01 3.923007011413574219e+00 1.657405853271484375e+00 2.265601158142089844e+00
3.461315155029296875e+01 3.888834476470947266e+00 1.622539520263671875e+00 2.266295433044433594e+00
3.463356399536132812e+01 3.841547727584838867e+00 1.610869407653808594e+00 2.230678558349609375e+00
3.465397262573242188e+01 3.837383270263671875e+00 1.632026433944702148e+00 2.205356597900390625e+00
3.467438125610351562e+01 3.788625001907348633e+00 1.614151120185852051e+00 2.174474000930786133e+00
3.469478988647460938e+01 3.805363655090332031e+00 1.610096812248229980e+00 2.195267438888549805e+00
3.471519851684570312e+01 3.761012077331542969e+00 1.601564645767211914e+00 2.159447669982910156e+00
3.473560714721679688e+01 3.773659229278564453e+00 1.614407420158386230e+00 2.159251689910888672e+00
3.475601577758789062e+01 3.740393400192260742e+00 1.603816390037536621e+00 2.136576652526855469e+00
3.477642440795898438e+01 3.720643281936645508e+00 1.593582272529602051e+00 2.127060890197753906e+00
3.479682922363281250e+01 3.668457746505737305e+00 1.575448393821716309e+00 2.093008995056152344e+00
3.481724166870117188e+01 3.683616161346435547e+00 1.563867688179016113e+00 2.119747400283813477e+00
3.483765029907226562e+01 3.696012258529663086e+00 1.562264442443847656e+00 2.133747339248657227e+00
3.485805892944335938e+01 3.660993576049804688e+00 1.558602571487426758e+00 2.102391481399536133e+00
3.487846755981445312e+01 3.684491157531738281e+00 1.571074604988098145e+00 2.113416433334350586e+00
3.489887619018554688e+01 3.628413200378417969e+00 1.560552239418029785e+00 2.067860603332519531e+00
3.491928482055664062e+01 3.648068428039550781e+00 1.571980476379394531e+00 2.076087951660156250e+00
3.493969345092773438e+01 3.633395433425903320e+00 1.560442090034484863e+00 2.072952985763549805e+00
3.496010208129882812e+01 3.640053272247314453e+00 1.572199225425720215e+00 2.067854166030883789e+00
3.498051071166992188e+01 3.649312496185302734e+00 1.553830862045288086e+00 2.095481395721435547e+00
3.500091934204101562e+01 3.634261131286621094e+00 1.555660843849182129e+00 2.078600406646728516e+00
3.502132797241210938e+01 3.659395456314086914e+00 1.551336407661437988e+00 2.108058929443359375e+00
3.504173660278320312e+01 3.692712306976318359e+00 1.584590911865234375e+00 2.108121633529663086e+00
3.506214523315429688e+01 3.688998460769653320e+00 1.595958352088928223e+00 2.093040227890014648e+00
3.508255386352539062e+01 3.636949062347412109e+00 1.598441720008850098e+00 2.038507461547851562e+00
3.510296249389648438e+01 3.653391122817993164e+00 1.611492872238159180e+00 2.041898012161254883e+00
3.512337112426757812e+01 3.671546936035156250e+00 1.633729815483093262e+00 2.037816286087036133e+00
3.514377975463867188e+01 3.666143178939819336e+00 1.619157552719116211e+00 2.046985149383544922e+00
3.516418838500976562e+01 3.633838176727294922e+00 1.577711224555969238e+00 2.056127071380615234e+00
3.518459701538085938e+01 3.613559722900390625e+00 1.568291425704956055e+00 2.045269012451171875e+00
3.520500946044921875e+01 3.651687145233154297e+00 1.556842207908630371e+00 2.094844579696655273e+00
3.522541427612304688e+01 3.648775577545166016e+00 1.560357570648193359e+00 2.088417768478393555e+00
3.524582672119140625e+01 3.621743679046630859e+00 1.554360032081604004e+00 2.067383050918579102e+00
3.526623153686523438e+01 3.642350435256958008e+00 1.561606407165527344e+00 2.080743789672851562e+00
3.528664016723632812e+01 3.680195331573486328e+00 1.598355412483215332e+00 2.081839799880981445e+00
3.530704879760742188e+01 3.692828416824340820e+00 1.622518420219421387e+00 2.070309638977050781e+00
3.532745742797851562e+01 3.641822576522827148e+00 1.589732527732849121e+00 2.052090167999267578e+00
3.534786987304687500e+01 3.665269851684570312e+00 1.578994512557983398e+00 2.086274862289428711e+00
3.536827468872070312e+01 3.675169467926025391e+00 1.595343112945556641e+00 2.079826116561889648e+00
3.538868713378906250e+01 3.688032627105712891e+00 1.624525666236877441e+00 2.063507080078125000e+00
3.540909194946289062e+01 3.684520244598388672e+00 1.615814566612243652e+00 2.068704843521118164e+00
3.542950439453125000e+01 3.712038516998291016e+00 1.654749035835266113e+00 2.057288885116577148e+00
3.544990921020507812e+01 3.638713598251342773e+00 1.571072816848754883e+00 2.067640066146850586e+00
3.547032165527343750e+01 3.658343076705932617e+00 1.582991957664489746e+00 2.075351238250732422e+00
3.549073028564453125e+01 3.646231651306152344e+00 1.593548417091369629e+00 2.052682876586914062e+00
3.551113510131835938e+01 3.642620325088500977e+00 1.612182617187500000e+00 2.030437707901000977e+00
3.553154754638671875e+01 3.695766210556030273e+00 1.691431879997253418e+00 2.004334926605224609e+00
3.555195236206054688e+01 3.706893682479858398e+00 1.662179946899414062e+00 2.044713497161865234e+00
3.557236480712890625e+01 3.627331018447875977e+00 1.543793201446533203e+00 2.083537101745605469e+00
3.559276962280273438e+01 3.648266077041625977e+00 1.569138646125793457e+00 2.079127550125122070e+00
3.561318206787109375e+01 3.718330144882202148e+00 1.592102527618408203e+00 2.126227617263793945e+00
3.563358688354492188e+01 3.758947849273681641e+00 1.563646316528320312e+00 2.195302009582519531e+00
3.565399932861328125e+01 3.760822534561157227e+00 1.555029749870300293e+00 2.205792427062988281e+00
3.567440795898437500e+01 3.824725151062011719e+00 1.619231581687927246e+00 2.205493211746215820e+00
3.569481658935546875e+01 3.750859975814819336e+00 1.580748677253723145e+00 2.170110940933227539e+00
3.571522521972656250e+01 3.622756958007812500e+00 1.483995676040649414e+00 2.138761043548583984e+00
3.573563003540039062e+01 3.580174446105957031e+00 1.477789044380187988e+00 2.102385044097900391e+00
3.575604248046875000e+01 3.628245830535888672e+00 1.526824235916137695e+00 2.101422548294067383e+00
3.577644729614257812e+01 3.620616197586059570e+00 1.545692682266235352e+00 2.074923276901245117e+00
3.579685974121093750e+01 3.640697240829467773e+00 1.499670743942260742e+00 2.141026020050048828e+00
3.581726837158203125e+01 3.512370824813842773e+00 1.422288060188293457e+00 2.090082883834838867e+00
3.583767700195312500e+01 3.489809989929199219e+00 1.425820112228393555e+00 2.063990592956542969e+00
3.585808563232421875e+01 3.482641220092773438e+00 1.430683255195617676e+00 2.051957607269287109e+00
3.587849426269531250e+01 3.582687616348266602e+00 1.422529935836791992e+00 2.160157918930053711e+00
3.589890289306640625e+01 3.629614591598510742e+00 1.466733455657958984e+00 2.162881374359130859e+00
