# NTRMN  = 8
# NTRANS = 56
1.142887115478515625e+01 0.000000000000000000e+00 0.000000000000000000e+00 0.000000000000000000e+00
1.144927978515625000e+01 0.000000000000000000e+00 0.000000000000000000e+00 0.000000000000000000e+00
1.146968936920166016e+01 0.000000000000000000e+00 0.000000000000000000e+00 0.000000000000000000e+00
1.149009799957275391e+01 0.000000000000000000e+00 0.000000000000000000e+00 0.000000000000000000e+00
1.151050662994384766e+01 0.000000000000000000e+00 0.000000000000000000e+00 0.000000000000000000e+00
1.153091526031494141e+01 0.000000000000000000e+00 0.000000000000000000e+00 0.000000000000000000e+00
1.157173252105712891e+01 0.000000000000000000e+00 0.000000000000000000e+00 0.000000000000000000e+00
1.159214115142822266e+01 0.000000000000000000e+00 0.000000000000000000e+00 0.000000000000000000e+00
1.161254978179931641e+01 0.000000000000000000e+00 0.000000000000000000e+00 0.000000000000000000e+00
1.165336799621582031e+01 0.000000000000000000e+00 0.000000000000000000e+00 0.000000000000000000e+00
1.167377567291259766e+01 0.000000000000000000e+00 0.000000000000000000e+00 0.000000000000000000e+00
1.169418430328369141e+01 0.000000000000000000e+00 0.000000000000000000e+00 0.000000000000000000e+00
1.171459388732910156e+01 0.000000000000000000e+00 0.000000000000000000e+00 0.000000000000000000e+00
1.175541114807128906e+01 0.000000000000000000e+00 0.000000000000000000e+00 0.000000000000000000e+00
1.177581882476806641e+01 0.000000000000000000e+00 0.000000000000000000e+00 0.000000000000000000e+00
1.179622840881347656e+01 0.000000000000000000e+00 0.000000000000000000e+00 0.000000000000000000e+00
1.181663703918457031e+01 0.000000000000000000e+00 0.000000000000000000e+00 0.000000000000000000e+00
1.183704566955566406e+01 0.000000000000000000e+00 0.000000000000000000e+00 0.000000000000000000e+00
1.185745429992675781e+01 0.000000000000000000e+00 0.000000000000000000e+00 0.000000000000000000e+00
1.187786388397216797e+01 0.000000000000000000e+00 0.000000000000000000e+00 0.000000000000000000e+00
1.193908882141113281e+01 0.000000000000000000e+00 0.000000000000000000e+00 0.000000000000000000e+00
1.195949840545654297e+01 0.000000000000000000e+00 0.000000000000000000e+00 0.000000000000000000e+00
1.197990703582763672e+01 0.000000000000000000e+00 0.000000000000000000e+00 0.000000000000000000e+00
1.200031566619873047e+01 0.000000000000000000e+00 0.000000000000000000e+00 0.000000000000000000e+00
1.202072334289550781e+01 0.000000000000000000e+00 0.000000000000000000e+00 0.000000000000000000e+00
1.204113292694091797e+01 0.000000000000000000e+00 0.000000000000000000e+00 0.000000000000000000e+00
1.206154155731201172e+01 0.000000000000000000e+00 0.000000000000000000e+00 0.000000000000000000e+00
1.208195018768310547e+01 0.000000000000000000e+00 0.000000000000000000e+00 0.000000000000000000e+00
1.210235881805419922e+01 0.000000000000000000e+00 0.000000000000000000e+00 0.000000000000000000e+00
1.212276744842529297e+01 0.000000000000000000e+00 0.000000000000000000e+00 0.000000000000000000e+00
1.214317607879638672e+01 0.000000000000000000e+00 0.000000000000000000e+00 0.000000000000000000e+00
1.216358470916748047e+01 0.000000000000000000e+00 0.000000000000000000e+00 0.000000000000000000e+00
1.218399333953857422e+01 0.000000000000000000e+00 0.000000000000000000e+00 0.000000000000000000e+00
1.220440292358398438e+01 0.000000000000000000e+00 0.000000000000000000e+00 0.000000000000000000e+00
1.222481155395507812e+01 0.000000000000000000e+00 0.000000000000000000e+00 0.000000000000000000e+00
1.224521923065185547e+01 0.000000000000000000e+00 0.000000000000000000e+00 0.000000000000000000e+00
1.226562786102294922e+01 0.000000000000000000e+00 0.000000000000000000e+00 0.000000000000000000e+00
1.228603744506835938e+01 0.000000000000000000e+00 0.000000000000000000e+00 0.000000000000000000e+00
1.230644607543945312e+01 0.000000000000000000e+00 0.000000000000000000e+00 0.000000000000000000e+00
1.232685470581054688e+01 0.000000000000000000e+00 0.000000000000000000e+00 0.000000000000000000e+00
1.234726333618164062e+01 0.000000000000000000e+00 0.000000000000000000e+00 0.000000000000000000e+00
1.236767196655273438e+01 0.000000000000000000e+00 0.000000000000000000e+00 0.000000000000000000e+00
1.238808059692382812e+01 0.000000000000000000e+00 0.000000000000000000e+00 0.000000000000000000e+00
1.240848922729492188e+01 0.000000000000000000e+00 0.000000000000000000e+00 0.000000000000000000e+00
1.242889785766601562e+01 0.000000000000000000e+00 0.000000000000000000e+00 0.000000000000000000e+00
1.244930744171142578e+01 0.000000000000000000e+00 0.000000000000000000e+00 0.000000000000000000e+00
1.246971511840820312e+01 0.000000000000000000e+00 0.000000000000000000e+00 0.000000000000000000e+00
1.249012374877929688e+01 0.000000000000000000e+00 0.000000000000000000e+00 0.000000000000000000e+00
1.251053237915039062e+01 0.000000000000000000e+00 0.000000000000000000e+00 0.000000000000000000e+00
1.253094196319580078e+01 0.000000000000000000e+00 0.000000000000000000e+00 0.000000000000000000e+00
1.255135059356689453e+01 0.000000000000000000e+00 0.000000000000000000e+00 0.000000000000000000e+00
1.257175922393798828e+01 0.000000000000000000e+00 0.000000000000000000e+00 0.000000000000000000e+00
1.259216690063476562e+01 0.000000000000000000e+00 0.000000000000000000e+00 0.000000000000000000e+00
1.261257648468017578e+01 0.000000000000000000e+00 0.000000000000000000e+00 0.000000000000000000e+00
1.263298511505126953e+01 0.000000000000000000e+00 0.000000000000000000e+00 0.000000000000000000e+00
1.265339374542236328e+01 0.000000000000000000e+00 0.000000000000000000e+00 0.000000000000000000e+00
1.267380237579345703e+01 0.000000000000000000e+00 0.000000000000000000e+00 0.000000000000000000e+00
1.269421100616455078e+01 0.000000000000000000e+00 0.000000000000000000e+00 0.000000000000000000e+00
1.271461963653564453e+01 0.000000000000000000e+00 0.000000000000000000e+00 0.000000000000000000e+00
1.273502826690673828e+01 0.000000000000000000e+00 0.000000000000000000e+00 0.000000000000000000e+00
1.275543689727783203e+01 0.000000000000000000e+00 0.000000000000000000e+00 0.000000000000000000e+00
1.277584648132324219e+01 0.000000000000000000e+00 0.000000000000000000e+00 0.000000000000000000e+00
1.279625511169433594e+01 0.000000000000000000e+00 0.000000000000000000e+00 0.000000000000000000e+00
1.281666278839111328e+01 0.000000000000000000e+00 0.000000000000000000e+00 0.000000000000000000e+00
1.283707141876220703e+01 0.000000000000000000e+00 0.000000000000000000e+00 0.000000000000000000e+00
1.285748100280761719e+01 0.000000000000000000e+00 0.000000000000000000e+00 0.000000000000000000e+00
1.287788963317871094e+01 0.000000000000000000e+00 0.000000000000000000e+00 0.000000000000000000e+00
1.289829826354980469e+01 0.000000000000000000e+00 0.000000000000000000e+00 0.000000000000000000e+00
1.295952415466308594e+01 0.000000000000000000e+00 0.000000000000000000e+00 0.000000000000000000e+00
1.297993278503417969e+01 0.000000000000000000e+00 0.000000000000000000e+00 0.000000000000000000e+00
1.300034141540527344e+01 0.000000000000000000e+00 0.000000000000000000e+00 0.000000000000000000e+00
1.302075004577636719e+01 0.000000000000000000e+00 0.000000000000000000e+00 0.000000000000000000e+00
1.304115962982177734e+01 0.000000000000000000e+00 0.000000000000000000e+00 0.000000000000000000e+00
1.312279415130615234e+01 0.000000000000000000e+00 0.000000000000000000e+00 0.000000000000000000e+00
1.314320278167724609e+01 0.000000000000000000e+00 0.000000000000000000e+00 0.000000000000000000e+00
1.320442867279052734e+01 7.182050347328186035e-01 7.182050347328186035e-01 0.000000000000000000e+00
1.322483730316162109e+01 6.925690174102783203e-01 6.925690174102783203e-01 0.000000000000000000e+00
1.324524593353271484e+01 6.914114356040954590e-01 6.914114356040954590e-01 0.000000000000000000e+00
1.326565456390380859e+01 6.902575492858886719e-01 6.902575492858886719e-01 0.000000000000000000e+00
1.336769866943359375e+01 4.190517067909240723e-01 4.190517067909240723e-01 5.239095268727567145e-10
1.338810729980468750e+01 4.727708399295806885e-01 4.727708399295806885e-01 5.187865137479263922e-10
1.340851497650146484e+01 5.378420948982238770e-01 5.378420948982238770e-01 5.375827560882839862e-10
1.342892456054687500e+01 6.083308458328247070e-01 6.083308458328247070e-01 5.466217478655721607e-10
1.344933319091796875e+01 6.836785674095153809e-01 6.836785674095153809e-01 5.730658725333626080e-10
1.346974182128906250e+01 6.827315092086791992e-01 6.827315092086791992e-01 5.172318684465437855e-10
1.349015045166015625e+01 6.852477788925170898e-01 6.852477788925170898e-01 5.193467877973034774e-10
1.351055908203125000e+01 6.483320593833923340e-01 6.483320593833923340e-01 5.337957853512875772e-10
1.353096771240234375e+01 6.655770540237426758e-01 6.655770540237426758e-01 5.775017131171011897e-10
1.355137634277343750e+01 6.646630167961120605e-01 6.646630167961120605e-01 5.913555756187349743e-10
1.361260223388671875e+01 6.645752191543579102e-01 6.645752191543579102e-01 2.568153245618987057e-09
1.363301086425781250e+01 6.857055425643920898e-01 6.857055425643920898e-01 2.858157710505793148e-09
1.365341949462890625e+01 7.042303681373596191e-01 7.042303681373596191e-01 3.654920810447492840e-09
1.367382907867431641e+01 7.198987007141113281e-01 7.198987007141113281e-01 3.623443101119505627e-09
1.369423770904541016e+01 7.388417720794677734e-01 7.388417720794677734e-01 3.645212576230960622e-09
1.371464633941650391e+01 7.613067626953125000e-01 7.613067626953125000e-01 3.225593570022056156e-09
1.373505496978759766e+01 7.870164513587951660e-01 7.870164513587951660e-01 3.045840912818675861e-09
1.375546360015869141e+01 8.156085610389709473e-01 8.156085610389709473e-01 3.081554122985608046e-09
1.377587318420410156e+01 8.256088495254516602e-01 8.256088495254516602e-01 3.144811966393490366e-09
1.383709812164306641e+01 8.454911112785339355e-01 8.431491255760192871e-01 2.342004328966140747e-03
1.387791538238525391e+01 9.204247593879699707e-01 9.090647101402282715e-01 1.136006135493516922e-02
1.397995948791503906e+01 9.156967401504516602e-01 9.024291634559631348e-01 1.326761674135923386e-02
1.402077770233154297e+01 9.842109084129333496e-01 9.390722513198852539e-01 4.513863474130630493e-02
1.404118442535400391e+01 8.079945445060729980e-01 7.469266057014465332e-01 6.106786057353019714e-02
1.410241127014160156e+01 9.142690300941467285e-01 7.758517265319824219e-01 1.384173333644866943e-01
1.414322853088378906e+01 9.558016657829284668e-01 7.545706033706665039e-01 2.012310922145843506e-01
1.416363716125488281e+01 9.719156622886657715e-01 7.391168475151062012e-01 2.327988445758819580e-01
1.426568031311035156e+01 1.053101658821105957e+00 7.380250692367553711e-01 3.150767087936401367e-01
1.430649757385253906e+01 1.134687900543212891e+00 7.933138012886047363e-01 3.413741290569305420e-01
1.432690715789794922e+01 1.176575660705566406e+00 8.338732123374938965e-01 3.427025377750396729e-01
1.434731578826904297e+01 1.204725980758666992e+00 8.567975163459777832e-01 3.479284048080444336e-01
1.436772441864013672e+01 1.301646471023559570e+00 9.513854980468750000e-01 3.502608835697174072e-01
1.438813304901123047e+01 1.279512286186218262e+00 9.500360488891601562e-01 3.294761478900909424e-01
1.440854167938232422e+01 1.368320822715759277e+00 1.031763076782226562e+00 3.365577161312103271e-01
1.442895126342773438e+01 1.297878146171569824e+00 9.473484754562377930e-01 3.505297005176544189e-01
1.444935989379882812e+01 1.264042615890502930e+00 9.062482118606567383e-01 3.577943146228790283e-01
1.446976852416992188e+01 1.199901700019836426e+00 8.363113403320312500e-01 3.635904490947723389e-01
1.457181072235107422e+01 1.347781658172607422e+00 8.945255279541015625e-01 4.532561302185058594e-01
1.459222030639648438e+01 1.367698669433593750e+00 8.908136487007141113e-01 4.768852889537811279e-01
1.461262893676757812e+01 1.360273122787475586e+00 8.797399997711181641e-01 4.805332124233245850e-01
1.485753345489501953e+01 1.421963572502136230e+00 8.869905471801757812e-01 5.349732637405395508e-01
1.487794208526611328e+01 1.429332137107849121e+00 8.753151297569274902e-01 5.540169477462768555e-01
1.497998523712158203e+01 1.555962920188903809e+00 9.180939197540283203e-01 6.378691792488098145e-01
1.516366481781005859e+01 1.646420001983642578e+00 9.314429759979248047e-01 7.149767875671386719e-01
1.518407344818115234e+01 1.634532094001770020e+00 9.057538509368896484e-01 7.287784218788146973e-01
1.540856838226318359e+01 1.776095390319824219e+00 9.422733187675476074e-01 8.338222503662109375e-01
1.544938468933105469e+01 1.788814544677734375e+00 9.521801471710205078e-01 8.366343975067138672e-01
1.546979331970214844e+01 1.808977723121643066e+00 9.563400149345397949e-01 8.526378870010375977e-01
1.557183837890625000e+01 1.835196495056152344e+00 9.446924328804016113e-01 8.905038833618164062e-01
1.559224700927734375e+01 1.841947555541992188e+00 9.342439174652099609e-01 9.077037572860717773e-01
1.569428920745849609e+01 1.939015507698059082e+00 9.617270231246948242e-01 9.772884249687194824e-01
1.583715152740478516e+01 2.050569772720336914e+00 1.029386520385742188e+00 1.021183848381042480e+00
1.593919372558593750e+01 2.080421209335327148e+00 1.010030150413513184e+00 1.070391535758972168e+00
1.595960235595703125e+01 2.117573499679565430e+00 1.033488273620605469e+00 1.084085822105407715e+00
1.598001194000244141e+01 2.118561267852783203e+00 1.022430896759033203e+00 1.096130013465881348e+00
1.600041961669921875e+01 2.119930982589721680e+00 1.014394044876098633e+00 1.105536818504333496e+00
1.602083015441894531e+01 2.135801553726196289e+00 1.011607646942138672e+00 1.124193787574768066e+00
1.604123878479003906e+01 2.142587900161743164e+00 1.010320544242858887e+00 1.132267713546752930e+00
1.616368865966796875e+01 2.202106237411499023e+00 1.073016166687011719e+00 1.129090070724487305e+00
1.632695960998535156e+01 2.260581493377685547e+00 1.076215147972106934e+00 1.184366106986999512e+00
1.649022865295410156e+01 2.307752370834350586e+00 1.029992580413818359e+00 1.277759790420532227e+00
1.653104782104492188e+01 2.348546028137207031e+00 1.049895405769348145e+00 1.298649907112121582e+00
1.655145645141601562e+01 2.367510318756103516e+00 1.060894846916198730e+00 1.306615233421325684e+00
1.657186508178710938e+01 2.441629648208618164e+00 1.108703494071960449e+00 1.332926392555236816e+00
1.659227180480957031e+01 2.384642839431762695e+00 1.074877142906188965e+00 1.309765815734863281e+00
1.663308906555175781e+01 2.421919822692871094e+00 1.093108415603637695e+00 1.328811287879943848e+00
1.665349769592285156e+01 2.448842763900756836e+00 1.106143712997436523e+00 1.342698693275451660e+00
1.667390823364257812e+01 2.452128887176513672e+00 1.106225490570068359e+00 1.345903515815734863e+00
1.669431686401367188e+01 2.473607540130615234e+00 1.134269475936889648e+00 1.339338302612304688e+00
1.671472549438476562e+01 2.476207256317138672e+00 1.127871870994567871e+00 1.348335385322570801e+00
1.673513412475585938e+01 2.492333173751831055e+00 1.139370560646057129e+00 1.352962255477905273e+00
1.675554275512695312e+01 2.518112182617187500e+00 1.151555657386779785e+00 1.366556882858276367e+00
1.677595138549804688e+01 2.523231029510498047e+00 1.151581764221191406e+00 1.371649265289306641e+00
1.683717727661132812e+01 2.568545579910278320e+00 1.163034081459045410e+00 1.405511498451232910e+00
1.685758590698242188e+01 2.581268548965454102e+00 1.170856595039367676e+00 1.410411953926086426e+00
1.687799453735351562e+01 2.602960824966430664e+00 1.177950978279113770e+00 1.425010204315185547e+00
1.689840316772460938e+01 2.610021591186523438e+00 1.168736696243286133e+00 1.441284894943237305e+00
1.691881179809570312e+01 2.638782739639282227e+00 1.178646326065063477e+00 1.460135936737060547e+00
1.693922042846679688e+01 2.635522842407226562e+00 1.170866847038269043e+00 1.464656114578247070e+00
1.704126548767089844e+01 2.680223464965820312e+00 1.156129360198974609e+00 1.524094223976135254e+00
1.714330673217773438e+01 2.684150695800781250e+00 1.143662095069885254e+00 1.540488719940185547e+00
1.716371536254882812e+01 2.676043987274169922e+00 1.132538914680480957e+00 1.543504714965820312e+00
1.720453453063964844e+01 2.656699419021606445e+00 1.134026169776916504e+00 1.522673368453979492e+00
1.722494316101074219e+01 2.665385961532592773e+00 1.131292700767517090e+00 1.534093379974365234e+00
1.724535179138183594e+01 2.657589673995971680e+00 1.134812355041503906e+00 1.522776961326599121e+00
1.734739494323730469e+01 2.642693758010864258e+00 1.159876823425292969e+00 1.482817649841308594e+00
1.736780357360839844e+01 2.645564794540405273e+00 1.166784167289733887e+00 1.478780865669250488e+00
1.738821220397949219e+01 2.655720949172973633e+00 1.177805185317993164e+00 1.477916598320007324e+00
1.742902946472167969e+01 2.668455123901367188e+00 1.190842390060424805e+00 1.477612853050231934e+00
1.744943809509277344e+01 2.674737691879272461e+00 1.188077688217163086e+00 1.486660003662109375e+00
1.746984672546386719e+01 2.676707983016967773e+00 1.194911599159240723e+00 1.481796503067016602e+00
1.751066398620605469e+01 2.691928625106811523e+00 1.191442847251892090e+00 1.500484943389892578e+00
1.753107261657714844e+01 2.695973873138427734e+00 1.202345490455627441e+00 1.493628621101379395e+00
1.755148124694824219e+01 2.718897581100463867e+00 1.210495114326477051e+00 1.508402824401855469e+00
1.757188987731933594e+01 2.716705799102783203e+00 1.199552536010742188e+00 1.517153143882751465e+00
1.765352439880371094e+01 2.753743171691894531e+00 1.198073625564575195e+00 1.555669188499450684e+00
1.767393493652343750e+01 2.760466337203979492e+00 1.196012973785400391e+00 1.564453125000000000e+00
1.769434356689453125e+01 2.764763593673706055e+00 1.195986390113830566e+00 1.568777084350585938e+00
1.771475219726562500e+01 2.783815383911132812e+00 1.200013875961303711e+00 1.583801627159118652e+00
1.773516082763671875e+01 2.794404506683349609e+00 1.212131142616271973e+00 1.582273364067077637e+00
1.775556755065917969e+01 2.792377710342407227e+00 1.201300144195556641e+00 1.591077208518981934e+00
1.777597618103027344e+01 2.801710605621337891e+00 1.201267600059509277e+00 1.600443124771118164e+00
1.783720397949218750e+01 2.806232452392578125e+00 1.188420653343200684e+00 1.617811441421508789e+00
1.785761260986328125e+01 2.822172403335571289e+00 1.199127554893493652e+00 1.623045086860656738e+00
1.787802124023437500e+01 2.825911521911621094e+00 1.195749998092651367e+00 1.630161285400390625e+00
1.789842987060546875e+01 2.815602064132690430e+00 1.185692787170410156e+00 1.629909396171569824e+00
1.800047302246093750e+01 2.835397720336914062e+00 1.192935466766357422e+00 1.642463088035583496e+00
1.806169891357421875e+01 2.852383136749267578e+00 1.209435462951660156e+00 1.642947077751159668e+00
1.808210754394531250e+01 2.858621358871459961e+00 1.215351939201354980e+00 1.643269538879394531e+00
1.814333343505859375e+01 2.864127397537231445e+00 1.225104808807373047e+00 1.639022827148437500e+00
1.818415260314941406e+01 2.876574039459228516e+00 1.235519528388977051e+00 1.641054630279541016e+00
1.820456123352050781e+01 2.869541645050048828e+00 1.225586891174316406e+00 1.643955111503601074e+00
1.822496795654296875e+01 2.903787374496459961e+00 1.268874764442443848e+00 1.634912967681884766e+00
1.824537658691406250e+01 2.866736888885498047e+00 1.237277865409851074e+00 1.629459261894226074e+00
1.826578521728515625e+01 2.876941204071044922e+00 1.241793155670166016e+00 1.635148406028747559e+00
1.832701301574707031e+01 2.893306970596313477e+00 1.248747467994689941e+00 1.644559860229492188e+00
1.834742164611816406e+01 2.890099763870239258e+00 1.238877415657043457e+00 1.651222229003906250e+00
1.849028205871582031e+01 2.882274866104125977e+00 1.207943201065063477e+00 1.674332737922668457e+00
1.851069068908691406e+01 2.878321409225463867e+00 1.202085018157958984e+00 1.676236391067504883e+00
1.853109931945800781e+01 2.887103080749511719e+00 1.203990697860717773e+00 1.683112025260925293e+00
1.855150794982910156e+01 2.870039939880371094e+00 1.193633317947387695e+00 1.676406502723693848e+00
1.857191658020019531e+01 2.878694295883178711e+00 1.186521053314208984e+00 1.692173480987548828e+00
1.859232521057128906e+01 2.875217914581298828e+00 1.185218572616577148e+00 1.689999461174011230e+00
1.861273384094238281e+01 2.876389980316162109e+00 1.182632923126220703e+00 1.693756818771362305e+00
1.865355110168457031e+01 2.878768205642700195e+00 1.177478313446044922e+00 1.701289892196655273e+00
1.867395973205566406e+01 2.877259016036987305e+00 1.177473545074462891e+00 1.699786424636840820e+00
1.869436836242675781e+01 2.874692678451538086e+00 1.176188111305236816e+00 1.698505043983459473e+00
1.871477699279785156e+01 2.880700588226318359e+00 1.174905419349670410e+00 1.705795288085937500e+00
1.873518562316894531e+01 2.876911163330078125e+00 1.175542235374450684e+00 1.701369643211364746e+00
1.875559425354003906e+01 2.880136489868164062e+00 1.174263000488281250e+00 1.705874204635620117e+00
1.877600288391113281e+01 2.877454757690429688e+00 1.176811695098876953e+00 1.700642943382263184e+00
1.879641151428222656e+01 2.884728670120239258e+00 1.178717851638793945e+00 1.706010580062866211e+00
1.881682205200195312e+01 2.886998176574707031e+00 1.184436559677124023e+00 1.702560901641845703e+00
1.883723068237304688e+01 2.887339353561401367e+00 1.184424161911010742e+00 1.702914714813232422e+00
1.885763931274414062e+01 2.895120620727539062e+00 1.185046553611755371e+00 1.710074424743652344e+00
1.887804794311523438e+01 2.890048503875732422e+00 1.181229233741760254e+00 1.708819150924682617e+00
1.889845657348632812e+01 2.891658782958984375e+00 1.183120489120483398e+00 1.708538055419921875e+00
1.891886329650878906e+01 2.901700019836425781e+00 1.188803553581237793e+00 1.712896585464477539e+00
1.893927192687988281e+01 2.897630691528320312e+00 1.185626626014709473e+00 1.712003707885742188e+00
1.895968055725097656e+01 2.911452531814575195e+00 1.188769578933715820e+00 1.722682714462280273e+00
1.898009109497070312e+01 2.898119449615478516e+00 1.189383268356323242e+00 1.708736419677734375e+00
1.904131698608398438e+01 2.890392780303955078e+00 1.186187505722045898e+00 1.704205870628356934e+00
1.906172561645507812e+01 2.894287586212158203e+00 1.185545325279235840e+00 1.708741664886474609e+00
1.908213424682617188e+01 2.898586988449096680e+00 1.188040971755981445e+00 1.710545301437377930e+00
1.910254287719726562e+01 2.901443719863891602e+00 1.186771750450134277e+00 1.714671730995178223e+00
1.912295150756835938e+01 2.910240173339843750e+00 1.192390441894531250e+00 1.717849850654602051e+00
1.914336013793945312e+01 2.895362138748168945e+00 1.179864525794982910e+00 1.715498566627502441e+00
1.916376876831054688e+01 2.898499250411987305e+00 1.177983403205871582e+00 1.720516085624694824e+00
1.918417739868164062e+01 2.897080659866333008e+00 1.176730275154113770e+00 1.720349907875061035e+00
1.920458602905273438e+01 2.903368949890136719e+00 1.179842472076416016e+00 1.723527550697326660e+00
1.922499465942382812e+01 2.902951717376708984e+00 1.181703090667724609e+00 1.721248269081115723e+00
1.924540328979492188e+01 2.896323442459106445e+00 1.172364711761474609e+00 1.723958849906921387e+00
1.926581192016601562e+01 2.896582841873168945e+00 1.174850463867187500e+00 1.721732258796691895e+00
1.928622055053710938e+01 2.891864776611328125e+00 1.169883489608764648e+00 1.721981525421142578e+00
1.930663108825683594e+01 2.899485826492309570e+00 1.172986745834350586e+00 1.726498842239379883e+00
1.932703971862792969e+01 2.901068925857543945e+00 1.175463914871215820e+00 1.725605010986328125e+00
1.934744834899902344e+01 2.906427860260009766e+00 1.177317142486572266e+00 1.729110479354858398e+00
1.936785507202148438e+01 2.906033992767333984e+00 1.172986745834350586e+00 1.733047366142272949e+00
1.938826370239257812e+01 2.910483598709106445e+00 1.176690936088562012e+00 1.733792185783386230e+00
1.940867233276367188e+01 2.910516262054443359e+00 1.176070213317871094e+00 1.734447240829467773e+00
1.942908096313476562e+01 2.914704799652099609e+00 1.176683068275451660e+00 1.738021254539489746e+00
1.944948959350585938e+01 2.919655561447143555e+00 1.174832940101623535e+00 1.744822621345520020e+00
1.951071739196777344e+01 2.922212839126586914e+00 1.176054000854492188e+00 1.746158838272094727e+00
1.953112602233886719e+01 2.916475057601928711e+00 1.173599481582641602e+00 1.742875337600708008e+00
1.955153465270996094e+01 2.921238899230957031e+00 1.172374367713928223e+00 1.748864531517028809e+00
1.957194328308105469e+01 2.954025268554687500e+00 1.179102182388305664e+00 1.774923205375671387e+00
1.959235191345214844e+01 2.940337419509887695e+00 1.176652193069458008e+00 1.763685464859008789e+00
1.961275863647460938e+01 2.936089992523193359e+00 1.175427913665771484e+00 1.760662436485290527e+00
1.963316917419433594e+01 2.937275648117065430e+00 1.171767354011535645e+00 1.765508174896240234e+00
1.969439506530761719e+01 2.935591936111450195e+00 1.160223603248596191e+00 1.775368094444274902e+00
1.971480369567871094e+01 2.933433294296264648e+00 1.157808303833007812e+00 1.775624871253967285e+00
1.973521232604980469e+01 2.936659812927246094e+00 1.155398011207580566e+00 1.781261324882507324e+00
1.975562095642089844e+01 2.941956996917724609e+00 1.157233715057373047e+00 1.784723043441772461e+00
1.989848136901855469e+01 2.932549715042114258e+00 1.121856570243835449e+00 1.810692548751831055e+00
1.993929862976074219e+01 2.933704853057861328e+00 1.118959665298461914e+00 1.814744234085083008e+00
1.995970916748046875e+01 2.930169820785522461e+00 1.109419941902160645e+00 1.820749282836914062e+00
2.000052642822265625e+01 2.923643589019775391e+00 1.107155799865722656e+00 1.816487908363342285e+00
2.002093505859375000e+01 2.921865701675415039e+00 1.106027126312255859e+00 1.815838098526000977e+00
2.012297821044921875e+01 2.908416748046875000e+00 1.103392601013183594e+00 1.805023908615112305e+00
2.014338684082031250e+01 2.905772447586059570e+00 1.107028484344482422e+00 1.798744201660156250e+00
2.016379547119140625e+01 2.902245283126831055e+00 1.107688784599304199e+00 1.794556260108947754e+00
2.018420410156250000e+01 2.904170751571655273e+00 1.106568813323974609e+00 1.797601938247680664e+00
2.020461273193359375e+01 2.901640653610229492e+00 1.115522146224975586e+00 1.786118149757385254e+00
2.022502136230468750e+01 2.905297517776489258e+00 1.113804697990417480e+00 1.791493058204650879e+00
2.024542999267578125e+01 2.900006532669067383e+00 1.113273143768310547e+00 1.786732792854309082e+00
2.026583862304687500e+01 2.902935266494750977e+00 1.113923788070678711e+00 1.789011597633361816e+00
2.028624725341796875e+01 2.967565536499023438e+00 1.126374006271362305e+00 1.841191530227661133e+00
2.030665588378906250e+01 2.900797843933105469e+00 1.117579221725463867e+00 1.783218026161193848e+00
2.032706451416015625e+01 2.904129743576049805e+00 1.118812561035156250e+00 1.785317182540893555e+00
2.034747314453125000e+01 2.903208017349243164e+00 1.122396469116210938e+00 1.780811309814453125e+00
2.042910766601562500e+01 2.908955097198486328e+00 1.129629492759704590e+00 1.779325485229492188e+00
2.049033546447753906e+01 2.918180704116821289e+00 1.126838326454162598e+00 1.791342496871948242e+00
2.053115081787109375e+01 2.921481847763061523e+00 1.128095984458923340e+00 1.793385982513427734e+00
2.055155944824218750e+01 2.996384382247924805e+00 1.126975774765014648e+00 1.869409441947937012e+00
2.059237670898437500e+01 2.979773283004760742e+00 1.141017198562622070e+00 1.838756322860717773e+00
2.061278724670410156e+01 2.940090656280517578e+00 1.125370383262634277e+00 1.814720749855041504e+00
2.075564765930175781e+01 2.946135997772216797e+00 1.117624402046203613e+00 1.828511238098144531e+00
2.077605628967285156e+01 2.939552307128906250e+00 1.112493753433227539e+00 1.827059388160705566e+00
2.079646492004394531e+01 2.936544895172119141e+00 1.112553119659423828e+00 1.823991060256958008e+00
2.081687355041503906e+01 2.939851522445678711e+00 1.112612366676330566e+00 1.827239871025085449e+00
2.083728218078613281e+01 2.940696477890014648e+00 1.111522555351257324e+00 1.829173803329467773e+00
2.087809944152832031e+01 2.934173583984375000e+00 1.107629656791687012e+00 1.826544404029846191e+00
2.100055122375488281e+01 2.928323984146118164e+00 1.108580708503723145e+00 1.819743394851684570e+00
2.102095985412597656e+01 2.934285879135131836e+00 1.108073830604553223e+00 1.826212406158447266e+00
2.104136848449707031e+01 2.929228782653808594e+00 1.104154706001281738e+00 1.825074911117553711e+00
2.106177711486816406e+01 2.921180963516235352e+00 1.107631325721740723e+00 1.813549280166625977e+00
2.108218574523925781e+01 2.926738023757934570e+00 1.107694506645202637e+00 1.819043397903442383e+00
2.110259437561035156e+01 2.925716638565063477e+00 1.107757687568664551e+00 1.817958593368530273e+00
2.112300491333007812e+01 2.929766178131103516e+00 1.109520673751831055e+00 1.820245981216430664e+00
2.114341354370117188e+01 2.923356533050537109e+00 1.103920817375183105e+00 1.819436311721801758e+00
2.116382217407226562e+01 2.922800302505493164e+00 1.105118632316589355e+00 1.817682266235351562e+00
2.118423080444335938e+01 2.923786640167236328e+00 1.104618906974792480e+00 1.819167137145996094e+00
2.120463943481445312e+01 2.923705101013183594e+00 1.109200477600097656e+00 1.814503431320190430e+00
2.122504615783691406e+01 2.920444488525390625e+00 1.107006192207336426e+00 1.813438415527343750e+00
2.124545478820800781e+01 2.923934698104858398e+00 1.109323143959045410e+00 1.814610600471496582e+00
2.126586532592773438e+01 2.916509389877319336e+00 1.107132792472839355e+00 1.809377193450927734e+00
2.128627395629882812e+01 2.920955419540405273e+00 1.106071352958679199e+00 1.814884662628173828e+00
2.130668258666992188e+01 2.919563055038452148e+00 1.108382463455200195e+00 1.811181187629699707e+00
2.132709121704101562e+01 2.920193433761596680e+00 1.110128045082092285e+00 1.810065507888793945e+00
2.134749984741210938e+01 2.915370702743530273e+00 1.109066724777221680e+00 1.806303024291992188e+00
2.136790847778320312e+01 2.917473793029785156e+00 1.110248088836669922e+00 1.807226181030273438e+00
2.138831710815429688e+01 2.915527820587158203e+00 1.110307931900024414e+00 1.805219531059265137e+00
2.140872573852539062e+01 2.916009902954101562e+00 1.110367655754089355e+00 1.805641889572143555e+00
2.142913436889648438e+01 2.915909051895141602e+00 1.115454435348510742e+00 1.800454258918762207e+00
2.144954490661621094e+01 2.917023658752441406e+00 1.118299365043640137e+00 1.798724293708801270e+00
2.146995162963867188e+01 2.909804344177246094e+00 1.114448904991149902e+00 1.795355319976806641e+00
2.149036026000976562e+01 2.908715963363647461e+00 1.116175413131713867e+00 1.792540431022644043e+00
2.151076889038085938e+01 2.907177209854125977e+00 1.124019384384155273e+00 1.783157944679260254e+00
2.153117752075195312e+01 2.903833150863647461e+00 1.116839051246643066e+00 1.786994338035583496e+00
2.155158615112304688e+01 2.905798435211181641e+00 1.119113683700561523e+00 1.786684870719909668e+00
2.157199478149414062e+01 2.891264677047729492e+00 1.114725828170776367e+00 1.776538968086242676e+00
2.159240341186523438e+01 2.899269819259643555e+00 1.120324134826660156e+00 1.778946638107299805e+00
2.161281394958496094e+01 2.897228240966796875e+00 1.120373964309692383e+00 1.776854276657104492e+00
2.163322257995605469e+01 2.889696359634399414e+00 1.118763685226440430e+00 1.770932912826538086e+00
2.165363121032714844e+01 2.892574787139892578e+00 1.123789787292480469e+00 1.768785119056701660e+00
2.167403984069824219e+01 2.890092372894287109e+00 1.126597285270690918e+00 1.763495922088623047e+00
2.169444656372070312e+01 2.884033918380737305e+00 1.127192735671997070e+00 1.756840944290161133e+00
2.171485519409179688e+01 2.879577398300170898e+00 1.125582098960876465e+00 1.753995537757873535e+00
2.173526382446289062e+01 2.869844436645507812e+00 1.123423933982849121e+00 1.746421217918395996e+00
2.175567245483398438e+01 2.864374876022338867e+00 1.124020576477050781e+00 1.740353703498840332e+00
2.177608299255371094e+01 2.858465433120727539e+00 1.121318101882934570e+00 1.737147450447082520e+00
2.179649162292480469e+01 2.847572326660156250e+00 1.123563051223754883e+00 1.724009275436401367e+00
2.181690025329589844e+01 2.844789743423461914e+00 1.119220256805419922e+00 1.725569009780883789e+00
2.185771751403808594e+01 2.840262889862060547e+00 1.122606277465820312e+00 1.717656135559082031e+00
2.187812614440917969e+01 2.833318233489990234e+00 1.123747467994689941e+00 1.709570646286010742e+00
2.189853477478027344e+01 2.833878040313720703e+00 1.123246669769287109e+00 1.710632324218750000e+00
2.191894340515136719e+01 2.828307628631591797e+00 1.122747063636779785e+00 1.705561518669128418e+00
2.193935203552246094e+01 2.825599193572998047e+00 1.121702551841735840e+00 1.703896760940551758e+00
2.195976066589355469e+01 2.824201345443725586e+00 1.122840404510498047e+00 1.701361536979675293e+00
2.198016929626464844e+01 2.814098596572875977e+00 1.118530511856079102e+00 1.695569157600402832e+00
2.200057792663574219e+01 2.809719085693359375e+00 1.118036866188049316e+00 1.691682457923889160e+00
2.202098655700683594e+01 2.810480594635009766e+00 1.118087887763977051e+00 1.692393422126770020e+00
2.204139518737792969e+01 2.804154396057128906e+00 1.115423440933227539e+00 1.688731193542480469e+00
2.206180381774902344e+01 2.802133798599243164e+00 1.114391565322875977e+00 1.687741875648498535e+00
2.208221244812011719e+01 2.796239852905273438e+00 1.112819552421569824e+00 1.683420300483703613e+00
2.210262298583984375e+01 2.791409969329833984e+00 1.108542799949645996e+00 1.682867050170898438e+00
2.212303161621093750e+01 2.791159868240356445e+00 1.110225319862365723e+00 1.680934429168701172e+00
2.214344024658203125e+01 2.787674188613891602e+00 1.107580423355102539e+00 1.680094361305236816e+00
2.216384696960449219e+01 2.782592058181762695e+00 1.106020569801330566e+00 1.676571011543273926e+00
2.218425559997558594e+01 2.781521558761596680e+00 1.105003118515014648e+00 1.676518559455871582e+00
2.220466423034667969e+01 2.775461912155151367e+00 1.101831197738647461e+00 1.673630833625793457e+00
2.222507286071777344e+01 2.774991989135742188e+00 1.100819349288940430e+00 1.674172759056091309e+00
2.224548149108886719e+01 2.775737524032592773e+00 1.101961731910705566e+00 1.673775434494018555e+00
2.226589202880859375e+01 2.772587537765502930e+00 1.100414156913757324e+00 1.672173619270324707e+00
2.228630065917968750e+01 2.767830610275268555e+00 1.096721053123474121e+00 1.671109795570373535e+00
2.230670928955078125e+01 2.763979911804199219e+00 1.094644427299499512e+00 1.669335842132568359e+00
2.232711791992187500e+01 2.764074325561523438e+00 1.097932696342468262e+00 1.666141986846923828e+00
2.234752655029296875e+01 2.758957147598266602e+00 1.093180656433105469e+00 1.665776014328002930e+00
2.236793518066406250e+01 2.762836933135986328e+00 1.093253493309020996e+00 1.669583320617675781e+00
2.238834190368652344e+01 2.764880180358886719e+00 1.093326210975646973e+00 1.671554088592529297e+00
2.240875053405761719e+01 2.764654159545898438e+00 1.093398809432983398e+00 1.671254992485046387e+00
2.242916107177734375e+01 2.764043092727661133e+00 1.090802788734436035e+00 1.673240900039672852e+00
2.244956970214843750e+01 2.765374898910522461e+00 1.092477202415466309e+00 1.672897934913635254e+00
2.246997833251953125e+01 2.764858722686767578e+00 1.090419530868530273e+00 1.674438118934631348e+00
2.249038696289062500e+01 2.766047477722167969e+00 1.090494394302368164e+00 1.675553321838378906e+00
2.251079559326171875e+01 2.767825603485107422e+00 1.089505791664123535e+00 1.678320169448852539e+00
2.253120422363281250e+01 2.769410371780395508e+00 1.089050173759460449e+00 1.680360198020935059e+00
2.255161285400390625e+01 2.774147272109985352e+00 1.092841386795043945e+00 1.681306719779968262e+00
2.257202148437500000e+01 2.774737119674682617e+00 1.089732170104980469e+00 1.685005068778991699e+00
2.259243011474609375e+01 2.774499416351318359e+00 1.088747739791870117e+00 1.685751557350158691e+00
2.261283874511718750e+01 2.777421951293945312e+00 1.087765097618103027e+00 1.689657330513000488e+00
2.263324737548828125e+01 2.781057119369506836e+00 1.089957356452941895e+00 1.691099643707275391e+00
2.265365600585937500e+01 2.782843828201293945e+00 1.090032219886779785e+00 1.692811012268066406e+00
2.267406463623046875e+01 2.784498929977416992e+00 1.087467432022094727e+00 1.697031378746032715e+00
2.269447326660156250e+01 2.787737131118774414e+00 1.089653968811035156e+00 1.698083400726318359e+00
2.271488189697265625e+01 2.792363882064819336e+00 1.089201927185058594e+00 1.703162074089050293e+00
2.273529052734375000e+01 2.791573762893676758e+00 1.089803576469421387e+00 1.701769948005676270e+00
2.275570106506347656e+01 2.802897691726684570e+00 1.089352250099182129e+00 1.713546037673950195e+00
2.277610969543457031e+01 2.797844648361206055e+00 1.091003656387329102e+00 1.706841468811035156e+00
2.279651832580566406e+01 2.797408580780029297e+00 1.091602087020874023e+00 1.705806732177734375e+00
2.281692695617675781e+01 2.806177377700805664e+00 1.093248724937438965e+00 1.712927937507629395e+00
2.283733558654785156e+01 2.801829814910888672e+00 1.090699434280395508e+00 1.711130261421203613e+00
2.285774230957031250e+01 2.806785583496093750e+00 1.094962120056152344e+00 1.711823463439941406e+00
2.287815093994140625e+01 2.807514190673828125e+00 1.092938899993896484e+00 1.714575648307800293e+00
2.289855957031250000e+01 2.809667825698852539e+00 1.094055652618408203e+00 1.715612292289733887e+00
2.291897010803222656e+01 2.806674480438232422e+00 1.093603849411010742e+00 1.713070154190063477e+00
2.293937873840332031e+01 2.802331447601318359e+00 1.093152642250061035e+00 1.709178805351257324e+00
2.295978736877441406e+01 2.804257154464721680e+00 1.093223571777343750e+00 1.711034059524536133e+00
2.298019599914550781e+01 2.801972866058349609e+00 1.092252731323242188e+00 1.709719538688659668e+00
2.300060462951660156e+01 2.801359653472900391e+00 1.091283440589904785e+00 1.710075974464416504e+00
2.302101325988769531e+01 2.800448656082153320e+00 1.091875791549682617e+00 1.708572864532470703e+00
2.304142189025878906e+01 2.798797130584716797e+00 1.092986583709716797e+00 1.705810189247131348e+00
2.316387367248535156e+01 2.806304216384887695e+00 1.090309143066406250e+00 1.715994477272033691e+00
2.318428230285644531e+01 2.779175758361816406e+00 1.089865684509277344e+00 1.689310312271118164e+00
2.320469093322753906e+01 2.774256944656372070e+00 1.090970396995544434e+00 1.683285713195800781e+00
2.328632736206054688e+01 2.757575273513793945e+00 1.090743899345397949e+00 1.666830778121948242e+00
2.334755134582519531e+01 2.744164705276489258e+00 1.089934349060058594e+00 1.654230475425720215e+00
2.336795997619628906e+01 2.734907865524291992e+00 1.088470101356506348e+00 1.646437644958496094e+00
2.338836860656738281e+01 2.732145071029663086e+00 1.087008595466613770e+00 1.645136356353759766e+00
2.342918777465820312e+01 2.720381975173950195e+00 1.084093093872070312e+00 1.636289358139038086e+00
2.357204818725585938e+01 2.705040216445922852e+00 1.077522873878479004e+00 1.627516746520996094e+00
2.359245681762695312e+01 2.729135990142822266e+00 1.082171559333801270e+00 1.646964311599731445e+00
2.361286544799804688e+01 2.710565090179443359e+00 1.077687859535217285e+00 1.632876873016357422e+00
2.369449996948242188e+01 2.694205522537231445e+00 1.072459340095520020e+00 1.621746540069580078e+00
2.371490859985351562e+01 2.696315288543701172e+00 1.071536421775817871e+00 1.624779582023620605e+00
2.373531723022460938e+01 2.688701629638671875e+00 1.072632193565368652e+00 1.616069436073303223e+00
2.375572776794433594e+01 2.686248302459716797e+00 1.071206808090209961e+00 1.615041732788085938e+00
2.377613449096679688e+01 2.715795040130615234e+00 1.073307991027832031e+00 1.642486691474914551e+00
2.379654312133789062e+01 2.684604644775390625e+00 1.064842462539672852e+00 1.619762539863586426e+00
2.381695175170898438e+01 2.684255599975585938e+00 1.065940380096435547e+00 1.618313550949096680e+00
2.383736038208007812e+01 2.683192014694213867e+00 1.063521385192871094e+00 1.619670391082763672e+00
2.387817764282226562e+01 2.679972887039184570e+00 1.064209699630737305e+00 1.615764737129211426e+00
2.389858627319335938e+01 2.680788278579711914e+00 1.061798334121704102e+00 1.618989109992980957e+00
2.393940544128417969e+01 2.676087141036987305e+00 1.058487892150878906e+00 1.617598295211791992e+00
2.400063133239746094e+01 2.675623655319213867e+00 1.061772346496582031e+00 1.613851428031921387e+00
2.402103805541992188e+01 2.679279804229736328e+00 1.060371994972229004e+00 1.618907332420349121e+00
2.406185722351074219e+01 2.676507711410522461e+00 1.059070706367492676e+00 1.617437958717346191e+00
2.408226585388183594e+01 2.682550907135009766e+00 1.056682109832763672e+00 1.625869154930114746e+00
2.410267448425292969e+01 2.688014268875122070e+00 1.060256838798522949e+00 1.627757430076599121e+00
2.412308311462402344e+01 2.689447164535522461e+00 1.062833070755004883e+00 1.626613616943359375e+00
2.414349174499511719e+01 2.687666654586791992e+00 1.058960080146789551e+00 1.628706097602844238e+00
2.420471763610839844e+01 2.684501171112060547e+00 1.057764887809753418e+00 1.626736283302307129e+00
2.426594352722167969e+01 2.693554162979125977e+00 1.062001824378967285e+00 1.631553053855895996e+00
2.428635215759277344e+01 2.692823171615600586e+00 1.060123682022094727e+00 1.632699370384216309e+00
2.430676078796386719e+01 2.689342975616455078e+00 1.059233546257019043e+00 1.630110263824462891e+00
2.434757804870605469e+01 2.690761566162109375e+00 1.056474566459655762e+00 1.634287118911743164e+00
2.444962310791015625e+01 2.674876928329467773e+00 1.051575660705566406e+00 1.623300552368164062e+00
2.447002983093261719e+01 2.678469657897949219e+00 1.051187872886657715e+00 1.627281308174133301e+00
2.451084709167480469e+01 2.673459768295288086e+00 1.046018958091735840e+00 1.627441167831420898e+00
2.457207489013671875e+01 2.669523000717163086e+00 1.042925357818603516e+00 1.626597404479980469e+00
2.459248352050781250e+01 2.720977783203125000e+00 1.051794171333312988e+00 1.669183492660522461e+00
2.463330078125000000e+01 2.659971475601196289e+00 1.034988164901733398e+00 1.624983072280883789e+00
2.465370941162109375e+01 2.657980442047119141e+00 1.032189369201660156e+00 1.625791311264038086e+00
2.471493530273437500e+01 2.651403903961181641e+00 1.029632449150085449e+00 1.621771335601806641e+00
2.473534393310546875e+01 2.651680707931518555e+00 1.028782844543457031e+00 1.622897863388061523e+00
2.483738708496093750e+01 2.628145217895507812e+00 1.015399694442749023e+00 1.612745523452758789e+00
2.485779571533203125e+01 2.625184059143066406e+00 1.013603091239929199e+00 1.611581087112426758e+00
2.487820434570312500e+01 2.624546527862548828e+00 1.010846972465515137e+00 1.613700270652770996e+00
2.489861488342285156e+01 2.623027801513671875e+00 1.010979771614074707e+00 1.612047791481018066e+00
2.491902351379394531e+01 2.613388538360595703e+00 1.008710861206054688e+00 1.604678153991699219e+00
2.493943023681640625e+01 2.614481925964355469e+00 1.009805202484130859e+00 1.604676604270935059e+00
2.502106475830078125e+01 2.606916189193725586e+00 1.006510496139526367e+00 1.600405812263488770e+00
2.504147338867187500e+01 2.611940383911132812e+00 1.005690217018127441e+00 1.606250524520874023e+00
2.506188392639160156e+01 2.606374979019165039e+00 1.004871249198913574e+00 1.601502656936645508e+00
2.508229255676269531e+01 2.609210014343261719e+00 1.005007982254028320e+00 1.604200959205627441e+00
2.510270118713378906e+01 2.606145620346069336e+00 1.004190921783447266e+00 1.601954936981201172e+00
2.512310981750488281e+01 2.611215114593505859e+00 1.005757451057434082e+00 1.605457901954650879e+00
2.514351844787597656e+01 2.629927873611450195e+00 1.010653614997863770e+00 1.619274377822875977e+00
2.516392517089843750e+01 2.610890388488769531e+00 1.003174781799316406e+00 1.607714891433715820e+00
2.518433380126953125e+01 2.609904050827026367e+00 1.002361893653869629e+00 1.607542276382446289e+00
2.520474243164062500e+01 2.617672443389892578e+00 1.004874348640441895e+00 1.612798094749450684e+00
2.522515296936035156e+01 2.615563154220581055e+00 1.005484938621520996e+00 1.610078334808349609e+00
2.524556159973144531e+01 2.616661071777343750e+00 1.006094455718994141e+00 1.610566377639770508e+00
2.526597023010253906e+01 2.619272947311401367e+00 1.005755543708801270e+00 1.613516688346862793e+00
2.528637886047363281e+01 2.622770309448242188e+00 1.008257269859313965e+00 1.614512324333190918e+00
2.530678749084472656e+01 2.625190496444702148e+00 1.008863091468811035e+00 1.616327285766601562e+00
2.532719612121582031e+01 2.628213167190551758e+00 1.009467959403991699e+00 1.618745565414428711e+00
2.534760475158691406e+01 2.628510236740112305e+00 1.010544061660766602e+00 1.617966771125793457e+00
2.536801338195800781e+01 2.637107372283935547e+00 1.013505697250366211e+00 1.623602032661437988e+00
2.538842201232910156e+01 2.635337829589843750e+00 1.013162493705749512e+00 1.622175931930541992e+00
2.540883064270019531e+01 2.634950399398803711e+00 1.014233112335205078e+00 1.620717883110046387e+00
2.542923927307128906e+01 2.636821508407592773e+00 1.014360427856445312e+00 1.622461795806884766e+00
2.544964790344238281e+01 2.640990257263183594e+00 1.015898704528808594e+00 1.625091791152954102e+00
2.547005653381347656e+01 2.641131401062011719e+00 1.016494393348693848e+00 1.624636650085449219e+00
2.549046516418457031e+01 2.642840623855590820e+00 1.017558932304382324e+00 1.625281333923339844e+00
2.551087379455566406e+01 2.642757177352905273e+00 1.018621563911437988e+00 1.624135136604309082e+00
2.553128242492675781e+01 2.644869089126586914e+00 1.020151495933532715e+00 1.624717831611633301e+00
2.555169296264648438e+01 2.643586397171020508e+00 1.020741939544677734e+00 1.622845172882080078e+00
2.557210159301757812e+01 2.645836114883422852e+00 1.021799564361572266e+00 1.624037146568298340e+00
2.559251022338867188e+01 2.645938158035278320e+00 1.023323297500610352e+00 1.622614502906799316e+00
2.561291885375976562e+01 2.651663780212402344e+00 1.025311827659606934e+00 1.626351952552795410e+00
2.563332557678222656e+01 2.647451639175415039e+00 1.023094654083251953e+00 1.624357104301452637e+00
2.565373420715332031e+01 2.650693416595458984e+00 1.025546908378601074e+00 1.625146865844726562e+00
2.567414283752441406e+01 2.647386074066162109e+00 1.025197744369506836e+00 1.622188568115234375e+00
2.569455146789550781e+01 2.644781351089477539e+00 1.024383425712585449e+00 1.620397448539733887e+00
2.571496200561523438e+01 2.645940542221069336e+00 1.026363372802734375e+00 1.619577407836914062e+00
2.573537063598632812e+01 2.643310070037841797e+00 1.024619221687316895e+00 1.618691802024841309e+00
2.575577926635742188e+01 2.642997503280639648e+00 1.025201439857482910e+00 1.617797255516052246e+00
2.577618789672851562e+01 2.640341997146606445e+00 1.026247143745422363e+00 1.614094495773315430e+00
2.579659652709960938e+01 2.640246391296386719e+00 1.027291297912597656e+00 1.612954974174499512e+00
2.581700515747070312e+01 2.636874437332153320e+00 1.026942849159240723e+00 1.609931468963623047e+00
2.583741378784179688e+01 2.631831884384155273e+00 1.026594877243041992e+00 1.605236768722534180e+00
2.585782241821289062e+01 2.631339311599731445e+00 1.026247501373291016e+00 1.605091452598571777e+00
2.587823104858398438e+01 2.627274513244628906e+00 1.025438308715820312e+00 1.601835846900939941e+00
2.589863967895507812e+01 2.622225046157836914e+00 1.023705840110778809e+00 1.598519086837768555e+00
2.591904830932617188e+01 2.616784334182739258e+00 1.024747014045715332e+00 1.592037558555603027e+00
2.593945693969726562e+01 2.620230436325073242e+00 1.024863600730895996e+00 1.595367193222045898e+00
2.595986557006835938e+01 2.613371372222900391e+00 1.023596763610839844e+00 1.589774489402770996e+00
2.598027420043945312e+01 2.610041379928588867e+00 1.022792696952819824e+00 1.587249159812927246e+00
2.600068283081054688e+01 2.606160163879394531e+00 1.021069169044494629e+00 1.585091829299926758e+00
2.602109146118164062e+01 2.604508399963378906e+00 1.021648287773132324e+00 1.582860350608825684e+00
2.604150009155273438e+01 2.598774433135986328e+00 1.020847678184509277e+00 1.577926754951477051e+00
2.606191062927246094e+01 2.595694541931152344e+00 1.020048260688781738e+00 1.575645565986633301e+00
2.608231925964355469e+01 2.592053174972534180e+00 1.018791198730468750e+00 1.573262453079223633e+00
2.610272598266601562e+01 2.588839054107666016e+00 1.017994642257690430e+00 1.570843458175659180e+00
2.612313461303710938e+01 2.592816352844238281e+00 1.018573880195617676e+00 1.574243068695068359e+00
2.614354324340820312e+01 2.583892107009887695e+00 1.016863107681274414e+00 1.567028999328613281e+00
2.616395187377929688e+01 2.584971904754638672e+00 1.016527533531188965e+00 1.568444490432739258e+00
2.618436050415039062e+01 2.576674461364746094e+00 1.016192197799682617e+00 1.560482025146484375e+00
2.620477104187011719e+01 2.578512430191040039e+00 1.017227888107299805e+00 1.561285138130187988e+00
2.622517967224121094e+01 2.570414543151855469e+00 1.013241410255432129e+00 1.557172298431396484e+00
2.624558830261230469e+01 2.573226928710937500e+00 1.018382191658020020e+00 1.554844260215759277e+00
2.626599693298339844e+01 2.569119930267333984e+00 1.014856696128845215e+00 1.554263830184936523e+00
2.628640556335449219e+01 2.567997694015502930e+00 1.014524102210998535e+00 1.553473830223083496e+00
2.630681419372558594e+01 2.567038059234619141e+00 1.015102028846740723e+00 1.551935434341430664e+00
2.632722091674804688e+01 2.567117452621459961e+00 1.014769911766052246e+00 1.552347302436828613e+00
2.634762954711914062e+01 2.564755439758300781e+00 1.014438033103942871e+00 1.550316810607910156e+00
2.636804008483886719e+01 2.565938711166381836e+00 1.015014886856079102e+00 1.550923585891723633e+00
2.638844871520996094e+01 2.564837932586669922e+00 1.015590548515319824e+00 1.549247384071350098e+00
2.640885734558105469e+01 2.565545797348022461e+00 1.015712141990661621e+00 1.549833059310913086e+00
2.642926597595214844e+01 2.564750432968139648e+00 1.015833616256713867e+00 1.548916339874267578e+00
2.644967460632324219e+01 2.566560745239257812e+00 1.017312526702880859e+00 1.549247980117797852e+00
2.647008323669433594e+01 2.567425489425659180e+00 1.017432570457458496e+00 1.549992799758911133e+00
2.649049186706542969e+01 2.568961620330810547e+00 1.018907904624938965e+00 1.550053715705871582e+00
2.651090049743652344e+01 2.567232131958007812e+00 1.019477963447570801e+00 1.547754406929016113e+00
2.653130912780761719e+01 2.572432279586791992e+00 1.020498394966125488e+00 1.551933646202087402e+00
2.655171966552734375e+01 2.572016716003417969e+00 1.021066308021545410e+00 1.550950288772583008e+00
2.657212638854980469e+01 2.575786828994750977e+00 1.022984862327575684e+00 1.552802562713623047e+00
2.659253501892089844e+01 2.578867673873901367e+00 1.024900555610656738e+00 1.553966999053955078e+00
2.661294364929199219e+01 2.582296371459960938e+00 1.025014042854309082e+00 1.557281851768493652e+00
2.663335227966308594e+01 2.582860469818115234e+00 1.026026248931884766e+00 1.556834697723388672e+00
2.665376091003417969e+01 2.583829879760742188e+00 1.026138663291931152e+00 1.557691693305969238e+00
2.667416954040527344e+01 2.586692094802856445e+00 1.027597308158874512e+00 1.559094905853271484e+00
2.669458007812500000e+01 2.590815067291259766e+00 1.029502034187316895e+00 1.561312675476074219e+00
2.671498870849609375e+01 2.590791702270507812e+00 1.030507683753967285e+00 1.560284137725830078e+00
2.673539733886718750e+01 2.593273878097534180e+00 1.030616521835327148e+00 1.562656998634338379e+00
2.675580596923828125e+01 2.596580505371093750e+00 1.031619787216186523e+00 1.564960360527038574e+00
2.677621459960937500e+01 2.597141981124877930e+00 1.032174587249755859e+00 1.564966678619384766e+00
2.679662132263183594e+01 2.600529909133911133e+00 1.033622026443481445e+00 1.566907525062561035e+00
2.681702995300292969e+01 2.602959394454956055e+00 1.035066962242126465e+00 1.567891597747802734e+00
2.683743858337402344e+01 2.602358341217041016e+00 1.035171866416931152e+00 1.567186474800109863e+00
2.685784912109375000e+01 2.605468511581420898e+00 1.035276532173156738e+00 1.570192217826843262e+00
2.687825775146484375e+01 2.608978033065795898e+00 1.036271810531616211e+00 1.572705268859863281e+00
2.689866638183593750e+01 2.608165025711059570e+00 1.036820530891418457e+00 1.571344614028930664e+00
2.691907501220703125e+01 2.610275745391845703e+00 1.037812948226928711e+00 1.572463393211364746e+00
2.693948364257812500e+01 2.609591245651245117e+00 1.037471175193786621e+00 1.572120428085327148e+00
2.695989227294921875e+01 2.606251716613769531e+00 1.036685824394226074e+00 1.569566726684570312e+00
2.698030090332031250e+01 2.609684228897094727e+00 1.038563489913940430e+00 1.571120381355285645e+00
2.700070953369140625e+01 2.611774682998657227e+00 1.038221716880798340e+00 1.573553323745727539e+00
2.702111816406250000e+01 2.609833240509033203e+00 1.037880539894104004e+00 1.571952581405639648e+00
2.704152679443359375e+01 2.608604431152343750e+00 1.037097215652465820e+00 1.571506500244140625e+00
2.706193542480468750e+01 2.608970165252685547e+00 1.038084387779235840e+00 1.570885777473449707e+00
2.708234405517578125e+01 2.607073068618774414e+00 1.036860227584838867e+00 1.570212602615356445e+00
2.710275268554687500e+01 2.606358051300048828e+00 1.036520957946777344e+00 1.569837331771850586e+00
2.712316131591796875e+01 2.603615283966064453e+00 1.034858345985412598e+00 1.568757295608520508e+00
2.714356994628906250e+01 2.603945016860961914e+00 1.035844206809997559e+00 1.568101286888122559e+00
2.716397857666015625e+01 2.601010322570800781e+00 1.034184694290161133e+00 1.566825628280639648e+00
2.718438720703125000e+01 2.599381446838378906e+00 1.033848524093627930e+00 1.565532684326171875e+00
2.720479774475097656e+01 2.594639062881469727e+00 1.031753063201904297e+00 1.562886238098144531e+00
2.722520446777343750e+01 2.594197511672973633e+00 1.032738327980041504e+00 1.561458706855773926e+00
2.724561500549316406e+01 2.592979192733764648e+00 1.030646800994873047e+00 1.562332868576049805e+00
2.726602172851562500e+01 2.587345600128173828e+00 1.029436230659484863e+00 1.557909131050109863e+00
2.728643226623535156e+01 2.584771394729614258e+00 1.027788877487182617e+00 1.556982636451721191e+00
2.730683898925781250e+01 2.581052780151367188e+00 1.026582598686218262e+00 1.554469466209411621e+00
2.732724952697753906e+01 2.578747749328613281e+00 1.025815844535827637e+00 1.552932500839233398e+00
2.734765815734863281e+01 2.574088811874389648e+00 1.023737192153930664e+00 1.550350904464721680e+00
2.736806488037109375e+01 2.572397232055664062e+00 1.023411273956298828e+00 1.548986077308654785e+00
2.738847541809082031e+01 2.567612171173095703e+00 1.021774530410766602e+00 1.545837640762329102e+00
2.740888214111328125e+01 2.563943862915039062e+00 1.020140409469604492e+00 1.543803095817565918e+00
2.742929267883300781e+01 2.560937881469726562e+00 1.018944978713989258e+00 1.541992902755737305e+00
2.744969940185546875e+01 2.556828737258911133e+00 1.017751216888427734e+00 1.539076924324035645e+00
2.747010993957519531e+01 2.555057287216186523e+00 1.018302202224731445e+00 1.536755084991455078e+00
2.749051666259765625e+01 2.549960136413574219e+00 1.014933943748474121e+00 1.535026431083679199e+00
2.751092720031738281e+01 2.546610593795776367e+00 1.013745903968811035e+00 1.532864689826965332e+00
2.753133583068847656e+01 2.541304588317871094e+00 1.010820627212524414e+00 1.530484080314636230e+00
2.755174636840820312e+01 2.539790630340576172e+00 1.009637355804443359e+00 1.530153393745422363e+00
2.757215309143066406e+01 2.535035610198974609e+00 1.008455872535705566e+00 1.526579022407531738e+00
2.759256362915039062e+01 2.532315969467163086e+00 1.007276177406311035e+00 1.525039792060852051e+00
2.761297035217285156e+01 2.531384944915771484e+00 1.005231380462646484e+00 1.526153087615966797e+00
2.763337707519531250e+01 2.526768445968627930e+00 1.005355358123779297e+00 1.521412968635559082e+00
2.765378761291503906e+01 2.523534536361694336e+00 1.003314733505249023e+00 1.520219683647155762e+00
2.767419624328613281e+01 2.521370887756347656e+00 1.002142310142517090e+00 1.519228339195251465e+00
2.769460678100585938e+01 2.511167287826538086e+00 9.975140094757080078e-01 1.513653397560119629e+00
2.771501350402832031e+01 2.517918825149536133e+00 1.000666499137878418e+00 1.517252206802368164e+00
2.773542404174804688e+01 2.516182899475097656e+00 9.999300837516784668e-01 1.516252994537353516e+00
2.775583076477050781e+01 2.515660047531127930e+00 9.979012012481689453e-01 1.517759084701538086e+00
2.777624130249023438e+01 2.512352466583251953e+00 9.975988864898681641e-01 1.514753580093383789e+00
2.779664802551269531e+01 2.512042045593261719e+00 9.964358806610107422e-01 1.515606760978698730e+00
2.781705856323242188e+01 2.510151147842407227e+00 9.952744245529174805e-01 1.514876604080200195e+00
2.783746528625488281e+01 2.509893655776977539e+00 9.949747920036315918e-01 1.514918804168701172e+00
2.785787391662597656e+01 2.508852481842041016e+00 9.942459464073181152e-01 1.514606237411499023e+00
2.787828445434570312e+01 2.508590698242187500e+00 9.935179948806762695e-01 1.515071511268615723e+00
2.789869117736816406e+01 2.507032871246337891e+00 9.927912950515747070e-01 1.514242053031921387e+00
2.791910171508789062e+01 2.506591320037841797e+00 9.912078976631164551e-01 1.515383720397949219e+00
2.793950843811035156e+01 2.507783889770507812e+00 9.909124374389648438e-01 1.516871571540832520e+00
2.795991897583007812e+01 2.506988286972045898e+00 9.897608757019042969e-01 1.517227768898010254e+00
2.798032569885253906e+01 2.508902072906494141e+00 9.907501935958862305e-01 1.518152236938476562e+00
2.800073623657226562e+01 2.510093212127685547e+00 9.904555082321166992e-01 1.519637346267700195e+00
2.802114486694335938e+01 2.509047508239746094e+00 9.893069863319396973e-01 1.519740581512451172e+00
2.804155540466308594e+01 2.510848760604858398e+00 9.894406199455261230e-01 1.521408557891845703e+00
2.806196212768554688e+01 2.510985374450683594e+00 9.887210726737976074e-01 1.522264361381530762e+00
2.808236885070800781e+01 2.511420965194702148e+00 9.888550639152526855e-01 1.522566676139831543e+00
2.810277938842773438e+01 2.512317895889282227e+00 9.885628223419189453e-01 1.523754954338073730e+00
2.812318611145019531e+01 2.514675140380859375e+00 9.886966347694396973e-01 1.525977611541748047e+00
2.814359664916992188e+01 2.515222787857055664e+00 9.879795908927917480e-01 1.527243494987487793e+00
2.816400527954101562e+01 2.517244577407836914e+00 9.885387420654296875e-01 1.528706192970275879e+00
2.818441581726074219e+01 2.516513824462890625e+00 9.873982667922973633e-01 1.529116630554199219e+00
2.820482254028320312e+01 2.518227338790893555e+00 9.875325560569763184e-01 1.530694365501403809e+00
2.822523307800292969e+01 2.520231008529663086e+00 9.876666069030761719e-01 1.532564043998718262e+00
2.824563980102539062e+01 2.520969152450561523e+00 9.873768091201782227e-01 1.533592700958251953e+00
2.826605033874511719e+01 2.521119594573974609e+00 9.870873093605041504e-01 1.534032225608825684e+00
2.828645706176757812e+01 2.519427537918090820e+00 9.851056337356567383e-01 1.534322381019592285e+00
2.830686378479003906e+01 2.524453163146972656e+00 9.882011413574218750e-01 1.536252260208129883e+00
2.832727432250976562e+01 2.524204730987548828e+00 9.870666265487670898e-01 1.537138223648071289e+00
2.834768295288085938e+01 2.524220466613769531e+00 9.867781996726989746e-01 1.537442445755004883e+00
2.836809349060058594e+01 2.523650407791137695e+00 9.856464266777038574e-01 1.538003683090209961e+00
2.838850021362304688e+01 2.522785425186157227e+00 9.840944409370422363e-01 1.538689970970153809e+00
2.840891075134277344e+01 2.524419784545898438e+00 9.846514463424682617e-01 1.539768815040588379e+00
2.842931747436523438e+01 2.523142099380493164e+00 9.839446544647216797e-01 1.539197325706481934e+00
2.844972801208496094e+01 2.520264387130737305e+00 9.823973774909973145e-01 1.537867426872253418e+00
2.847013473510742188e+01 2.521745443344116211e+00 9.816932082176208496e-01 1.540052533149719238e+00
2.849054527282714844e+01 2.531832218170166016e+00 9.847709536552429199e-01 1.547061085700988770e+00
2.851095390319824219e+01 2.522445917129516602e+00 9.802877902984619141e-01 1.542158603668212891e+00
2.853136062622070312e+01 2.519887208938598633e+00 9.795866012573242188e-01 1.540301322937011719e+00
2.855177116394042969e+01 2.515429496765136719e+00 9.772093892097473145e-01 1.538220882415771484e+00
2.857217788696289062e+01 2.517869234085083008e+00 9.781872034072875977e-01 1.539682149887084961e+00
2.859258842468261719e+01 2.514178752899169922e+00 9.774889349937438965e-01 1.536689639091491699e+00
2.861299514770507812e+01 2.513094425201416016e+00 9.759550094604492188e-01 1.537138819694519043e+00
2.863340568542480469e+01 2.512733936309814453e+00 9.760954976081848145e-01 1.536638617515563965e+00
2.865381431579589844e+01 2.506777524948120117e+00 9.716406464576721191e-01 1.535136938095092773e+00
2.867422294616699219e+01 2.505100965499877930e+00 9.696967005729675293e-01 1.535404682159423828e+00
2.869463157653808594e+01 2.500466108322143555e+00 9.694243073463439941e-01 1.531042456626892090e+00
2.871504211425781250e+01 2.498230695724487305e+00 9.679015278816223145e-01 1.530329346656799316e+00
2.873544883728027344e+01 2.490955591201782227e+00 9.647148251533508301e-01 1.526241421699523926e+00
2.875585937500000000e+01 2.493716239929199219e+00 9.656951427459716797e-01 1.528021216392517090e+00
2.877626609802246094e+01 2.488044261932373047e+00 9.629305601119995117e-01 1.525114059448242188e+00
2.879667282104492188e+01 2.475378751754760742e+00 9.543505907058715820e-01 1.521028399467468262e+00
2.881708335876464844e+01 2.480279445648193359e+00 9.582436680793762207e-01 1.522035717964172363e+00
2.883749198913574219e+01 2.474380731582641602e+00 9.554902315139770508e-01 1.518891215324401855e+00
2.885790252685546875e+01 2.472368955612182617e+00 9.548144340515136719e-01 1.517554879188537598e+00
2.887830924987792969e+01 2.468529224395751953e+00 9.516527652740478516e-01 1.516876220703125000e+00
2.889871978759765625e+01 2.462140321731567383e+00 9.489096999168395996e-01 1.513231277465820312e+00
2.891912651062011719e+01 2.459531545639038086e+00 9.474123120307922363e-01 1.512118697166442871e+00
2.893953704833984375e+01 2.454982042312622070e+00 9.455032348632812500e-01 1.509478688240051270e+00
2.895994377136230469e+01 2.449543952941894531e+00 9.427704811096191406e-01 1.506773948669433594e+00
2.898035430908203125e+01 2.445000886917114258e+00 9.396283030509948730e-01 1.505371928215026855e+00
2.900076293945312500e+01 2.441198110580444336e+00 9.381417036056518555e-01 1.503056287765502930e+00
2.902116966247558594e+01 2.438226699829101562e+00 9.362447261810302734e-01 1.501982331275939941e+00
2.904158020019531250e+01 2.433002471923828125e+00 9.335259199142456055e-01 1.499476790428161621e+00
2.906198692321777344e+01 2.429241895675659180e+00 9.312229156494140625e-01 1.498018980026245117e+00
2.908239746093750000e+01 2.424457311630249023e+00 9.280999302864074707e-01 1.496357202529907227e+00
2.910280418395996094e+01 2.421741724014282227e+00 9.274491071701049805e-01 1.494292378425598145e+00
2.912321472167968750e+01 2.417761325836181641e+00 9.247441887855529785e-01 1.493017435073852539e+00
2.914362144470214844e+01 2.414094924926757812e+00 9.228644371032714844e-01 1.491230607032775879e+00
2.916403198242187500e+01 2.410567045211791992e+00 9.205769896507263184e-01 1.489990115165710449e+00
2.918444061279296875e+01 2.406527996063232422e+00 9.182927012443542480e-01 1.488234877586364746e+00
2.920485115051269531e+01 2.404441356658935547e+00 9.164214134216308594e-01 1.488020062446594238e+00
2.922525787353515625e+01 2.399813413619995117e+00 9.141432046890258789e-01 1.485669970512390137e+00
2.924566459655761719e+01 2.399973630905151367e+00 9.135053753852844238e-01 1.486468434333801270e+00
2.926607513427734375e+01 2.396379947662353516e+00 9.116412997245788574e-01 1.484739422798156738e+00
2.928648185729980469e+01 2.394397258758544922e+00 9.097799658775329590e-01 1.484616875648498535e+00
2.930689239501953125e+01 2.392159700393676758e+00 9.079210162162780762e-01 1.484238862991333008e+00
2.932730102539062500e+01 2.390280246734619141e+00 9.072892665863037109e-01 1.482990741729736328e+00
2.934771156311035156e+01 2.388973474502563477e+00 9.054347276687622070e-01 1.483538508415222168e+00
2.936811828613281250e+01 2.387192249298095703e+00 9.039904475212097168e-01 1.483201622962951660e+00
2.938852882385253906e+01 2.385707855224609375e+00 9.029552936553955078e-01 1.482752919197082520e+00
2.940893554687500000e+01 2.387865543365478516e+00 9.027357697486877441e-01 1.485129714012145996e+00
2.942934608459472656e+01 2.385037422180175781e+00 9.008895158767700195e-01 1.484147787094116211e+00
2.944975280761718750e+01 2.383443832397460938e+00 8.994523286819458008e-01 1.483991384506225586e+00
2.947016143798828125e+01 2.383316040039062500e+00 8.996418714523315430e-01 1.483673810958862305e+00
2.949057197570800781e+01 2.384586095809936523e+00 8.994250297546386719e-01 1.485161662101745605e+00
2.951097869873046875e+01 2.382657527923583984e+00 8.979918956756591797e-01 1.484665393829345703e+00
2.953138923645019531e+01 2.384163141250610352e+00 8.977766036987304688e-01 1.486386299133300781e+00
2.955179595947265625e+01 2.382658720016479492e+00 8.967515826225280762e-01 1.485906839370727539e+00
2.957220649719238281e+01 2.382132530212402344e+00 8.957278728485107422e-01 1.486405134201049805e+00
2.959261322021484375e+01 2.382136583328247070e+00 8.955146670341491699e-01 1.486621975898742676e+00
2.961302375793457031e+01 2.382052183151245117e+00 8.948974609375000000e-01 1.487154483795166016e+00
2.963343048095703125e+01 2.382620811462402344e+00 8.942811489105224609e-01 1.488339543342590332e+00
2.965384101867675781e+01 2.382703781127929688e+00 8.932619690895080566e-01 1.489441156387329102e+00
2.967424964904785156e+01 2.381720781326293945e+00 8.926476836204528809e-01 1.489072561264038086e+00
2.969465637207031250e+01 2.380350351333618164e+00 8.932434916496276855e-01 1.487106919288635254e+00
2.971506690979003906e+01 2.381412267684936523e+00 8.918243646621704102e-01 1.489587306976318359e+00
2.973547363281250000e+01 2.381578445434570312e+00 8.912122845649719238e-01 1.490365982055664062e+00
2.975588417053222656e+01 2.381316184997558594e+00 8.910032510757446289e-01 1.490313291549682617e+00
2.977629089355468750e+01 2.380571842193603516e+00 8.899906277656555176e-01 1.490581631660461426e+00
2.979670143127441406e+01 2.379260063171386719e+00 8.885775804519653320e-01 1.490682363510131836e+00
2.981711006164550781e+01 2.378395318984985352e+00 8.879694342613220215e-01 1.490426182746887207e+00
2.983752059936523438e+01 2.377581834793090820e+00 8.865596055984497070e-01 1.491022944450378418e+00
2.985792732238769531e+01 2.375159263610839844e+00 8.855527639389038086e-01 1.489606499671936035e+00
2.987833786010742188e+01 2.373384475708007812e+00 8.841466307640075684e-01 1.489237904548645020e+00
2.989874458312988281e+01 2.368140220642089844e+00 8.831428289413452148e-01 1.484997034072875977e+00
2.991915130615234375e+01 2.367903232574462891e+00 8.805401921272277832e-01 1.487363815307617188e+00
2.993956184387207031e+01 2.366696119308471680e+00 8.799399137496948242e-01 1.486755490303039551e+00
2.995997047424316406e+01 2.363812923431396484e+00 8.781419992446899414e-01 1.485670924186706543e+00
2.998037910461425781e+01 2.360853910446166992e+00 8.767455816268920898e-01 1.484107851982116699e+00
3.000078773498535156e+01 2.357872486114501953e+00 8.749523162841796875e-01 1.482920408248901367e+00
3.002119827270507812e+01 2.353718280792236328e+00 8.723639845848083496e-01 1.481354355812072754e+00
3.004160499572753906e+01 2.350088834762573242e+00 8.705760240554809570e-01 1.479512929916381836e+00
3.006201553344726562e+01 2.346873998641967773e+00 8.683923482894897461e-01 1.478481054306030273e+00
3.008242225646972656e+01 2.341902971267700195e+00 8.662117123603820801e-01 1.475690841674804688e+00
3.010283279418945312e+01 2.337756156921386719e+00 8.640338778495788574e-01 1.473722219467163086e+00
3.012323951721191406e+01 2.332696199417114258e+00 8.614617586135864258e-01 1.471235036849975586e+00
3.014365005493164062e+01 2.330291986465454102e+00 8.604813814163208008e-01 1.469811320304870605e+00
3.016405868530273438e+01 2.323746919631958008e+00 8.571215271949768066e-01 1.466625332832336426e+00
3.018446540832519531e+01 2.318705797195434570e+00 8.541626930236816406e-01 1.464543819427490234e+00
3.020487594604492188e+01 2.314191102981567383e+00 8.520004153251647949e-01 1.462190628051757812e+00
3.022528266906738281e+01 2.308829784393310547e+00 8.498411774635314941e-01 1.458988666534423828e+00
3.024569320678710938e+01 2.303826570510864258e+00 8.472889065742492676e-01 1.456538081169128418e+00
3.026609992980957031e+01 2.297998428344726562e+00 8.447402715682983398e-01 1.453258275985717773e+00
3.028651046752929688e+01 2.293797731399536133e+00 8.421949148178100586e-01 1.451603055000305176e+00
3.030691909790039062e+01 2.289105176925659180e+00 8.400480151176452637e-01 1.449056625366210938e+00
3.032732963562011719e+01 2.287164926528930664e+00 8.375092744827270508e-01 1.449655890464782715e+00
3.034773635864257812e+01 2.277720689773559570e+00 8.341851830482482910e-01 1.443535566329956055e+00
3.036814689636230469e+01 2.275532484054565430e+00 8.340186476707458496e-01 1.441514015197753906e+00
3.038855361938476562e+01 2.262242794036865234e+00 8.310952782630920410e-01 1.431147456169128418e+00
3.040896034240722656e+01 2.266911029815673828e+00 8.297503590583801270e-01 1.437160730361938477e+00
3.042937088012695312e+01 2.263235330581665039e+00 8.276203274726867676e-01 1.435614943504333496e+00
3.044977760314941406e+01 2.257061481475830078e+00 8.270656466484069824e-01 1.429995894432067871e+00
3.047018814086914062e+01 2.253919124603271484e+00 8.229762315750122070e-01 1.430943489074707031e+00
3.049059677124023438e+01 2.242972135543823242e+00 8.196774721145629883e-01 1.423295259475708008e+00
3.051100730895996094e+01 2.250285625457763672e+00 8.218752741813659668e-01 1.428410649299621582e+00
3.053141403198242188e+01 2.245008230209350586e+00 8.193656802177429199e-01 1.425642371177673340e+00
3.055182456970214844e+01 2.241531372070312500e+00 8.184264898300170898e-01 1.423104882240295410e+00
3.057223129272460938e+01 2.237644672393798828e+00 8.167056441307067871e-01 1.420938730239868164e+00
3.059264183044433594e+01 2.235424995422363281e+00 8.157695531845092773e-01 1.419654965400695801e+00
3.061304855346679688e+01 2.232111692428588867e+00 8.140527009963989258e-01 1.418058991432189941e+00
3.063345718383789062e+01 2.230099678039550781e+00 8.131197690963745117e-01 1.416979789733886719e+00
3.065386772155761719e+01 2.228488206863403320e+00 8.125783205032348633e-01 1.415910005569458008e+00
3.067427444458007812e+01 2.226916074752807617e+00 8.116474747657775879e-01 1.415268421173095703e+00
3.069468498229980469e+01 2.225102424621582031e+00 8.103278875350952148e-01 1.414774894714355469e+00
3.071509170532226562e+01 2.223650932312011719e+00 8.093997836112976074e-01 1.414251685142517090e+00
3.073550224304199219e+01 2.222519874572753906e+00 8.088622689247131348e-01 1.413657188415527344e+00
3.075590896606445312e+01 2.221236467361450195e+00 8.079364299774169922e-01 1.413299441337585449e+00
3.077631950378417969e+01 2.219912052154541016e+00 8.066228032112121582e-01 1.413288354873657227e+00
3.079672813415527344e+01 2.218461513519287109e+00 8.045336008071899414e-01 1.413927555084228516e+00
3.081713676452636719e+01 2.217047929763793945e+00 8.032239079475402832e-01 1.413824439048767090e+00
3.083754539489746094e+01 2.215809583663940430e+00 8.019160628318786621e-01 1.413893818855285645e+00
3.085795211791992188e+01 2.214149475097656250e+00 7.994462847709655762e-01 1.414703488349914551e+00
3.087836265563964844e+01 2.212656497955322266e+00 7.981426119804382324e-01 1.414514064788818359e+00
3.089876937866210938e+01 2.211682796478271484e+00 7.968407273292541504e-01 1.414841771125793457e+00
3.091917991638183594e+01 2.211844682693481445e+00 7.970889806747436523e-01 1.414755821228027344e+00
3.093958663940429688e+01 2.213776826858520508e+00 7.988843917846679688e-01 1.414892911911010742e+00
3.095999717712402344e+01 2.216472148895263672e+00 8.022238612174987793e-01 1.414248466491699219e+00
3.098040580749511719e+01 2.225051403045654297e+00 8.098089694976806641e-01 1.415242195129394531e+00
3.100081634521484375e+01 2.229941129684448242e+00 8.158395886421203613e-01 1.414101243019104004e+00
3.102122306823730469e+01 2.227507829666137695e+00 8.114443421363830566e-01 1.416063308715820312e+00
3.104163360595703125e+01 2.219231128692626953e+00 8.028132915496826172e-01 1.416417360305786133e+00
3.106204032897949219e+01 2.221724748611450195e+00 8.042126297950744629e-01 1.417512178421020508e+00
3.108244705200195312e+01 2.228799819946289062e+00 8.156224489212036133e-01 1.413177132606506348e+00
3.110285758972167969e+01 2.233097314834594727e+00 8.200900554656982422e-01 1.413007378578186035e+00
3.112326622009277344e+01 2.235646724700927734e+00 8.214752674102783203e-01 1.414171099662780762e+00
3.114367675781250000e+01 2.237144708633422852e+00 8.217055797576904297e-01 1.415439486503601074e+00
3.116408348083496094e+01 2.237099647521972656e+00 8.215515613555908203e-01 1.415548205375671387e+00
3.118449401855468750e+01 2.236680030822753906e+00 8.198623657226562500e-01 1.416817545890808105e+00
3.120490074157714844e+01 2.236556053161621094e+00 8.170246481895446777e-01 1.419531702995300293e+00
3.122531127929687500e+01 2.238791465759277344e+00 8.141906857490539551e-01 1.424600839614868164e+00
3.124571800231933594e+01 2.255422830581665039e+00 8.148081302642822266e-01 1.440614700317382812e+00
3.126612854003906250e+01 2.289572715759277344e+00 8.112136721611022949e-01 1.478359460830688477e+00
3.128653526306152344e+01 2.248836040496826172e+00 8.034155368804931641e-01 1.445420265197753906e+00
3.130694580078125000e+01 2.251068592071533203e+00 8.147439360618591309e-01 1.436324715614318848e+00
3.132735443115234375e+01 2.257021903991699219e+00 8.237652182579040527e-01 1.433257102966308594e+00
3.134776115417480469e+01 2.257738351821899414e+00 8.274291157722473145e-01 1.430309176445007324e+00
3.136817169189453125e+01 2.259263753890991211e+00 8.291801810264587402e-01 1.430084109306335449e+00
3.138857841491699219e+01 2.257621526718139648e+00 8.301665186882019043e-01 1.427454829216003418e+00
3.140898895263671875e+01 2.260407924652099609e+00 8.326756358146667480e-01 1.427731990814208984e+00
3.142939567565917969e+01 2.263875484466552734e+00 8.355625867843627930e-01 1.428312659263610840e+00
3.144980621337890625e+01 2.270297050476074219e+00 8.407291769981384277e-01 1.429568409919738770e+00
3.147021484375000000e+01 2.281634569168090820e+00 8.493123054504394531e-01 1.432322740554809570e+00
3.149062538146972656e+01 2.302968978881835938e+00 8.609250187873840332e-01 1.442044496536254883e+00
3.151103210449218750e+01 2.347028493881225586e+00 8.801198005676269531e-01 1.466909289360046387e+00
3.153144264221191406e+01 2.323431253433227539e+00 8.818277120590209961e-01 1.441603422164916992e+00
3.155184936523437500e+01 2.242221117019653320e+00 8.110755085945129395e-01 1.431146144866943359e+00
3.157225608825683594e+01 2.216617345809936523e+00 8.143423795700073242e-01 1.402274847030639648e+00
3.159266662597656250e+01 2.229653120040893555e+00 8.301078081130981445e-01 1.399545550346374512e+00
3.161307525634765625e+01 2.251798629760742188e+00 8.496391177177429199e-01 1.402159452438354492e+00
3.163348579406738281e+01 2.277485370635986328e+00 8.702803850173950195e-01 1.407204866409301758e+00
3.165389251708984375e+01 2.302862644195556641e+00 8.863573670387268066e-01 1.416505455970764160e+00
3.167430305480957031e+01 2.321281671524047852e+00 8.940999507904052734e-01 1.427181124687194824e+00
3.169470977783203125e+01 2.324239492416381836e+00 8.882371783256530762e-01 1.436002731323242188e+00
3.171512031555175781e+01 2.316123247146606445e+00 8.752110600471496582e-01 1.440912008285522461e+00
3.173552703857421875e+01 2.303114652633666992e+00 8.610702753067016602e-01 1.442044258117675781e+00
3.175593757629394531e+01 2.292336225509643555e+00 8.510937094688415527e-01 1.441242218017578125e+00
3.177634429931640625e+01 2.285480737686157227e+00 8.467803597450256348e-01 1.438700914382934570e+00
3.179675292968750000e+01 2.280510425567626953e+00 8.443546891212463379e-01 1.436156153678894043e+00
3.181716346740722656e+01 2.284725427627563477e+00 8.502084612846374512e-01 1.434516191482543945e+00
3.183757019042968750e+01 2.297851085662841797e+00 8.628218770027160645e-01 1.435029506683349609e+00
3.185798072814941406e+01 2.329764604568481445e+00 8.874421715736389160e-01 1.442323088645935059e+00
3.187838745117187500e+01 2.391294002532958984e+00 9.278008937835693359e-01 1.463492870330810547e+00
3.189879798889160156e+01 2.508385419845581055e+00 9.928734898567199707e-01 1.515512228012084961e+00
3.191920471191406250e+01 2.493912696838378906e+00 9.266144633293151855e-01 1.567298412322998047e+00
3.193961524963378906e+01 2.419188499450683594e+00 8.911700248718261719e-01 1.528019070625305176e+00
3.196002388000488281e+01 2.281229496002197266e+00 8.149486184120178223e-01 1.466281175613403320e+00
3.198043441772460938e+01 2.221534013748168945e+00 7.912232279777526855e-01 1.430310606956481934e+00
3.200083923339843750e+01 2.198518991470336914e+00 7.884744405746459961e-01 1.410044431686401367e+00
3.202124786376953125e+01 2.194306373596191406e+00 7.969431877136230469e-01 1.397362947463989258e+00
3.204166030883789062e+01 2.197631359100341797e+00 8.091366887092590332e-01 1.388494491577148438e+00
3.206206512451171875e+01 2.213775396347045898e+00 8.306478261947631836e-01 1.383127331733703613e+00
3.208247756958007812e+01 2.236585855484008789e+00 8.539969325065612793e-01 1.382588505744934082e+00
3.210288238525390625e+01 2.251226425170898438e+00 8.642666935920715332e-01 1.386959671974182129e+00
3.212329483032226562e+01 2.246845722198486328e+00 8.544023036956787109e-01 1.392443418502807617e+00
3.214369964599609375e+01 2.217884778976440430e+00 8.248144388198852539e-01 1.393070220947265625e+00
3.216411209106445312e+01 2.178489208221435547e+00 7.881934642791748047e-01 1.390296578407287598e+00
3.218451690673828125e+01 2.147632122039794922e+00 7.598007917404174805e-01 1.387831687927246094e+00
3.220492935180664062e+01 2.125812053680419922e+00 7.422224879264831543e-01 1.383589625358581543e+00
3.222533798217773438e+01 2.118875026702880859e+00 7.358095645904541016e-01 1.383065581321716309e+00
3.224574279785156250e+01 2.133498668670654297e+00 7.427678704261779785e-01 1.390730738639831543e+00
3.226615524291992188e+01 2.121833086013793945e+00 7.530559897422790527e-01 1.368777394294738770e+00
3.228656005859375000e+01 2.115129470825195312e+00 7.548043727874755859e-01 1.360325336456298828e+00
3.230697250366210938e+01 2.111795186996459961e+00 7.498815655708312988e-01 1.361913442611694336e+00
3.232737731933593750e+01 2.109214305877685547e+00 7.438542842864990234e-01 1.365359783172607422e+00
3.234778976440429688e+01 2.100129127502441406e+00 7.296938300132751465e-01 1.370434999465942383e+00
3.236819839477539062e+01 2.088609218597412109e+00 7.210983633995056152e-01 1.367511034011840820e+00
3.238860702514648438e+01 2.110390663146972656e+00 7.380132675170898438e-01 1.372377634048461914e+00
3.240901565551757812e+01 2.147640466690063477e+00 7.678334712982177734e-01 1.379806756973266602e+00
3.242942428588867188e+01 2.195343971252441406e+00 8.024143576622009277e-01 1.392929553985595703e+00
3.244983291625976562e+01 2.255589723587036133e+00 8.476489186286926270e-01 1.407940983772277832e+00
3.247023773193359375e+01 2.340322017669677734e+00 8.880342841148376465e-01 1.452288150787353516e+00
3.249065017700195312e+01 2.300771951675415039e+00 8.196907639503479004e-01 1.481080532073974609e+00
3.251105880737304688e+01 2.182234525680541992e+00 7.352336645126342773e-01 1.447001218795776367e+00
3.253146743774414062e+01 2.145366668701171875e+00 7.204227447509765625e-01 1.424944043159484863e+00
3.255187606811523438e+01 2.117749929428100586e+00 7.126169800758361816e-01 1.405133008956909180e+00
3.257228469848632812e+01 2.093933820724487305e+00 7.140078544616699219e-01 1.379926562309265137e+00
3.259269332885742188e+01 2.083566665649414062e+00 7.198039889335632324e-01 1.363762736320495605e+00
3.261310195922851562e+01 2.102430582046508789e+00 7.443106770515441895e-01 1.358119845390319824e+00
3.263351058959960938e+01 2.125747442245483398e+00 7.687867283821105957e-01 1.356960654258728027e+00
3.265391921997070312e+01 2.131611347198486328e+00 7.672064900398254395e-01 1.364405512809753418e+00
3.267432785034179688e+01 2.136729001998901367e+00 7.630640864372253418e-01 1.373665213584899902e+00
3.269473648071289062e+01 2.142055273056030273e+00 7.658826112747192383e-01 1.376172542572021484e+00
3.271514511108398438e+01 2.142461299896240234e+00 7.752834558486938477e-01 1.367177963256835938e+00
3.273555374145507812e+01 2.153972864151000977e+00 7.916197776794433594e-01 1.362352967262268066e+00
3.275596237182617188e+01 2.190952301025390625e+00 8.342456817626953125e-01 1.356706619262695312e+00
3.277637100219726562e+01 2.243944168090820312e+00 8.925216197967529297e-01 1.351422190666198730e+00
3.279677963256835938e+01 2.254944324493408203e+00 9.083895087242126465e-01 1.346554398536682129e+00
3.281718826293945312e+01 2.261157035827636719e+00 9.118367433547973633e-01 1.349320054054260254e+00
3.283759689331054688e+01 2.326048612594604492e+00 9.859939813613891602e-01 1.340053677558898926e+00
3.285800552368164062e+01 2.410988330841064453e+00 1.072809219360351562e+00 1.338179945945739746e+00
3.287841796875000000e+01 2.323546648025512695e+00 9.916870594024658203e-01 1.331860303878784180e+00
3.289882278442382812e+01 2.326181888580322266e+00 9.910719394683837891e-01 1.335109591484069824e+00
3.291923522949218750e+01 2.255736827850341797e+00 9.170093536376953125e-01 1.338727951049804688e+00
3.293964004516601562e+01 2.206538200378417969e+00 8.644781112670898438e-01 1.342060446739196777e+00
3.296004867553710938e+01 2.177678585052490234e+00 8.316221237182617188e-01 1.346056342124938965e+00
3.298045730590820312e+01 2.162881851196289062e+00 8.144127130508422852e-01 1.348469138145446777e+00
3.300086593627929688e+01 2.125128746032714844e+00 7.899706363677978516e-01 1.335158228874206543e+00
3.302127456665039062e+01 2.102946519851684570e+00 7.757081389427185059e-01 1.327238678932189941e+00
3.304168319702148438e+01 2.091367483139038086e+00 7.668970823287963867e-01 1.324470043182373047e+00
3.306209564208984375e+01 2.085557460784912109e+00 7.609931826591491699e-01 1.324564218521118164e+00
3.308250045776367188e+01 2.090250015258789062e+00 7.608855366706848145e-01 1.329364895820617676e+00
3.310291290283203125e+01 2.117448568344116211e+00 7.712640166282653809e-01 1.346184849739074707e+00
3.312331771850585938e+01 2.163483858108520508e+00 7.707888484001159668e-01 1.392694234848022461e+00
3.314373016357421875e+01 2.136815547943115234e+00 7.230046987533569336e-01 1.413811206817626953e+00
3.316413497924804688e+01 2.081384181976318359e+00 7.041528820991516113e-01 1.377230882644653320e+00
3.318454360961914062e+01 2.064472675323486328e+00 7.264438271522521973e-01 1.338028907775878906e+00
3.320495605468750000e+01 2.090196371078491211e+00 7.259972691535949707e-01 1.364198684692382812e+00
3.322536087036132812e+01 2.086891889572143555e+00 7.287936806678771973e-01 1.358098387718200684e+00
3.324577331542968750e+01 2.068874597549438477e+00 7.074642777442932129e-01 1.361410140991210938e+00
3.326617813110351562e+01 2.070461988449096680e+00 7.070302963256835938e-01 1.363432049751281738e+00
3.328659057617187500e+01 2.117454051971435547e+00 7.400387525558471680e-01 1.377415180206298828e+00
3.330699539184570312e+01 2.136367797851562500e+00 7.320385575294494629e-01 1.404328942298889160e+00
3.332740783691406250e+01 2.070384502410888672e+00 6.497038602828979492e-01 1.420680999755859375e+00
3.334781646728515625e+01 2.074655771255493164e+00 6.708421111106872559e-01 1.403813481330871582e+00
3.336822509765625000e+01 2.131529569625854492e+00 7.393043637275695801e-01 1.392225027084350586e+00
3.338863372802734375e+01 2.177433013916015625e+00 7.951357960700988770e-01 1.382297277450561523e+00
3.340903854370117188e+01 2.138834714889526367e+00 7.684961557388305664e-01 1.370338320732116699e+00
3.342945098876953125e+01 2.096487283706665039e+00 7.379503846168518066e-01 1.358536481857299805e+00
3.344985580444335938e+01 2.110844612121582031e+00 7.611173391342163086e-01 1.349726915359497070e+00
3.347026824951171875e+01 2.116075038909912109e+00 7.717393636703491211e-01 1.344335675239562988e+00
3.349067306518554688e+01 2.099399566650390625e+00 7.573305368423461914e-01 1.342068910598754883e+00
3.351108551025390625e+01 2.066627502441406250e+00 7.197223305702209473e-01 1.346905589103698730e+00
3.353149414062500000e+01 2.016566753387451172e+00 7.010791301727294922e-01 1.315487623214721680e+00
3.355190277099609375e+01 2.004611730575561523e+00 7.006525993347167969e-01 1.303958892822265625e+00
3.357231140136718750e+01 2.075290441513061523e+00 7.362362742424011230e-01 1.339054465293884277e+00
3.359272003173828125e+01 2.088437318801879883e+00 7.179732918739318848e-01 1.370463848114013672e+00
3.361312866210937500e+01 2.021108627319335938e+00 6.748056411743164062e-01 1.346302986145019531e+00
3.363353347778320312e+01 2.013764142990112305e+00 6.743962168693542480e-01 1.339367866516113281e+00
3.365394592285156250e+01 2.015850543975830078e+00 7.145331501960754395e-01 1.301317453384399414e+00
3.367435455322265625e+01 1.991088986396789551e+00 7.077019810676574707e-01 1.283387184143066406e+00
3.369476318359375000e+01 1.959926486015319824e+00 6.802753806114196777e-01 1.279651165008544922e+00
3.371517181396484375e+01 1.951597094535827637e+00 6.635326743125915527e-01 1.288064360618591309e+00
3.373558044433593750e+01 1.948497176170349121e+00 6.517775058746337891e-01 1.296719670295715332e+00
3.375598907470703125e+01 1.966365218162536621e+00 6.581206917762756348e-01 1.308244466781616211e+00
3.377639770507812500e+01 2.007261037826538086e+00 6.651648879051208496e-01 1.342096328735351562e+00
3.379680633544921875e+01 1.973209142684936523e+00 6.548467278480529785e-01 1.318362355232238770e+00
3.381721496582031250e+01 1.979528069496154785e+00 6.569291353225708008e-01 1.322598934173583984e+00
3.383762359619140625e+01 1.984360933303833008e+00 6.515806317329406738e-01 1.332780241966247559e+00
3.385803222656250000e+01 1.970490813255310059e+00 6.398751735687255859e-01 1.330615639686584473e+00
3.387844085693359375e+01 1.967298150062561035e+00 6.479691863059997559e-01 1.319329023361206055e+00
3.389884948730468750e+01 1.969423770904541016e+00 6.578188538551330566e-01 1.311604857444763184e+00
3.391925811767578125e+01 1.959868669509887695e+00 6.535412669181823730e-01 1.306327342987060547e+00
3.393966674804687500e+01 1.963601231575012207e+00 6.552643775939941406e-01 1.308336853981018066e+00
3.396007537841796875e+01 1.971695661544799805e+00 6.689689159393310547e-01 1.302726745605468750e+00
3.398048400878906250e+01 1.973037600517272949e+00 6.742031574249267578e-01 1.298834443092346191e+00
3.400089263916015625e+01 1.967795610427856445e+00 6.720382571220397949e-01 1.295757412910461426e+00
3.402130126953125000e+01 1.969438552856445312e+00 6.733942627906799316e-01 1.296044468879699707e+00
3.404171371459960938e+01 1.961382031440734863e+00 6.715840697288513184e-01 1.289798140525817871e+00
3.406211853027343750e+01 1.958301663398742676e+00 6.722359061241149902e-01 1.286065697669982910e+00
3.408253097534179688e+01 1.959519028663635254e+00 6.735893487930297852e-01 1.285929679870605469e+00
3.410293579101562500e+01 1.962149858474731445e+00 6.738882064819335938e-01 1.288261890411376953e+00
3.412334442138671875e+01 1.938404440879821777e+00 6.615588665008544922e-01 1.276845693588256836e+00
3.414375305175781250e+01 1.943925619125366211e+00 6.835994720458984375e-01 1.260326385498046875e+00
3.416416168212890625e+01 1.939291357994079590e+00 7.014096379280090332e-01 1.237881898880004883e+00
3.418457412719726562e+01 1.935160279273986816e+00 6.820829510688781738e-01 1.253077149391174316e+00
3.420497894287109375e+01 1.971026539802551270e+00 6.753771901130676270e-01 1.295649170875549316e+00
3.422539138793945312e+01 1.961625933647155762e+00 6.774225234985351562e-01 1.284203171730041504e+00
3.424579620361328125e+01 1.965570211410522461e+00 6.934462189674377441e-01 1.272124052047729492e+00
3.426620864868164062e+01 1.982396960258483887e+00 6.986221671104431152e-01 1.283774971961975098e+00
3.428661346435546875e+01 1.990846037864685059e+00 6.992536187171936035e-01 1.291592478752136230e+00
3.430702590942382812e+01 1.988229155540466309e+00 6.782528162002563477e-01 1.309976458549499512e+00
3.432743072509765625e+01 1.975246548652648926e+00 6.757574677467346191e-01 1.299489021301269531e+00
3.434783935546875000e+01 2.008241891860961914e+00 6.753559708595275879e-01 1.332886099815368652e+00
3.436825180053710938e+01 1.994709253311157227e+00 6.749548912048339844e-01 1.319754242897033691e+00
3.438865661621093750e+01 1.970659971237182617e+00 6.769908070564270020e-01 1.293669342994689941e+00
3.440906906127929688e+01 1.989139199256896973e+00 6.866772174835205078e-01 1.302462220191955566e+00
3.442947387695312500e+01 2.001109838485717773e+00 6.918327212333679199e-01 1.309277296066284180e+00
3.444988632202148438e+01 2.010620355606079102e+00 6.942023634910583496e-01 1.316418290138244629e+00
3.447029113769531250e+01 1.992791056632995605e+00 6.833741664886474609e-01 1.309416890144348145e+00
3.449070358276367188e+01 1.963548302650451660e+00 6.680470705032348633e-01 1.295501232147216797e+00
3.451111221313476562e+01 2.040985822677612305e+00 7.047631144523620605e-01 1.336222767829895020e+00
3.453152084350585938e+01 2.099250555038452148e+00 7.483682036399841309e-01 1.350882411003112793e+00
3.455192947387695312e+01 2.066236972808837891e+00 7.039305567741394043e-01 1.362305879592895508e+00
3.457233428955078125e+01 2.021298885345458984e+00 6.976293325424194336e-01 1.323669433593750000e+00
3.459274673461914062e+01 2.031731367111206055e+00 6.899514198303222656e-01 1.341780662536621094e+00
3.461315155029296875e+01 2.038818120956420898e+00 6.895446777343750000e-01 1.349273562431335449e+00
3.463356399536132812e+01 1.984756708145141602e+00 6.310765147209167480e-01 1.353680253028869629e+00
3.465397262573242188e+01 1.994155526161193848e+00 6.341589093208312988e-01 1.359996676445007324e+00
3.467438125610351562e+01 1.968489289283752441e+00 6.106572151184082031e-01 1.357832074165344238e+00
3.469478988647460938e+01 1.961216092109680176e+00 6.106430292129516602e-01 1.350572943687438965e+00
3.471519851684570312e+01 1.943182349205017090e+00 6.192486882209777832e-01 1.323933601379394531e+00
3.473560714721679688e+01 1.946928620338439941e+00 6.274995803833007812e-01 1.319429039955139160e+00
3.475601577758789062e+01 1.919525504112243652e+00 6.167994737625122070e-01 1.302726149559020996e+00
3.477642440795898438e+01 1.896237134933471680e+00 6.105863451957702637e-01 1.285650849342346191e+00
3.479682922363281250e+01 1.863101482391357422e+00 5.971568822860717773e-01 1.265944600105285645e+00
3.481724166870117188e+01 1.848347544670104980e+00 5.799614191055297852e-01 1.268386363983154297e+00
3.483765029907226562e+01 1.844578742980957031e+00 5.748115777969360352e-01 1.269767045974731445e+00
3.485805892944335938e+01 1.819172739982604980e+00 5.579927563667297363e-01 1.261179924011230469e+00
3.487846755981445312e+01 1.834106206893920898e+00 5.624707937240600586e-01 1.271635532379150391e+00
3.489887619018554688e+01 1.820592761039733887e+00 5.662575960159301758e-01 1.254335045814514160e+00
3.491928482055664062e+01 1.847201228141784668e+00 5.827227830886840820e-01 1.264478445053100586e+00
3.493969345092773438e+01 1.868839263916015625e+00 5.977983474731445312e-01 1.271041154861450195e+00
3.496010208129882812e+01 1.877064943313598633e+00 6.207311749458312988e-01 1.256333827972412109e+00
3.498051071166992188e+01 1.889066338539123535e+00 6.114722490310668945e-01 1.277594089508056641e+00
3.500091934204101562e+01 1.888452649116516113e+00 6.206911802291870117e-01 1.267761349678039551e+00
3.502132797241210938e+01 1.903610467910766602e+00 6.295575499534606934e-01 1.274052858352661133e+00
3.504173660278320312e+01 1.922044157981872559e+00 6.517351865768432617e-01 1.270309209823608398e+00
3.506214523315429688e+01 1.928367257118225098e+00 6.568179130554199219e-01 1.271549463272094727e+00
3.508255386352539062e+01 1.892708182334899902e+00 6.571181416511535645e-01 1.235589981079101562e+00
3.510296249389648438e+01 1.930503368377685547e+00 6.754903197288513184e-01 1.255012989044189453e+00
3.512337112426757812e+01 1.950463891029357910e+00 6.941817998886108398e-01 1.256281852722167969e+00
3.514377975463867188e+01 1.960086226463317871e+00 6.900322437286376953e-01 1.270054101943969727e+00
3.516418838500976562e+01 1.938746571540832520e+00 6.739737391471862793e-01 1.264772772789001465e+00
3.518459701538085938e+01 1.927636504173278809e+00 6.688201427459716797e-01 1.258816123008728027e+00
3.520500946044921875e+01 1.941480875015258789e+00 6.742122769355773926e-01 1.267268896102905273e+00
3.522541427612304688e+01 1.948570728302001953e+00 6.843554973602294922e-01 1.264215469360351562e+00
3.524582672119140625e+01 1.927202463150024414e+00 6.724126935005187988e-01 1.254789829254150391e+00
3.526623153686523438e+01 1.939609527587890625e+00 6.835634112358093262e-01 1.256045937538146973e+00
3.528664016723632812e+01 1.963772416114807129e+00 7.075911760330200195e-01 1.256181359291076660e+00
3.530704879760742188e+01 1.972341299057006836e+00 7.075211405754089355e-01 1.264820337295532227e+00
3.532745742797851562e+01 1.940550565719604492e+00 6.813623309135437012e-01 1.259188175201416016e+00
3.534786987304687500e+01 1.928800344467163086e+00 6.765667796134948730e-01 1.252233982086181641e+00
3.536827468872070312e+01 1.949965357780456543e+00 6.968204379081726074e-01 1.253144860267639160e+00
3.538868713378906250e+01 1.982301831245422363e+00 7.319328784942626953e-01 1.250369429588317871e+00
3.540909194946289062e+01 1.984502434730529785e+00 7.254263758659362793e-01 1.259075999259948730e+00
3.542950439453125000e+01 2.023313283920288086e+00 7.459546327590942383e-01 1.277358174324035645e+00
3.544990921020507812e+01 1.967858910560607910e+00 6.877875328063964844e-01 1.280071377754211426e+00
3.547032165527343750e+01 1.922895431518554688e+00 6.603955030441284180e-01 1.262500047683715820e+00
3.549073028564453125e+01 1.909763932228088379e+00 6.664236783981323242e-01 1.243339896202087402e+00
3.551113510131835938e+01 1.912731885910034180e+00 6.849163770675659180e-01 1.227815508842468262e+00
3.553154754638671875e+01 2.000674009323120117e+00 7.697513699531555176e-01 1.230922460556030273e+00
3.555195236206054688e+01 1.933699011802673340e+00 6.996172070503234863e-01 1.234081864356994629e+00
3.557236480712890625e+01 1.934163808822631836e+00 6.992157697677612305e-01 1.234948277473449707e+00
3.559276962280273438e+01 1.925780773162841797e+00 7.072221636772155762e-01 1.218558549880981445e+00
3.561318206787109375e+01 1.959825038909912109e+00 7.363936305046081543e-01 1.223431348800659180e+00
3.563358688354492188e+01 1.951843023300170898e+00 6.980144381523132324e-01 1.253828525543212891e+00
3.565399932861328125e+01 1.950237989425659180e+00 6.976148486137390137e-01 1.252623438835144043e+00
3.567440795898437500e+01 1.953761935234069824e+00 7.045972347259521484e-01 1.249164462089538574e+00
3.569481658935546875e+01 1.912887811660766602e+00 6.538947820663452148e-01 1.258993268013000488e+00
3.571522521972656250e+01 1.816945791244506836e+00 5.570011138916015625e-01 1.259944915771484375e+00
3.573563003540039062e+01 1.831563353538513184e+00 5.620421767234802246e-01 1.269521236419677734e+00
3.575604248046875000e+01 1.844210982322692871e+00 5.617213249206542969e-01 1.282489418983459473e+00
3.577644729614257812e+01 1.864541053771972656e+00 5.737798213958740234e-01 1.290761470794677734e+00
3.579685974121093750e+01 1.887778401374816895e+00 5.477058887481689453e-01 1.340072631835937500e+00
3.581726837158203125e+01 1.807899832725524902e+00 5.076258778572082520e-01 1.300273776054382324e+00
3.583767700195312500e+01 1.787956714630126953e+00 5.206965208053588867e-01 1.267260313034057617e+00
3.585808563232421875e+01 1.791090607643127441e+00 5.434325933456420898e-01 1.247658133506774902e+00
3.587849426269531250e+01 1.828308105468750000e+00 5.447915196418762207e-01 1.283516645431518555e+00
3.589890289306640625e+01 1.834668874740600586e+00 5.641539096832275391e-01 1.270515084266662598e+00
