# NTRMN  = 14
# NTRANS = 56
1.142887115478515625e+01 0.000000000000000000e+00 0.000000000000000000e+00 0.000000000000000000e+00
1.144927978515625000e+01 0.000000000000000000e+00 0.000000000000000000e+00 0.000000000000000000e+00
1.146968936920166016e+01 0.000000000000000000e+00 0.000000000000000000e+00 0.000000000000000000e+00
1.149009799957275391e+01 0.000000000000000000e+00 0.000000000000000000e+00 0.000000000000000000e+00
1.151050662994384766e+01 0.000000000000000000e+00 0.000000000000000000e+00 0.000000000000000000e+00
1.153091526031494141e+01 0.000000000000000000e+00 0.000000000000000000e+00 0.000000000000000000e+00
1.157173252105712891e+01 0.000000000000000000e+00 0.000000000000000000e+00 0.000000000000000000e+00
1.159214115142822266e+01 0.000000000000000000e+00 0.000000000000000000e+00 0.000000000000000000e+00
1.161254978179931641e+01 0.000000000000000000e+00 0.000000000000000000e+00 0.000000000000000000e+00
1.165336799621582031e+01 0.000000000000000000e+00 0.000000000000000000e+00 0.000000000000000000e+00
1.167377567291259766e+01 0.000000000000000000e+00 0.000000000000000000e+00 0.000000000000000000e+00
1.169418430328369141e+01 0.000000000000000000e+00 0.000000000000000000e+00 0.000000000000000000e+00
1.171459388732910156e+01 0.000000000000000000e+00 0.000000000000000000e+00 0.000000000000000000e+00
1.175541114807128906e+01 0.000000000000000000e+00 0.000000000000000000e+00 0.000000000000000000e+00
1.177581882476806641e+01 0.000000000000000000e+00 0.000000000000000000e+00 0.000000000000000000e+00
1.179622840881347656e+01 0.000000000000000000e+00 0.000000000000000000e+00 0.000000000000000000e+00
1.181663703918457031e+01 0.000000000000000000e+00 0.000000000000000000e+00 0.000000000000000000e+00
1.183704566955566406e+01 0.000000000000000000e+00 0.000000000000000000e+00 0.000000000000000000e+00
1.185745429992675781e+01 0.000000000000000000e+00 0.000000000000000000e+00 0.000000000000000000e+00
1.187786388397216797e+01 0.000000000000000000e+00 0.000000000000000000e+00 0.000000000000000000e+00
1.193908882141113281e+01 0.000000000000000000e+00 0.000000000000000000e+00 0.000000000000000000e+00
1.195949840545654297e+01 0.000000000000000000e+00 0.000000000000000000e+00 0.000000000000000000e+00
1.197990703582763672e+01 0.000000000000000000e+00 0.000000000000000000e+00 0.000000000000000000e+00
1.200031566619873047e+01 0.000000000000000000e+00 0.000000000000000000e+00 0.000000000000000000e+00
1.202072334289550781e+01 0.000000000000000000e+00 0.000000000000000000e+00 0.000000000000000000e+00
1.204113292694091797e+01 0.000000000000000000e+00 0.000000000000000000e+00 0.000000000000000000e+00
1.206154155731201172e+01 0.000000000000000000e+00 0.000000000000000000e+00 0.000000000000000000e+00
1.208195018768310547e+01 0.000000000000000000e+00 0.000000000000000000e+00 0.000000000000000000e+00
1.210235881805419922e+01 0.000000000000000000e+00 0.000000000000000000e+00 0.000000000000000000e+00
1.212276744842529297e+01 0.000000000000000000e+00 0.000000000000000000e+00 0.000000000000000000e+00
1.214317607879638672e+01 0.000000000000000000e+00 0.000000000000000000e+00 0.000000000000000000e+00
1.216358470916748047e+01 0.000000000000000000e+00 0.000000000000000000e+00 0.000000000000000000e+00
1.218399333953857422e+01 0.000000000000000000e+00 0.000000000000000000e+00 0.000000000000000000e+00
1.220440292358398438e+01 0.000000000000000000e+00 0.000000000000000000e+00 0.000000000000000000e+00
1.222481155395507812e+01 0.000000000000000000e+00 0.000000000000000000e+00 0.000000000000000000e+00
1.224521923065185547e+01 0.000000000000000000e+00 0.000000000000000000e+00 0.000000000000000000e+00
1.226562786102294922e+01 0.000000000000000000e+00 0.000000000000000000e+00 0.000000000000000000e+00
1.228603744506835938e+01 0.000000000000000000e+00 0.000000000000000000e+00 0.000000000000000000e+00
1.230644607543945312e+01 0.000000000000000000e+00 0.000000000000000000e+00 0.000000000000000000e+00
1.232685470581054688e+01 0.000000000000000000e+00 0.000000000000000000e+00 0.000000000000000000e+00
1.234726333618164062e+01 0.000000000000000000e+00 0.000000000000000000e+00 0.000000000000000000e+00
1.236767196655273438e+01 0.000000000000000000e+00 0.000000000000000000e+00 0.000000000000000000e+00
1.238808059692382812e+01 0.000000000000000000e+00 0.000000000000000000e+00 0.000000000000000000e+00
1.240848922729492188e+01 0.000000000000000000e+00 0.000000000000000000e+00 0.000000000000000000e+00
1.242889785766601562e+01 0.000000000000000000e+00 0.000000000000000000e+00 0.000000000000000000e+00
1.244930744171142578e+01 0.000000000000000000e+00 0.000000000000000000e+00 0.000000000000000000e+00
1.246971511840820312e+01 0.000000000000000000e+00 0.000000000000000000e+00 0.000000000000000000e+00
1.249012374877929688e+01 0.000000000000000000e+00 0.000000000000000000e+00 0.000000000000000000e+00
1.251053237915039062e+01 0.000000000000000000e+00 0.000000000000000000e+00 0.000000000000000000e+00
1.253094196319580078e+01 0.000000000000000000e+00 0.000000000000000000e+00 0.000000000000000000e+00
1.255135059356689453e+01 0.000000000000000000e+00 0.000000000000000000e+00 0.000000000000000000e+00
1.257175922393798828e+01 0.000000000000000000e+00 0.000000000000000000e+00 0.000000000000000000e+00
1.259216690063476562e+01 0.000000000000000000e+00 0.000000000000000000e+00 0.000000000000000000e+00
1.261257648468017578e+01 0.000000000000000000e+00 0.000000000000000000e+00 0.000000000000000000e+00
1.263298511505126953e+01 0.000000000000000000e+00 0.000000000000000000e+00 0.000000000000000000e+00
1.265339374542236328e+01 0.000000000000000000e+00 0.000000000000000000e+00 0.000000000000000000e+00
1.267380237579345703e+01 0.000000000000000000e+00 0.000000000000000000e+00 0.000000000000000000e+00
1.269421100616455078e+01 0.000000000000000000e+00 0.000000000000000000e+00 0.000000000000000000e+00
1.271461963653564453e+01 0.000000000000000000e+00 0.000000000000000000e+00 0.000000000000000000e+00
1.273502826690673828e+01 0.000000000000000000e+00 0.000000000000000000e+00 0.000000000000000000e+00
1.275543689727783203e+01 0.000000000000000000e+00 0.000000000000000000e+00 0.000000000000000000e+00
1.277584648132324219e+01 0.000000000000000000e+00 0.000000000000000000e+00 0.000000000000000000e+00
1.279625511169433594e+01 0.000000000000000000e+00 0.000000000000000000e+00 0.000000000000000000e+00
1.281666278839111328e+01 0.000000000000000000e+00 0.000000000000000000e+00 0.000000000000000000e+00
1.283707141876220703e+01 0.000000000000000000e+00 0.000000000000000000e+00 0.000000000000000000e+00
1.285748100280761719e+01 0.000000000000000000e+00 0.000000000000000000e+00 0.000000000000000000e+00
1.287788963317871094e+01 0.000000000000000000e+00 0.000000000000000000e+00 0.000000000000000000e+00
1.289829826354980469e+01 0.000000000000000000e+00 0.000000000000000000e+00 0.000000000000000000e+00
1.295952415466308594e+01 0.000000000000000000e+00 0.000000000000000000e+00 0.000000000000000000e+00
1.297993278503417969e+01 0.000000000000000000e+00 0.000000000000000000e+00 0.000000000000000000e+00
1.300034141540527344e+01 0.000000000000000000e+00 0.000000000000000000e+00 0.000000000000000000e+00
1.302075004577636719e+01 0.000000000000000000e+00 0.000000000000000000e+00 0.000000000000000000e+00
1.304115962982177734e+01 0.000000000000000000e+00 0.000000000000000000e+00 0.000000000000000000e+00
1.312279415130615234e+01 0.000000000000000000e+00 0.000000000000000000e+00 0.000000000000000000e+00
1.314320278167724609e+01 0.000000000000000000e+00 0.000000000000000000e+00 0.000000000000000000e+00
1.320442867279052734e+01 0.000000000000000000e+00 0.000000000000000000e+00 0.000000000000000000e+00
1.322483730316162109e+01 0.000000000000000000e+00 0.000000000000000000e+00 0.000000000000000000e+00
1.324524593353271484e+01 0.000000000000000000e+00 0.000000000000000000e+00 0.000000000000000000e+00
1.326565456390380859e+01 0.000000000000000000e+00 0.000000000000000000e+00 0.000000000000000000e+00
1.336769866943359375e+01 0.000000000000000000e+00 0.000000000000000000e+00 0.000000000000000000e+00
1.338810729980468750e+01 0.000000000000000000e+00 0.000000000000000000e+00 0.000000000000000000e+00
1.340851497650146484e+01 0.000000000000000000e+00 0.000000000000000000e+00 0.000000000000000000e+00
1.342892456054687500e+01 0.000000000000000000e+00 0.000000000000000000e+00 0.000000000000000000e+00
1.344933319091796875e+01 0.000000000000000000e+00 0.000000000000000000e+00 0.000000000000000000e+00
1.346974182128906250e+01 0.000000000000000000e+00 0.000000000000000000e+00 0.000000000000000000e+00
1.349015045166015625e+01 0.000000000000000000e+00 0.000000000000000000e+00 0.000000000000000000e+00
1.351055908203125000e+01 0.000000000000000000e+00 0.000000000000000000e+00 0.000000000000000000e+00
1.353096771240234375e+01 0.000000000000000000e+00 0.000000000000000000e+00 0.000000000000000000e+00
1.355137634277343750e+01 0.000000000000000000e+00 0.000000000000000000e+00 0.000000000000000000e+00
1.361260223388671875e+01 1.603843808174133301e+00 1.603843808174133301e+00 0.000000000000000000e+00
1.363301086425781250e+01 1.826206803321838379e+00 1.826206803321838379e+00 0.000000000000000000e+00
1.365341949462890625e+01 2.486240863800048828e+00 2.486240863800048828e+00 0.000000000000000000e+00
1.367382907867431641e+01 2.441387891769409180e+00 2.441387891769409180e+00 0.000000000000000000e+00
1.369423770904541016e+01 2.437749624252319336e+00 2.437749624252319336e+00 0.000000000000000000e+00
1.371464633941650391e+01 2.058835983276367188e+00 2.058835983276367188e+00 0.000000000000000000e+00
1.373505496978759766e+01 1.886713266372680664e+00 1.886713266372680664e+00 0.000000000000000000e+00
1.375546360015869141e+01 1.899577021598815918e+00 1.899577021598815918e+00 0.000000000000000000e+00
1.377587318420410156e+01 1.938468933105468750e+00 1.938468933105468750e+00 0.000000000000000000e+00
1.383709812164306641e+01 1.929893136024475098e+00 1.929891824722290039e+00 1.354750679638527799e-06
1.387791538238525391e+01 3.011818170547485352e+00 3.011815786361694336e+00 2.290058546350337565e-06
1.397995948791503906e+01 2.989833831787109375e+00 2.989831447601318359e+00 2.273342488479102030e-06
1.402077770233154297e+01 3.666656017303466797e+00 3.666650295257568359e+00 5.638980837829876691e-06
1.404118442535400391e+01 3.634048223495483398e+00 3.634042263031005859e+00 5.943181349721271545e-06
1.410241127014160156e+01 3.660018205642700195e+00 3.657307863235473633e+00 2.710395026952028275e-03
1.414322853088378906e+01 3.484395980834960938e+00 3.480875968933105469e+00 3.520112484693527222e-03
1.416363716125488281e+01 3.092505216598510742e+00 3.088808536529541016e+00 3.696483559906482697e-03
1.426568031311035156e+01 4.216118335723876953e+00 4.157474517822265625e+00 5.864392220973968506e-02
1.430649757385253906e+01 4.112856388092041016e+00 4.050234317779541016e+00 6.262185424566268921e-02
1.432690715789794922e+01 4.114185333251953125e+00 4.046970844268798828e+00 6.721480935811996460e-02
1.434731578826904297e+01 4.249512672424316406e+00 4.177200794219970703e+00 7.231125235557556152e-02
1.436772441864013672e+01 4.233584403991699219e+00 4.155438423156738281e+00 7.814586907625198364e-02
1.438813304901123047e+01 4.354310512542724609e+00 4.268506526947021484e+00 8.580337464809417725e-02
1.440854167938232422e+01 5.095108509063720703e+00 4.992669582366943359e+00 1.024390459060668945e-01
1.442895126342773438e+01 5.317999362945556641e+00 5.211246490478515625e+00 1.067532673478126526e-01
1.444935989379882812e+01 5.137952327728271484e+00 5.024126529693603516e+00 1.138260439038276672e-01
1.446976852416992188e+01 4.982410907745361328e+00 4.873106002807617188e+00 1.093043461441993713e-01
1.457181072235107422e+01 5.570204734802246094e+00 5.478866100311279297e+00 9.133902937173843384e-02
1.459222030639648438e+01 5.719363212585449219e+00 5.646741390228271484e+00 7.262211292982101440e-02
1.461262893676757812e+01 5.638769149780273438e+00 5.566771984100341797e+00 7.199727743864059448e-02
1.485753345489501953e+01 5.789534568786621094e+00 5.697363853454589844e+00 9.217059612274169922e-02
1.487794208526611328e+01 5.765285491943359375e+00 5.672653675079345703e+00 9.263177961111068726e-02
1.497998523712158203e+01 5.821243286132812500e+00 5.713915824890136719e+00 1.073273345828056335e-01
1.516366481781005859e+01 6.004965305328369141e+00 5.898086547851562500e+00 1.068794503808021545e-01
1.518407344818115234e+01 6.155158519744873047e+00 6.039935111999511719e+00 1.152238026261329651e-01
1.540856838226318359e+01 7.211857795715332031e+00 7.072875976562500000e+00 1.389828920364379883e-01
1.544938468933105469e+01 7.391225814819335938e+00 7.254077911376953125e+00 1.371484994888305664e-01
1.546979331970214844e+01 7.554263114929199219e+00 7.417825698852539062e+00 1.364379674196243286e-01
1.557183837890625000e+01 7.999146938323974609e+00 7.855782508850097656e+00 1.433643996715545654e-01
1.559224700927734375e+01 8.145700454711914062e+00 7.999031543731689453e+00 1.466688364744186401e-01
1.569428920745849609e+01 9.015189170837402344e+00 8.854600906372070312e+00 1.605895608663558960e-01
1.583715152740478516e+01 9.809917449951171875e+00 9.643884658813476562e+00 1.660347878932952881e-01
1.593919372558593750e+01 1.029306793212890625e+01 1.012283039093017578e+01 1.702395230531692505e-01
1.595960235595703125e+01 1.034196949005126953e+01 1.016988468170166016e+01 1.720871329307556152e-01
1.598001194000244141e+01 1.031695461273193359e+01 1.014191532135009766e+01 1.750410348176956177e-01
1.600041961669921875e+01 1.034111785888671875e+01 1.016638278961181641e+01 1.747361868619918823e-01
1.602083015441894531e+01 1.030469703674316406e+01 1.013101863861083984e+01 1.736785471439361572e-01
1.604123878479003906e+01 1.038185501098632812e+01 1.020767021179199219e+01 1.741862148046493530e-01
1.616368865966796875e+01 1.044994735717773438e+01 1.027103805541992188e+01 1.789091676473617554e-01
1.632695960998535156e+01 1.027272510528564453e+01 1.008768558502197266e+01 1.850419491529464722e-01
1.649022865295410156e+01 9.961110115051269531e+00 9.777308464050292969e+00 1.838013678789138794e-01
1.653104782104492188e+01 9.856431007385253906e+00 9.673519134521484375e+00 1.829136162996292114e-01
1.655145645141601562e+01 9.905611038208007812e+00 9.719444274902343750e+00 1.861674636602401733e-01
1.657186508178710938e+01 9.827361106872558594e+00 9.642469406127929688e+00 1.848926693201065063e-01
1.659227180480957031e+01 9.788149833679199219e+00 9.601754188537597656e+00 1.863972842693328857e-01
1.663308906555175781e+01 9.728840827941894531e+00 9.542210578918457031e+00 1.866306364536285400e-01
1.665349769592285156e+01 9.669205665588378906e+00 9.480204582214355469e+00 1.890032440423965454e-01
1.667390823364257812e+01 9.613979339599609375e+00 9.425529479980468750e+00 1.884504258632659912e-01
1.669431686401367188e+01 9.572730064392089844e+00 9.385326385498046875e+00 1.874041557312011719e-01
1.671472549438476562e+01 9.526399612426757812e+00 9.338062286376953125e+00 1.883386224508285522e-01
1.673513412475585938e+01 9.500162124633789062e+00 9.312369346618652344e+00 1.877932697534561157e-01
1.675554275512695312e+01 9.530544281005859375e+00 9.343887329101562500e+00 1.866563409566879272e-01
1.677595138549804688e+01 9.521299362182617188e+00 9.332520484924316406e+00 1.887794137001037598e-01
1.683717727661132812e+01 9.436318397521972656e+00 9.248822212219238281e+00 1.874950677156448364e-01
1.685758590698242188e+01 9.403360366821289062e+00 9.216323852539062500e+00 1.870366036891937256e-01
1.687799453735351562e+01 9.471336364746093750e+00 9.283188819885253906e+00 1.881470531225204468e-01
1.689840316772460938e+01 9.457272529602050781e+00 9.271977424621582031e+00 1.852960586547851562e-01
1.691881179809570312e+01 9.475022315979003906e+00 9.289092063903808594e+00 1.859308183193206787e-01
1.693922042846679688e+01 9.503175735473632812e+00 9.320297241210937500e+00 1.828776746988296509e-01
1.704126548767089844e+01 9.243828773498535156e+00 9.067818641662597656e+00 1.760118454694747925e-01
1.714330673217773438e+01 9.052640914916992188e+00 8.881185531616210938e+00 1.714556962251663208e-01
1.716371536254882812e+01 9.002408981323242188e+00 8.828782081604003906e+00 1.736280620098114014e-01
1.720453453063964844e+01 8.897199630737304688e+00 8.724349975585937500e+00 1.728504896163940430e-01
1.722494316101074219e+01 8.850964546203613281e+00 8.679266929626464844e+00 1.716969907283782959e-01
1.724535179138183594e+01 8.791126251220703125e+00 8.620410919189453125e+00 1.707141250371932983e-01
1.734739494323730469e+01 8.449941635131835938e+00 8.279906272888183594e+00 1.700345873832702637e-01
1.736780357360839844e+01 8.392117500305175781e+00 8.221933364868164062e+00 1.701845079660415649e-01
1.738821220397949219e+01 8.319899559020996094e+00 8.150329589843750000e+00 1.695716977119445801e-01
1.742902946472167969e+01 8.246405601501464844e+00 8.076301574707031250e+00 1.701048016548156738e-01
1.744943809509277344e+01 8.237334251403808594e+00 8.066855430603027344e+00 1.704801619052886963e-01
1.746984672546386719e+01 8.207668304443359375e+00 8.036875724792480469e+00 1.707921922206878662e-01
1.751066398620605469e+01 8.168232917785644531e+00 7.997636318206787109e+00 1.705986857414245605e-01
1.753107261657714844e+01 8.187075614929199219e+00 8.015636444091796875e+00 1.714396029710769653e-01
1.755148124694824219e+01 8.211709022521972656e+00 8.040414810180664062e+00 1.712953597307205200e-01
1.757188987731933594e+01 8.173573493957519531e+00 8.003829002380371094e+00 1.697444468736648560e-01
1.765352439880371094e+01 8.214421272277832031e+00 8.048179626464843750e+00 1.662434041500091553e-01
1.767393493652343750e+01 8.232657432556152344e+00 8.065976142883300781e+00 1.666824221611022949e-01
1.769434356689453125e+01 8.235747337341308594e+00 8.070201873779296875e+00 1.655468344688415527e-01
1.771475219726562500e+01 8.264276504516601562e+00 8.094689369201660156e+00 1.695883423089981079e-01
1.773516082763671875e+01 8.313019752502441406e+00 8.146115303039550781e+00 1.669047027826309204e-01
1.775556755065917969e+01 8.322516441345214844e+00 8.156976699829101562e+00 1.655409187078475952e-01
1.777597618103027344e+01 8.348146438598632812e+00 8.181279182434082031e+00 1.668687015771865845e-01
1.783720397949218750e+01 8.354199409484863281e+00 8.186749458312988281e+00 1.674512475728988647e-01
1.785761260986328125e+01 8.383737564086914062e+00 8.217609405517578125e+00 1.661299169063568115e-01
1.787802124023437500e+01 8.382523536682128906e+00 8.214923858642578125e+00 1.676024794578552246e-01
1.789842987060546875e+01 8.412810325622558594e+00 8.245680809020996094e+00 1.671318709850311279e-01
1.800047302246093750e+01 8.466949462890625000e+00 8.298681259155273438e+00 1.682697385549545288e-01
1.806169891357421875e+01 8.544723510742187500e+00 8.376582145690917969e+00 1.681408435106277466e-01
1.808210754394531250e+01 8.566097259521484375e+00 8.400225639343261719e+00 1.658712476491928101e-01
1.814333343505859375e+01 8.624516487121582031e+00 8.457642555236816406e+00 1.668743193149566650e-01
1.818415260314941406e+01 8.650107383728027344e+00 8.484735488891601562e+00 1.653723865747451782e-01
1.820456123352050781e+01 8.686371803283691406e+00 8.521247863769531250e+00 1.651249676942825317e-01
1.822496795654296875e+01 8.708583831787109375e+00 8.544545173645019531e+00 1.640382856130599976e-01
1.824537658691406250e+01 8.731250762939453125e+00 8.567789077758789062e+00 1.634616702795028687e-01
1.826578521728515625e+01 8.721003532409667969e+00 8.558216094970703125e+00 1.627872586250305176e-01
1.832701301574707031e+01 8.806185722351074219e+00 8.647184371948242188e+00 1.590008586645126343e-01
1.834742164611816406e+01 8.797858238220214844e+00 8.637565612792968750e+00 1.602925360202789307e-01
1.849028205871582031e+01 9.044152259826660156e+00 8.888028144836425781e+00 1.561246812343597412e-01
1.851069068908691406e+01 9.065680503845214844e+00 8.910559654235839844e+00 1.551212370395660400e-01
1.853109931945800781e+01 9.107369422912597656e+00 8.952421188354492188e+00 1.549497395753860474e-01
1.855150794982910156e+01 9.123154640197753906e+00 8.968379974365234375e+00 1.547754704952239990e-01
1.857191658020019531e+01 9.158078193664550781e+00 9.003639221191406250e+00 1.544390022754669189e-01
1.859232521057128906e+01 9.173340797424316406e+00 9.019507408142089844e+00 1.538335382938385010e-01
1.861273384094238281e+01 9.201570510864257812e+00 9.048202514648437500e+00 1.533674597740173340e-01
1.865355110168457031e+01 9.246369361877441406e+00 9.092571258544921875e+00 1.537992209196090698e-01
1.867395973205566406e+01 9.216571807861328125e+00 9.063405036926269531e+00 1.531669944524765015e-01
1.869436836242675781e+01 9.206511497497558594e+00 9.053510665893554688e+00 1.530007272958755493e-01
1.871477699279785156e+01 9.535105705261230469e+00 9.376217842102050781e+00 1.588893383741378784e-01
1.873518562316894531e+01 9.275239944458007812e+00 9.123229980468750000e+00 1.520099341869354248e-01
1.875559425354003906e+01 9.296732902526855469e+00 9.145212173461914062e+00 1.515209376811981201e-01
1.877600288391113281e+01 9.288095474243164062e+00 9.135271072387695312e+00 1.528263092041015625e-01
1.879641151428222656e+01 9.310201644897460938e+00 9.157192230224609375e+00 1.530115306377410889e-01
1.881682205200195312e+01 9.312354087829589844e+00 9.159981727600097656e+00 1.523730009794235229e-01
1.883723068237304688e+01 9.354461669921875000e+00 9.200892448425292969e+00 1.535684764385223389e-01
1.885763931274414062e+01 9.362620353698730469e+00 9.209976196289062500e+00 1.526444554328918457e-01
1.887804794311523438e+01 9.378630638122558594e+00 9.225381851196289062e+00 1.532496213912963867e-01
1.889845657348632812e+01 9.381244659423828125e+00 9.228085517883300781e+00 1.531600356101989746e-01
1.891886329650878906e+01 9.403258323669433594e+00 9.249766349792480469e+00 1.534927934408187866e-01
1.893927192687988281e+01 9.400442123413085938e+00 9.246117591857910156e+00 1.543265134096145630e-01
1.895968055725097656e+01 9.455509185791015625e+00 9.299297332763671875e+00 1.562128216028213501e-01
1.898009109497070312e+01 9.449820518493652344e+00 9.295604705810546875e+00 1.542170494794845581e-01
1.904131698608398438e+01 9.527984619140625000e+00 9.372578620910644531e+00 1.554064601659774780e-01
1.906172561645507812e+01 9.524811744689941406e+00 9.368823051452636719e+00 1.559888422489166260e-01
1.908213424682617188e+01 9.559136390686035156e+00 9.402710914611816406e+00 1.564274430274963379e-01
1.910254287719726562e+01 9.587496757507324219e+00 9.430260658264160156e+00 1.572373956441879272e-01
1.912295150756835938e+01 9.620309829711914062e+00 9.464011192321777344e+00 1.562999933958053589e-01
1.914336013793945312e+01 9.655346870422363281e+00 9.497690200805664062e+00 1.576578617095947266e-01
1.916376876831054688e+01 9.725994110107421875e+00 9.568773269653320312e+00 1.572207957506179810e-01
1.918417739868164062e+01 9.778064727783203125e+00 9.620986938476562500e+00 1.570781916379928589e-01
1.920458602905273438e+01 9.755312919616699219e+00 9.598297119140625000e+00 1.570158898830413818e-01
1.922499465942382812e+01 9.776675224304199219e+00 9.619236946105957031e+00 1.574388146400451660e-01
1.924540328979492188e+01 9.822648048400878906e+00 9.665011405944824219e+00 1.576368063688278198e-01
1.926581192016601562e+01 9.842873573303222656e+00 9.685838699340820312e+00 1.570352315902709961e-01
1.928622055053710938e+01 9.857104301452636719e+00 9.700412750244140625e+00 1.566927284002304077e-01
1.930663108825683594e+01 9.864937782287597656e+00 9.708757400512695312e+00 1.561813354492187500e-01
1.932703971862792969e+01 9.892115592956542969e+00 9.735664367675781250e+00 1.564514935016632080e-01
1.934744834899902344e+01 9.893707275390625000e+00 9.737768173217773438e+00 1.559408307075500488e-01
1.936785507202148438e+01 9.907982826232910156e+00 9.752228736877441406e+00 1.557534039020538330e-01
1.938826370239257812e+01 9.940069198608398438e+00 9.785179138183593750e+00 1.548907607793807983e-01
1.940867233276367188e+01 9.954531669616699219e+00 9.799556732177734375e+00 1.549753397703170776e-01
1.942908096313476562e+01 9.949215888977050781e+00 9.795424461364746094e+00 1.537926346063613892e-01
1.944948959350585938e+01 9.950759887695312500e+00 9.797453880310058594e+00 1.533069908618927002e-01
1.951071739196777344e+01 9.993000030517578125e+00 9.840327262878417969e+00 1.526737958192825317e-01
1.953112602233886719e+01 9.993512153625488281e+00 9.842302322387695312e+00 1.512095779180526733e-01
1.955153465270996094e+01 1.019737720489501953e+01 1.004629993438720703e+01 1.510767489671707153e-01
1.957194328308105469e+01 1.001510143280029297e+01 9.864584922790527344e+00 1.505153477191925049e-01
1.959235191345214844e+01 1.004653739929199219e+01 9.897074699401855469e+00 1.494627594947814941e-01
1.961275863647460938e+01 1.001111316680908203e+01 9.862363815307617188e+00 1.487510651350021362e-01
1.963316917419433594e+01 1.002460861206054688e+01 9.876499176025390625e+00 1.481111645698547363e-01
1.969439506530761719e+01 1.001044750213623047e+01 9.864027976989746094e+00 1.464218497276306152e-01
1.971480369567871094e+01 1.003529644012451172e+01 9.890244483947753906e+00 1.450541913509368896e-01
1.973521232604980469e+01 1.001980781555175781e+01 9.873951911926269531e+00 1.458574682474136353e-01
1.975562095642089844e+01 1.003319358825683594e+01 9.887987136840820312e+00 1.452086567878723145e-01
1.989848136901855469e+01 1.011282920837402344e+01 9.967378616333007812e+00 1.454533040523529053e-01
1.993929862976074219e+01 1.011621093750000000e+01 9.970986366271972656e+00 1.452260464429855347e-01
1.995970916748046875e+01 1.010796356201171875e+01 9.960791587829589844e+00 1.471746265888214111e-01
2.000052642822265625e+01 1.009862709045410156e+01 9.952431678771972656e+00 1.461965292692184448e-01
2.002093505859375000e+01 1.008823394775390625e+01 9.942286491394042969e+00 1.459500938653945923e-01
2.012297821044921875e+01 1.004329109191894531e+01 9.897818565368652344e+00 1.454728394746780396e-01
2.014338684082031250e+01 9.985873222351074219e+00 9.840252876281738281e+00 1.456226110458374023e-01
2.016379547119140625e+01 9.969659805297851562e+00 9.824357032775878906e+00 1.453041136264801025e-01
2.018420410156250000e+01 9.964818000793457031e+00 9.820353507995605469e+00 1.444663554430007935e-01
2.020461273193359375e+01 9.908061981201171875e+00 9.763040542602539062e+00 1.450225114822387695e-01
2.022502136230468750e+01 9.879917144775390625e+00 9.735433578491210938e+00 1.444853395223617554e-01
2.024542999267578125e+01 9.840441703796386719e+00 9.696059226989746094e+00 1.443849354982376099e-01
2.026583862304687500e+01 9.818181991577148438e+00 9.674481391906738281e+00 1.437022984027862549e-01
2.028624725341796875e+01 9.791453361511230469e+00 9.647047042846679688e+00 1.444074511528015137e-01
2.030665588378906250e+01 9.739444732666015625e+00 9.596092224121093750e+00 1.433541923761367798e-01
2.032706451416015625e+01 9.706118583679199219e+00 9.562903404235839844e+00 1.432172507047653198e-01
2.034747314453125000e+01 9.660933494567871094e+00 9.518015861511230469e+00 1.429189890623092651e-01
2.042910766601562500e+01 9.551254272460937500e+00 9.409673690795898438e+00 1.415825337171554565e-01
2.049033546447753906e+01 9.451775550842285156e+00 9.311457633972167969e+00 1.403180509805679321e-01
2.053115081787109375e+01 9.408578872680664062e+00 9.269626617431640625e+00 1.389521658420562744e-01
2.055155944824218750e+01 9.445056915283203125e+00 9.307014465332031250e+00 1.380436569452285767e-01
2.059237670898437500e+01 9.344208717346191406e+00 9.207189559936523438e+00 1.370204985141754150e-01
2.061278724670410156e+01 9.299600601196289062e+00 9.163232803344726562e+00 1.363683193922042847e-01
2.075564765930175781e+01 9.099493980407714844e+00 8.967522621154785156e+00 1.319718360900878906e-01
2.077605628967285156e+01 9.066823959350585938e+00 8.935669898986816406e+00 1.311552822589874268e-01
2.079646492004394531e+01 9.034911155700683594e+00 8.903878211975097656e+00 1.310352236032485962e-01
2.081687355041503906e+01 9.008107185363769531e+00 8.877899169921875000e+00 1.302078217267990112e-01
2.083728218078613281e+01 8.970701217651367188e+00 8.840481758117675781e+00 1.302224993705749512e-01
2.087809944152832031e+01 8.923954963684082031e+00 8.794533729553222656e+00 1.294238418340682983e-01
2.100055122375488281e+01 8.761368751525878906e+00 8.634960174560546875e+00 1.264108121395111084e-01
2.102095985412597656e+01 8.718026161193847656e+00 8.592412948608398438e+00 1.256151348352432251e-01
2.104136848449707031e+01 8.692667961120605469e+00 8.567011833190917969e+00 1.256578862667083740e-01
2.106177711486816406e+01 8.649583816528320312e+00 8.524612426757812500e+00 1.249719709157943726e-01
2.108218574523925781e+01 8.623127937316894531e+00 8.499326705932617188e+00 1.238033622503280640e-01
2.110259437561035156e+01 8.586147308349609375e+00 8.462747573852539062e+00 1.234038397669792175e-01
2.112300491333007812e+01 8.548954010009765625e+00 8.426237106323242188e+00 1.227188631892204285e-01
2.114341354370117188e+01 8.518154144287109375e+00 8.395460128784179688e+00 1.226944550871849060e-01
2.116382217407226562e+01 8.492352485656738281e+00 8.370396614074707031e+00 1.219569221138954163e-01
2.118423080444335938e+01 8.461476325988769531e+00 8.339731216430664062e+00 1.217475384473800659e-01
2.120463943481445312e+01 8.418907165527343750e+00 8.297835350036621094e+00 1.210736110806465149e-01
2.122504615783691406e+01 8.393863677978515625e+00 8.272939682006835938e+00 1.209258511662483215e-01
2.124545478820800781e+01 8.357539176940917969e+00 8.236823081970214844e+00 1.207181215286254883e-01
2.126586532592773438e+01 8.327158927917480469e+00 8.206403732299804688e+00 1.207580715417861938e-01
2.128627395629882812e+01 8.290566444396972656e+00 8.170420646667480469e+00 1.201478987932205200e-01
2.130668258666992188e+01 8.260080337524414062e+00 8.140122413635253906e+00 1.199610307812690735e-01
2.132709121704101562e+01 8.229560852050781250e+00 8.109884262084960938e+00 1.196779906749725342e-01
2.134749984741210938e+01 8.198844909667968750e+00 8.079702377319335938e+00 1.191450208425521851e-01
2.136790847778320312e+01 8.168787002563476562e+00 8.049578666687011719e+00 1.192128658294677734e-01
2.138831710815429688e+01 8.149271965026855469e+00 8.030705451965332031e+00 1.185694038867950439e-01
2.140872573852539062e+01 8.102519035339355469e+00 7.983912467956542969e+00 1.186085045337677002e-01
2.142913436889648438e+01 8.072206497192382812e+00 7.953966140747070312e+00 1.182433068752288818e-01
2.144954490661621094e+01 8.014521598815917969e+00 7.896174907684326172e+00 1.183498501777648926e-01
2.146995162963867188e+01 7.984698295593261719e+00 7.866370201110839844e+00 1.183283999562263489e-01
2.149036026000976562e+01 7.960626125335693359e+00 7.842189788818359375e+00 1.184363886713981628e-01
2.151076889038085938e+01 7.902635574340820312e+00 7.784669876098632812e+00 1.179656311869621277e-01
2.153117752075195312e+01 7.895131587982177734e+00 7.777290821075439453e+00 1.178408041596412659e-01
2.155158615112304688e+01 7.837577819824218750e+00 7.719940662384033203e+00 1.176374778151512146e-01
2.157199478149414062e+01 7.802281856536865234e+00 7.684894084930419922e+00 1.173873394727706909e-01
2.159240341186523438e+01 7.783556461334228516e+00 7.666543483734130859e+00 1.170131042599678040e-01
2.161281394958496094e+01 7.732268333435058594e+00 7.614998340606689453e+00 1.172704771161079407e-01
2.163322257995605469e+01 7.697327136993408203e+00 7.580149173736572266e+00 1.171779930591583252e-01
2.165363121032714844e+01 7.662329673767089844e+00 7.545366287231445312e+00 1.169628798961639404e-01
2.167403984069824219e+01 7.633202552795410156e+00 7.516170978546142578e+00 1.170313879847526550e-01
2.169444656372070312e+01 7.587348937988281250e+00 7.470479488372802734e+00 1.168691217899322510e-01
2.171485519409179688e+01 7.541617870330810547e+00 7.424873352050781250e+00 1.167441308498382568e-01
2.173526382446289062e+01 7.501368045806884766e+00 7.384860038757324219e+00 1.165070980787277222e-01
2.175567245483398438e+01 7.472428798675537109e+00 7.355924606323242188e+00 1.165044158697128296e-01
2.177608299255371094e+01 7.476459980010986328e+00 7.360023975372314453e+00 1.164362430572509766e-01
2.179649162292480469e+01 7.404131412506103516e+00 7.287234306335449219e+00 1.168966516852378845e-01
2.181690025329589844e+01 7.395887851715087891e+00 7.280417442321777344e+00 1.154709607362747192e-01
2.185771751403808594e+01 7.301076889038085938e+00 7.184679985046386719e+00 1.163960397243499756e-01
2.187812614440917969e+01 7.267051219940185547e+00 7.150623321533203125e+00 1.164279207587242126e-01
2.189853477478027344e+01 7.249137878417968750e+00 7.133026599884033203e+00 1.161115020513534546e-01
2.191894340515136719e+01 7.220692157745361328e+00 7.104542255401611328e+00 1.161500662565231323e-01
2.193935203552246094e+01 7.181402206420898438e+00 7.065199375152587891e+00 1.162023171782493591e-01
2.195976066589355469e+01 7.153223514556884766e+00 7.036829471588134766e+00 1.163942590355873108e-01
2.198016929626464844e+01 7.135213851928710938e+00 7.019405364990234375e+00 1.158083006739616394e-01
2.200057792663574219e+01 7.101737022399902344e+00 6.985690593719482422e+00 1.160456761717796326e-01
2.202098655700683594e+01 7.067962169647216797e+00 6.952038764953613281e+00 1.159231513738632202e-01
2.204139518737792969e+01 7.045539855957031250e+00 6.929309844970703125e+00 1.162297800183296204e-01
2.206180381774902344e+01 7.017079830169677734e+00 6.901198387145996094e+00 1.158809885382652283e-01
2.208221244812011719e+01 6.994395256042480469e+00 6.878558158874511719e+00 1.158366277813911438e-01
2.210262298583984375e+01 6.960535526275634766e+00 6.845129489898681641e+00 1.154053881764411926e-01
2.212303161621093750e+01 6.932940006256103516e+00 6.817173480987548828e+00 1.157657206058502197e-01
2.214344024658203125e+01 6.910573959350585938e+00 6.794673442840576172e+00 1.159004122018814087e-01
2.216384696960449219e+01 6.882118225097656250e+00 6.766816139221191406e+00 1.153017655014991760e-01
2.218425559997558594e+01 6.849059104919433594e+00 6.733612537384033203e+00 1.154462546110153198e-01
2.220466423034667969e+01 6.826548576354980469e+00 6.711251735687255859e+00 1.152963861823081970e-01
2.222507286071777344e+01 6.798803806304931641e+00 6.683546543121337891e+00 1.152568385004997253e-01
2.224548149108886719e+01 6.771037101745605469e+00 6.655891895294189453e+00 1.151447817683219910e-01
2.226589202880859375e+01 6.749097347259521484e+00 6.633664131164550781e+00 1.154329180717468262e-01
2.228630065917968750e+01 6.726271629333496094e+00 6.611476898193359375e+00 1.147938817739486694e-01
2.230670928955078125e+01 6.698903083801269531e+00 6.583964347839355469e+00 1.149379462003707886e-01
2.232711791992187500e+01 6.671579837799072266e+00 6.556501865386962891e+00 1.150777190923690796e-01
2.234752655029296875e+01 6.654927253723144531e+00 6.539802551269531250e+00 1.151244640350341797e-01
2.236793518066406250e+01 6.632852554321289062e+00 6.517781257629394531e+00 1.150706484913825989e-01
2.238834190368652344e+01 6.600546836853027344e+00 6.485108375549316406e+00 1.154380664229393005e-01
2.240875053405761719e+01 6.578328132629394531e+00 6.463177680969238281e+00 1.151498183608055115e-01
2.242916107177734375e+01 6.561869621276855469e+00 6.446623802185058594e+00 1.152456104755401611e-01
2.244956970214843750e+01 6.540176868438720703e+00 6.424767494201660156e+00 1.154093071818351746e-01
2.246997833251953125e+01 6.523338794708251953e+00 6.408278465270996094e+00 1.150600835680961609e-01
2.249038696289062500e+01 6.507307052612304688e+00 6.391819477081298828e+00 1.154874488711357117e-01
2.251079559326171875e+01 6.485129356384277344e+00 6.370072841644287109e+00 1.150566041469573975e-01
2.253120422363281250e+01 6.463655471801757812e+00 6.348365306854248047e+00 1.152899339795112610e-01
2.255161285400390625e+01 6.457617282867431641e+00 6.342619895935058594e+00 1.149978339672088623e-01
2.257202148437500000e+01 6.436194419860839844e+00 6.320976734161376953e+00 1.152173429727554321e-01
2.259243011474609375e+01 6.420060157775878906e+00 6.304670810699462891e+00 1.153896376490592957e-01
2.261283874511718750e+01 6.408896446228027344e+00 6.293687820434570312e+00 1.152086406946182251e-01
2.263324737548828125e+01 6.392879009246826172e+00 6.277435302734375000e+00 1.154434010386466980e-01
2.265365600585937500e+01 6.387214660644531250e+00 6.271780014038085938e+00 1.154345124959945679e-01
2.267406463623046875e+01 6.371176242828369141e+00 6.255577087402343750e+00 1.155994385480880737e-01
2.269447326660156250e+01 6.360336780548095703e+00 6.244677066802978516e+00 1.156596466898918152e-01
2.271488189697265625e+01 6.344371318817138672e+00 6.228527069091796875e+00 1.158441752195358276e-01
2.273529052734375000e+01 6.338743209838867188e+00 6.222936153411865234e+00 1.158064752817153931e-01
2.275570106506347656e+01 6.322760581970214844e+00 6.206835269927978516e+00 1.159250661730766296e-01
2.277610969543457031e+01 6.312160491943359375e+00 6.196017742156982422e+00 1.161419972777366638e-01
2.279651832580566406e+01 6.306974887847900391e+00 6.190470695495605469e+00 1.165035143494606018e-01
2.281692695617675781e+01 6.296441078186035156e+00 6.179687500000000000e+00 1.167534142732620239e-01
2.283733558654785156e+01 6.290730953216552734e+00 6.174165248870849609e+00 1.165654212236404419e-01
2.285774230957031250e+01 6.264198780059814453e+00 6.147706508636474609e+00 1.164926737546920776e-01
2.287815093994140625e+01 6.264201164245605469e+00 6.147454738616943359e+00 1.167470440268516541e-01
2.289855957031250000e+01 6.258993148803710938e+00 6.141975402832031250e+00 1.170179173350334167e-01
2.291897010803222656e+01 6.248240470886230469e+00 6.131283283233642578e+00 1.169581189751625061e-01
2.293937873840332031e+01 6.237802505493164062e+00 6.120610713958740234e+00 1.171919330954551697e-01
2.295978736877441406e+01 6.232277393341064453e+00 6.115170001983642578e+00 1.171086207032203674e-01
2.298019599914550781e+01 6.221815586090087891e+00 6.104530811309814453e+00 1.172855496406555176e-01
2.300060462951660156e+01 6.211333751678466797e+00 6.093910217285156250e+00 1.174249202013015747e-01
2.302101325988769531e+01 6.205748558044433594e+00 6.088507652282714844e+00 1.172415912151336670e-01
2.304142189025878906e+01 6.195192337036132812e+00 6.077919960021972656e+00 1.172730624675750732e-01
2.316387367248535156e+01 6.216678619384765625e+00 6.097463607788085938e+00 1.192163154482841492e-01
2.318428230285644531e+01 6.137883186340332031e+00 6.019817352294921875e+00 1.180662438273429871e-01
2.320469093322753906e+01 6.127317905426025391e+00 6.009364604949951172e+00 1.179550662636756897e-01
2.328632736206054688e+01 6.064981937408447266e+00 5.947175979614257812e+00 1.178066134452819824e-01
2.334755134582519531e+01 6.018189907073974609e+00 5.900819778442382812e+00 1.173710450530052185e-01
2.336795997619628906e+01 6.002896308898925781e+00 5.885422229766845703e+00 1.174748167395591736e-01
2.338836860656738281e+01 5.987014293670654297e+00 5.870050907135009766e+00 1.169639825820922852e-01
2.342918777465820312e+01 5.960597038269042969e+00 5.844497680664062500e+00 1.160996481776237488e-01
2.357204818725585938e+01 5.919394493103027344e+00 5.803998947143554688e+00 1.153960227966308594e-01
2.359245681762695312e+01 5.875293731689453125e+00 5.758390903472900391e+00 1.169032827019691467e-01
2.361286544799804688e+01 5.852928638458251953e+00 5.738206386566162109e+00 1.147221252322196960e-01
2.369449996948242188e+01 5.796419143676757812e+00 5.683074474334716797e+00 1.133450195193290710e-01
2.371490859985351562e+01 5.791343688964843750e+00 5.678184032440185547e+00 1.131600737571716309e-01
2.373531723022460938e+01 5.786429405212402344e+00 5.673301696777343750e+00 1.131276339292526245e-01
2.375572776794433594e+01 5.790859699249267578e+00 5.678504943847656250e+00 1.123548969626426697e-01
2.377613449096679688e+01 5.826429367065429688e+00 5.713905334472656250e+00 1.125239580869674683e-01
2.379654312133789062e+01 5.761013984680175781e+00 5.648645401000976562e+00 1.123693659901618958e-01
2.381695175170898438e+01 5.760734081268310547e+00 5.648830890655517578e+00 1.119038090109825134e-01
2.383736038208007812e+01 5.750921249389648438e+00 5.638972759246826172e+00 1.119492202997207642e-01
2.387817764282226562e+01 5.740586757659912109e+00 5.629333496093750000e+00 1.112533882260322571e-01
2.389858627319335938e+01 5.740498065948486328e+00 5.629534721374511719e+00 1.109645366668701172e-01
2.393940544128417969e+01 5.715054035186767578e+00 5.604936122894287109e+00 1.101178750395774841e-01
2.400063133239746094e+01 5.715062141418457031e+00 5.605599403381347656e+00 1.094632595777511597e-01
2.402103805541992188e+01 5.720407009124755859e+00 5.610803127288818359e+00 1.096042767167091370e-01
2.406185722351074219e+01 5.730422973632812500e+00 5.621182918548583984e+00 1.092410385608673096e-01
2.408226585388183594e+01 5.730641365051269531e+00 5.621389865875244141e+00 1.092513054609298706e-01
2.410267448425292969e+01 5.730185985565185547e+00 5.621595859527587891e+00 1.085905954241752625e-01
2.412308311462402344e+01 5.730119705200195312e+00 5.621801376342773438e+00 1.083189398050308228e-01
2.414349174499511719e+01 5.735417842864990234e+00 5.626965045928955078e+00 1.084533035755157471e-01
2.420471763610839844e+01 5.739607810974121094e+00 5.632511138916015625e+00 1.070969402790069580e-01
2.426594352722167969e+01 5.764874458312988281e+00 5.657761573791503906e+00 1.071131378412246704e-01
2.428635215759277344e+01 5.765097618103027344e+00 5.657935619354248047e+00 1.071619987487792969e-01
2.430676078796386719e+01 5.775315284729003906e+00 5.667957782745361328e+00 1.073575168848037720e-01
2.434757804870605469e+01 5.785449028015136719e+00 5.678121089935302734e+00 1.073284223675727844e-01
2.444962310791015625e+01 5.829363346099853516e+00 5.722960472106933594e+00 1.064035147428512573e-01
2.447002983093261719e+01 5.834451675415039062e+00 5.727970600128173828e+00 1.064824163913726807e-01
2.451084709167480469e+01 5.854152202606201172e+00 5.747732639312744141e+00 1.064202412962913513e-01
2.457207489013671875e+01 5.892940998077392578e+00 5.786993980407714844e+00 1.059477180242538452e-01
2.459248352050781250e+01 5.910536766052246094e+00 5.801660060882568359e+00 1.088773235678672791e-01
2.463330078125000000e+01 5.917120933532714844e+00 5.811482906341552734e+00 1.056384816765785217e-01
2.465370941162109375e+01 5.926313877105712891e+00 5.821237564086914062e+00 1.050773262977600098e-01
2.471493530273437500e+01 5.941139221191406250e+00 5.835875034332275391e+00 1.052652969956398010e-01
2.473534393310546875e+01 5.955212116241455078e+00 5.850415706634521484e+00 1.047970652580261230e-01
2.483738708496093750e+01 5.993773937225341797e+00 5.889029026031494141e+00 1.047459170222282410e-01
2.485779571533203125e+01 5.998686313629150391e+00 5.893824577331542969e+00 1.048620715737342834e-01
2.487820434570312500e+01 5.998784542083740234e+00 5.893801212310791016e+00 1.049841493368148804e-01
2.489861488342285156e+01 6.003653049468994141e+00 5.898584365844726562e+00 1.050688847899436951e-01
2.491902351379394531e+01 6.017349243164062500e+00 5.912967205047607422e+00 1.043828874826431274e-01
2.493943023681640625e+01 6.022092819213867188e+00 5.917727470397949219e+00 1.043659299612045288e-01
2.502106475830078125e+01 6.041199207305908203e+00 5.936689853668212891e+00 1.045095399022102356e-01
2.504147338867187500e+01 6.045601367950439453e+00 5.941411495208740234e+00 1.041907146573066711e-01
2.506188392639160156e+01 6.040431022644042969e+00 5.936573505401611328e+00 1.038581505417823792e-01
2.508229255676269531e+01 6.059521675109863281e+00 5.955603122711181641e+00 1.039185822010040283e-01
2.510270118713378906e+01 6.054594993591308594e+00 5.950761318206787109e+00 1.038340851664543152e-01
2.512310981750488281e+01 6.069562911987304688e+00 5.964984893798828125e+00 1.045778766274452209e-01
2.514351844787597656e+01 6.079773426055908203e+00 5.974424362182617188e+00 1.053494065999984741e-01
2.516392517089843750e+01 6.105956554412841797e+00 5.998119831085205078e+00 1.078362986445426941e-01
2.518433380126953125e+01 6.088730335235595703e+00 5.983753204345703125e+00 1.049775481224060059e-01
2.520474243164062500e+01 6.097689628601074219e+00 5.993154525756835938e+00 1.045357212424278259e-01
2.522515296936035156e+01 6.098256587982177734e+00 5.993051052093505859e+00 1.052052155137062073e-01
2.524556159973144531e+01 6.112428665161132812e+00 6.007171154022216797e+00 1.052578240633010864e-01
2.526597023010253906e+01 6.131403446197509766e+00 6.026006221771240234e+00 1.053981557488441467e-01
2.528637886047363281e+01 6.131517887115478516e+00 6.025875568389892578e+00 1.056425124406814575e-01
2.530678749084472656e+01 6.141054630279541016e+00 6.035205364227294922e+00 1.058485358953475952e-01
2.532719612121582031e+01 6.150360107421875000e+00 6.044520378112792969e+00 1.058398634195327759e-01
2.534760475158691406e+01 6.159833908081054688e+00 6.053819656372070312e+00 1.060150563716888428e-01
2.536801338195800781e+01 6.173154830932617188e+00 6.067822933197021484e+00 1.053324714303016663e-01
2.538842201232910156e+01 6.183037281036376953e+00 6.077089786529541016e+00 1.059470325708389282e-01
2.540883064270019531e+01 6.197068691253662109e+00 6.091051578521728516e+00 1.060171127319335938e-01
2.542923927307128906e+01 6.206664562225341797e+00 6.100283622741699219e+00 1.063807159662246704e-01
2.544964790344238281e+01 6.225269317626953125e+00 6.118907928466796875e+00 1.063615158200263977e-01
2.547005653381347656e+01 6.234684944152832031e+00 6.128103256225585938e+00 1.065825074911117554e-01
2.549046516418457031e+01 6.243948936462402344e+00 6.137284278869628906e+00 1.066645458340644836e-01
2.551087379455566406e+01 6.262418746948242188e+00 6.155833721160888672e+00 1.065853759646415710e-01
2.553128242492675781e+01 6.271826267242431641e+00 6.164978027343750000e+00 1.068483516573905945e-01
2.555169296264648438e+01 6.285531520843505859e+00 6.178791522979736328e+00 1.067400798201560974e-01
2.557210159301757812e+01 6.299587249755859375e+00 6.192583560943603516e+00 1.070033535361289978e-01
2.559251022338867188e+01 6.308401584625244141e+00 6.201675415039062500e+00 1.067269295454025269e-01
2.561291885375976562e+01 6.322134017944335938e+00 6.215427398681640625e+00 1.067066118121147156e-01
2.563332557678222656e+01 6.331578731536865234e+00 6.224487781524658203e+00 1.070909872651100159e-01
2.565373420715332031e+01 6.345432758331298828e+00 6.238198757171630859e+00 1.072346270084381104e-01
2.567414283752441406e+01 6.354551792144775391e+00 6.247226238250732422e+00 1.073250100016593933e-01
2.569455146789550781e+01 6.368086338043212891e+00 6.260897636413574219e+00 1.071890220046043396e-01
2.571496200561523438e+01 6.381814002990722656e+00 6.274548053741455078e+00 1.072652339935302734e-01
2.573537063598632812e+01 6.391076564788818359e+00 6.283525466918945312e+00 1.075513809919357300e-01
2.575577926635742188e+01 6.394914627075195312e+00 6.287840366363525391e+00 1.070743352174758911e-01
2.577618789672851562e+01 6.404131889343261719e+00 6.296792984008789062e+00 1.073394343256950378e-01
2.579659652709960938e+01 6.417833805084228516e+00 6.310371398925781250e+00 1.074627786874771118e-01
2.581700515747070312e+01 6.422149181365966797e+00 6.314655303955078125e+00 1.074938774108886719e-01
2.583741378784179688e+01 6.440220355987548828e+00 6.332830905914306641e+00 1.073894873261451721e-01
2.585782241821289062e+01 6.435224056243896484e+00 6.327832221984863281e+00 1.073918640613555908e-01
2.587823104858398438e+01 6.443998336791992188e+00 6.336718082427978516e+00 1.072804853320121765e-01
2.589863967895507812e+01 6.447875499725341797e+00 6.340967655181884766e+00 1.069078519940376282e-01
2.591904830932617188e+01 6.447865962982177734e+00 6.340593338012695312e+00 1.072731465101242065e-01
2.593945693969726562e+01 6.456756114959716797e+00 6.349448204040527344e+00 1.073078587651252747e-01
2.595986557006835938e+01 6.460865497589111328e+00 6.353677272796630859e+00 1.071884259581565857e-01
2.598027420043945312e+01 6.465026855468750000e+00 6.357900619506835938e+00 1.071263328194618225e-01
2.600068283081054688e+01 6.464730739593505859e+00 6.357513904571533203e+00 1.072166785597801208e-01
2.602109146118164062e+01 6.473695755004882812e+00 6.366327762603759766e+00 1.073683127760887146e-01
2.604150009155273438e+01 6.473040103912353516e+00 6.365934848785400391e+00 1.071055233478546143e-01
2.606191062927246094e+01 6.472671985626220703e+00 6.365542888641357422e+00 1.071293950080871582e-01
2.608231925964355469e+01 6.467498302459716797e+00 6.360561847686767578e+00 1.069363355636596680e-01
2.610272598266601562e+01 6.476688861846923828e+00 6.369345188140869141e+00 1.073434427380561829e-01
2.612313461303710938e+01 6.471430778503417969e+00 6.364368915557861328e+00 1.070621982216835022e-01
2.614354324340820312e+01 6.475735187530517578e+00 6.368557929992675781e+00 1.071775779128074646e-01
2.616395187377929688e+01 6.479773998260498047e+00 6.372739315032958984e+00 1.070348471403121948e-01
2.618436050415039062e+01 6.484154701232910156e+00 6.376914978027343750e+00 1.072401553392410278e-01
2.620477104187011719e+01 6.483844280242919922e+00 6.376515865325927734e+00 1.073286980390548706e-01
2.622517967224121094e+01 6.483338356018066406e+00 6.376118183135986328e+00 1.072208359837532043e-01
2.624558830261230469e+01 6.483202457427978516e+00 6.375720500946044922e+00 1.074823215603828430e-01
2.626599693298339844e+01 6.491819858551025391e+00 6.384437561035156250e+00 1.073825359344482422e-01
2.628640556335449219e+01 6.496068477630615234e+00 6.388587951660156250e+00 1.074808165431022644e-01
2.630681419372558594e+01 6.500089645385742188e+00 6.392731666564941406e+00 1.073581352829933167e-01
2.632722091674804688e+01 6.504380702972412109e+00 6.396869182586669922e+00 1.075112521648406982e-01
2.634762954711914062e+01 6.508709430694580078e+00 6.401000022888183594e+00 1.077098473906517029e-01
2.636804008483886719e+01 6.512871742248535156e+00 6.405124664306640625e+00 1.077479496598243713e-01
2.638844871520996094e+01 6.521507263183593750e+00 6.413778305053710938e+00 1.077301576733589172e-01
2.640885734558105469e+01 6.530432224273681641e+00 6.422419071197509766e+00 1.080142408609390259e-01
2.642926597595214844e+01 6.539036273956298828e+00 6.431046962738037109e+00 1.079896092414855957e-01
2.644967460632324219e+01 6.547735691070556641e+00 6.439660072326660156e+00 1.080770120024681091e-01
2.647008323669433594e+01 6.556499004364013672e+00 6.448261260986328125e+00 1.082387343049049377e-01
2.649049186706542969e+01 6.565126895904541016e+00 6.456848621368408203e+00 1.082792282104492188e-01
2.651090049743652344e+01 6.578609943389892578e+00 6.469937801361083984e+00 1.086723580956459045e-01
2.653130912780761719e+01 6.591691493988037109e+00 6.483006954193115234e+00 1.086854562163352966e-01
2.655171966552734375e+01 6.604918003082275391e+00 6.496055603027343750e+00 1.088627278804779053e-01
2.657212638854980469e+01 6.618017196655273438e+00 6.509085178375244141e+00 1.089324429631233215e-01
2.659253501892089844e+01 6.626727581024169922e+00 6.517593383789062500e+00 1.091354638338088989e-01
2.661294364929199219e+01 6.648817062377929688e+00 6.539580821990966797e+00 1.092371270060539246e-01
2.663335227966308594e+01 6.671151638031005859e+00 6.561534881591796875e+00 1.096176430583000183e-01
2.665376091003417969e+01 6.688761711120605469e+00 6.578964233398437500e+00 1.097987443208694458e-01
2.667416954040527344e+01 6.701877117156982422e+00 6.591879367828369141e+00 1.099986135959625244e-01
2.669458007812500000e+01 6.719484806060791016e+00 6.609260082244873047e+00 1.102253124117851257e-01
2.671498870849609375e+01 6.737179279327392578e+00 6.626612663269042969e+00 1.105678379535675049e-01
2.673539733886718750e+01 6.759185791015625000e+00 6.648416519165039062e+00 1.107695698738098145e-01
2.675580596923828125e+01 6.785715103149414062e+00 6.674660682678222656e+00 1.110546812415122986e-01
2.677621459960937500e+01 6.803142070770263672e+00 6.691924095153808594e+00 1.112185791134834290e-01
2.679662132263183594e+01 6.820903778076171875e+00 6.709162235260009766e+00 1.117421314120292664e-01
2.681702995300292969e+01 6.842926979064941406e+00 6.730836868286132812e+00 1.120905950665473938e-01
2.683743858337402344e+01 6.869299411773681641e+00 6.756938457489013672e+00 1.123613193631172180e-01
2.685784912109375000e+01 6.895690441131591797e+00 6.783000469207763672e+00 1.126903742551803589e-01
2.687825775146484375e+01 6.917438030242919922e+00 6.804569244384765625e+00 1.128694191575050354e-01
2.689866638183593750e+01 6.935015201568603516e+00 6.821656227111816406e+00 1.133590564131736755e-01
2.691907501220703125e+01 6.956947326660156250e+00 6.843163013458251953e+00 1.137847304344177246e-01
2.693948364257812500e+01 6.978869915008544922e+00 6.864637374877929688e+00 1.142331734299659729e-01
2.695989227294921875e+01 7.000523090362548828e+00 6.886079788208007812e+00 1.144436299800872803e-01
2.698030090332031250e+01 7.026866912841796875e+00 6.911925792694091797e+00 1.149421930313110352e-01
2.700070953369140625e+01 7.044318675994873047e+00 6.928866386413574219e+00 1.154533997178077698e-01
2.702111816406250000e+01 7.070421695709228516e+00 6.954641819000244141e+00 1.157802715897560120e-01
2.704152679443359375e+01 7.092146873474121094e+00 6.975951194763183594e+00 1.161964014172554016e-01
2.706193542480468750e+01 7.118293762207031250e+00 7.001651287078857422e+00 1.166436672210693359e-01
2.708234405517578125e+01 7.135591983795166016e+00 7.018473625183105469e+00 1.171185895800590515e-01
2.710275268554687500e+01 7.157174110412597656e+00 7.039686203002929688e+00 1.174881532788276672e-01
2.712316131591796875e+01 7.183215618133544922e+00 7.065280437469482422e+00 1.179361417889595032e-01
2.714356994628906250e+01 7.204801082611083984e+00 7.086426258087158203e+00 1.183756813406944275e-01
2.716397857666015625e+01 7.217449188232421875e+00 7.098728179931640625e+00 1.187219619750976562e-01
2.718438720703125000e+01 7.247734546661376953e+00 7.128623962402343750e+00 1.191116049885749817e-01
2.720479774475097656e+01 7.265005588531494141e+00 7.145275115966796875e+00 1.197308823466300964e-01
2.722520446777343750e+01 7.290606498718261719e+00 7.170694828033447266e+00 1.199120655655860901e-01
2.724561500549316406e+01 7.311883449554443359e+00 7.191681861877441406e+00 1.202023252844810486e-01
2.726602172851562500e+01 7.337831020355224609e+00 7.217028617858886719e+00 1.208037063479423523e-01
2.728643226623535156e+01 7.359213829040527344e+00 7.237950801849365234e+00 1.212635263800621033e-01
2.730683898925781250e+01 7.380364894866943359e+00 7.258841514587402344e+00 1.215246394276618958e-01
2.732724952697753906e+01 7.405870914459228516e+00 7.284080028533935547e+00 1.217915937304496765e-01
2.734765815734863281e+01 7.431505203247070312e+00 7.309282302856445312e+00 1.222242042422294617e-01
2.736806488037109375e+01 7.452685356140136719e+00 7.330073833465576172e+00 1.226128712296485901e-01
2.738847541809082031e+01 7.478199481964111328e+00 7.355203628540039062e+00 1.229969412088394165e-01
2.740888214111328125e+01 7.503422260284423828e+00 7.380296230316162109e+00 1.231263801455497742e-01
2.742929267883300781e+01 7.528701782226562500e+00 7.405351161956787109e+00 1.233515515923500061e-01
2.744969940185546875e+01 7.545274257659912109e+00 7.421648502349853516e+00 1.236268803477287292e-01
2.747010993957519531e+01 7.579470634460449219e+00 7.455349922180175781e+00 1.241219267249107361e-01
2.749051666259765625e+01 7.600143432617187500e+00 7.475939750671386719e+00 1.242053955793380737e-01
2.751092720031738281e+01 7.625325679779052734e+00 7.500849246978759766e+00 1.244768723845481873e-01
2.753133583068847656e+01 7.654701232910156250e+00 7.530070304870605469e+00 1.246315687894821167e-01
2.755174636840820312e+01 7.684050559997558594e+00 7.559246540069580078e+00 1.248055249452590942e-01
2.757215309143066406e+01 7.709107398986816406e+00 7.584040641784667969e+00 1.250678449869155884e-01
2.759256362915039062e+01 7.734068870544433594e+00 7.608796596527099609e+00 1.252736747264862061e-01
2.761297035217285156e+01 7.759039402008056641e+00 7.633515834808349609e+00 1.255246400833129883e-01
2.763337707519531250e+01 7.788187503814697266e+00 7.662531375885009766e+00 1.256572604179382324e-01
2.765378761291503906e+01 7.813064098358154297e+00 7.687174320220947266e+00 1.258906275033950806e-01
2.767419624328613281e+01 7.842056274414062500e+00 7.716106891632080078e+00 1.259507536888122559e-01
2.769460678100585938e+01 7.858385562896728516e+00 7.732030391693115234e+00 1.263564676046371460e-01
2.771501350402832031e+01 7.895880222320556641e+00 7.769525527954101562e+00 1.263556182384490967e-01
2.773542404174804688e+01 7.920437812805175781e+00 7.794017314910888672e+00 1.264221668243408203e-01
2.775583076477050781e+01 7.949488639831542969e+00 7.822786331176757812e+00 1.267035752534866333e-01
2.777624130249023438e+01 7.978278160095214844e+00 7.851511955261230469e+00 1.267673373222351074e-01
2.779664802551269531e+01 8.002951622009277344e+00 7.875890731811523438e+00 1.270617246627807617e-01
2.781705856323242188e+01 8.031661987304687500e+00 7.904535770416259766e+00 1.271274834871292114e-01
2.783746528625488281e+01 8.056155204772949219e+00 7.928839683532714844e+00 1.273158490657806396e-01
2.785787391662597656e+01 8.080760955810546875e+00 7.953107833862304688e+00 1.276536434888839722e-01
2.787828445434570312e+01 8.109301567077636719e+00 7.981633186340332031e+00 1.276690661907196045e-01
2.789869117736816406e+01 8.129494667053222656e+00 8.001536369323730469e+00 1.279593855142593384e-01
2.791910171508789062e+01 8.162266731262207031e+00 8.034273147583007812e+00 1.279944628477096558e-01
2.793950843811035156e+01 8.190827369689941406e+00 8.062676429748535156e+00 1.281527429819107056e-01
2.795991897583007812e+01 8.219391822814941406e+00 8.091038703918457031e+00 1.283547133207321167e-01
2.798032569885253906e+01 8.243704795837402344e+00 8.115083694458007812e+00 1.286219656467437744e-01
2.800073623657226562e+01 8.272064208984375000e+00 8.143364906311035156e+00 1.286994665861129761e-01
2.802114486694335938e+01 8.300498962402343750e+00 8.171607971191406250e+00 1.288934797048568726e-01
2.804155540466308594e+01 8.324671745300292969e+00 8.195539474487304688e+00 1.291340440511703491e-01
2.806196212768554688e+01 8.353038787841796875e+00 8.223703384399414062e+00 1.293370276689529419e-01
2.808236885070800781e+01 8.381350517272949219e+00 8.251825332641601562e+00 1.295271962881088257e-01
2.810277938842773438e+01 8.413886070251464844e+00 8.284165382385253906e+00 1.297226399183273315e-01
2.812318611145019531e+01 8.437878608703613281e+00 8.307946205139160156e+00 1.299342215061187744e-01
2.814359664916992188e+01 8.470314979553222656e+00 8.340198516845703125e+00 1.301174014806747437e-01
2.816400527954101562e+01 8.498501777648925781e+00 8.368155479431152344e+00 1.303482800722122192e-01
2.818441581726074219e+01 8.526584625244140625e+00 8.396070480346679688e+00 1.305153965950012207e-01
2.820482254028320312e+01 8.558888435363769531e+00 8.428189277648925781e+00 1.307007819414138794e-01
2.822523307800292969e+01 8.586977005004882812e+00 8.456020355224609375e+00 1.309585273265838623e-01
2.824563980102539062e+01 8.619119644165039062e+00 8.488049507141113281e+00 1.310711950063705444e-01
2.826605033874511719e+01 8.651262283325195312e+00 8.520032882690429688e+00 1.312305480241775513e-01
2.828645706176757812e+01 8.679082870483398438e+00 8.547738075256347656e+00 1.313460022211074829e-01
2.830686378479003906e+01 8.719783782958984375e+00 8.588089942932128906e+00 1.316943615674972534e-01
2.832727432250976562e+01 8.743314743041992188e+00 8.611479759216308594e+00 1.318353414535522461e-01
2.834768295288085938e+01 8.779399871826171875e+00 8.647504806518554688e+00 1.318964362144470215e-01
2.836809349060058594e+01 8.807137489318847656e+00 8.675037384033203125e+00 1.321005374193191528e-01
2.838850021362304688e+01 8.839097023010253906e+00 8.706748008728027344e+00 1.323502063751220703e-01
2.840891075134277344e+01 8.870737075805664062e+00 8.738413810729980469e+00 1.323241442441940308e-01
2.842931747436523438e+01 8.906643867492675781e+00 8.774243354797363281e+00 1.324023902416229248e-01
2.844972801208496094e+01 8.937740325927734375e+00 8.805813789367675781e+00 1.319273114204406738e-01
2.847013473510742188e+01 8.982615470886230469e+00 8.849952697753906250e+00 1.326632201671600342e-01
2.849054527282714844e+01 9.001530647277832031e+00 8.868820190429687500e+00 1.327118426561355591e-01
2.851095390319824219e+01 9.037286758422851562e+00 8.904454231262207031e+00 1.328342705965042114e-01
2.853136062622070312e+01 9.068935394287109375e+00 8.935843467712402344e+00 1.330922842025756836e-01
2.855177116394042969e+01 9.104504585266113281e+00 8.971377372741699219e+00 1.331280469894409180e-01
2.857217788696289062e+01 9.131897926330566406e+00 8.998483657836914062e+00 1.334150731563568115e-01
2.859258842468261719e+01 9.171508789062500000e+00 9.038109779357910156e+00 1.334007233381271362e-01
2.861299514770507812e+01 9.198479652404785156e+00 9.065129280090332031e+00 1.333522647619247437e-01
2.863340568542480469e+01 9.213450431823730469e+00 9.079567909240722656e+00 1.338841170072555542e-01
2.865381431579589844e+01 9.256716728210449219e+00 9.123229980468750000e+00 1.334875971078872681e-01
2.867422294616699219e+01 9.287863731384277344e+00 9.154304504394531250e+00 1.335608363151550293e-01
2.869463157653808594e+01 9.314672470092773438e+00 9.181165695190429688e+00 1.335077881813049316e-01
2.871504211425781250e+01 9.345674514770507812e+00 9.212154388427734375e+00 1.335213035345077515e-01
2.873544883728027344e+01 9.359801292419433594e+00 9.226439476013183594e+00 1.333629637956619263e-01
2.875585937500000000e+01 9.399346351623535156e+00 9.265678405761718750e+00 1.336701214313507080e-01
2.877626609802246094e+01 9.425993919372558594e+00 9.292383193969726562e+00 1.336128711700439453e-01
2.879667282104492188e+01 9.452721595764160156e+00 9.319050788879394531e+00 1.336726993322372437e-01
2.881708335876464844e+01 9.475157737731933594e+00 9.341526031494140625e+00 1.336338520050048828e-01
2.883749198913574219e+01 9.493459701538085938e+00 9.359819412231445312e+00 1.336416006088256836e-01
2.885790252685546875e+01 9.524146080017089844e+00 9.390529632568359375e+00 1.336186677217483521e-01
2.887830924987792969e+01 9.537881851196289062e+00 9.404617309570312500e+00 1.332658827304840088e-01
2.889871978759765625e+01 9.564633369445800781e+00 9.431110382080078125e+00 1.335233449935913086e-01
2.891912651062011719e+01 9.587020874023437500e+00 9.453428268432617188e+00 1.335946619510650635e-01
2.893953704833984375e+01 9.605235099792480469e+00 9.471577644348144531e+00 1.336594074964523315e-01
2.895994377136230469e+01 9.623272895812988281e+00 9.489701271057128906e+00 1.335722059011459351e-01
2.898035430908203125e+01 9.645478248596191406e+00 9.511930465698242188e+00 1.335477083921432495e-01
2.900076293945312500e+01 9.663546562194824219e+00 9.530000686645507812e+00 1.335473805665969849e-01
2.902116966247558594e+01 9.685901641845703125e+00 9.552170753479003906e+00 1.337324380874633789e-01
2.904158020019531250e+01 9.699614524841308594e+00 9.566063880920410156e+00 1.335517913103103638e-01
2.906198692321777344e+01 9.713564872741699219e+00 9.579940795898437500e+00 1.336257755756378174e-01
2.908239746093750000e+01 9.731756210327148438e+00 9.597911834716796875e+00 1.338460296392440796e-01
2.910280418395996094e+01 9.745399475097656250e+00 9.611745834350585938e+00 1.336537003517150879e-01
2.912321472167968750e+01 9.763198852539062500e+00 9.629669189453125000e+00 1.335319876670837402e-01
2.914362144470214844e+01 9.772960662841796875e+00 9.639354705810546875e+00 1.336060911417007446e-01
2.916403198242187500e+01 9.786858558654785156e+00 9.653129577636718750e+00 1.337306946516036987e-01
2.918444061279296875e+01 9.804725646972656250e+00 9.670988082885742188e+00 1.337381303310394287e-01
2.920485115051269531e+01 9.818516731262207031e+00 9.684720993041992188e+00 1.337978392839431763e-01
2.922525787353515625e+01 9.828199386596679688e+00 9.694341659545898438e+00 1.338585466146469116e-01
2.924566459655761719e+01 9.841889381408691406e+00 9.708041191101074219e+00 1.338490545749664307e-01
2.926607513427734375e+01 9.855568885803222656e+00 9.721719741821289062e+00 1.338504254817962646e-01
2.928648185729980469e+01 9.869272232055664062e+00 9.735381126403808594e+00 1.338919103145599365e-01
2.930689239501953125e+01 9.882884979248046875e+00 9.749021530151367188e+00 1.338640004396438599e-01
2.932730102539062500e+01 9.900939941406250000e+00 9.766726493835449219e+00 1.342132389545440674e-01
2.934771156311035156e+01 9.910392761230468750e+00 9.776247978210449219e+00 1.341459453105926514e-01
2.936811828613281250e+01 9.919812202453613281e+00 9.785757064819335938e+00 1.340561807155609131e-01
2.938852882385253906e+01 9.937539100646972656e+00 9.803399085998535156e+00 1.341406106948852539e-01
2.940893554687500000e+01 9.951172828674316406e+00 9.816946029663085938e+00 1.342267692089080811e-01
2.942934608459472656e+01 9.960764884948730469e+00 9.826406478881835938e+00 1.343583166599273682e-01
2.944975280761718750e+01 9.978353500366210938e+00 9.843983650207519531e+00 1.343709826469421387e-01
2.947016143798828125e+01 9.991803169250488281e+00 9.857475280761718750e+00 1.343281567096710205e-01
2.949057197570800781e+01 1.000531578063964844e+01 9.870946884155273438e+00 1.343700736761093140e-01
2.951097869873046875e+01 1.002295875549316406e+01 9.888456344604492188e+00 1.345031708478927612e-01
2.953138923645019531e+01 1.003227138519287109e+01 9.897834777832031250e+00 1.344386637210845947e-01
2.955179595947265625e+01 1.005819129943847656e+01 9.923402786254882812e+00 1.347889304161071777e-01
2.957220649719238281e+01 1.007153511047363281e+01 9.936791419982910156e+00 1.347448974847793579e-01
2.959261322021484375e+01 1.009312152862548828e+01 9.958252906799316406e+00 1.348701864480972290e-01
2.961302375793457031e+01 1.010648727416992188e+01 9.971598625183105469e+00 1.348904371261596680e-01
2.963343048095703125e+01 1.012386322021484375e+01 9.988966941833496094e+00 1.348982006311416626e-01
2.965384101867675781e+01 1.014530467987060547e+01 1.001034641265869141e+01 1.349603831768035889e-01
2.967424964904785156e+01 1.016679954528808594e+01 1.003169822692871094e+01 1.351021677255630493e-01
2.969465637207031250e+01 1.018389320373535156e+01 1.004899024963378906e+01 1.349039375782012939e-01
2.971506690979003906e+01 1.020539951324462891e+01 1.007028388977050781e+01 1.351170241832733154e-01
2.973547363281250000e+01 1.022276210784912109e+01 1.008752536773681641e+01 1.352384388446807861e-01
2.975588417053222656e+01 1.024400615692138672e+01 1.010876369476318359e+01 1.352448016405105591e-01
2.977629089355468750e+01 1.026527023315429688e+01 1.012997436523437500e+01 1.352965235710144043e-01
2.979670143127441406e+01 1.028646373748779297e+01 1.015115451812744141e+01 1.353101283311843872e-01
2.981711006164550781e+01 1.030766963958740234e+01 1.017230796813964844e+01 1.353627741336822510e-01
2.983752059936523438e+01 1.032885074615478516e+01 1.019342994689941406e+01 1.354231983423233032e-01
2.985792732238769531e+01 1.035000419616699219e+01 1.021452426910400391e+01 1.354817748069763184e-01
2.987833786010742188e+01 1.037100982666015625e+01 1.023558998107910156e+01 1.354206800460815430e-01
2.989874458312988281e+01 1.039634227752685547e+01 1.026063060760498047e+01 1.357141137123107910e-01
2.991915130615234375e+01 1.041709136962890625e+01 1.028163623809814453e+01 1.354552656412124634e-01
2.993956184387207031e+01 1.043007469177246094e+01 1.029461669921875000e+01 1.354595273733139038e-01
2.995997047424316406e+01 1.045108604431152344e+01 1.031557083129882812e+01 1.355162858963012695e-01
2.998037910461425781e+01 1.046804523468017578e+01 1.033250331878662109e+01 1.355425268411636353e-01
3.000078773498535156e+01 1.048495483398437500e+01 1.034941291809082031e+01 1.355417519807815552e-01
3.002119827270507812e+01 1.049786663055419922e+01 1.036231231689453125e+01 1.355565488338470459e-01
3.004160499572753906e+01 1.051875019073486328e+01 1.038316345214843750e+01 1.355875879526138306e-01
3.006201553344726562e+01 1.053143978118896484e+01 1.039602184295654297e+01 1.354205161333084106e-01
3.008242225646972656e+01 1.054835224151611328e+01 1.041284370422363281e+01 1.355094909667968750e-01
3.010283279418945312e+01 1.056115055084228516e+01 1.042566394805908203e+01 1.354873478412628174e-01
3.012323951721191406e+01 1.057394313812255859e+01 1.043846893310546875e+01 1.354750692844390869e-01
3.014365005493164062e+01 1.058269977569580078e+01 1.044728469848632812e+01 1.354158669710159302e-01
3.016405868530273438e+01 1.059555912017822266e+01 1.046005630493164062e+01 1.355025470256805420e-01
3.018446540832519531e+01 1.060433483123779297e+01 1.046884727478027344e+01 1.354888528585433960e-01
3.020487594604492188e+01 1.062098407745361328e+01 1.048554992675781250e+01 1.354354321956634521e-01
3.022528266906738281e+01 1.063363265991210938e+01 1.049827003479003906e+01 1.353642791509628296e-01
3.024569320678710938e+01 1.064624214172363281e+01 1.051097297668457031e+01 1.352708637714385986e-01
3.026609992980957031e+01 1.065889167785644531e+01 1.052365970611572266e+01 1.352335214614868164e-01
3.028651046752929688e+01 1.067935943603515625e+01 1.054423236846923828e+01 1.351286172866821289e-01
3.030691909790039062e+01 1.069964599609375000e+01 1.056478023529052734e+01 1.348659843206405640e-01
3.032732963562011719e+01 1.072371292114257812e+01 1.058924293518066406e+01 1.344701349735260010e-01
3.034773635864257812e+01 1.075209808349609375e+01 1.061761951446533203e+01 1.344796270132064819e-01
3.036814689636230469e+01 1.076799392700195312e+01 1.063413333892822266e+01 1.338629424571990967e-01
3.038855361938476562e+01 1.077981948852539062e+01 1.064668464660644531e+01 1.331345140933990479e-01
3.040896034240722656e+01 1.078440952301025391e+01 1.065134906768798828e+01 1.330616027116775513e-01
3.042937088012695312e+01 1.078108787536621094e+01 1.064813804626464844e+01 1.329520046710968018e-01
3.044977760314941406e+01 1.078549289703369141e+01 1.065279483795166016e+01 1.326989084482192993e-01
3.047018814086914062e+01 1.077867794036865234e+01 1.064565944671630859e+01 1.330195218324661255e-01
3.049059677124023438e+01 1.077181148529052734e+01 1.063853359222412109e+01 1.332785487174987793e-01
3.051100730895996094e+01 1.075650024414062500e+01 1.062357139587402344e+01 1.329297274351119995e-01
3.053141403198242188e+01 1.077261638641357422e+01 1.063999366760253906e+01 1.326248496770858765e-01
3.055182456970214844e+01 1.077325630187988281e+01 1.064072132110595703e+01 1.325362324714660645e-01
3.057223129272460938e+01 1.077786064147949219e+01 1.064536285400390625e+01 1.324983388185501099e-01
3.059264183044433594e+01 1.078250026702880859e+01 1.064999771118164062e+01 1.325034499168395996e-01
3.061304855346679688e+01 1.078321075439453125e+01 1.065071868896484375e+01 1.324926465749740601e-01
3.063345718383789062e+01 1.079174041748046875e+01 1.065925312042236328e+01 1.324875950813293457e-01
3.065386772155761719e+01 1.080021381378173828e+01 1.066777420043945312e+01 1.324400901794433594e-01
3.067427444458007812e+01 1.080867385864257812e+01 1.067628669738769531e+01 1.323878616094589233e-01
3.069468498229980469e+01 1.082117080688476562e+01 1.068868541717529297e+01 1.324867904186248779e-01
3.071509170532226562e+01 1.083356189727783203e+01 1.070106792449951172e+01 1.324943900108337402e-01
3.073550224304199219e+01 1.084982681274414062e+01 1.071732807159423828e+01 1.325000077486038208e-01
3.075590896606445312e+01 1.087000083923339844e+01 1.073745918273925781e+01 1.325430274009704590e-01
3.077631950378417969e+01 1.088634204864501953e+01 1.075367355346679688e+01 1.326688230037689209e-01
3.079672813415527344e+01 1.090642738342285156e+01 1.077375507354736328e+01 1.326722353696823120e-01
3.081713676452636719e+01 1.093428802490234375e+01 1.080157566070556641e+01 1.327133327722549438e-01
3.083754539489746094e+01 1.096608734130859375e+01 1.083324241638183594e+01 1.328466683626174927e-01
3.085795211791992188e+01 1.100166511535644531e+01 1.086874580383300781e+01 1.329204291105270386e-01
3.087836265563964844e+01 1.104506492614746094e+01 1.091195487976074219e+01 1.331109255552291870e-01
3.089876937866210938e+01 1.109227371215820312e+01 1.095898056030273438e+01 1.332949697971343994e-01
3.091917991638183594e+01 1.113946247100830078e+01 1.100594329833984375e+01 1.335213482379913330e-01
3.093958663940429688e+01 1.117889022827148438e+01 1.104510784149169922e+01 1.337842345237731934e-01
3.095999717712402344e+01 1.120280933380126953e+01 1.106875705718994141e+01 1.340549439191818237e-01
3.098040580749511719e+01 1.119573116302490234e+01 1.106146526336669922e+01 1.342676281929016113e-01
3.100081634521484375e+01 1.116516494750976562e+01 1.103101539611816406e+01 1.341509222984313965e-01
3.102122306823730469e+01 1.118092823028564453e+01 1.104691123962402344e+01 1.340187489986419678e-01
3.104163360595703125e+01 1.124788188934326172e+01 1.111291027069091797e+01 1.349734365940093994e-01
3.106204032897949219e+01 1.133770656585693359e+01 1.120194530487060547e+01 1.357628703117370605e-01
3.108244705200195312e+01 1.134564781188964844e+01 1.120999431610107422e+01 1.356560587882995605e-01
3.110285758972167969e+01 1.133406448364257812e+01 1.119879055023193359e+01 1.352756917476654053e-01
3.112326622009277344e+01 1.133043670654296875e+01 1.119529247283935547e+01 1.351454704999923706e-01
3.114367675781250000e+01 1.133461856842041016e+01 1.119948482513427734e+01 1.351344585418701172e-01
3.116408348083496094e+01 1.133882999420166016e+01 1.120367431640625000e+01 1.351558268070220947e-01
3.118449401855468750e+01 1.135079956054687500e+01 1.121553325653076172e+01 1.352664977312088013e-01
3.120490074157714844e+01 1.137855720520019531e+01 1.124272060394287109e+01 1.358389258384704590e-01
3.122531127929687500e+01 1.141462326049804688e+01 1.127753829956054688e+01 1.370864063501358032e-01
3.124571800231933594e+01 1.143586063385009766e+01 1.129698848724365234e+01 1.388732641935348511e-01
3.126612854003906250e+01 1.144114875793457031e+01 1.130109786987304688e+01 1.400529593229293823e-01
3.128653526306152344e+01 1.160544967651367188e+01 1.146588706970214844e+01 1.395632773637771606e-01
3.130694580078125000e+01 1.163676357269287109e+01 1.149664592742919922e+01 1.401187926530838013e-01
3.132735443115234375e+01 1.162874412536621094e+01 1.148915672302246094e+01 1.395885497331619263e-01
3.134776115417480469e+01 1.162869167327880859e+01 1.148931407928466797e+01 1.393801420927047729e-01
3.136817169189453125e+01 1.163963222503662109e+01 1.150091648101806641e+01 1.387175023555755615e-01
3.138857841491699219e+01 1.166205883026123047e+01 1.152394580841064453e+01 1.381135135889053345e-01
3.140898895263671875e+01 1.166532611846923828e+01 1.152789020538330078e+01 1.374365538358688354e-01
3.142939567565917969e+01 1.166961097717285156e+01 1.153182983398437500e+01 1.377818733453750610e-01
3.144980621337890625e+01 1.168197441101074219e+01 1.154337596893310547e+01 1.385996788740158081e-01
3.147021484375000000e+01 1.167554473876953125e+01 1.153589057922363281e+01 1.396553814411163330e-01
3.149062538146972656e+01 1.164279174804687500e+01 1.150180625915527344e+01 1.409872174263000488e-01
3.151103210449218750e+01 1.154939270019531250e+01 1.140699195861816406e+01 1.424020975828170776e-01
3.153144264221191406e+01 1.137634372711181641e+01 1.123637676239013672e+01 1.399676650762557983e-01
3.155184936523437500e+01 1.161188983917236328e+01 1.147569465637207031e+01 1.361957937479019165e-01
3.157225608825683594e+01 1.174025344848632812e+01 1.160096740722656250e+01 1.392880529165267944e-01
3.159266662597656250e+01 1.176570701599121094e+01 1.162378215789794922e+01 1.419270038604736328e-01
3.161307525634765625e+01 1.175259971618652344e+01 1.160870647430419922e+01 1.438941806554794312e-01
3.163348579406738281e+01 1.170484161376953125e+01 1.155959415435791016e+01 1.452490985393524170e-01
3.165389251708984375e+01 1.162970542907714844e+01 1.148407649993896484e+01 1.456299871206283569e-01
3.167430305480957031e+01 1.154171943664550781e+01 1.139731884002685547e+01 1.444017440080642700e-01
3.169470977783203125e+01 1.149425315856933594e+01 1.135221385955810547e+01 1.420408189296722412e-01
3.171512031555175781e+01 1.149993133544921875e+01 1.136000537872314453e+01 1.399281322956085205e-01
3.173552703857421875e+01 1.154054164886474609e+01 1.140173244476318359e+01 1.388103663921356201e-01
3.175593757629394531e+01 1.158953666687011719e+01 1.145094203948974609e+01 1.385956108570098877e-01
3.177634429931640625e+01 1.163535594940185547e+01 1.149632358551025391e+01 1.390340030193328857e-01
3.179675292968750000e+01 1.166204166412353516e+01 1.152282619476318359e+01 1.392164081335067749e-01
3.181716346740722656e+01 1.168154430389404297e+01 1.154176712036132812e+01 1.397780776023864746e-01
3.183757019042968750e+01 1.167848873138427734e+01 1.153812885284423828e+01 1.403614729642868042e-01
3.185798072814941406e+01 1.164246368408203125e+01 1.150067996978759766e+01 1.417836695909500122e-01
3.187838745117187500e+01 1.155306529998779297e+01 1.140695667266845703e+01 1.461112797260284424e-01
3.189879798889160156e+01 1.126337146759033203e+01 1.111072731018066406e+01 1.526445895433425903e-01
3.191920471191406250e+01 1.082961750030517578e+01 1.067987823486328125e+01 1.497398763895034790e-01
3.193961524963378906e+01 1.097485828399658203e+01 1.083794689178466797e+01 1.369129717350006104e-01
3.196002388000488281e+01 1.131811141967773438e+01 1.118681716918945312e+01 1.312964260578155518e-01
3.198043441772460938e+01 1.150851345062255859e+01 1.137804412841796875e+01 1.304717808961868286e-01
3.200083923339843750e+01 1.159895515441894531e+01 1.146803951263427734e+01 1.309170126914978027e-01
3.202124786376953125e+01 1.161851406097412109e+01 1.148689651489257812e+01 1.316202729940414429e-01
3.204166030883789062e+01 1.160810375213623047e+01 1.147584438323974609e+01 1.322604715824127197e-01
3.206206512451171875e+01 1.156003475189208984e+01 1.142747402191162109e+01 1.325610727071762085e-01
3.208247756958007812e+01 1.148235893249511719e+01 1.134931755065917969e+01 1.330428123474121094e-01
3.210288238525390625e+01 1.146714782714843750e+01 1.133091735839843750e+01 1.362313926219940186e-01
3.212329483032226562e+01 1.140487003326416016e+01 1.126782512664794922e+01 1.370464265346527100e-01
3.214369964599609375e+01 1.134453105926513672e+01 1.121226215362548828e+01 1.322694867849349976e-01
3.216411209106445312e+01 1.141231250762939453e+01 1.128329849243164062e+01 1.290145963430404663e-01
3.218451690673828125e+01 1.153036212921142578e+01 1.140259075164794922e+01 1.277739703655242920e-01
3.220492935180664062e+01 1.164943122863769531e+01 1.152173137664794922e+01 1.277017146348953247e-01
3.222533798217773438e+01 1.173170566558837891e+01 1.160357952117919922e+01 1.281262785196304321e-01
3.224574279785156250e+01 1.168388748168945312e+01 1.155540466308593750e+01 1.284843236207962036e-01
3.226615524291992188e+01 1.171417045593261719e+01 1.158519077301025391e+01 1.289798766374588013e-01
3.228656005859375000e+01 1.175251579284667969e+01 1.162235546112060547e+01 1.301633119583129883e-01
3.230697250366210938e+01 1.178366088867187500e+01 1.165206336975097656e+01 1.315986365079879761e-01
3.232737731933593750e+01 1.181602859497070312e+01 1.168173313140869141e+01 1.342961639165878296e-01
3.234778976440429688e+01 1.187420749664306641e+01 1.173726749420166016e+01 1.369401067495346069e-01
3.236819839477539062e+01 1.201929950714111328e+01 1.188148307800292969e+01 1.378161460161209106e-01
3.238860702514648438e+01 1.208592891693115234e+01 1.194421100616455078e+01 1.417186856269836426e-01
3.240901565551757812e+01 1.205595302581787109e+01 1.191083717346191406e+01 1.451177150011062622e-01
3.242942428588867188e+01 1.195109939575195312e+01 1.180368518829345703e+01 1.474154591560363770e-01
3.244983291625976562e+01 1.176731681823730469e+01 1.162289619445800781e+01 1.444216072559356689e-01
3.247023773193359375e+01 1.142303943634033203e+01 1.127645015716552734e+01 1.465916037559509277e-01
3.249065017700195312e+01 1.128171443939208984e+01 1.113674163818359375e+01 1.449732184410095215e-01
3.251105880737304688e+01 1.164669990539550781e+01 1.151264762878417969e+01 1.340540349483489990e-01
3.253146743774414062e+01 1.175434684753417969e+01 1.162316417694091797e+01 1.311837881803512573e-01
3.255187606811523438e+01 1.183770751953125000e+01 1.170780467987060547e+01 1.299031674861907959e-01
3.257228469848632812e+01 1.193659591674804688e+01 1.180703639984130859e+01 1.295610219240188599e-01
3.259269332885742188e+01 1.200755977630615234e+01 1.187676525115966797e+01 1.307962089776992798e-01
3.261310195922851562e+01 1.195455169677734375e+01 1.182162094116210938e+01 1.329330205917358398e-01
3.263351058959960938e+01 1.179625892639160156e+01 1.166384506225585938e+01 1.324145346879959106e-01
3.265391921997070312e+01 1.172087478637695312e+01 1.159057331085205078e+01 1.303022056818008423e-01
3.267432785034179688e+01 1.172492408752441406e+01 1.159798812866210938e+01 1.269366890192031860e-01
3.269473648071289062e+01 1.175984382629394531e+01 1.163467884063720703e+01 1.251660883426666260e-01
3.271514511108398438e+01 1.182890701293945312e+01 1.170425605773925781e+01 1.246525943279266357e-01
3.273555374145507812e+01 1.189457607269287109e+01 1.177008819580078125e+01 1.244903430342674255e-01
3.275596237182617188e+01 1.188290786743164062e+01 1.175909900665283203e+01 1.238091662526130676e-01
3.277637100219726562e+01 1.171313190460205078e+01 1.158744239807128906e+01 1.256917119026184082e-01
3.279677963256835938e+01 1.150244235992431641e+01 1.136855506896972656e+01 1.338883042335510254e-01
3.281718826293945312e+01 1.150192451477050781e+01 1.136148548126220703e+01 1.404392421245574951e-01
3.283759689331054688e+01 1.136456775665283203e+01 1.123048973083496094e+01 1.340789347887039185e-01
3.285800552368164062e+01 1.100730991363525391e+01 1.087380504608154297e+01 1.335060000419616699e-01
3.287841796875000000e+01 1.074027156829833984e+01 1.061221599578857422e+01 1.280580163002014160e-01
3.289882278442382812e+01 1.072815418243408203e+01 1.060199451446533203e+01 1.261609345674514771e-01
3.291923522949218750e+01 1.083922863006591797e+01 1.071177482604980469e+01 1.274542808532714844e-01
3.293964004516601562e+01 1.096037864685058594e+01 1.082868766784667969e+01 1.316926926374435425e-01
3.296004867553710938e+01 1.105240535736083984e+01 1.091640186309814453e+01 1.360042542219161987e-01
3.298045730590820312e+01 1.090239906311035156e+01 1.076810455322265625e+01 1.342958062887191772e-01
3.300086593627929688e+01 1.095288467407226562e+01 1.082310581207275391e+01 1.297789216041564941e-01
3.302127456665039062e+01 1.110838890075683594e+01 1.097953128814697266e+01 1.288592666387557983e-01
3.304168319702148438e+01 1.121180152893066406e+01 1.108142757415771484e+01 1.303752064704895020e-01
3.306209564208984375e+01 1.128771781921386719e+01 1.115423297882080078e+01 1.334859132766723633e-01
3.308250045776367188e+01 1.132915401458740234e+01 1.119077014923095703e+01 1.383853703737258911e-01
3.310291290283203125e+01 1.127866363525390625e+01 1.113324832916259766e+01 1.454167813062667847e-01
3.312331771850585938e+01 1.107684993743896484e+01 1.091679859161376953e+01 1.600512564182281494e-01
3.314373016357421875e+01 1.110956668853759766e+01 1.095702457427978516e+01 1.525431275367736816e-01
3.316413497924804688e+01 1.140485286712646484e+01 1.125345420837402344e+01 1.513999998569488525e-01
3.318454360961914062e+01 1.145891380310058594e+01 1.131506538391113281e+01 1.438499093055725098e-01
3.320495605468750000e+01 1.105522632598876953e+01 1.091158771514892578e+01 1.436396986246109009e-01
3.322536087036132812e+01 1.100075340270996094e+01 1.086525821685791016e+01 1.354960948228836060e-01
3.324577331542968750e+01 1.180674457550048828e+01 1.167226123809814453e+01 1.344847530126571655e-01
3.326617813110351562e+01 1.185456466674804688e+01 1.171907329559326172e+01 1.354917883872985840e-01
3.328659057617187500e+01 1.165769481658935547e+01 1.151770782470703125e+01 1.399881839752197266e-01
3.330699539184570312e+01 1.139349842071533203e+01 1.125909137725830078e+01 1.344084590673446655e-01
3.332740783691406250e+01 1.188075351715087891e+01 1.175141429901123047e+01 1.293415576219558716e-01
3.334781646728515625e+01 1.198524761199951172e+01 1.186267089843750000e+01 1.225789189338684082e-01
3.336822509765625000e+01 1.191580009460449219e+01 1.179802131652832031e+01 1.177799403667449951e-01
3.338863372802734375e+01 1.171459102630615234e+01 1.159722423553466797e+01 1.173686683177947998e-01
3.340903854370117188e+01 1.166344642639160156e+01 1.153281688690185547e+01 1.306312084197998047e-01
3.342945098876953125e+01 1.172827625274658203e+01 1.160096740722656250e+01 1.273104250431060791e-01
3.344985580444335938e+01 1.166007041931152344e+01 1.153305721282958984e+01 1.270152181386947632e-01
3.347026824951171875e+01 1.149790287017822266e+01 1.137224769592285156e+01 1.256568431854248047e-01
3.349067306518554688e+01 1.146197605133056641e+01 1.133315277099609375e+01 1.288241893053054810e-01
3.351108551025390625e+01 1.159827804565429688e+01 1.146912288665771484e+01 1.291559636592864990e-01
3.353149414062500000e+01 1.198057365417480469e+01 1.185123443603515625e+01 1.293392926454544067e-01
3.355190277099609375e+01 1.204986381530761719e+01 1.191894340515136719e+01 1.309211552143096924e-01
3.357231140136718750e+01 1.180670452117919922e+01 1.167282104492187500e+01 1.338832080364227295e-01
3.359272003173828125e+01 1.123592853546142578e+01 1.110631561279296875e+01 1.296143531799316406e-01
3.361312866210937500e+01 1.137448215484619141e+01 1.125269603729248047e+01 1.217874214053153992e-01
3.363353347778320312e+01 1.157148361206054688e+01 1.145939636230468750e+01 1.120877787470817566e-01
3.365394592285156250e+01 1.167561626434326172e+01 1.156270313262939453e+01 1.129141300916671753e-01
3.367435455322265625e+01 1.141469955444335938e+01 1.129621696472167969e+01 1.184841990470886230e-01
3.369476318359375000e+01 1.135368824005126953e+01 1.123608970642089844e+01 1.175996139645576477e-01
3.371517181396484375e+01 1.138888454437255859e+01 1.127189064025878906e+01 1.169951334595680237e-01
3.373558044433593750e+01 1.153953742980957031e+01 1.142118549346923828e+01 1.183541789650917053e-01
3.375598907470703125e+01 1.166352176666259766e+01 1.154902648925781250e+01 1.144963204860687256e-01
3.377639770507812500e+01 1.159107780456542969e+01 1.147825908660888672e+01 1.128197759389877319e-01
3.379680633544921875e+01 1.163272762298583984e+01 1.151382732391357422e+01 1.189011707901954651e-01
3.381721496582031250e+01 1.160755920410156250e+01 1.148564052581787109e+01 1.219202876091003418e-01
3.383762359619140625e+01 1.168995952606201172e+01 1.156714725494384766e+01 1.228125914931297302e-01
3.385803222656250000e+01 1.180309009552001953e+01 1.168390846252441406e+01 1.191821023821830750e-01
3.387844085693359375e+01 1.183326053619384766e+01 1.170866775512695312e+01 1.245932802557945251e-01
3.389884948730468750e+01 1.183925151824951172e+01 1.171221160888671875e+01 1.270403712987899780e-01
3.391925811767578125e+01 1.179751205444335938e+01 1.166987609863281250e+01 1.276357471942901611e-01
3.393966674804687500e+01 1.182599735260009766e+01 1.170165348052978516e+01 1.243447959423065186e-01
3.396007537841796875e+01 1.179333209991455078e+01 1.166994762420654297e+01 1.233842372894287109e-01
3.398048400878906250e+01 1.175516510009765625e+01 1.163123703002929688e+01 1.239295825362205505e-01
3.400089263916015625e+01 1.173032379150390625e+01 1.160313320159912109e+01 1.271912604570388794e-01
3.402130126953125000e+01 1.169296360015869141e+01 1.156450843811035156e+01 1.284558773040771484e-01
3.404171371459960938e+01 1.172697925567626953e+01 1.159625339508056641e+01 1.307269632816314697e-01
3.406211853027343750e+01 1.180279541015625000e+01 1.167012786865234375e+01 1.326685845851898193e-01
3.408253097534179688e+01 1.179561996459960938e+01 1.166313934326171875e+01 1.324830353260040283e-01
3.410293579101562500e+01 1.168013572692871094e+01 1.154735469818115234e+01 1.327823102474212646e-01
3.412334442138671875e+01 1.184065246582031250e+01 1.170882034301757812e+01 1.318336129188537598e-01
3.414375305175781250e+01 1.197366428375244141e+01 1.184204673767089844e+01 1.316177695989608765e-01
3.416416168212890625e+01 1.164589977264404297e+01 1.151615047454833984e+01 1.297493875026702881e-01
3.418457412719726562e+01 1.153364086151123047e+01 1.140773200988769531e+01 1.259101629257202148e-01
3.420497894287109375e+01 1.157277870178222656e+01 1.144991683959960938e+01 1.228640452027320862e-01
3.422539138793945312e+01 1.161288070678710938e+01 1.149205112457275391e+01 1.208303943276405334e-01
3.424579620361328125e+01 1.172684097290039062e+01 1.160403919219970703e+01 1.228032335638999939e-01
3.426620864868164062e+01 1.176034545898437500e+01 1.162507247924804688e+01 1.352748423814773560e-01
3.428661346435546875e+01 1.161784172058105469e+01 1.148200321197509766e+01 1.358393281698226929e-01
3.430702590942382812e+01 1.142413711547851562e+01 1.129025745391845703e+01 1.338810026645660400e-01
3.432743072509765625e+01 1.168421459197998047e+01 1.155203533172607422e+01 1.321811825037002563e-01
3.434783935546875000e+01 1.185159683227539062e+01 1.171244335174560547e+01 1.391550600528717041e-01
3.436825180053710938e+01 1.176728725433349609e+01 1.162538433074951172e+01 1.419040858745574951e-01
3.438865661621093750e+01 1.191064548492431641e+01 1.177511501312255859e+01 1.355325579643249512e-01
3.440906906127929688e+01 1.160454940795898438e+01 1.146897125244140625e+01 1.355792582035064697e-01
3.442947387695312500e+01 1.179890155792236328e+01 1.166033554077148438e+01 1.385661810636520386e-01
3.444988632202148438e+01 1.152543067932128906e+01 1.139631557464599609e+01 1.291157603263854980e-01
3.447029113769531250e+01 1.129077339172363281e+01 1.116038799285888672e+01 1.303864419460296631e-01
3.449070358276367188e+01 1.155272960662841797e+01 1.142100334167480469e+01 1.317278742790222168e-01
3.451111221313476562e+01 1.151469516754150391e+01 1.138303470611572266e+01 1.316619813442230225e-01
3.453152084350585938e+01 1.131620502471923828e+01 1.118566131591796875e+01 1.305436342954635620e-01
3.455192947387695312e+01 1.128950786590576172e+01 1.115480518341064453e+01 1.347035765647888184e-01
3.457233428955078125e+01 1.142597770690917969e+01 1.129016971588134766e+01 1.358092576265335083e-01
3.459274673461914062e+01 1.123031711578369141e+01 1.109320068359375000e+01 1.371175646781921387e-01
3.461315155029296875e+01 1.139578247070312500e+01 1.125610828399658203e+01 1.396756172180175781e-01
3.463356399536132812e+01 1.180238151550292969e+01 1.166420173645019531e+01 1.381817013025283813e-01
3.465397262573242188e+01 1.199308681488037109e+01 1.185421180725097656e+01 1.388762295246124268e-01
3.467438125610351562e+01 1.217342472076416016e+01 1.204054546356201172e+01 1.328800469636917114e-01
3.469478988647460938e+01 1.221697807312011719e+01 1.208866310119628906e+01 1.283163577318191528e-01
3.471519851684570312e+01 1.226063728332519531e+01 1.213672256469726562e+01 1.239144802093505859e-01
3.473560714721679688e+01 1.213665962219238281e+01 1.201587677001953125e+01 1.207833886146545410e-01
3.475601577758789062e+01 1.216186332702636719e+01 1.204325962066650391e+01 1.186054646968841553e-01
3.477642440795898438e+01 1.219587516784667969e+01 1.208093643188476562e+01 1.149389743804931641e-01
3.479682922363281250e+01 1.224515247344970703e+01 1.213232898712158203e+01 1.128259822726249695e-01
3.481724166870117188e+01 1.248417377471923828e+01 1.237273979187011719e+01 1.114357039332389832e-01
3.483765029907226562e+01 1.243829917907714844e+01 1.232769870758056641e+01 1.106011942028999329e-01
3.485805892944335938e+01 1.275557613372802734e+01 1.264669036865234375e+01 1.088863834738731384e-01
3.487846755981445312e+01 1.277884864807128906e+01 1.267017745971679688e+01 1.086728423833847046e-01
3.489887619018554688e+01 1.281792354583740234e+01 1.271078395843505859e+01 1.071397736668586731e-01
3.491928482055664062e+01 1.279898166656494141e+01 1.268964576721191406e+01 1.093377694487571716e-01
3.493969345092773438e+01 1.276595211029052734e+01 1.265140151977539062e+01 1.145514473319053650e-01
3.496010208129882812e+01 1.273280525207519531e+01 1.261662578582763672e+01 1.161797121167182922e-01
3.498051071166992188e+01 1.242564868927001953e+01 1.231156921386718750e+01 1.140809357166290283e-01
3.500091934204101562e+01 1.254270648956298828e+01 1.242408275604248047e+01 1.186260282993316650e-01
3.502132797241210938e+01 1.265760421752929688e+01 1.253646659851074219e+01 1.211386620998382568e-01
3.504173660278320312e+01 1.263559055328369141e+01 1.250866985321044922e+01 1.269219666719436646e-01
3.506214523315429688e+01 1.245637226104736328e+01 1.232728385925292969e+01 1.290898174047470093e-01
3.508255386352539062e+01 1.228806304931640625e+01 1.215975761413574219e+01 1.283067464828491211e-01
3.510296249389648438e+01 1.221917343139648438e+01 1.209131145477294922e+01 1.278619468212127686e-01
3.512337112426757812e+01 1.201043319702148438e+01 1.188321971893310547e+01 1.272159665822982788e-01
3.514377975463867188e+01 1.176994132995605469e+01 1.164131355285644531e+01 1.286301016807556152e-01
3.516418838500976562e+01 1.166782760620117188e+01 1.153924751281738281e+01 1.285823583602905273e-01
3.518459701538085938e+01 1.162931823730468750e+01 1.150193595886230469e+01 1.273834705352783203e-01
3.520500946044921875e+01 1.179067707061767578e+01 1.166186714172363281e+01 1.288113296031951904e-01
3.522541427612304688e+01 1.170635032653808594e+01 1.157695674896240234e+01 1.293957680463790894e-01
3.524582672119140625e+01 1.175111484527587891e+01 1.162119388580322266e+01 1.299214512109756470e-01
3.526623153686523438e+01 1.187878799438476562e+01 1.174344253540039062e+01 1.353463530540466309e-01
3.528664016723632812e+01 1.181523036956787109e+01 1.167220115661621094e+01 1.430290788412094116e-01
3.530704879760742188e+01 1.166589927673339844e+01 1.152306747436523438e+01 1.428328305482864380e-01
3.532745742797851562e+01 1.163106346130371094e+01 1.148591804504394531e+01 1.451471149921417236e-01
3.534786987304687500e+01 1.163284873962402344e+01 1.149960327148437500e+01 1.332465112209320068e-01
3.536827468872070312e+01 1.154815101623535156e+01 1.141512966156005859e+01 1.330223083496093750e-01
3.538868713378906250e+01 1.154108810424804688e+01 1.139840030670166016e+01 1.426898241043090820e-01
3.540909194946289062e+01 1.167860221862792969e+01 1.151690387725830078e+01 1.616994291543960571e-01
3.542950439453125000e+01 1.154850673675537109e+01 1.138526821136474609e+01 1.632386893033981323e-01
3.544990921020507812e+01 1.151609325408935547e+01 1.134494876861572266e+01 1.711471080780029297e-01
3.547032165527343750e+01 1.209702873229980469e+01 1.192896366119384766e+01 1.680663526058197021e-01
3.549073028564453125e+01 1.227227210998535156e+01 1.211096954345703125e+01 1.613042801618576050e-01
3.551113510131835938e+01 1.190375900268554688e+01 1.175346088409423828e+01 1.502988338470458984e-01
3.553154754638671875e+01 1.171307277679443359e+01 1.156480026245117188e+01 1.482726633548736572e-01
3.555195236206054688e+01 1.086362171173095703e+01 1.071646595001220703e+01 1.471563577651977539e-01
3.557236480712890625e+01 1.065812301635742188e+01 1.051179122924804688e+01 1.463317126035690308e-01
3.559276962280273438e+01 1.088093090057373047e+01 1.073780536651611328e+01 1.431262642145156860e-01
3.561318206787109375e+01 1.054426288604736328e+01 1.039891242980957031e+01 1.453515738248825073e-01
3.563358688354492188e+01 1.043828296661376953e+01 1.026195430755615234e+01 1.763291954994201660e-01
3.565399932861328125e+01 1.073745822906494141e+01 1.055822277069091797e+01 1.792362779378890991e-01
3.567440795898437500e+01 1.062353134155273438e+01 1.044481563568115234e+01 1.787161827087402344e-01
3.569481658935546875e+01 1.089996337890625000e+01 1.072052097320556641e+01 1.794440448284149170e-01
3.571522521972656250e+01 1.151099586486816406e+01 1.133104991912841797e+01 1.799486279487609863e-01
3.573563003540039062e+01 1.163961696624755859e+01 1.146190929412841797e+01 1.777093708515167236e-01
3.575604248046875000e+01 1.154743766784667969e+01 1.135828685760498047e+01 1.891525238752365112e-01
3.577644729614257812e+01 1.174878883361816406e+01 1.155923843383789062e+01 1.895510852336883545e-01
3.579685974121093750e+01 1.171528530120849609e+01 1.152255344390869141e+01 1.927336454391479492e-01
3.581726837158203125e+01 1.153315162658691406e+01 1.135892200469970703e+01 1.742310672998428345e-01
3.583767700195312500e+01 1.156148624420166016e+01 1.139921188354492188e+01 1.622763425111770630e-01
3.585808563232421875e+01 1.154990386962890625e+01 1.138938617706298828e+01 1.605176627635955811e-01
3.587849426269531250e+01 1.163713741302490234e+01 1.144295787811279297e+01 1.941812634468078613e-01
3.589890289306640625e+01 1.182531642913818359e+01 1.162983989715576172e+01 1.954768896102905273e-01
