## NTRMN  = 2
## NTRANS = 56
1.142887115478515625e+01 0.000000000000000000e+00 0.000000000000000000e+00 0.000000000000000000e+00
1.144927978515625000e+01 0.000000000000000000e+00 0.000000000000000000e+00 0.000000000000000000e+00
1.146968936920166016e+01 0.000000000000000000e+00 0.000000000000000000e+00 0.000000000000000000e+00
1.149009799957275391e+01 0.000000000000000000e+00 0.000000000000000000e+00 0.000000000000000000e+00
1.151050662994384766e+01 0.000000000000000000e+00 0.000000000000000000e+00 0.000000000000000000e+00
1.153091526031494141e+01 0.000000000000000000e+00 0.000000000000000000e+00 0.000000000000000000e+00
1.157173252105712891e+01 0.000000000000000000e+00 0.000000000000000000e+00 0.000000000000000000e+00
1.159214115142822266e+01 0.000000000000000000e+00 0.000000000000000000e+00 0.000000000000000000e+00
1.161254978179931641e+01 0.000000000000000000e+00 0.000000000000000000e+00 0.000000000000000000e+00
1.165336799621582031e+01 2.166224956512451172e+00 2.166224956512451172e+00 0.000000000000000000e+00
1.167377567291259766e+01 2.162437915802001953e+00 2.162437915802001953e+00 0.000000000000000000e+00
1.169418430328369141e+01 2.158663988113403320e+00 2.158663988113403320e+00 0.000000000000000000e+00
1.171459388732910156e+01 1.650151014328002930e+00 1.650151014328002930e+00 0.000000000000000000e+00
1.175541114807128906e+01 2.775043249130249023e+00 1.949886560440063477e+00 8.251566886901855469e-01
1.177581882476806641e+01 3.318203687667846680e+00 2.494375467300415039e+00 8.238282203674316406e-01
1.179622840881347656e+01 3.427225828170776367e+00 2.709233999252319336e+00 7.179917693138122559e-01
1.181663703918457031e+01 3.422218322753906250e+00 2.705567836761474609e+00 7.166504263877868652e-01
1.183704566955566406e+01 3.329962253570556641e+00 2.710003614425659180e+00 6.199587583541870117e-01
1.185745429992675781e+01 3.358451843261718750e+00 2.800227880477905273e+00 5.582239627838134766e-01
1.187786388397216797e+01 1.668176174163818359e+00 1.148801326751708984e+00 5.193748474121093750e-01
1.193908882141113281e+01 1.433347225189208984e+00 1.142910122871398926e+00 2.904371023178100586e-01
1.195949840545654297e+01 1.415788769721984863e+00 1.152969837188720703e+00 2.628189027309417725e-01
1.197990703582763672e+01 1.448646306991577148e+00 1.189971923828125000e+00 2.586743831634521484e-01
1.200031566619873047e+01 1.517299890518188477e+00 1.248791933059692383e+00 2.685079574584960938e-01
1.202072334289550781e+01 1.605137348175048828e+00 1.320356845855712891e+00 2.847804725170135498e-01
1.204113292694091797e+01 1.700331091880798340e+00 1.397643446922302246e+00 3.026876747608184814e-01
1.206154155731201172e+01 1.798279166221618652e+00 1.477645635604858398e+00 3.206335306167602539e-01
1.208195018768310547e+01 1.899661064147949219e+00 1.560349702835083008e+00 3.393113315105438232e-01
1.210235881805419922e+01 2.008415222167968750e+00 1.648708820343017578e+00 3.597063124179840088e-01
1.212276744842529297e+01 2.123418569564819336e+00 1.740720033645629883e+00 3.826985359191894531e-01
1.214317607879638672e+01 2.246512651443481445e+00 1.838336348533630371e+00 4.081762433052062988e-01
1.216358470916748047e+01 2.374113559722900391e+00 1.938576936721801758e+00 4.355365633964538574e-01
1.218399333953857422e+01 2.505511283874511719e+00 2.041429042816162109e+00 4.640823304653167725e-01
1.220440292358398438e+01 2.641079425811767578e+00 2.147860288619995117e+00 4.932191669940948486e-01
1.222481155395507812e+01 2.780502557754516602e+00 2.257852315902709961e+00 5.226503014564514160e-01
1.224521923065185547e+01 2.923664569854736328e+00 2.371387958526611328e+00 5.522766709327697754e-01
1.226562786102294922e+01 3.072693347930908203e+00 2.490401029586791992e+00 5.822923183441162109e-01
1.228603744506835938e+01 3.224928855895996094e+00 2.611941337585449219e+00 6.129876375198364258e-01
1.230644607543945312e+01 3.382300853729248047e+00 2.737941503524780273e+00 6.443592309951782227e-01
1.232685470581054688e+01 3.540025234222412109e+00 2.863524436950683594e+00 6.765008568763732910e-01
1.234726333618164062e+01 3.698004007339477539e+00 2.988692283630371094e+00 7.093117237091064453e-01
1.236767196655273438e+01 3.852267742156982422e+00 3.109575986862182617e+00 7.426918745040893555e-01
1.238808059692382812e+01 4.003704071044921875e+00 3.227162599563598633e+00 7.765417098999023438e-01
1.240848922729492188e+01 4.149336814880371094e+00 3.338574647903442383e+00 8.107624053955078125e-01
1.242889785766601562e+01 4.289868831634521484e+00 3.444805383682250977e+00 8.450635075569152832e-01
1.244930744171142578e+01 4.423979282379150391e+00 3.544919490814208984e+00 8.790596127510070801e-01
1.246971511840820312e+01 4.552274703979492188e+00 3.639906167984008789e+00 9.123686552047729492e-01
1.249012374877929688e+01 4.672484874725341797e+00 3.727874279022216797e+00 9.446105957031250000e-01
1.251053237915039062e+01 4.782830715179443359e+00 3.807901144027709961e+00 9.749294519424438477e-01
1.253094196319580078e+01 4.883934020996093750e+00 3.880981206893920898e+00 1.002952575683593750e+00
1.255135059356689453e+01 4.972310543060302734e+00 3.943333148956298828e+00 1.028977274894714355e+00
1.257175922393798828e+01 5.045166492462158203e+00 3.994057416915893555e+00 1.051109194755554199e+00
1.259216690063476562e+01 5.101627826690673828e+00 4.032260417938232422e+00 1.069367289543151855e+00
1.261257648468017578e+01 5.139874458312988281e+00 4.057053565979003906e+00 1.082820892333984375e+00
1.263298511505126953e+01 5.157152652740478516e+00 4.064711570739746094e+00 1.092441201210021973e+00
1.265339374542236328e+01 5.150726318359375000e+00 4.055317401885986328e+00 1.095409035682678223e+00
1.267380237579345703e+01 5.115987777709960938e+00 4.023287296295166016e+00 1.092700719833374023e+00
1.269421100616455078e+01 5.042702198028564453e+00 3.963073015213012695e+00 1.079629063606262207e+00
1.271461963653564453e+01 4.883042812347412109e+00 3.840919494628906250e+00 1.042123198509216309e+00
1.273502826690673828e+01 3.984012365341186523e+00 3.189057350158691406e+00 7.949550747871398926e-01
1.275543689727783203e+01 3.514730930328369141e+00 2.742912054061889648e+00 7.718188762664794922e-01
1.277584648132324219e+01 3.509209871292114258e+00 2.738530397415161133e+00 7.706795334815979004e-01
1.279625511169433594e+01 3.503706455230712891e+00 2.734162569046020508e+00 7.695440053939819336e-01
1.281666278839111328e+01 3.674729347229003906e+00 2.906317234039306641e+00 7.684120535850524902e-01
1.283707141876220703e+01 3.492566108703613281e+00 2.725469112396240234e+00 7.670971155166625977e-01
1.285748100280761719e+01 3.003026962280273438e+00 2.398106098175048828e+00 6.049209833145141602e-01
1.287788963317871094e+01 2.998360872268676758e+00 2.394305706024169922e+00 6.040551662445068359e-01
1.289829826354980469e+01 3.224779129028320312e+00 2.452692985534667969e+00 7.720860242843627930e-01
1.295952415466308594e+01 3.862016677856445312e+00 2.441105365753173828e+00 1.420911312103271484e+00
1.297993278503417969e+01 5.408675670623779297e+00 3.954219102859497070e+00 1.454456567764282227e+00
1.300034141540527344e+01 6.168328285217285156e+00 3.948011636734008789e+00 2.220316410064697266e+00
1.302075004577636719e+01 6.440741062164306641e+00 4.566006660461425781e+00 1.874734282493591309e+00
1.304115962982177734e+01 5.758899688720703125e+00 3.935654640197753906e+00 1.823245286941528320e+00
1.312279415130615234e+01 4.961934089660644531e+00 3.096648454666137695e+00 1.865285396575927734e+00
1.314320278167724609e+01 4.841337203979492188e+00 3.029911994934082031e+00 1.811425209045410156e+00
1.320442867279052734e+01 5.369736194610595703e+00 3.015863180160522461e+00 2.353873014450073242e+00
1.322483730316162109e+01 5.161140441894531250e+00 2.996727466583251953e+00 2.164412975311279297e+00
1.324524593353271484e+01 5.439147472381591797e+00 2.992110013961791992e+00 2.447037696838378906e+00
1.326565456390380859e+01 4.896771907806396484e+00 2.675312042236328125e+00 2.221459627151489258e+00
1.336769866943359375e+01 5.683812618255615234e+00 2.696078538894653320e+00 2.987734317779541016e+00
1.338810729980468750e+01 5.919817924499511719e+00 2.796571731567382812e+00 3.123245954513549805e+00
1.340851497650146484e+01 6.159315109252929688e+00 2.876227378845214844e+00 3.283087253570556641e+00
1.342892456054687500e+01 6.380118846893310547e+00 2.928010225296020508e+00 3.452109098434448242e+00
1.344933319091796875e+01 6.589943408966064453e+00 2.940476179122924805e+00 3.649466991424560547e+00
1.346974182128906250e+01 6.509091377258300781e+00 3.000002145767211914e+00 3.509088993072509766e+00
1.349015045166015625e+01 6.767225265502929688e+00 3.265197277069091797e+00 3.502027511596679688e+00
1.351055908203125000e+01 6.614264488220214844e+00 3.173442840576171875e+00 3.440821647644042969e+00
1.353096771240234375e+01 6.637049198150634766e+00 3.056311368942260742e+00 3.580736875534057617e+00
1.355137634277343750e+01 6.922484397888183594e+00 3.354671239852905273e+00 3.567812919616699219e+00
1.361260223388671875e+01 7.111220359802246094e+00 3.284186840057373047e+00 3.827033042907714844e+00
1.363301086425781250e+01 7.254106998443603516e+00 3.324047327041625977e+00 3.930059671401977539e+00
1.365341949462890625e+01 7.414453506469726562e+00 3.354145765304565430e+00 4.060307502746582031e+00
1.367382907867431641e+01 7.517718315124511719e+00 3.367522239685058594e+00 4.150195598602294922e+00
1.369423770904541016e+01 7.604764938354492188e+00 3.372118234634399414e+00 4.232645988464355469e+00
1.371464633941650391e+01 7.673945426940917969e+00 3.372336626052856445e+00 4.301608562469482422e+00
1.373505496978759766e+01 7.734026908874511719e+00 3.372554302215576172e+00 4.361472606658935547e+00
1.375546360015869141e+01 7.794331073760986328e+00 3.374511718750000000e+00 4.419818878173828125e+00
1.377587318420410156e+01 7.847416877746582031e+00 3.359086036682128906e+00 4.488330841064453125e+00
1.383709812164306641e+01 7.683898448944091797e+00 3.090768098831176758e+00 4.593130588531494141e+00
1.387791538238525391e+01 7.701955795288085938e+00 3.097202301025390625e+00 4.604753494262695312e+00
1.397995948791503906e+01 7.352097988128662109e+00 3.010380268096923828e+00 4.341717720031738281e+00
1.402077770233154297e+01 8.110592842102050781e+00 3.001616477966308594e+00 5.108975887298583984e+00
1.404118442535400391e+01 8.548954010009765625e+00 3.482304334640502930e+00 5.066649436950683594e+00
1.410241127014160156e+01 9.116964340209960938e+00 3.382309436798095703e+00 5.734653949737548828e+00
1.414322853088378906e+01 9.254766464233398438e+00 3.295533895492553711e+00 5.959231853485107422e+00
1.416363716125488281e+01 9.113373756408691406e+00 3.169092178344726562e+00 5.944281578063964844e+00
1.426568031311035156e+01 9.855504989624023438e+00 3.305003643035888672e+00 6.550500392913818359e+00
1.430649757385253906e+01 1.007428169250488281e+01 3.308123826980590820e+00 6.766155719757080078e+00
1.432690715789794922e+01 1.023413372039794922e+01 3.366070985794067383e+00 6.868062973022460938e+00
1.434731578826904297e+01 1.049929046630859375e+01 3.433029890060424805e+00 7.066260337829589844e+00
1.436772441864013672e+01 1.076201248168945312e+01 3.479804992675781250e+00 7.282206535339355469e+00
1.438813304901123047e+01 1.092469024658203125e+01 3.485683917999267578e+00 7.439005851745605469e+00
1.440854167938232422e+01 1.130999755859375000e+01 3.575449228286743164e+00 7.734549999237060547e+00
1.442895126342773438e+01 1.129163169860839844e+01 3.535551071166992188e+00 7.756081104278564453e+00
1.444935989379882812e+01 1.130111980438232422e+01 3.494108676910400391e+00 7.807012557983398438e+00
1.446976852416992188e+01 1.094167232513427734e+01 3.323738098144531250e+00 7.617935657501220703e+00
1.457181072235107422e+01 1.183101081848144531e+01 3.550995588302612305e+00 8.280014991760253906e+00
1.459222030639648438e+01 1.197023963928222656e+01 3.650203466415405273e+00 8.320034980773925781e+00
1.461262893676757812e+01 1.185700416564941406e+01 3.677051067352294922e+00 8.179953575134277344e+00
1.485753345489501953e+01 1.255791473388671875e+01 3.841209411621093750e+00 8.716703414916992188e+00
1.487794208526611328e+01 1.250300025939941406e+01 3.655727863311767578e+00 8.847272872924804688e+00
1.497998523712158203e+01 1.331813144683837891e+01 3.650002479553222656e+00 9.668128967285156250e+00
1.516366481781005859e+01 1.367648220062255859e+01 3.634206295013427734e+00 1.004227447509765625e+01
1.518407344818115234e+01 1.385613441467285156e+01 3.716822385787963867e+00 1.013931274414062500e+01
1.540856838226318359e+01 1.484068107604980469e+01 3.817255735397338867e+00 1.102342605590820312e+01
1.544938468933105469e+01 1.507985877990722656e+01 3.847458362579345703e+00 1.123240089416503906e+01
1.546979331970214844e+01 1.520369529724121094e+01 3.876426935195922852e+00 1.132726955413818359e+01
1.557183837890625000e+01 1.550219058990478516e+01 3.912517786026000977e+00 1.158967113494873047e+01
1.559224700927734375e+01 1.565204429626464844e+01 3.918143749237060547e+00 1.173390197753906250e+01
1.569428920745849609e+01 1.615562057495117188e+01 4.005543231964111328e+00 1.215007877349853516e+01
1.583715152740478516e+01 1.676894378662109375e+01 4.026850700378417969e+00 1.274208927154541016e+01
1.593919372558593750e+01 1.702858924865722656e+01 4.018342971801757812e+00 1.301024246215820312e+01
1.595960235595703125e+01 1.711398506164550781e+01 4.010204792022705078e+00 1.310378360748291016e+01
1.598001194000244141e+01 1.717315673828125000e+01 4.035044193267822266e+00 1.313810825347900391e+01
1.600041961669921875e+01 1.724414825439453125e+01 4.047851562500000000e+00 1.319629764556884766e+01
1.602083015441894531e+01 1.734174156188964844e+01 4.089016437530517578e+00 1.325272846221923828e+01
1.604123878479003906e+01 1.741059494018554688e+01 4.086799144744873047e+00 1.332379341125488281e+01
1.616368865966796875e+01 1.766103935241699219e+01 4.103231906890869141e+00 1.355781078338623047e+01
1.632695960998535156e+01 1.790695571899414062e+01 4.100321292877197266e+00 1.380663204193115234e+01
1.649022865295410156e+01 1.844458007812500000e+01 4.181668281555175781e+00 1.426291084289550781e+01
1.653104782104492188e+01 1.854490280151367188e+01 4.143104553222656250e+00 1.440179443359375000e+01
1.655145645141601562e+01 1.862521934509277344e+01 4.158967971801757812e+00 1.446625328063964844e+01
1.657186508178710938e+01 1.882827949523925781e+01 4.167569637298583984e+00 1.466071319580078125e+01
1.659227180480957031e+01 1.867803764343261719e+01 4.184085369110107422e+00 1.449395275115966797e+01
1.663308906555175781e+01 1.887536239624023438e+01 4.196846008300781250e+00 1.467851638793945312e+01
1.665349769592285156e+01 1.898802185058593750e+01 4.208233356475830078e+00 1.477978420257568359e+01
1.667390823364257812e+01 1.905115699768066406e+01 4.210260868072509766e+00 1.484089469909667969e+01
1.669431686401367188e+01 1.899256896972656250e+01 4.207265377044677734e+00 1.478530597686767578e+01
1.671472549438476562e+01 1.906119728088378906e+01 4.216450214385986328e+00 1.484475040435791016e+01
1.673513412475585938e+01 1.917276382446289062e+01 4.234910964965820312e+00 1.493785667419433594e+01
1.675554275512695312e+01 1.927026557922363281e+01 4.249754428863525391e+00 1.502051067352294922e+01
1.677595138549804688e+01 1.929750251770019531e+01 4.217472076416015625e+00 1.508002662658691406e+01
1.683717727661132812e+01 1.957969856262207031e+01 4.262562751770019531e+00 1.531713867187500000e+01
1.685758590698242188e+01 1.964835739135742188e+01 4.262372016906738281e+00 1.538599014282226562e+01
1.687799453735351562e+01 1.977307891845703125e+01 4.278493881225585938e+00 1.549459171295166016e+01
1.689840316772460938e+01 1.979616737365722656e+01 4.272617816925048828e+00 1.552355194091796875e+01
1.691881179809570312e+01 1.990658187866210938e+01 4.266756534576416016e+00 1.563983345031738281e+01
1.693922042846679688e+01 1.988735008239746094e+01 4.255256652832031250e+00 1.563209724426269531e+01
1.704126548767089844e+01 2.009791374206542969e+01 4.217835426330566406e+00 1.588008499145507812e+01
1.714330673217773438e+01 2.019912719726562500e+01 4.233225345611572266e+00 1.596589851379394531e+01
1.716371536254882812e+01 2.015558242797851562e+01 4.227493762969970703e+00 1.592809104919433594e+01
1.720453453063964844e+01 2.006456565856933594e+01 4.227204322814941406e+00 1.583736133575439453e+01
1.722494316101074219e+01 2.006401062011718750e+01 4.231229305267333984e+00 1.583277893066406250e+01
1.724535179138183594e+01 1.999687767028808594e+01 4.222751617431640625e+00 1.577412414550781250e+01
1.734739494323730469e+01 1.983741950988769531e+01 4.173762798309326172e+00 1.566365242004394531e+01
1.736780357360839844e+01 1.981651306152343750e+01 4.175749778747558594e+00 1.564076614379882812e+01
1.738821220397949219e+01 1.985276794433593750e+01 4.186680793762207031e+00 1.566608619689941406e+01
1.742902946472167969e+01 1.988330459594726562e+01 4.186491012573242188e+00 1.569680786132812500e+01
1.744943809509277344e+01 1.994721221923828125e+01 4.189139842987060547e+00 1.575807952880859375e+01
1.746984672546386719e+01 1.992543601989746094e+01 4.166431903839111328e+00 1.575899505615234375e+01
1.751066398620605469e+01 2.004190254211425781e+01 4.170391559600830078e+00 1.587150955200195312e+01
1.753107261657714844e+01 2.005459022521972656e+01 4.168267726898193359e+00 1.588632297515869141e+01
1.755148124694824219e+01 2.007872009277343750e+01 4.158647060394287109e+00 1.592007446289062500e+01
1.757188987731933594e+01 2.010035514831542969e+01 4.158585548400878906e+00 1.594176006317138672e+01
1.765352439880371094e+01 2.026623725891113281e+01 4.121726036071777344e+00 1.614450836181640625e+01
1.767393493652343750e+01 2.032673263549804688e+01 4.123738765716552734e+00 1.620299720764160156e+01
1.769434356689453125e+01 2.035537719726562500e+01 4.112217903137207031e+00 1.624316024780273438e+01
1.771475219726562500e+01 2.044800758361816406e+01 4.100047588348388672e+00 1.634796142578125000e+01
1.773516082763671875e+01 2.044510841369628906e+01 4.108828067779541016e+00 1.633627700805664062e+01
1.775556755065917969e+01 2.048426437377929688e+01 4.118936061859130859e+00 1.636533355712890625e+01
1.777597618103027344e+01 2.054186439514160156e+01 4.118247032165527344e+00 1.642361259460449219e+01
1.783720397949218750e+01 2.065919685363769531e+01 4.134307861328125000e+00 1.652488708496093750e+01
1.785761260986328125e+01 2.065919494628906250e+01 4.134274959564208984e+00 1.652491950988769531e+01
1.787802124023437500e+01 2.070035552978515625e+01 4.132903099060058594e+00 1.656745338439941406e+01
1.789842987060546875e+01 2.072763824462890625e+01 4.144240856170654297e+00 1.658339500427246094e+01
1.800047302246093750e+01 2.087926864624023438e+01 4.175273895263671875e+00 1.670399475097656250e+01
1.806169891357421875e+01 2.092182159423828125e+01 4.177688598632812500e+00 1.674413108825683594e+01
1.808210754394531250e+01 2.094647026062011719e+01 4.174296855926513672e+00 1.677217483520507812e+01
1.814333343505859375e+01 2.097724342346191406e+01 4.165487766265869141e+00 1.681175994873046875e+01
1.818415260314941406e+01 2.098408508300781250e+01 4.169302463531494141e+00 1.681477928161621094e+01
1.820456123352050781e+01 2.097545814514160156e+01 4.169888496398925781e+00 1.680557441711425781e+01
1.822496795654296875e+01 2.115100097656250000e+01 4.167846202850341797e+00 1.698315429687500000e+01
1.824537658691406250e+01 2.094618797302246094e+01 4.147439956665039062e+00 1.679874992370605469e+01
1.826578521728515625e+01 2.098233413696289062e+01 4.157222270965576172e+00 1.682511329650878906e+01
1.832701301574707031e+01 2.104298591613769531e+01 4.135496616363525391e+00 1.690748977661132812e+01
1.834742164611816406e+01 2.104899597167968750e+01 4.130243778228759766e+00 1.691875267028808594e+01
1.849028205871582031e+01 2.103321075439453125e+01 4.035540103912353516e+00 1.699766731262207031e+01
1.851069068908691406e+01 2.096777343750000000e+01 4.028504371643066406e+00 1.693926811218261719e+01
1.853109931945800781e+01 2.100895690917968750e+01 4.012441158294677734e+00 1.699651336669921875e+01
1.855150794982910156e+01 2.099285125732421875e+01 4.013833999633789062e+00 1.697902107238769531e+01
1.857191658020019531e+01 2.100650405883789062e+01 3.995888471603393555e+00 1.701061058044433594e+01
1.859232521057128906e+01 2.101272201538085938e+01 3.993433475494384766e+00 1.701928520202636719e+01
1.861273384094238281e+01 2.101208686828613281e+01 3.998057842254638672e+00 1.701403617858886719e+01
1.865355110168457031e+01 2.105147933959960938e+01 3.999576330184936523e+00 1.705190467834472656e+01
1.867395973205566406e+01 2.107666969299316406e+01 3.995205640792846680e+00 1.708146476745605469e+01
1.869436836242675781e+01 2.107365226745605469e+01 4.003649711608886719e+00 1.707000350952148438e+01
1.871477699279785156e+01 2.115452575683593750e+01 3.999922990798950195e+00 1.715460205078125000e+01
1.873518562316894531e+01 2.112328529357910156e+01 4.009621143341064453e+00 1.711366653442382812e+01
1.875559425354003906e+01 2.110993003845214844e+01 4.003343582153320312e+00 1.710658264160156250e+01
1.877600288391113281e+01 2.114730834960937500e+01 4.013654232025146484e+00 1.713364982604980469e+01
1.879641151428222656e+01 2.117571067810058594e+01 4.015664577484130859e+00 1.716004753112792969e+01
1.881682205200195312e+01 2.120398712158203125e+01 4.024667739868164062e+00 1.717931556701660156e+01
1.883723068237304688e+01 2.122783279418945312e+01 4.036192417144775391e+00 1.719164085388183594e+01
1.885763931274414062e+01 2.125768661499023438e+01 4.031824111938476562e+00 1.722586441040039062e+01
1.887804794311523438e+01 2.126713752746582031e+01 4.039512157440185547e+00 1.722761726379394531e+01
1.889845657348632812e+01 2.128172683715820312e+01 4.042750358581542969e+00 1.723897552490234375e+01
1.891886329650878906e+01 2.129997634887695312e+01 4.047246932983398438e+00 1.725273323059082031e+01
1.893927192687988281e+01 2.132218742370605469e+01 4.056789398193359375e+00 1.726539421081542969e+01
1.895968055725097656e+01 2.142130851745605469e+01 4.051791667938232422e+00 1.736952209472656250e+01
1.898009109497070312e+01 2.132451438903808594e+01 4.052479743957519531e+00 1.727203178405761719e+01
1.904131698608398438e+01 2.129896736145019531e+01 4.044478416442871094e+00 1.725448799133300781e+01
1.906172561645507812e+01 2.133917999267578125e+01 4.053962707519531250e+00 1.728521537780761719e+01
1.908213424682617188e+01 2.135418701171875000e+01 4.047117710113525391e+00 1.730706977844238281e+01
1.910254287719726562e+01 2.133451271057128906e+01 4.036527633666992188e+00 1.729799079895019531e+01
1.912295150756835938e+01 2.136956214904785156e+01 4.039104938507080078e+00 1.733045959472656250e+01
1.914336013793945312e+01 2.138755035400390625e+01 4.041676998138427734e+00 1.734586715698242188e+01
1.916376876831054688e+01 2.139040756225585938e+01 4.034874439239501953e+00 1.735553169250488281e+01
1.918417739868164062e+01 2.136190414428710938e+01 4.023094654083251953e+00 1.733880805969238281e+01
1.920458602905273438e+01 2.139451408386230469e+01 4.018196105957031250e+00 1.737632369995117188e+01
1.922499465942382812e+01 2.137675666809082031e+01 4.015175342559814453e+00 1.736158180236816406e+01
1.924540328979492188e+01 2.138206481933593750e+01 3.998478889465332031e+00 1.738357925415039062e+01
1.926581192016601562e+01 2.136307334899902344e+01 4.000456333160400391e+00 1.736261558532714844e+01
1.928622055053710938e+01 2.136348533630371094e+01 3.992498874664306641e+00 1.737098503112792969e+01
1.930663108825683594e+01 2.138493728637695312e+01 3.990138292312622070e+00 1.739479827880859375e+01
1.932703971862792969e+01 2.136403083801269531e+01 3.983447551727294922e+00 1.738058280944824219e+01
1.934744834899902344e+01 2.138237190246582031e+01 3.975533723831176758e+00 1.740683937072753906e+01
1.936785507202148438e+01 2.139782524108886719e+01 3.974435091018676758e+00 1.742338943481445312e+01
1.938826370239257812e+01 2.138310623168945312e+01 3.965312719345092773e+00 1.741779136657714844e+01
1.940867233276367188e+01 2.138846588134765625e+01 3.958059310913085938e+00 1.743040847778320312e+01
1.942908096313476562e+01 2.140033149719238281e+01 3.952669143676757812e+00 1.744766044616699219e+01
1.944948959350585938e+01 2.141931724548339844e+01 3.950983285903930664e+00 1.746833229064941406e+01
1.951071739196777344e+01 2.140760040283203125e+01 3.942878961563110352e+00 1.746472549438476562e+01
1.953112602233886719e+01 2.138881492614746094e+01 3.929566621780395508e+00 1.745924568176269531e+01
1.955153465270996094e+01 2.151131057739257812e+01 3.998317241668701172e+00 1.751299285888671875e+01
1.957194328308105469e+01 2.153788185119628906e+01 3.907916784286499023e+00 1.762996292114257812e+01
1.959235191345214844e+01 2.161050224304199219e+01 4.061466217041015625e+00 1.754903602600097656e+01
1.961275863647460938e+01 2.144668006896972656e+01 3.905276536941528320e+00 1.754140663146972656e+01
1.963316917419433594e+01 2.145596504211425781e+01 3.902436733245849609e+00 1.755352783203125000e+01
1.969439506530761719e+01 2.145132255554199219e+01 3.886050224304199219e+00 1.756527137756347656e+01
1.971480369567871094e+01 2.144184684753417969e+01 3.882027387619018555e+00 1.755981826782226562e+01
1.973521232604980469e+01 2.147763252258300781e+01 3.894388437271118164e+00 1.758324241638183594e+01
1.975562095642089844e+01 2.150219154357910156e+01 3.897029876708984375e+00 1.760515975952148438e+01
1.989848136901855469e+01 2.156515884399414062e+01 3.899127960205078125e+00 1.766602897644042969e+01
1.993929862976074219e+01 2.156487655639648438e+01 3.897149324417114258e+00 1.766772460937500000e+01
1.995970916748046875e+01 2.153555107116699219e+01 3.893763780593872070e+00 1.764178657531738281e+01
2.000052642822265625e+01 2.152390480041503906e+01 3.901975870132446289e+00 1.762192726135253906e+01
2.002093505859375000e+01 2.149731826782226562e+01 3.890824317932128906e+00 1.760649108886718750e+01
2.012297821044921875e+01 2.140562820434570312e+01 3.873473167419433594e+00 1.753215789794921875e+01
2.014338684082031250e+01 2.141206550598144531e+01 3.865389347076416016e+00 1.754667663574218750e+01
2.016379547119140625e+01 2.138996315002441406e+01 3.863257884979248047e+00 1.752670669555664062e+01
2.018420410156250000e+01 2.139932823181152344e+01 3.871211528778076172e+00 1.752811622619628906e+01
2.020461273193359375e+01 2.135904693603515625e+01 3.863746881484985352e+00 1.749529838562011719e+01
2.022502136230468750e+01 2.135926055908203125e+01 3.857481002807617188e+00 1.750178146362304688e+01
2.024542999267578125e+01 2.134241485595703125e+01 3.860095500946044922e+00 1.748231697082519531e+01
2.026583862304687500e+01 2.133745193481445312e+01 3.852664232254028320e+00 1.748478317260742188e+01
2.028624725341796875e+01 2.151307678222656250e+01 3.861179351806640625e+00 1.765189552307128906e+01
2.030665588378906250e+01 2.133320617675781250e+01 3.855530977249145508e+00 1.747767829895019531e+01
2.032706451416015625e+01 2.132464599609375000e+01 3.852248430252075195e+00 1.747240257263183594e+01
2.034747314453125000e+01 2.130699348449707031e+01 3.844855308532714844e+00 1.746213912963867188e+01
2.042910766601562500e+01 2.128300857543945312e+01 3.838279247283935547e+00 1.744472503662109375e+01
2.049033546447753906e+01 2.126390647888183594e+01 3.830899715423583984e+00 1.743300819396972656e+01
2.053115081787109375e+01 2.126615905761718750e+01 3.823283910751342773e+00 1.744286727905273438e+01
2.055155944824218750e+01 2.154706764221191406e+01 3.809586286544799805e+00 1.773748207092285156e+01
2.059237670898437500e+01 2.161188507080078125e+01 3.801453113555908203e+00 1.781042861938476562e+01
2.061278724670410156e+01 2.126378631591796875e+01 3.804076910018920898e+00 1.745971298217773438e+01
2.075564765930175781e+01 2.112928962707519531e+01 3.767512798309326172e+00 1.736177635192871094e+01
2.077605628967285156e+01 2.111083221435546875e+01 3.763812303543090820e+00 1.734701728820800781e+01
2.079646492004394531e+01 2.108124351501464844e+01 3.757240772247314453e+00 1.732400321960449219e+01
2.081687355041503906e+01 2.108840560913085938e+01 3.755282402038574219e+00 1.733312225341796875e+01
2.083728218078613281e+01 2.106111717224121094e+01 3.750455141067504883e+00 1.731066131591796875e+01
2.087809944152832031e+01 2.103590583801269531e+01 3.745416164398193359e+00 1.729048728942871094e+01
2.100055122375488281e+01 2.095425987243652344e+01 3.730986595153808594e+00 1.722327423095703125e+01
2.102095985412597656e+01 2.094919395446777344e+01 3.727933883666992188e+00 1.722126579284667969e+01
2.104136848449707031e+01 2.091512107849121094e+01 3.726024389266967773e+00 1.718909645080566406e+01
2.106177711486816406e+01 2.091178703308105469e+01 3.731507062911987305e+00 1.718027496337890625e+01
2.108218574523925781e+01 2.089626884460449219e+01 3.731301069259643555e+00 1.716496467590332031e+01
2.110259437561035156e+01 2.087868118286132812e+01 3.733364820480346680e+00 1.714531517028808594e+01
2.112300491333007812e+01 2.087228202819824219e+01 3.737690687179565430e+00 1.713458824157714844e+01
2.114341354370117188e+01 2.086648368835449219e+01 3.730686187744140625e+00 1.713579940795898438e+01
2.116382217407226562e+01 2.084666633605957031e+01 3.727654218673706055e+00 1.711901473999023438e+01
2.118423080444335938e+01 2.084267425537109375e+01 3.728583097457885742e+00 1.711408805847167969e+01
2.120463943481445312e+01 2.081637573242187500e+01 3.727252483367919922e+00 1.708912658691406250e+01
2.122504615783691406e+01 2.080642890930175781e+01 3.722541093826293945e+00 1.708388900756835938e+01
2.124545478820800781e+01 2.080148124694824219e+01 3.724035739898681641e+00 1.707744407653808594e+01
2.126586532592773438e+01 2.077527809143066406e+01 3.718210220336914062e+00 1.705707168579101562e+01
2.128627395629882812e+01 2.079252815246582031e+01 3.718581438064575195e+00 1.707393836975097656e+01
2.130668258666992188e+01 2.076504135131835938e+01 3.717266559600830078e+00 1.704777526855468750e+01
2.132709121704101562e+01 2.074623489379882812e+01 3.709780931472778320e+00 1.703645133972167969e+01
2.134749984741210938e+01 2.071958351135253906e+01 3.710159063339233398e+00 1.700942420959472656e+01
2.136790847778320312e+01 2.072805023193359375e+01 3.707735300064086914e+00 1.702031517028808594e+01
2.138831710815429688e+01 2.071696472167968750e+01 3.705317020416259766e+00 1.701164817810058594e+01
2.140872573852539062e+01 2.068230628967285156e+01 3.693957328796386719e+00 1.698835182189941406e+01
2.142913436889648438e+01 2.066244125366210938e+01 3.694349527359008789e+00 1.696808815002441406e+01
2.144954490661621094e+01 2.063932609558105469e+01 3.684137582778930664e+00 1.695519065856933594e+01
2.146995162963867188e+01 2.059870719909667969e+01 3.678406000137329102e+00 1.692030525207519531e+01
2.149036026000976562e+01 2.059347724914550781e+01 3.677697658538818359e+00 1.691577720642089844e+01
2.151076889038085938e+01 2.055236434936523438e+01 3.668643951416015625e+00 1.688371467590332031e+01
2.153117752075195312e+01 2.053331756591796875e+01 3.659607172012329102e+00 1.687370872497558594e+01
2.155158615112304688e+01 2.050383949279785156e+01 3.656697034835815430e+00 1.684714317321777344e+01
2.157199478149414062e+01 2.045324897766113281e+01 3.647688865661621094e+00 1.680555725097656250e+01
2.159240341186523438e+01 2.044556999206542969e+01 3.642023801803588867e+00 1.680354309082031250e+01
2.161281394958496094e+01 2.040403366088867188e+01 3.633046388626098633e+00 1.677099037170410156e+01
2.163322257995605469e+01 2.036616706848144531e+01 3.625746011734008789e+00 1.674042129516601562e+01
2.165363121032714844e+01 2.033961868286132812e+01 3.620117664337158203e+00 1.671949768066406250e+01
2.167403984069824219e+01 2.029200744628906250e+01 3.608977317810058594e+00 1.668302726745605469e+01
2.169444656372070312e+01 2.024934959411621094e+01 3.608340740203857422e+00 1.664101028442382812e+01
2.171485519409179688e+01 2.020601463317871094e+01 3.601642370223999023e+00 1.660437202453613281e+01
2.173526382446289062e+01 2.015969848632812500e+01 3.598811388015747070e+00 1.656088829040527344e+01
2.175567245483398438e+01 2.011904525756835938e+01 3.591583728790283203e+00 1.652745437622070312e+01
2.177608299255371094e+01 2.007404327392578125e+01 3.583271026611328125e+00 1.649077224731445312e+01
2.179649162292480469e+01 2.001893997192382812e+01 3.582112073898315430e+00 1.643682670593261719e+01
2.181690025329589844e+01 1.998093986511230469e+01 3.576018571853637695e+00 1.640492057800292969e+01
2.185771751403808594e+01 1.991100502014160156e+01 3.574268817901611328e+00 1.633673477172851562e+01
2.187812614440917969e+01 1.987032127380371094e+01 3.572576045989990234e+00 1.629774284362792969e+01
2.189853477478027344e+01 1.984318733215332031e+01 3.575259208679199219e+00 1.626792716979980469e+01
2.191894340515136719e+01 1.980746841430664062e+01 3.573568344116210938e+00 1.623389816284179688e+01
2.193935203552246094e+01 1.978937149047851562e+01 3.573517322540283203e+00 1.621585273742675781e+01
2.195976066589355469e+01 1.976356887817382812e+01 3.570196390151977539e+00 1.619337081909179688e+01
2.198016929626464844e+01 1.972105789184570312e+01 3.575049877166748047e+00 1.614601135253906250e+01
2.200057792663574219e+01 1.969860458374023438e+01 3.574997901916503906e+00 1.612360572814941406e+01
2.202098655700683594e+01 1.967852592468261719e+01 3.576576948165893555e+00 1.610195159912109375e+01
2.204139518737792969e+01 1.965313339233398438e+01 3.570006608963012695e+00 1.608313369750976562e+01
2.206180381774902344e+01 1.963087654113769531e+01 3.575384616851806641e+00 1.605548667907714844e+01
2.208221244812011719e+01 1.961214256286621094e+01 3.576958894729614258e+00 1.603518104553222656e+01
2.210262298583984375e+01 1.958377075195312500e+01 3.576905250549316406e+00 1.600685691833496094e+01
2.212303161621093750e+01 1.957429504394531250e+01 3.575769662857055664e+00 1.599852085113525391e+01
2.214344024658203125e+01 1.956890487670898438e+01 3.578419923782348633e+00 1.599048519134521484e+01
2.216384696960449219e+01 1.951998901367187500e+01 3.575125217437744141e+00 1.594485664367675781e+01
2.218425559997558594e+01 1.951912879943847656e+01 3.576152801513671875e+00 1.594297885894775391e+01
2.220466423034667969e+01 1.949723815917968750e+01 3.576099872589111328e+00 1.592114353179931641e+01
2.222507286071777344e+01 1.949212074279785156e+01 3.576585769653320312e+00 1.591553211212158203e+01
2.224548149108886719e+01 1.947730827331542969e+01 3.576533079147338867e+00 1.590077209472656250e+01
2.226589202880859375e+01 1.946488571166992188e+01 3.573254823684692383e+00 1.589163780212402344e+01
2.228630065917968750e+01 1.944988822937011719e+01 3.573742628097534180e+00 1.587614154815673828e+01
2.230670928955078125e+01 1.944621086120605469e+01 3.571009159088134766e+00 1.587519645690917969e+01
2.232711791992187500e+01 1.943080711364746094e+01 3.570961713790893555e+00 1.585984134674072266e+01
2.234752655029296875e+01 1.942374610900878906e+01 3.567700386047363281e+00 1.585604476928710938e+01
2.236793518066406250e+01 1.943013191223144531e+01 3.567656040191650391e+00 1.586248111724853516e+01
2.238834190368652344e+01 1.943253517150878906e+01 3.567611694335937500e+00 1.586492252349853516e+01
2.240875053405761719e+01 1.942859268188476562e+01 3.563294410705566406e+00 1.586530208587646484e+01
2.242916107177734375e+01 1.943744659423828125e+01 3.563787460327148438e+00 1.587365722656250000e+01
2.244956970214843750e+01 1.943291854858398438e+01 3.562680482864379883e+00 1.587023735046386719e+01
2.246997833251953125e+01 1.943424415588378906e+01 3.561042547225952148e+00 1.587320137023925781e+01
2.249038696289062500e+01 1.944270896911621094e+01 3.561004400253295898e+00 1.588170146942138672e+01
2.251079559326171875e+01 1.944578552246093750e+01 3.557244062423706055e+00 1.588854408264160156e+01
2.253120422363281250e+01 1.946529579162597656e+01 3.557740688323974609e+00 1.590755462646484375e+01
2.255161285400390625e+01 1.946847152709960938e+01 3.555582523345947266e+00 1.591288566589355469e+01
2.257202148437500000e+01 1.948214149475097656e+01 3.556609869003295898e+00 1.592553234100341797e+01
2.259243011474609375e+01 1.948900985717773438e+01 3.557105779647827148e+00 1.593190288543701172e+01
2.261283874511718750e+01 1.950765609741210938e+01 3.558130264282226562e+00 1.594952678680419922e+01
2.263324737548828125e+01 1.951985740661621094e+01 3.560739278793334961e+00 1.595912647247314453e+01
2.265365600585937500e+01 1.953121566772460938e+01 3.558588027954101562e+00 1.597262954711914062e+01
2.267406463623046875e+01 1.954482841491699219e+01 3.559079885482788086e+00 1.598574638366699219e+01
2.269447326660156250e+01 1.955187988281250000e+01 3.561681270599365234e+00 1.599019527435302734e+01
2.271488189697265625e+01 1.958159637451171875e+01 3.563750743865966797e+00 1.601783752441406250e+01
2.273529052734375000e+01 1.957803726196289062e+01 3.567395687103271484e+00 1.601063919067382812e+01
2.275570106506347656e+01 1.961138153076171875e+01 3.571034431457519531e+00 1.604034805297851562e+01
2.277610969543457031e+01 1.960755729675292969e+01 3.572564125061035156e+00 1.603499031066894531e+01
2.279651832580566406e+01 1.961252593994140625e+01 3.575666427612304688e+00 1.603685569763183594e+01
2.281692695617675781e+01 1.964958572387695312e+01 3.582435607910156250e+00 1.606715583801269531e+01
2.283733558654785156e+01 1.963723945617675781e+01 3.584999322891235352e+00 1.605224227905273438e+01
2.285774230957031250e+01 1.964532852172851562e+01 3.587035179138183594e+00 1.605829429626464844e+01
2.287815093994140625e+01 1.965880775451660156e+01 3.591160058975219727e+00 1.606765365600585938e+01
2.289855957031250000e+01 1.965631866455078125e+01 3.593709230422973633e+00 1.606260681152343750e+01
2.291897010803222656e+01 1.965222358703613281e+01 3.596776008605957031e+00 1.605544662475585938e+01
2.293937873840332031e+01 1.965348434448242188e+01 3.602968215942382812e+00 1.605051803588867188e+01
2.295978736877441406e+01 1.964118576049804688e+01 3.603936433792114258e+00 1.603725051879882812e+01
2.298019599914550781e+01 1.963553237915039062e+01 3.607506752014160156e+00 1.602802276611328125e+01
2.300060462951660156e+01 1.963664245605468750e+01 3.608989238739013672e+00 1.602765083312988281e+01
2.302101325988769531e+01 1.964078903198242188e+01 3.614628791809082031e+00 1.602616119384765625e+01
2.304142189025878906e+01 1.962505912780761719e+01 3.616621971130371094e+00 1.600844383239746094e+01
2.316387367248535156e+01 1.954133224487304688e+01 3.573217153549194336e+00 1.596811485290527344e+01
2.318428230285644531e+01 1.950263786315917969e+01 3.618602275848388672e+00 1.588403511047363281e+01
2.320469093322753906e+01 1.948041915893554688e+01 3.622124910354614258e+00 1.585829067230224609e+01
2.328632736206054688e+01 1.940462875366210938e+01 3.615595102310180664e+00 1.578903579711914062e+01
2.334755134582519531e+01 1.933436965942382812e+01 3.615854263305664062e+00 1.571851348876953125e+01
2.336795997619628906e+01 1.933466911315917969e+01 3.611159801483154297e+00 1.572351169586181641e+01
2.338836860656738281e+01 1.928852462768554688e+01 3.612102746963500977e+00 1.567641925811767578e+01
2.342918777465820312e+01 1.925081062316894531e+01 3.614494800567626953e+00 1.563631534576416016e+01
2.357204818725585938e+01 1.910858345031738281e+01 3.593096733093261719e+00 1.551548004150390625e+01
2.359245681762695312e+01 1.927695083618164062e+01 3.618907451629638672e+00 1.565804004669189453e+01
2.361286544799804688e+01 1.917577552795410156e+01 3.609189748764038086e+00 1.556658935546875000e+01
2.369449996948242188e+01 1.909583854675292969e+01 3.597259998321533203e+00 1.549857711791992188e+01
2.371490859985351562e+01 1.915363693237304688e+01 3.628990650177001953e+00 1.552464294433593750e+01
2.373531723022460938e+01 1.913961982727050781e+01 3.630408763885498047e+00 1.550921154022216797e+01
2.375572776794433594e+01 1.913496208190917969e+01 3.639886379241943359e+00 1.549507713317871094e+01
2.377613449096679688e+01 1.931278610229492188e+01 3.640789508819580078e+00 1.567199897766113281e+01
2.379654312133789062e+01 1.914468002319335938e+01 3.642697095870971680e+00 1.550198268890380859e+01
2.381695175170898438e+01 1.914923286437988281e+01 3.648621797561645508e+00 1.550060653686523438e+01
2.383736038208007812e+01 1.914823150634765625e+01 3.650017261505126953e+00 1.549820804595947266e+01
2.387817764282226562e+01 1.911966896057128906e+01 3.649793148040771484e+00 1.546987342834472656e+01
2.389858627319335938e+01 1.914796829223632812e+01 3.657193899154663086e+00 1.549077510833740234e+01
2.393940544128417969e+01 1.912981796264648438e+01 3.658458232879638672e+00 1.547136211395263672e+01
2.400063133239746094e+01 1.913720703125000000e+01 3.661593437194824219e+00 1.547560882568359375e+01
2.402103805541992188e+01 1.916647148132324219e+01 3.668448686599731445e+00 1.549802207946777344e+01
2.406185722351074219e+01 1.915118026733398438e+01 3.666205406188964844e+00 1.548497104644775391e+01
2.408226585388183594e+01 1.918785285949707031e+01 3.675523996353149414e+00 1.551234054565429688e+01
2.410267448425292969e+01 1.921177291870117188e+01 3.673404693603515625e+00 1.553837203979492188e+01
2.412308311462402344e+01 1.921426582336425781e+01 3.672281980514526367e+00 1.554198551177978516e+01
2.414349174499511719e+01 1.922398376464843750e+01 3.676614046096801758e+00 1.554736232757568359e+01
2.420471763610839844e+01 1.921001243591308594e+01 3.675720691680908203e+00 1.553429412841796875e+01
2.426594352722167969e+01 1.922404098510742188e+01 3.673352241516113281e+00 1.555068778991699219e+01
2.428635215759277344e+01 1.923795700073242188e+01 3.668787002563476562e+00 1.556916713714599609e+01
2.430676078796386719e+01 1.922249603271484375e+01 3.668661355972290039e+00 1.555382823944091797e+01
2.434757804870605469e+01 1.925566482543945312e+01 3.671851396560668945e+00 1.558381175994873047e+01
2.444962310791015625e+01 1.921707725524902344e+01 3.659953117370605469e+00 1.555712890625000000e+01
2.447002983093261719e+01 1.919233322143554688e+01 3.658368587493896484e+00 1.553396129608154297e+01
2.451084709167480469e+01 1.919803237915039062e+01 3.662042856216430664e+00 1.553598880767822266e+01
2.457207489013671875e+01 1.914159202575683594e+01 3.651456832885742188e+00 1.549013710021972656e+01
2.459248352050781250e+01 1.930887794494628906e+01 3.652806997299194336e+00 1.565606880187988281e+01
2.463330078125000000e+01 1.912567138671875000e+01 3.658416032791137695e+00 1.546725845336914062e+01
2.465370941162109375e+01 1.910355186462402344e+01 3.661213874816894531e+00 1.544234085083007812e+01
2.471493530273437500e+01 1.909240150451660156e+01 3.669094800949096680e+00 1.542330837249755859e+01
2.473534393310546875e+01 1.909753227233886719e+01 3.668003082275390625e+00 1.542952537536621094e+01
2.483738708496093750e+01 1.904822158813476562e+01 3.681847810745239258e+00 1.536637115478515625e+01
2.485779571533203125e+01 1.904340362548828125e+01 3.686048030853271484e+00 1.535735511779785156e+01
2.487820434570312500e+01 1.905008125305175781e+01 3.687354326248168945e+00 1.536272716522216797e+01
2.489861488342285156e+01 1.903845787048339844e+01 3.692504405975341797e+00 1.534595108032226562e+01
2.491902351379394531e+01 1.902723312377929688e+01 3.695724487304687500e+00 1.533151149749755859e+01
2.493943023681640625e+01 1.903279876708984375e+01 3.701819181442260742e+00 1.533098506927490234e+01
2.502106475830078125e+01 1.904459381103515625e+01 3.706006050109863281e+00 1.533859062194824219e+01
2.504147338867187500e+01 1.905488777160644531e+01 3.707287788391113281e+00 1.534759807586669922e+01
2.506188392639160156e+01 1.902817535400390625e+01 3.704746484756469727e+00 1.532342910766601562e+01
2.508229255676269531e+01 1.906334114074707031e+01 3.707935571670532227e+00 1.535540580749511719e+01
2.510270118713378906e+01 1.904077720642089844e+01 3.705398082733154297e+00 1.533537864685058594e+01
2.512310981750488281e+01 1.908993148803710938e+01 3.722398042678833008e+00 1.536753082275390625e+01
2.514351844787597656e+01 1.916740417480468750e+01 3.720328807830810547e+00 1.544708156585693359e+01
2.516392517089843750e+01 1.911297798156738281e+01 3.717787742614746094e+00 1.539519214630126953e+01
2.518433380126953125e+01 1.912218093872070312e+01 3.729032993316650391e+00 1.539314842224121094e+01
2.520474243164062500e+01 1.914811325073242188e+01 3.730287790298461914e+00 1.541781997680664062e+01
2.522515296936035156e+01 1.914937782287597656e+01 3.729641914367675781e+00 1.541973686218261719e+01
2.524556159973144531e+01 1.916855812072753906e+01 3.732316732406616211e+00 1.543624687194824219e+01
2.526597023010253906e+01 1.919022369384765625e+01 3.734986543655395508e+00 1.545523357391357422e+01
2.528637886047363281e+01 1.920317840576171875e+01 3.737179279327392578e+00 1.546599292755126953e+01
2.530678749084472656e+01 1.922359657287597656e+01 3.739840984344482422e+00 1.548376178741455078e+01
2.532719612121582031e+01 1.923654365539550781e+01 3.742025852203369141e+00 1.549451732635498047e+01
2.534760475158691406e+01 1.925182723999023438e+01 3.742790460586547852e+00 1.550903701782226562e+01
2.536801338195800781e+01 1.932826423645019531e+01 3.748272418975830078e+00 1.557998752593994141e+01
2.538842201232910156e+01 1.929387092590332031e+01 3.747616767883300781e+00 1.554625415802001953e+01
2.540883064270019531e+01 1.930258560180664062e+01 3.753086090087890625e+00 1.554950428009033203e+01
2.542923927307128906e+01 1.932194328308105469e+01 3.753369331359863281e+00 1.556856918334960938e+01
2.544964790344238281e+01 1.934481811523437500e+01 3.756473541259765625e+00 1.558835029602050781e+01
2.547005653381347656e+01 1.935254478454589844e+01 3.760042428970336914e+00 1.559250354766845703e+01
2.549046516418457031e+01 1.936410140991210938e+01 3.762667179107666016e+00 1.560143184661865234e+01
2.551087379455566406e+01 1.937451171875000000e+01 3.769040584564208984e+00 1.560546779632568359e+01
2.553128242492675781e+01 1.939322471618652344e+01 3.771184921264648438e+00 1.562203502655029297e+01
2.555169296264648438e+01 1.939432907104492188e+01 3.774731159210205078e+00 1.561959648132324219e+01
2.557210159301757812e+01 1.940316963195800781e+01 3.781079769134521484e+00 1.562208652496337891e+01
2.559251022338867188e+01 1.941797828674316406e+01 3.783676862716674805e+00 1.563430309295654297e+01
2.561291885375976562e+01 1.944049453735351562e+01 3.786269903182983398e+00 1.565422439575195312e+01
2.563332557678222656e+01 1.943426704406738281e+01 3.790260076522827148e+00 1.564400482177734375e+01
2.565373420715332031e+01 1.943569374084472656e+01 3.795176506042480469e+00 1.564051914215087891e+01
2.567414283752441406e+01 1.943728828430175781e+01 3.798686504364013672e+00 1.563860130310058594e+01
2.569455146789550781e+01 1.943727111816406250e+01 3.802656888961791992e+00 1.563461303710937500e+01
2.571496200561523438e+01 1.943754959106445312e+01 3.808017253875732422e+00 1.562953281402587891e+01
2.573537063598632812e+01 1.943404960632324219e+01 3.811509132385253906e+00 1.562254428863525391e+01
2.575577926635742188e+01 1.943285942077636719e+01 3.813601016998291016e+00 1.561925792694091797e+01
2.577618789672851562e+01 1.942078590393066406e+01 3.817546606063842773e+00 1.560324287414550781e+01
2.579659652709960938e+01 1.941323280334472656e+01 3.820558547973632812e+00 1.559267330169677734e+01
2.581700515747070312e+01 1.940076446533203125e+01 3.823565483093261719e+00 1.557719612121582031e+01
2.583741378784179688e+01 1.938609504699707031e+01 3.828884124755859375e+00 1.555721378326416016e+01
2.585782241821289062e+01 1.937916946411132812e+01 3.829565286636352539e+00 1.554959964752197266e+01
2.587823104858398438e+01 1.936193656921386719e+01 3.831170558929443359e+00 1.553077030181884766e+01
2.589863967895507812e+01 1.934727859497070312e+01 3.833235263824462891e+00 1.551404094696044922e+01
2.591904830932617188e+01 1.932022857666015625e+01 3.834835052490234375e+00 1.548539352416992188e+01
2.593945693969726562e+01 1.931209945678710938e+01 3.832740545272827148e+00 1.547935962677001953e+01
2.595986557006835938e+01 1.929112815856933594e+01 3.834799528121948242e+00 1.545633316040039062e+01
2.598027420043945312e+01 1.927420616149902344e+01 3.836394309997558594e+00 1.543780994415283203e+01
2.600068283081054688e+01 1.925537872314453125e+01 3.836144924163818359e+00 1.541923236846923828e+01
2.602109146118164062e+01 1.924409866333007812e+01 3.836816549301147461e+00 1.540728664398193359e+01
2.604150009155273438e+01 1.921651268005371094e+01 3.835647821426391602e+00 1.538085842132568359e+01
2.606191062927246094e+01 1.920316123962402344e+01 3.834940433502197266e+00 1.536822509765625000e+01
2.608231925964355469e+01 1.918476486206054688e+01 3.834234237670898438e+00 1.535052680969238281e+01
2.610272598266601562e+01 1.916000175476074219e+01 3.831236600875854492e+00 1.532876491546630859e+01
2.612313461303710938e+01 1.916237449645996094e+01 3.830076694488525391e+00 1.533230209350585938e+01
2.614354324340820312e+01 1.913220024108886719e+01 3.827086687088012695e+00 1.530511379241943359e+01
2.616395187377929688e+01 1.912342262268066406e+01 3.827761173248291016e+00 1.529566287994384766e+01
2.618436050415039062e+01 1.909213829040527344e+01 3.822949409484863281e+00 1.526918029785156250e+01
2.620477104187011719e+01 1.909511756896972656e+01 3.822255373001098633e+00 1.527285957336425781e+01
2.622517967224121094e+01 1.906409645080566406e+01 3.816999197006225586e+00 1.524710655212402344e+01
2.624558830261230469e+01 1.905908775329589844e+01 3.815398931503295898e+00 1.524369144439697266e+01
2.626599693298339844e+01 1.904490470886230469e+01 3.811522960662841797e+00 1.523338699340820312e+01
2.628640556335449219e+01 1.903119277954101562e+01 3.807652950286865234e+00 1.522354984283447266e+01
2.630681419372558594e+01 1.902116203308105469e+01 3.805608987808227539e+00 1.521555519104003906e+01
2.632722091674804688e+01 1.902036857604980469e+01 3.801295280456542969e+00 1.521906757354736328e+01
2.634762954711914062e+01 1.900822067260742188e+01 3.797896385192871094e+00 1.521032047271728516e+01
2.636804008483886719e+01 1.900638771057128906e+01 3.793595314025878906e+00 1.521279335021972656e+01
2.638844871520996094e+01 1.899750137329101562e+01 3.792021751403808594e+00 1.520547580718994141e+01
2.640885734558105469e+01 1.899552536010742188e+01 3.787731885910034180e+00 1.520779514312744141e+01
2.642926597595214844e+01 1.899187660217285156e+01 3.784353733062744141e+00 1.520752429962158203e+01
2.644967460632324219e+01 1.899184036254882812e+01 3.782339096069335938e+00 1.520950412750244141e+01
2.647008323669433594e+01 1.899569511413574219e+01 3.779422760009765625e+00 1.521627426147460938e+01
2.649049186706542969e+01 1.899520111083984375e+01 3.776510953903198242e+00 1.521869564056396484e+01
2.651090049743652344e+01 1.899919128417968750e+01 3.775409698486328125e+00 1.522378730773925781e+01
2.653130912780761719e+01 1.900642013549804688e+01 3.772505283355712891e+00 1.523391532897949219e+01
2.655171966552734375e+01 1.900635147094726562e+01 3.771859645843505859e+00 1.523448848724365234e+01
2.657212638854980469e+01 1.901983833312988281e+01 3.770764827728271484e+00 1.524907398223876953e+01
2.659253501892089844e+01 1.902517127990722656e+01 3.769221305847167969e+00 1.525594806671142578e+01
2.661294364929199219e+01 1.904454231262207031e+01 3.768129587173461914e+00 1.527640819549560547e+01
2.663335227966308594e+01 1.904183769226074219e+01 3.764343500137329102e+00 1.527749538421630859e+01
2.665376091003417969e+01 1.905523300170898438e+01 3.765951871871948242e+00 1.528928279876708984e+01
2.667416954040527344e+01 1.906685829162597656e+01 3.765314102172851562e+00 1.530154418945312500e+01
2.669458007812500000e+01 1.908301734924316406e+01 3.765574216842651367e+00 1.531743717193603516e+01
2.671498870849609375e+01 1.908838272094726562e+01 3.767177820205688477e+00 1.532120132446289062e+01
2.673539733886718750e+01 1.910031127929687500e+01 3.764750003814697266e+00 1.533555984497070312e+01
2.675580596923828125e+01 1.912085342407226562e+01 3.767693758010864258e+00 1.535315799713134766e+01
2.677621459960937500e+01 1.912759590148925781e+01 3.768398046493530273e+00 1.535919570922851562e+01
2.679662132263183594e+01 1.914219474792480469e+01 3.769101858139038086e+00 1.537309646606445312e+01
2.681702995300292969e+01 1.915351295471191406e+01 3.770250320434570312e+00 1.538326263427734375e+01
2.683743858337402344e+01 1.916057014465332031e+01 3.772735595703125000e+00 1.538783645629882812e+01
2.685784912109375000e+01 1.918175697326660156e+01 3.774325132369995117e+00 1.540743160247802734e+01
2.687825775146484375e+01 1.918605041503906250e+01 3.775022268295288086e+00 1.541102409362792969e+01
2.689866638183593750e+01 1.919213867187500000e+01 3.777942419052124023e+00 1.541419506072998047e+01
2.691907501220703125e+01 1.920203590393066406e+01 3.779080390930175781e+00 1.542295837402343750e+01
2.693948364257812500e+01 1.921276855468750000e+01 3.781993150711059570e+00 1.543077754974365234e+01
2.695989227294921875e+01 1.920436096191406250e+01 3.784013986587524414e+00 1.542034816741943359e+01
2.698030090332031250e+01 1.922216224670410156e+01 3.786031723022460938e+00 1.543613243103027344e+01
2.700070953369140625e+01 1.923247146606445312e+01 3.787603139877319336e+00 1.544486618041992188e+01
2.702111816406250000e+01 1.923022270202636719e+01 3.789172172546386719e+00 1.544105815887451172e+01
2.704152679443359375e+01 1.923486709594726562e+01 3.792509555816650391e+00 1.544236087799072266e+01
2.706193542480468750e+01 1.923604011535644531e+01 3.794514656066894531e+00 1.544152450561523438e+01
2.708234405517578125e+01 1.923443984985351562e+01 3.795632600784301758e+00 1.543880748748779297e+01
2.710275268554687500e+01 1.923468971252441406e+01 3.797632455825805664e+00 1.543705081939697266e+01
2.712316131591796875e+01 1.922846031188964844e+01 3.799188137054443359e+00 1.542927360534667969e+01
2.714356994628906250e+01 1.923197555541992188e+01 3.802064180374145508e+00 1.542991352081298828e+01
2.716397857666015625e+01 1.922220802307128906e+01 3.803173303604125977e+00 1.541903400421142578e+01
2.718438720703125000e+01 1.922325325012207031e+01 3.805601835250854492e+00 1.541765117645263672e+01
2.720479774475097656e+01 1.920533943176269531e+01 3.807586669921875000e+00 1.539775085449218750e+01
2.722520446777343750e+01 1.920221519470214844e+01 3.807810068130493164e+00 1.539440441131591797e+01
2.724561500549316406e+01 1.920791053771972656e+01 3.811108112335205078e+00 1.539680194854736328e+01
2.726602172851562500e+01 1.918944168090820312e+01 3.813084840774536133e+00 1.537635231018066406e+01
2.728643226623535156e+01 1.917877578735351562e+01 3.813302993774414062e+00 1.536547374725341797e+01
2.730683898925781250e+01 1.916670036315917969e+01 3.815713167190551758e+00 1.535098171234130859e+01
2.732724952697753906e+01 1.915948677062988281e+01 3.817243576049804688e+00 1.534224414825439453e+01
2.734765815734863281e+01 1.914690780639648438e+01 3.819209575653076172e+00 1.532770156860351562e+01
2.736806488037109375e+01 1.913902854919433594e+01 3.821172714233398438e+00 1.531785106658935547e+01
2.738847541809082031e+01 1.912091636657714844e+01 3.821821212768554688e+00 1.529909896850585938e+01
2.740888214111328125e+01 1.910853576660156250e+01 3.823779582977294922e+00 1.528475856781005859e+01
2.742929267883300781e+01 1.909819984436035156e+01 3.826170682907104492e+00 1.527202701568603516e+01
2.744969940185546875e+01 1.908917999267578125e+01 3.826378583908081055e+00 1.526279830932617188e+01
2.747010993957519531e+01 1.908143997192382812e+01 3.830943107604980469e+00 1.525049877166748047e+01
2.749051666259765625e+01 1.906576156616210938e+01 3.831582546234130859e+00 1.523417758941650391e+01
2.751092720031738281e+01 1.905470466613769531e+01 3.834395647048950195e+00 1.522030544281005859e+01
2.753133583068847656e+01 1.904087257385253906e+01 3.835901021957397461e+00 1.520496273040771484e+01
2.755174636840820312e+01 1.903288841247558594e+01 3.839141845703125000e+00 1.519374561309814453e+01
2.757215309143066406e+01 1.902365303039550781e+01 3.841509580612182617e+00 1.518214416503906250e+01
2.759256362915039062e+01 1.901465797424316406e+01 3.843873739242553711e+00 1.517078304290771484e+01
2.761297035217285156e+01 1.901924133300781250e+01 3.846668004989624023e+00 1.517257976531982422e+01
2.763337707519531250e+01 1.899899864196777344e+01 3.849025011062622070e+00 1.514997386932373047e+01
2.765378761291503906e+01 1.899552726745605469e+01 3.851811170578002930e+00 1.514371967315673828e+01
2.767419624328613281e+01 1.899276351928710938e+01 3.855026006698608398e+00 1.513773918151855469e+01
2.769460678100585938e+01 1.896091461181640625e+01 3.855642557144165039e+00 1.510527420043945312e+01
2.771501350402832031e+01 1.899006843566894531e+01 3.862304687500000000e+00 1.512775516510009766e+01
2.773542404174804688e+01 1.899236679077148438e+01 3.866799116134643555e+00 1.512557792663574219e+01
2.775583076477050781e+01 1.899524307250976562e+01 3.869993686676025391e+00 1.512524223327636719e+01
2.777624130249023438e+01 1.899026298522949219e+01 3.874906539916992188e+00 1.511535644531250000e+01
2.779664802551269531e+01 1.899733352661132812e+01 3.879382133483886719e+00 1.511794471740722656e+01
2.781705856323242188e+01 1.900025177001953125e+01 3.884711027145385742e+00 1.511555004119873047e+01
2.783746528625488281e+01 1.900550842285156250e+01 3.889603137969970703e+00 1.511590576171875000e+01
2.785787391662597656e+01 1.900576972961425781e+01 3.894917488098144531e+00 1.511084938049316406e+01
2.787828445434570312e+01 1.901840400695800781e+01 3.898935317993164062e+00 1.511946678161621094e+01
2.789869117736816406e+01 1.902208518981933594e+01 3.903806209564208984e+00 1.511827945709228516e+01
2.791910171508789062e+01 1.903373146057128906e+01 3.909526824951171875e+00 1.512420463562011719e+01
2.793950843811035156e+01 1.904310417175292969e+01 3.914811134338378906e+00 1.512829303741455078e+01
2.795991897583007812e+01 1.905779266357421875e+01 3.920086622238159180e+00 1.513770103454589844e+01
2.798032569885253906e+01 1.907352828979492188e+01 3.926639080047607422e+00 1.514688682556152344e+01
2.800073623657226562e+01 1.908953475952148438e+01 3.932326555252075195e+00 1.515720748901367188e+01
2.802114486694335938e+01 1.909951210021972656e+01 3.938005924224853516e+00 1.516150283813476562e+01
2.804155540466308594e+01 1.911736869812011719e+01 3.944103479385375977e+00 1.517326450347900391e+01
2.806196212768554688e+01 1.912979316711425781e+01 3.948486328125000000e+00 1.518129730224609375e+01
2.808236885070800781e+01 1.914461326599121094e+01 3.955420255661010742e+00 1.518918895721435547e+01
2.810277938842773438e+01 1.915935134887695312e+01 3.959362506866455078e+00 1.519998645782470703e+01
2.812318611145019531e+01 1.917990875244140625e+01 3.965427398681640625e+00 1.521448230743408203e+01
2.814359664916992188e+01 1.919649505615234375e+01 3.971908092498779297e+00 1.522458076477050781e+01
2.816400527954101562e+01 1.921356391906738281e+01 3.976254940032958984e+00 1.523731040954589844e+01
2.818441581726074219e+01 1.923058700561523438e+01 3.982293844223022461e+00 1.524830055236816406e+01
2.820482254028320312e+01 1.925078201293945312e+01 3.987900257110595703e+00 1.526288604736328125e+01
2.822523307800292969e+01 1.926814651489257812e+01 3.992225885391235352e+00 1.527591609954833984e+01
2.824563980102539062e+01 1.928433227539062500e+01 3.996968984603881836e+00 1.528736686706542969e+01
2.826605033874511719e+01 1.929886245727539062e+01 4.001281738281250000e+00 1.529757976531982422e+01
2.828645706176757812e+01 1.930624008178710938e+01 4.005588531494140625e+00 1.530065345764160156e+01
2.830686378479003906e+01 1.933197975158691406e+01 4.010735511779785156e+00 1.532124233245849609e+01
2.832727432250976562e+01 1.934875488281250000e+01 4.015450954437255859e+00 1.533330154418945312e+01
2.834768295288085938e+01 1.935938835144042969e+01 4.018894195556640625e+00 1.534049224853515625e+01
2.836809349060058594e+01 1.937332153320312500e+01 4.023175239562988281e+00 1.535014438629150391e+01
2.838850021362304688e+01 1.938634872436523438e+01 4.025342464447021484e+00 1.536100864410400391e+01
2.840891075134277344e+01 1.939798545837402344e+01 4.030456542968750000e+00 1.536752796173095703e+01
2.842931747436523438e+01 1.940798568725585938e+01 4.035141468048095703e+00 1.537284088134765625e+01
2.844972801208496094e+01 1.940714836120605469e+01 4.037295341491699219e+00 1.536985588073730469e+01
2.847013473510742188e+01 1.942392730712890625e+01 4.040287494659423828e+00 1.538363647460937500e+01
2.849054527282714844e+01 1.944347953796386719e+01 4.042854785919189453e+00 1.540062522888183594e+01
2.851095390319824219e+01 1.944761466979980469e+01 4.048777103424072266e+00 1.539883232116699219e+01
2.853136062622070312e+01 1.944371414184570312e+01 4.050076484680175781e+00 1.539363765716552734e+01
2.855177116394042969e+01 1.943635940551757812e+01 4.051792621612548828e+00 1.538456821441650391e+01
2.857217788696289062e+01 1.945394515991210938e+01 4.058115005493164062e+00 1.539583206176757812e+01
2.859258842468261719e+01 1.944132041931152344e+01 4.054380893707275391e+00 1.538694381713867188e+01
2.861299514770507812e+01 1.945119476318359375e+01 4.064875602722167969e+00 1.538632202148437500e+01
2.863340568542480469e+01 1.945082473754882812e+01 4.067412376403808594e+00 1.538341331481933594e+01
2.865381431579589844e+01 1.944147682189941406e+01 4.069946289062500000e+00 1.537153720855712891e+01
2.867422294616699219e+01 1.944645881652832031e+01 4.075397968292236328e+00 1.537106513977050781e+01
2.869463157653808594e+01 1.942886352539062500e+01 4.075836658477783203e+00 1.535302448272705078e+01
2.871504211425781250e+01 1.942533493041992188e+01 4.079608917236328125e+00 1.534572601318359375e+01
2.873544883728027344e+01 1.940485572814941406e+01 4.081710338592529297e+00 1.532314491271972656e+01
2.875585937500000000e+01 1.941239738464355469e+01 4.087138175964355469e+00 1.532526302337646484e+01
2.877626609802246094e+01 1.939894104003906250e+01 4.090063095092773438e+00 1.530887413024902344e+01
2.879667282104492188e+01 1.937242507934570312e+01 4.087996006011962891e+00 1.528442955017089844e+01
2.881708335876464844e+01 1.937674713134765625e+01 4.097146034240722656e+00 1.527960300445556641e+01
2.883749198913574219e+01 1.936205673217773438e+01 4.100472450256347656e+00 1.526158714294433594e+01
2.885790252685546875e+01 1.934797859191894531e+01 4.104208469390869141e+00 1.524377346038818359e+01
2.887830924987792969e+01 1.934123039245605469e+01 4.108355045318603516e+00 1.523288249969482422e+01
2.889871978759765625e+01 1.932029342651367188e+01 4.111666202545166016e+00 1.520862388610839844e+01
2.891912651062011719e+01 1.931203460693359375e+01 4.116214752197265625e+00 1.519581317901611328e+01
2.893953704833984375e+01 1.929657173156738281e+01 4.119929313659667969e+00 1.517664623260498047e+01
2.895994377136230469e+01 1.928256416320800781e+01 4.124052524566650391e+00 1.515851211547851562e+01
2.898035430908203125e+01 1.926632308959960938e+01 4.127343177795410156e+00 1.513897705078125000e+01
2.900076293945312500e+01 1.925355720520019531e+01 4.131455421447753906e+00 1.512210559844970703e+01
2.902116966247558594e+01 1.924177360534667969e+01 4.132674694061279297e+00 1.510909938812255859e+01
2.904158020019531250e+01 1.922692871093750000e+01 4.138013362884521484e+00 1.508891391754150391e+01
2.906198692321777344e+01 1.921656608581542969e+01 4.143344879150390625e+00 1.507322502136230469e+01
2.908239746093750000e+01 1.919318008422851562e+01 4.144552707672119141e+00 1.504862499237060547e+01
2.910280418395996094e+01 1.919155120849609375e+01 4.149872303009033203e+00 1.504168415069580078e+01
2.912321472167968750e+01 1.918335533142089844e+01 4.155183792114257812e+00 1.502817821502685547e+01
2.914362144470214844e+01 1.917334556579589844e+01 4.160488605499267578e+00 1.501285171508789062e+01
2.916403198242187500e+01 1.916248321533203125e+01 4.161681175231933594e+00 1.500080204010009766e+01
2.918444061279296875e+01 1.915922355651855469e+01 4.166973590850830078e+00 1.499224948883056641e+01
2.920485115051269531e+01 1.915221023559570312e+01 4.172258377075195312e+00 1.497995567321777344e+01
2.922525787353515625e+01 1.913784599304199219e+01 4.173440456390380859e+00 1.496441173553466797e+01
2.924566459655761719e+01 1.914274597167968750e+01 4.178713798522949219e+00 1.496403408050537109e+01
2.926607513427734375e+01 1.913169479370117188e+01 4.179889678955078125e+00 1.495180034637451172e+01
2.928648185729980469e+01 1.913280868530273438e+01 4.185151100158691406e+00 1.494765758514404297e+01
2.930689239501953125e+01 1.912928962707519531e+01 4.186320781707763672e+00 1.494296646118164062e+01
2.932730102539062500e+01 1.912758827209472656e+01 4.191570758819580078e+00 1.493601799011230469e+01
2.934771156311035156e+01 1.912757873535156250e+01 4.192733764648437500e+00 1.493484878540039062e+01
2.936811828613281250e+01 1.912876701354980469e+01 4.193896293640136719e+00 1.493486976623535156e+01
2.938852882385253906e+01 1.913155174255371094e+01 4.199129581451416016e+00 1.493242645263671875e+01
2.940893554687500000e+01 1.913194656372070312e+01 4.200285434722900391e+00 1.493166160583496094e+01
2.942934608459472656e+01 1.914146041870117188e+01 4.205506801605224609e+00 1.493595600128173828e+01
2.944975280761718750e+01 1.913977622985839844e+01 4.206656932830810547e+00 1.493311691284179688e+01
2.947016143798828125e+01 1.914074897766113281e+01 4.207805633544921875e+00 1.493295001983642578e+01
2.949057197570800781e+01 1.915631866455078125e+01 4.213010787963867188e+00 1.494330978393554688e+01
2.951097869873046875e+01 1.915686798095703125e+01 4.214153289794921875e+00 1.494271945953369141e+01
2.953138923645019531e+01 1.917267799377441406e+01 4.219347476959228516e+00 1.495333480834960938e+01
2.955179595947265625e+01 1.917020416259765625e+01 4.220483779907226562e+00 1.494972324371337891e+01
2.957220649719238281e+01 1.917392730712890625e+01 4.221618175506591797e+00 1.495231342315673828e+01
2.959261322021484375e+01 1.918572425842285156e+01 4.226797103881835938e+00 1.495892715454101562e+01
2.961302375793457031e+01 1.919125556945800781e+01 4.227925300598144531e+00 1.496333503723144531e+01
2.963343048095703125e+01 1.919956779479980469e+01 4.229053020477294922e+00 1.497051239013671875e+01
2.965384101867675781e+01 1.920869445800781250e+01 4.234215259552001953e+00 1.497447776794433594e+01
2.967424964904785156e+01 1.921118736267089844e+01 4.235336780548095703e+00 1.497585201263427734e+01
2.969465637207031250e+01 1.921381950378417969e+01 4.240488052368164062e+00 1.497333431243896484e+01
2.971506690979003906e+01 1.922270202636718750e+01 4.241603374481201172e+00 1.498110485076904297e+01
2.973547363281250000e+01 1.923168754577636719e+01 4.246743202209472656e+00 1.498494625091552734e+01
2.975588417053222656e+01 1.923421096801757812e+01 4.247852802276611328e+00 1.498635673522949219e+01
2.977629089355468750e+01 1.924090766906738281e+01 4.252981662750244141e+00 1.498793125152587891e+01
2.979670143127441406e+01 1.924169158935546875e+01 4.254085063934326172e+00 1.498759460449218750e+01
2.981711006164550781e+01 1.924441337585449219e+01 4.259202480316162109e+00 1.498521327972412109e+01
2.983752059936523438e+01 1.924850654602050781e+01 4.264311790466308594e+00 1.498419570922851562e+01
2.985792732238769531e+01 1.924330139160156250e+01 4.265406131744384766e+00 1.497789764404296875e+01
2.987833786010742188e+01 1.924355125427246094e+01 4.270504951477050781e+00 1.497305202484130859e+01
2.989874458312988281e+01 1.922295951843261719e+01 4.271593093872070312e+00 1.495137214660644531e+01
2.991915130615234375e+01 1.923640823364257812e+01 4.276680946350097656e+00 1.495972919464111328e+01
2.993956184387207031e+01 1.923081207275390625e+01 4.281761169433593750e+00 1.494905757904052734e+01
2.995997047424316406e+01 1.922529220581054688e+01 4.286834716796875000e+00 1.493845558166503906e+01
2.998037910461425781e+01 1.921767997741699219e+01 4.291901588439941406e+00 1.492578315734863281e+01
3.000078773498535156e+01 1.921059226989746094e+01 4.296961307525634766e+00 1.491363811492919922e+01
3.002119827270507812e+01 1.919964408874511719e+01 4.298027038574218750e+00 1.490162849426269531e+01
3.004160499572753906e+01 1.919190216064453125e+01 4.307060241699218750e+00 1.488483810424804688e+01
3.006201553344726562e+01 1.917686271667480469e+01 4.308117866516113281e+00 1.486874389648437500e+01
3.008242225646972656e+01 1.916240119934082031e+01 4.313153266906738281e+00 1.484924507141113281e+01
3.010283279418945312e+01 1.914991188049316406e+01 4.318181037902832031e+00 1.483172893524169922e+01
3.012323951721191406e+01 1.913449096679687500e+01 4.323203086853027344e+00 1.481129932403564453e+01
3.014365005493164062e+01 1.912610626220703125e+01 4.328217029571533203e+00 1.479788970947265625e+01
3.016405868530273438e+01 1.910402107238769531e+01 4.333225727081298828e+00 1.477079296112060547e+01
3.018446540832519531e+01 1.908904266357421875e+01 4.338226795196533203e+00 1.475081825256347656e+01
3.020487594604492188e+01 1.907008743286132812e+01 4.339258193969726562e+00 1.473082637786865234e+01
3.022528266906738281e+01 1.905152893066406250e+01 4.344248771667480469e+00 1.470728015899658203e+01
3.024569320678710938e+01 1.903134155273437500e+01 4.345274448394775391e+00 1.468606948852539062e+01
3.026609992980957031e+01 1.900698661804199219e+01 4.350254058837890625e+00 1.465673637390136719e+01
3.028651046752929688e+01 1.898867225646972656e+01 4.351274490356445312e+00 1.463740348815917969e+01
3.030691909790039062e+01 1.896751594543457031e+01 4.352293968200683594e+00 1.461522197723388672e+01
3.032732963562011719e+01 1.895055580139160156e+01 4.349364757537841797e+00 1.460118865966796875e+01
3.034773635864257812e+01 1.890906715393066406e+01 4.346440315246582031e+00 1.456262779235839844e+01
3.036814689636230469e+01 1.889207077026367188e+01 4.351401805877685547e+00 1.454066562652587891e+01
3.038855361938476562e+01 1.884228515625000000e+01 4.356357574462890625e+00 1.448592376708984375e+01
3.040896034240722656e+01 1.886478424072265625e+01 4.361306190490722656e+00 1.450347805023193359e+01
3.042937088012695312e+01 1.885059738159179688e+01 4.366248130798339844e+00 1.448435020446777344e+01
3.044977760314941406e+01 1.882268142700195312e+01 4.371183395385742188e+00 1.445149517059326172e+01
3.047018814086914062e+01 1.882829475402832031e+01 4.380040645599365234e+00 1.444825172424316406e+01
3.049059677124023438e+01 1.878499412536621094e+01 4.381034374237060547e+00 1.440395545959472656e+01
3.051100730895996094e+01 1.880986404418945312e+01 4.389873027801513672e+00 1.441999244689941406e+01
3.053141403198242188e+01 1.879935264587402344e+01 4.394779682159423828e+00 1.440457916259765625e+01
3.055182456970214844e+01 1.879045867919921875e+01 4.399679183959960938e+00 1.439077758789062500e+01
3.057223129272460938e+01 1.877984619140625000e+01 4.404572486877441406e+00 1.437527084350585938e+01
3.059264183044433594e+01 1.877457618713378906e+01 4.409459590911865234e+00 1.436511230468750000e+01
3.061304855346679688e+01 1.876572990417480469e+01 4.410429954528808594e+00 1.435530376434326172e+01
3.063345718383789062e+01 1.876185989379882812e+01 4.415306568145751953e+00 1.434655570983886719e+01
3.065386772155761719e+01 1.875855827331542969e+01 4.420176506042480469e+00 1.433837985992431641e+01
3.067427444458007812e+01 1.875342559814453125e+01 4.421137332916259766e+00 1.433228683471679688e+01
3.069468498229980469e+01 1.875332641601562500e+01 4.425996780395507812e+00 1.432733631134033203e+01
3.071509170532226562e+01 1.874751853942871094e+01 4.426952838897705078e+00 1.432056236267089844e+01
3.073550224304199219e+01 1.874853515625000000e+01 4.431802272796630859e+00 1.431673431396484375e+01
3.075590896606445312e+01 1.874885940551757812e+01 4.436645030975341797e+00 1.431221199035644531e+01
3.077631950378417969e+01 1.874361610412597656e+01 4.433702468872070312e+00 1.430990886688232422e+01
3.079672813415527344e+01 1.874297142028808594e+01 4.434651374816894531e+00 1.430832576751708984e+01
3.081713676452636719e+01 1.874542617797851562e+01 4.439482212066650391e+00 1.430594444274902344e+01
3.083754539489746094e+01 1.874457550048828125e+01 4.440425872802734375e+00 1.430415153503417969e+01
3.085795211791992188e+01 1.874016571044921875e+01 4.437489509582519531e+00 1.430268096923828125e+01
3.087836265563964844e+01 1.873528861999511719e+01 4.434556007385253906e+00 1.430073642730712891e+01
3.089876937866210938e+01 1.872904586791992188e+01 4.427753448486328125e+00 1.430129146575927734e+01
3.091917991638183594e+01 1.872168350219726562e+01 4.417088031768798828e+00 1.430459308624267578e+01
3.093958663940429688e+01 1.871630477905273438e+01 4.402568817138671875e+00 1.431373119354248047e+01
3.095999717712402344e+01 1.870714759826660156e+01 4.380335807800292969e+00 1.432680988311767578e+01
3.098040580749511719e+01 1.870980262756347656e+01 4.361995697021484375e+00 1.434780597686767578e+01
3.100081634521484375e+01 1.872940826416015625e+01 4.374567985534667969e+00 1.435483646392822266e+01
3.102122306823730469e+01 1.875207710266113281e+01 4.406416893005371094e+00 1.434565639495849609e+01
3.104163360595703125e+01 1.873874473571777344e+01 4.407375335693359375e+00 1.433136749267578125e+01
3.106204032897949219e+01 1.870865249633789062e+01 4.358239173889160156e+00 1.435041427612304688e+01
3.108244705200195312e+01 1.870674514770507812e+01 4.339973926544189453e+00 1.436677074432373047e+01
3.110285758972167969e+01 1.873984336853027344e+01 4.360216140747070312e+00 1.437962627410888672e+01
3.112326622009277344e+01 1.876803779602050781e+01 4.380432128906250000e+00 1.438760662078857422e+01
3.114367675781250000e+01 1.879374313354492188e+01 4.400621414184570312e+00 1.439312553405761719e+01
3.116408348083496094e+01 1.881417846679687500e+01 4.416944026947021484e+00 1.439724063873291016e+01
3.118449401855468750e+01 1.883433532714843750e+01 4.437082767486572266e+00 1.439724922180175781e+01
3.120490074157714844e+01 1.884628677368164062e+01 4.449524402618408203e+00 1.439676284790039062e+01
3.122531127929687500e+01 1.885983276367187500e+01 4.450449466705322266e+00 1.440938663482666016e+01
3.124571800231933594e+01 1.890608406066894531e+01 4.432219505310058594e+00 1.447385978698730469e+01
3.126612854003906250e+01 1.900307655334472656e+01 4.356588840484619141e+00 1.464649009704589844e+01
3.128653526306152344e+01 1.878209304809570312e+01 4.296360492706298828e+00 1.448573684692382812e+01
3.130694580078125000e+01 1.872780036926269531e+01 4.255326271057128906e+00 1.447247123718261719e+01
3.132735443115234375e+01 1.875582885742187500e+01 4.275479316711425781e+00 1.448035240173339844e+01
3.134776115417480469e+01 1.879599571228027344e+01 4.310878753662109375e+00 1.448511791229248047e+01
3.136817169189453125e+01 1.883463287353515625e+01 4.346231937408447266e+00 1.448840236663818359e+01
3.138857841491699219e+01 1.885850524902343750e+01 4.370100021362304688e+00 1.448839855194091797e+01
3.140898895263671875e+01 1.886891746520996094e+01 4.386314392089843750e+00 1.448260593414306641e+01
3.142939567565917969e+01 1.889537048339843750e+01 4.394891738891601562e+00 1.450047779083251953e+01
3.144980621337890625e+01 1.890309143066406250e+01 4.399651050567626953e+00 1.450344181060791016e+01
3.147021484375000000e+01 1.893384361267089844e+01 4.396798133850097656e+00 1.453703594207763672e+01
3.149062538146972656e+01 1.898548889160156250e+01 4.390147686004638672e+00 1.459533882141113281e+01
3.151103210449218750e+01 1.910014915466308594e+01 4.372109889984130859e+00 1.472804069519042969e+01
3.153144264221191406e+01 1.903725814819335938e+01 4.346503734588623047e+00 1.469075489044189453e+01
3.155184936523437500e+01 1.882607078552246094e+01 4.449913501739501953e+00 1.437615776062011719e+01
3.157225608825683594e+01 1.868629264831542969e+01 4.450828552246093750e+00 1.423546600341796875e+01
3.159266662597656250e+01 1.863293457031250000e+01 4.402488708496093750e+00 1.423044300079345703e+01
3.161307525634765625e+01 1.858957099914550781e+01 4.331493854522705078e+00 1.425807762145996094e+01
3.163348579406738281e+01 1.855481529235839844e+01 4.245454788208007812e+00 1.430935668945312500e+01
3.165389251708984375e+01 1.854949760437011719e+01 4.170871257781982422e+00 1.437862968444824219e+01
3.167430305480957031e+01 1.858398437500000000e+01 4.134172916412353516e+00 1.444980907440185547e+01
3.169470977783203125e+01 1.865224456787109375e+01 4.154170513153076172e+00 1.449807834625244141e+01
3.171512031555175781e+01 1.872032356262207031e+01 4.200560092926025391e+00 1.451976966857910156e+01
3.173552703857421875e+01 1.877371978759765625e+01 4.250662326812744141e+00 1.452306175231933594e+01
3.175593757629394531e+01 1.880958175659179688e+01 4.289391994476318359e+00 1.452019023895263672e+01
3.177634429931640625e+01 1.883853530883789062e+01 4.320538520812988281e+00 1.451799869537353516e+01
3.179675292968750000e+01 1.886684036254882812e+01 4.347880840301513672e+00 1.451895523071289062e+01
3.181716346740722656e+01 1.889309692382812500e+01 4.363901615142822266e+00 1.452919006347656250e+01
3.183757019042968750e+01 1.893479919433593750e+01 4.372383117675781250e+00 1.456241321563720703e+01
3.185798072814941406e+01 1.901757240295410156e+01 4.362067699432373047e+00 1.465550994873046875e+01
3.187838745117187500e+01 1.916997528076171875e+01 4.321727275848388672e+00 1.484824562072753906e+01
3.189879798889160156e+01 1.947095680236816406e+01 4.232658386230468750e+00 1.523829746246337891e+01
3.191920471191406250e+01 1.954945564270019531e+01 4.154952526092529297e+00 1.539450359344482422e+01
3.193961524963378906e+01 1.928965568542480469e+01 4.234744071960449219e+00 1.505491542816162109e+01
3.196002388000488281e+01 1.892979431152343750e+01 4.336905002593994141e+00 1.459288883209228516e+01
3.198043441772460938e+01 1.876488304138183594e+01 4.397763729095458984e+00 1.436712360382080078e+01
3.200083923339843750e+01 1.868827819824218750e+01 4.436104297637939453e+00 1.425217151641845703e+01
3.202124786376953125e+01 1.864308929443359375e+01 4.455704689025878906e+00 1.418738460540771484e+01
3.204166030883789062e+01 1.859847640991210938e+01 4.464073181152343750e+00 1.413440799713134766e+01
3.206206512451171875e+01 1.855286788940429688e+01 4.446299076080322266e+00 1.410656833648681641e+01
3.208247756958007812e+01 1.850955581665039062e+01 4.402430534362792969e+00 1.410712242126464844e+01
3.210288238525390625e+01 1.846061134338378906e+01 4.310148239135742188e+00 1.415045547485351562e+01
3.212329483032226562e+01 1.851763343811035156e+01 4.314861774444580078e+00 1.420277309417724609e+01
3.214369964599609375e+01 1.856165504455566406e+01 4.394045352935791016e+00 1.416761398315429688e+01
3.216411209106445312e+01 1.855194664001464844e+01 4.450799465179443359e+00 1.410115146636962891e+01
3.218451690673828125e+01 1.853076934814453125e+01 4.481448650360107422e+00 1.404932212829589844e+01
3.220492935180664062e+01 1.848921966552734375e+01 4.489758491516113281e+00 1.399945926666259766e+01
3.222533798217773438e+01 1.846354675292968750e+01 4.486915588378906250e+00 1.397663497924804688e+01
3.224574279785156250e+01 1.848507690429687500e+01 4.465515613555908203e+00 1.401955413818359375e+01
3.226615524291992188e+01 1.835116386413574219e+01 4.455272197723388672e+00 1.389589500427246094e+01
3.228656005859375000e+01 1.831813430786132812e+01 4.467284679412841797e+00 1.385085201263427734e+01
3.230697250366210938e+01 1.833887863159179688e+01 4.479282379150390625e+00 1.385959434509277344e+01
3.232737731933593750e+01 1.834214210510253906e+01 4.472752571105957031e+00 1.386938381195068359e+01
3.234778976440429688e+01 1.826998329162597656e+01 4.436627388000488281e+00 1.383335590362548828e+01
3.236819839477539062e+01 1.827562141418457031e+01 4.452320098876953125e+00 1.382330322265625000e+01
3.238860702514648438e+01 1.832890892028808594e+01 4.434731960296630859e+00 1.389417552947998047e+01
3.240901565551757812e+01 1.840722465515136719e+01 4.402393341064453125e+00 1.400483512878417969e+01
3.242942428588867188e+01 1.851788139343261719e+01 4.362712860107421875e+00 1.415516281127929688e+01
3.244983291625976562e+01 1.864130401611328125e+01 4.315705299377441406e+00 1.432559680938720703e+01
3.247023773193359375e+01 1.886623954772949219e+01 4.246639251708984375e+00 1.461959552764892578e+01
3.249065017700195312e+01 1.877687072753906250e+01 4.207131862640380859e+00 1.456973648071289062e+01
3.251105880737304688e+01 1.862118721008300781e+01 4.351758480072021484e+00 1.426943016052246094e+01
3.253146743774414062e+01 1.858500099182128906e+01 4.437333106994628906e+00 1.414766407012939453e+01
3.255187606811523438e+01 1.849937248229980469e+01 4.474998950958251953e+00 1.402437400817871094e+01
3.257228469848632812e+01 1.837320899963378906e+01 4.486894607543945312e+00 1.388631248474121094e+01
3.259269332885742188e+01 1.830694961547851562e+01 4.498775005340576172e+00 1.380817985534667969e+01
3.261310195922851562e+01 1.830549240112304688e+01 4.495959758758544922e+00 1.380952644348144531e+01
3.263351058959960938e+01 1.833469772338867188e+01 4.504151344299316406e+00 1.383054351806640625e+01
3.265391921997070312e+01 1.837947082519531250e+01 4.512332916259765625e+00 1.386713790893554688e+01
3.267432785034179688e+01 1.842881202697753906e+01 4.513177871704101562e+00 1.391563320159912109e+01
3.269473648071289062e+01 1.842557907104492188e+01 4.503038406372070312e+00 1.392253971099853516e+01
3.271514511108398438e+01 1.838013839721679688e+01 4.489253520965576172e+00 1.389088630676269531e+01
3.273555374145507812e+01 1.835143852233886719e+01 4.471828937530517578e+00 1.387960815429687500e+01
3.275596237182617188e+01 1.834661483764648438e+01 4.443463325500488281e+00 1.390315151214599609e+01
3.277637100219726562e+01 1.836684989929199219e+01 4.422437191009521484e+00 1.394441318511962891e+01
3.279677963256835938e+01 1.838684272766113281e+01 4.434283733367919922e+00 1.395255470275878906e+01
3.281718826293945312e+01 1.832936859130859375e+01 4.387757778167724609e+00 1.394160938262939453e+01
3.283759689331054688e+01 1.814906120300292969e+01 4.257452964782714844e+00 1.389161109924316406e+01
3.285800552368164062e+01 1.810336685180664062e+01 4.149167060852050781e+00 1.395420360565185547e+01
3.287841796875000000e+01 1.800692367553710938e+01 4.175715446472167969e+00 1.383120822906494141e+01
3.289882278442382812e+01 1.811589813232421875e+01 4.282274723052978516e+00 1.383362770080566406e+01
3.291923522949218750e+01 1.816666412353515625e+01 4.374156475067138672e+00 1.379249954223632812e+01
3.293964004516601562e+01 1.820578575134277344e+01 4.429587364196777344e+00 1.377620124816894531e+01
3.296004867553710938e+01 1.822518920898437500e+01 4.445002555847167969e+00 1.378018760681152344e+01
3.298045730590820312e+01 1.824257278442382812e+01 4.471285820007324219e+00 1.377128314971923828e+01
3.300086593627929688e+01 1.817036628723144531e+01 4.526553153991699219e+00 1.364381504058837891e+01
3.302127456665039062e+01 1.811920356750488281e+01 4.556378841400146484e+00 1.356282329559326172e+01
3.304168319702148438e+01 1.810050392150878906e+01 4.568055152893066406e+00 1.353244686126708984e+01
3.306209564208984375e+01 1.810008239746093750e+01 4.565235137939453125e+00 1.353484821319580078e+01
3.308250045776367188e+01 1.813185119628906250e+01 4.558801174163818359e+00 1.357305049896240234e+01
3.310291290283203125e+01 1.823837661743164062e+01 4.552374362945556641e+00 1.368600273132324219e+01
3.312331771850585938e+01 1.850373649597167969e+01 4.524273872375488281e+00 1.397946548461914062e+01
3.314373016357421875e+01 1.842708778381347656e+01 4.423979759216308594e+00 1.400311183929443359e+01
3.316413497924804688e+01 1.814336967468261719e+01 4.359901428222656250e+00 1.378346920013427734e+01
3.318454360961914062e+01 1.800097846984863281e+01 4.411324501037597656e+00 1.358965873718261719e+01
3.320495605468750000e+01 1.819314765930175781e+01 4.473498344421386719e+00 1.371964454650878906e+01
3.322536087036132812e+01 1.785354995727539062e+01 4.301431655883789062e+00 1.355211925506591797e+01
3.324577331542968750e+01 1.782811355590820312e+01 4.259187221527099609e+00 1.356892299652099609e+01
3.326617813110351562e+01 1.804961967468261719e+01 4.368115901947021484e+00 1.368150520324707031e+01
3.328659057617187500e+01 1.826082420349121094e+01 4.415780544281005859e+00 1.384504127502441406e+01
3.330699539184570312e+01 1.812213516235351562e+01 4.186671257019042969e+00 1.393546867370605469e+01
3.332740783691406250e+01 1.824578094482421875e+01 4.270303726196289062e+00 1.397547340393066406e+01
3.334781646728515625e+01 1.826151084899902344e+01 4.361012458801269531e+00 1.390049934387207031e+01
3.336822509765625000e+01 1.830956649780273438e+01 4.383454322814941406e+00 1.392611122131347656e+01
3.338863372802734375e+01 1.834071159362792969e+01 4.398699760437011719e+00 1.394200992584228516e+01
3.340903854370117188e+01 1.827470970153808594e+01 4.399595737457275391e+00 1.387511634826660156e+01
3.342945098876953125e+01 1.816412544250488281e+01 4.404070854187011719e+00 1.376006031036376953e+01
3.344985580444335938e+01 1.818784713745117188e+01 4.440745830535888672e+00 1.374709987640380859e+01
3.347026824951171875e+01 1.819648361206054688e+01 4.484528541564941406e+00 1.371195697784423828e+01
3.349067306518554688e+01 1.817041206359863281e+01 4.496091365814208984e+00 1.367431735992431641e+01
3.351108551025390625e+01 1.811011314392089844e+01 4.464778423309326172e+00 1.364533615112304688e+01
3.353149414062500000e+01 1.782404518127441406e+01 4.426364421844482422e+00 1.339768218994140625e+01
3.355190277099609375e+01 1.784113502502441406e+01 4.484319210052490234e+00 1.335681152343750000e+01
3.357231140136718750e+01 1.815403747558593750e+01 4.517246723175048828e+00 1.363678932189941406e+01
3.359272003173828125e+01 1.831396484375000000e+01 4.546570301055908203e+00 1.376739978790283203e+01
3.361312866210937500e+01 1.808449363708496094e+01 4.540248870849609375e+00 1.354424476623535156e+01
3.363353347778320312e+01 1.798207855224609375e+01 4.541052818298339844e+00 1.344102573394775391e+01
3.365394592285156250e+01 1.779310607910156250e+01 4.559638500213623047e+00 1.323346710205078125e+01
3.367435455322265625e+01 1.767063522338867188e+01 4.567539215087890625e+00 1.310309410095214844e+01
3.369476318359375000e+01 1.759668350219726562e+01 4.568325042724609375e+00 1.302836227416992188e+01
3.371517181396484375e+01 1.759539604187011719e+01 4.554908752441406250e+00 1.304048824310302734e+01
3.373558044433593750e+01 1.760700988769531250e+01 4.530864715576171875e+00 1.307614994049072266e+01
3.375598907470703125e+01 1.770448303222656250e+01 4.503304481506347656e+00 1.320118236541748047e+01
3.377639770507812500e+01 1.791926574707031250e+01 4.518301486968994141e+00 1.340095710754394531e+01
3.379680633544921875e+01 1.780265998840332031e+01 4.536823272705078125e+00 1.326583957672119141e+01
3.381721496582031250e+01 1.782153129577636719e+01 4.523467063903808594e+00 1.329806423187255859e+01
3.383762359619140625e+01 1.785183715820312500e+01 4.517201423645019531e+00 1.333463859558105469e+01
3.385803222656250000e+01 1.779326057434082031e+01 4.493267059326171875e+00 1.329999256134033203e+01
3.387844085693359375e+01 1.776951026916503906e+01 4.487027168273925781e+00 1.328248119354248047e+01
3.389884948730468750e+01 1.775416755676269531e+01 4.491388320922851562e+00 1.326278305053710938e+01
3.391925811767578125e+01 1.770493316650390625e+01 4.506329536437988281e+00 1.319860839843750000e+01
3.393966674804687500e+01 1.771199798583984375e+01 4.514200210571289062e+00 1.319780254364013672e+01
3.396007537841796875e+01 1.771047592163085938e+01 4.515011310577392578e+00 1.319546222686767578e+01
3.398048400878906250e+01 1.770270919799804688e+01 4.512299537658691406e+00 1.319040966033935547e+01
3.400089263916015625e+01 1.766255950927734375e+01 4.499030590057373047e+00 1.316352844238281250e+01
3.402130126953125000e+01 1.764960670471191406e+01 4.496331691741943359e+00 1.315327835083007812e+01
3.404171371459960938e+01 1.761875152587890625e+01 4.493635654449462891e+00 1.312511730194091797e+01
3.406211853027343750e+01 1.762847328186035156e+01 4.504999637603759766e+00 1.312347698211669922e+01
3.408253097534179688e+01 1.765402793884277344e+01 4.537421226501464844e+00 1.311660671234130859e+01
3.410293579101562500e+01 1.760850524902343750e+01 4.499607563018798828e+00 1.310889530181884766e+01
3.412334442138671875e+01 1.752128219604492188e+01 4.486393928527832031e+00 1.303489017486572266e+01
3.414375305175781250e+01 1.752641868591308594e+01 4.525779247283935547e+00 1.300063800811767578e+01
3.416416168212890625e+01 1.742305374145507812e+01 4.558111190795898438e+00 1.286494731903076172e+01
3.418457412719726562e+01 1.750351905822753906e+01 4.604410648345947266e+00 1.289911270141601562e+01
3.420497894287109375e+01 1.781217002868652344e+01 4.661152362823486328e+00 1.315101718902587891e+01
3.422539138793945312e+01 1.777065467834472656e+01 4.700339794158935547e+00 1.307031345367431641e+01
3.424579620361328125e+01 1.774836158752441406e+01 4.715014934539794922e+00 1.303334426879882812e+01
3.426620864868164062e+01 1.783435630798339844e+01 4.694740772247314453e+00 1.313961791992187500e+01
3.428661346435546875e+01 1.782414627075195312e+01 4.677982807159423828e+00 1.314616394042968750e+01
3.430702590942382812e+01 1.784572029113769531e+01 4.654265403747558594e+00 1.319145202636718750e+01
3.432743072509765625e+01 1.764778327941894531e+01 4.543405532836914062e+00 1.310437679290771484e+01
3.434783935546875000e+01 1.790337181091308594e+01 4.540706157684326172e+00 1.336266136169433594e+01
3.436825180053710938e+01 1.780296707153320312e+01 4.541491985321044922e+00 1.326147556304931641e+01
3.438865661621093750e+01 1.774358558654785156e+01 4.636256217956542969e+00 1.310732936859130859e+01
3.440906906127929688e+01 1.777042007446289062e+01 4.643941879272460938e+00 1.312648010253906250e+01
3.442947387695312500e+01 1.777246284484863281e+01 4.578610897064208984e+00 1.319385337829589844e+01
3.444988632202148438e+01 1.780404472351074219e+01 4.628015995025634766e+00 1.317603111267089844e+01
3.447029113769531250e+01 1.777358436584472656e+01 4.677362442016601562e+00 1.309622097015380859e+01
3.449070358276367188e+01 1.757787704467773438e+01 4.601716518402099609e+00 1.297615814208984375e+01
3.451111221313476562e+01 1.775881385803222656e+01 4.505350589752197266e+00 1.325346088409423828e+01
3.453152084350585938e+01 1.786737442016601562e+01 4.513086318969726562e+00 1.335429286956787109e+01
3.455192947387695312e+01 1.799413108825683594e+01 4.558920860290527344e+00 1.343520832061767578e+01
3.457233428955078125e+01 1.765643882751464844e+01 4.448901653289794922e+00 1.320753192901611328e+01
3.459274673461914062e+01 1.792041778564453125e+01 4.522399902343750000e+00 1.339801406860351562e+01
3.461315155029296875e+01 1.771466445922851562e+01 4.326080322265625000e+00 1.338858795166015625e+01
3.463356399536132812e+01 1.752234268188476562e+01 4.178375720977783203e+00 1.334396648406982422e+01
3.465397262573242188e+01 1.768705368041992188e+01 4.238088130950927734e+00 1.344896602630615234e+01
3.467438125610351562e+01 1.770884132385253906e+01 4.301181316375732422e+00 1.340765476226806641e+01
3.469478988647460938e+01 1.781603431701660156e+01 4.419399261474609375e+00 1.339663600921630859e+01
3.471519851684570312e+01 1.773146057128906250e+01 4.499551773071289062e+00 1.323190498352050781e+01
3.473560714721679688e+01 1.780721282958984375e+01 4.576164245605468750e+00 1.323104953765869141e+01
3.475601577758789062e+01 1.773511505126953125e+01 4.621691703796386719e+00 1.311342430114746094e+01
3.477642440795898438e+01 1.767720603942871094e+01 4.667165279388427734e+00 1.301004600524902344e+01
3.479682922363281250e+01 1.754494667053222656e+01 4.691946983337402344e+00 1.285299873352050781e+01
3.481724166870117188e+01 1.758201408386230469e+01 4.706385135650634766e+00 1.287563514709472656e+01
3.483765029907226562e+01 1.755596351623535156e+01 4.693321228027343750e+00 1.286264228820800781e+01
3.485805892944335938e+01 1.737546539306640625e+01 4.590992450714111328e+00 1.278447151184082031e+01
3.487846755981445312e+01 1.748029136657714844e+01 4.605465888977050781e+00 1.287482547760009766e+01
3.489887619018554688e+01 1.736688041687011719e+01 4.616491317749023438e+00 1.275038909912109375e+01
3.491928482055664062e+01 1.744281387329101562e+01 4.603509426116943359e+00 1.283930015563964844e+01
3.493969345092773438e+01 1.748314666748046875e+01 4.604246139526367188e+00 1.287889766693115234e+01
3.496010208129882812e+01 1.749139785766601562e+01 4.639220714569091797e+00 1.285217666625976562e+01
3.498051071166992188e+01 1.759266281127929688e+01 4.667309761047363281e+00 1.292535209655761719e+01
3.500091934204101562e+01 1.755683326721191406e+01 4.668007850646972656e+00 1.288882732391357422e+01
3.502132797241210938e+01 1.765475845336914062e+01 4.682376861572265625e+00 1.297238349914550781e+01
3.504173660278320312e+01 1.770495033264160156e+01 4.693313121795654297e+00 1.301163673400878906e+01
3.506214523315429688e+01 1.769181823730468750e+01 4.714478015899658203e+00 1.297733497619628906e+01
3.508255386352539062e+01 1.749801445007324219e+01 4.742441654205322266e+00 1.275556755065917969e+01
3.510296249389648438e+01 1.761161041259765625e+01 4.763553619384765625e+00 1.284805583953857422e+01
3.512337112426757812e+01 1.767713737487792969e+01 4.798271656036376953e+00 1.287886905670166016e+01
3.514377975463867188e+01 1.774185752868652344e+01 4.822732448577880859e+00 1.291913032531738281e+01
3.516418838500976562e+01 1.769706344604492188e+01 4.850568771362304688e+00 1.284650135040283203e+01
3.518459701538085938e+01 1.758170890808105469e+01 4.823941707611083984e+00 1.275776386260986328e+01
3.520500946044921875e+01 1.775414657592773438e+01 4.861944675445556641e+00 1.289219856262207031e+01
3.522541427612304688e+01 1.772766494750976562e+01 4.842137813568115234e+00 1.288552379608154297e+01
3.524582672119140625e+01 1.772216224670410156e+01 4.917442798614501953e+00 1.280472183227539062e+01
3.526623153686523438e+01 1.776061820983886719e+01 4.897626399993896484e+00 1.286299705505371094e+01
3.528664016723632812e+01 1.777889823913574219e+01 4.860873222351074219e+00 1.291802978515625000e+01
3.530704879760742188e+01 1.758909797668457031e+01 4.691946983337402344e+00 1.289715480804443359e+01
3.532745742797851562e+01 1.750154495239257812e+01 4.679071426391601562e+00 1.282247066497802734e+01
3.534786987304687500e+01 1.768507003784179688e+01 4.882929325103759766e+00 1.280214500427246094e+01
3.536827468872070312e+01 1.763014221191406250e+01 4.825963973999023438e+00 1.280418205261230469e+01
3.538868713378906250e+01 1.768496322631835938e+01 4.809650897979736328e+00 1.287531661987304688e+01
3.540909194946289062e+01 1.767523956298828125e+01 4.715609550476074219e+00 1.295963287353515625e+01
3.542950439453125000e+01 1.765112495422363281e+01 4.601404666900634766e+00 1.304972076416015625e+01
3.544990921020507812e+01 1.764409637451171875e+01 4.652779102325439453e+00 1.299131774902343750e+01
3.547032165527343750e+01 1.758955574035644531e+01 4.623106002807617188e+00 1.296644973754882812e+01
3.549073028564453125e+01 1.748937225341796875e+01 4.660918712615966797e+00 1.282845497131347656e+01
3.551113510131835938e+01 1.754099082946777344e+01 4.826772689819335938e+00 1.271421813964843750e+01
3.553154754638671875e+01 1.768813514709472656e+01 4.877900123596191406e+00 1.281023406982421875e+01
3.555195236206054688e+01 1.761391830444335938e+01 4.962636470794677734e+00 1.265128231048583984e+01
3.557236480712890625e+01 1.756249427795410156e+01 4.996801853179931641e+00 1.256569576263427734e+01
3.559276962280273438e+01 1.771767616271972656e+01 5.145268440246582031e+00 1.257241249084472656e+01
3.561318206787109375e+01 1.785514450073242188e+01 5.253232002258300781e+00 1.260191345214843750e+01
3.563358688354492188e+01 1.782081794738769531e+01 5.005012035369873047e+00 1.281580257415771484e+01
3.565399932861328125e+01 1.773635292053222656e+01 4.924932479858398438e+00 1.281142044067382812e+01
3.567440795898437500e+01 1.782430648803710938e+01 4.992574691772460938e+00 1.283173084259033203e+01
3.569481658935546875e+01 1.718079376220703125e+01 4.486723899841308594e+00 1.269406986236572266e+01
3.571522521972656250e+01 1.683001708984375000e+01 4.276373863220214844e+00 1.255364513397216797e+01
3.573563003540039062e+01 1.705029487609863281e+01 4.454803943634033203e+00 1.259549140930175781e+01
3.575604248046875000e+01 1.716238784790039062e+01 4.438870429992675781e+00 1.272351837158203125e+01
3.577644729614257812e+01 1.694213867187500000e+01 4.215525627136230469e+00 1.272661209106445312e+01
3.579685974121093750e+01 1.727752113342285156e+01 4.290028095245361328e+00 1.298748970031738281e+01
3.581726837158203125e+01 1.689467430114746094e+01 4.331027507781982422e+00 1.256364727020263672e+01
3.583767700195312500e+01 1.686981010437011719e+01 4.468838214874267578e+00 1.240096950531005859e+01
3.585808563232421875e+01 1.692447471618652344e+01 4.599816322326660156e+00 1.232465648651123047e+01
3.587849426269531250e+01 1.704105377197265625e+01 4.333644866943359375e+00 1.270740604400634766e+01
3.589890289306640625e+01 1.721039772033691406e+01 4.494559764862060547e+00 1.271583175659179688e+01
