# NTRMN  = 13
# NTRANS = 56
1.142887115478515625e+01 0.000000000000000000e+00 0.000000000000000000e+00 0.000000000000000000e+00
1.144927978515625000e+01 0.000000000000000000e+00 0.000000000000000000e+00 0.000000000000000000e+00
1.146968936920166016e+01 0.000000000000000000e+00 0.000000000000000000e+00 0.000000000000000000e+00
1.149009799957275391e+01 0.000000000000000000e+00 0.000000000000000000e+00 0.000000000000000000e+00
1.151050662994384766e+01 0.000000000000000000e+00 0.000000000000000000e+00 0.000000000000000000e+00
1.153091526031494141e+01 0.000000000000000000e+00 0.000000000000000000e+00 0.000000000000000000e+00
1.157173252105712891e+01 0.000000000000000000e+00 0.000000000000000000e+00 0.000000000000000000e+00
1.159214115142822266e+01 0.000000000000000000e+00 0.000000000000000000e+00 0.000000000000000000e+00
1.161254978179931641e+01 0.000000000000000000e+00 0.000000000000000000e+00 0.000000000000000000e+00
1.165336799621582031e+01 0.000000000000000000e+00 0.000000000000000000e+00 0.000000000000000000e+00
1.167377567291259766e+01 0.000000000000000000e+00 0.000000000000000000e+00 0.000000000000000000e+00
1.169418430328369141e+01 0.000000000000000000e+00 0.000000000000000000e+00 0.000000000000000000e+00
1.171459388732910156e+01 0.000000000000000000e+00 0.000000000000000000e+00 0.000000000000000000e+00
1.175541114807128906e+01 0.000000000000000000e+00 0.000000000000000000e+00 0.000000000000000000e+00
1.177581882476806641e+01 0.000000000000000000e+00 0.000000000000000000e+00 0.000000000000000000e+00
1.179622840881347656e+01 0.000000000000000000e+00 0.000000000000000000e+00 0.000000000000000000e+00
1.181663703918457031e+01 0.000000000000000000e+00 0.000000000000000000e+00 0.000000000000000000e+00
1.183704566955566406e+01 0.000000000000000000e+00 0.000000000000000000e+00 0.000000000000000000e+00
1.185745429992675781e+01 0.000000000000000000e+00 0.000000000000000000e+00 0.000000000000000000e+00
1.187786388397216797e+01 0.000000000000000000e+00 0.000000000000000000e+00 0.000000000000000000e+00
1.193908882141113281e+01 0.000000000000000000e+00 0.000000000000000000e+00 0.000000000000000000e+00
1.195949840545654297e+01 0.000000000000000000e+00 0.000000000000000000e+00 0.000000000000000000e+00
1.197990703582763672e+01 0.000000000000000000e+00 0.000000000000000000e+00 0.000000000000000000e+00
1.200031566619873047e+01 0.000000000000000000e+00 0.000000000000000000e+00 0.000000000000000000e+00
1.202072334289550781e+01 0.000000000000000000e+00 0.000000000000000000e+00 0.000000000000000000e+00
1.204113292694091797e+01 0.000000000000000000e+00 0.000000000000000000e+00 0.000000000000000000e+00
1.206154155731201172e+01 0.000000000000000000e+00 0.000000000000000000e+00 0.000000000000000000e+00
1.208195018768310547e+01 0.000000000000000000e+00 0.000000000000000000e+00 0.000000000000000000e+00
1.210235881805419922e+01 0.000000000000000000e+00 0.000000000000000000e+00 0.000000000000000000e+00
1.212276744842529297e+01 0.000000000000000000e+00 0.000000000000000000e+00 0.000000000000000000e+00
1.214317607879638672e+01 0.000000000000000000e+00 0.000000000000000000e+00 0.000000000000000000e+00
1.216358470916748047e+01 0.000000000000000000e+00 0.000000000000000000e+00 0.000000000000000000e+00
1.218399333953857422e+01 0.000000000000000000e+00 0.000000000000000000e+00 0.000000000000000000e+00
1.220440292358398438e+01 0.000000000000000000e+00 0.000000000000000000e+00 0.000000000000000000e+00
1.222481155395507812e+01 0.000000000000000000e+00 0.000000000000000000e+00 0.000000000000000000e+00
1.224521923065185547e+01 0.000000000000000000e+00 0.000000000000000000e+00 0.000000000000000000e+00
1.226562786102294922e+01 0.000000000000000000e+00 0.000000000000000000e+00 0.000000000000000000e+00
1.228603744506835938e+01 0.000000000000000000e+00 0.000000000000000000e+00 0.000000000000000000e+00
1.230644607543945312e+01 0.000000000000000000e+00 0.000000000000000000e+00 0.000000000000000000e+00
1.232685470581054688e+01 0.000000000000000000e+00 0.000000000000000000e+00 0.000000000000000000e+00
1.234726333618164062e+01 0.000000000000000000e+00 0.000000000000000000e+00 0.000000000000000000e+00
1.236767196655273438e+01 0.000000000000000000e+00 0.000000000000000000e+00 0.000000000000000000e+00
1.238808059692382812e+01 0.000000000000000000e+00 0.000000000000000000e+00 0.000000000000000000e+00
1.240848922729492188e+01 0.000000000000000000e+00 0.000000000000000000e+00 0.000000000000000000e+00
1.242889785766601562e+01 0.000000000000000000e+00 0.000000000000000000e+00 0.000000000000000000e+00
1.244930744171142578e+01 0.000000000000000000e+00 0.000000000000000000e+00 0.000000000000000000e+00
1.246971511840820312e+01 0.000000000000000000e+00 0.000000000000000000e+00 0.000000000000000000e+00
1.249012374877929688e+01 0.000000000000000000e+00 0.000000000000000000e+00 0.000000000000000000e+00
1.251053237915039062e+01 0.000000000000000000e+00 0.000000000000000000e+00 0.000000000000000000e+00
1.253094196319580078e+01 0.000000000000000000e+00 0.000000000000000000e+00 0.000000000000000000e+00
1.255135059356689453e+01 0.000000000000000000e+00 0.000000000000000000e+00 0.000000000000000000e+00
1.257175922393798828e+01 0.000000000000000000e+00 0.000000000000000000e+00 0.000000000000000000e+00
1.259216690063476562e+01 0.000000000000000000e+00 0.000000000000000000e+00 0.000000000000000000e+00
1.261257648468017578e+01 0.000000000000000000e+00 0.000000000000000000e+00 0.000000000000000000e+00
1.263298511505126953e+01 0.000000000000000000e+00 0.000000000000000000e+00 0.000000000000000000e+00
1.265339374542236328e+01 0.000000000000000000e+00 0.000000000000000000e+00 0.000000000000000000e+00
1.267380237579345703e+01 0.000000000000000000e+00 0.000000000000000000e+00 0.000000000000000000e+00
1.269421100616455078e+01 0.000000000000000000e+00 0.000000000000000000e+00 0.000000000000000000e+00
1.271461963653564453e+01 0.000000000000000000e+00 0.000000000000000000e+00 0.000000000000000000e+00
1.273502826690673828e+01 0.000000000000000000e+00 0.000000000000000000e+00 0.000000000000000000e+00
1.275543689727783203e+01 0.000000000000000000e+00 0.000000000000000000e+00 0.000000000000000000e+00
1.277584648132324219e+01 0.000000000000000000e+00 0.000000000000000000e+00 0.000000000000000000e+00
1.279625511169433594e+01 0.000000000000000000e+00 0.000000000000000000e+00 0.000000000000000000e+00
1.281666278839111328e+01 0.000000000000000000e+00 0.000000000000000000e+00 0.000000000000000000e+00
1.283707141876220703e+01 0.000000000000000000e+00 0.000000000000000000e+00 0.000000000000000000e+00
1.285748100280761719e+01 0.000000000000000000e+00 0.000000000000000000e+00 0.000000000000000000e+00
1.287788963317871094e+01 0.000000000000000000e+00 0.000000000000000000e+00 0.000000000000000000e+00
1.289829826354980469e+01 0.000000000000000000e+00 0.000000000000000000e+00 0.000000000000000000e+00
1.295952415466308594e+01 0.000000000000000000e+00 0.000000000000000000e+00 0.000000000000000000e+00
1.297993278503417969e+01 0.000000000000000000e+00 0.000000000000000000e+00 0.000000000000000000e+00
1.300034141540527344e+01 0.000000000000000000e+00 0.000000000000000000e+00 0.000000000000000000e+00
1.302075004577636719e+01 0.000000000000000000e+00 0.000000000000000000e+00 0.000000000000000000e+00
1.304115962982177734e+01 0.000000000000000000e+00 0.000000000000000000e+00 0.000000000000000000e+00
1.312279415130615234e+01 0.000000000000000000e+00 0.000000000000000000e+00 0.000000000000000000e+00
1.314320278167724609e+01 0.000000000000000000e+00 0.000000000000000000e+00 0.000000000000000000e+00
1.320442867279052734e+01 0.000000000000000000e+00 0.000000000000000000e+00 0.000000000000000000e+00
1.322483730316162109e+01 0.000000000000000000e+00 0.000000000000000000e+00 0.000000000000000000e+00
1.324524593353271484e+01 0.000000000000000000e+00 0.000000000000000000e+00 0.000000000000000000e+00
1.326565456390380859e+01 0.000000000000000000e+00 0.000000000000000000e+00 0.000000000000000000e+00
1.336769866943359375e+01 4.512864649295806885e-01 4.512864649295806885e-01 0.000000000000000000e+00
1.338810729980468750e+01 5.050458312034606934e-01 5.050458312034606934e-01 0.000000000000000000e+00
1.340851497650146484e+01 5.892606377601623535e-01 5.892606377601623535e-01 0.000000000000000000e+00
1.342892456054687500e+01 6.549472808837890625e-01 6.549472808837890625e-01 0.000000000000000000e+00
1.344933319091796875e+01 7.070849537849426270e-01 7.070849537849426270e-01 0.000000000000000000e+00
1.346974182128906250e+01 7.061024308204650879e-01 7.061024308204650879e-01 0.000000000000000000e+00
1.349015045166015625e+01 7.049454450607299805e-01 7.049454450607299805e-01 0.000000000000000000e+00
1.351055908203125000e+01 6.925405859947204590e-01 6.925405859947204590e-01 0.000000000000000000e+00
1.353096771240234375e+01 6.486811041831970215e-01 6.486811041831970215e-01 0.000000000000000000e+00
1.355137634277343750e+01 6.352499723434448242e-01 6.352499723434448242e-01 0.000000000000000000e+00
1.361260223388671875e+01 6.323049068450927734e-01 6.323049068450927734e-01 8.661650285901600910e-10
1.363301086425781250e+01 6.426842808723449707e-01 6.426842808723449707e-01 9.862534122717647733e-10
1.365341949462890625e+01 6.649554371833801270e-01 6.649554371833801270e-01 1.342708499940670208e-09
1.367382907867431641e+01 6.910992264747619629e-01 6.910992264747619629e-01 1.318485542967096080e-09
1.369423770904541016e+01 7.214480042457580566e-01 7.214480042457580566e-01 1.316520559235812016e-09
1.371464633941650391e+01 7.506590485572814941e-01 7.506590485572814941e-01 1.111886138716045025e-09
1.373505496978759766e+01 7.753388881683349609e-01 7.753388881683349609e-01 1.018930273488649618e-09
1.375546360015869141e+01 8.003805875778198242e-01 8.003805875778198242e-01 1.025877494065241535e-09
1.377587318420410156e+01 8.465487957000732422e-01 8.465487957000732422e-01 1.046881248356612559e-09
1.383709812164306641e+01 8.430781960487365723e-01 8.420245051383972168e-01 1.053675427101552486e-03
1.387791538238525391e+01 8.529418110847473145e-01 8.492941260337829590e-01 3.647684352472424507e-03
1.397995948791503906e+01 6.453292369842529297e-01 6.407760977745056152e-01 4.553155042231082916e-03
1.402077770233154297e+01 9.233917593955993652e-01 9.177296757698059082e-01 5.662064068019390106e-03
1.404118442535400391e+01 8.505635857582092285e-01 8.429136872291564941e-01 7.649892475455999374e-03
1.410241127014160156e+01 8.591341376304626465e-01 8.392541408538818359e-01 1.988004148006439209e-02
1.414322853088378906e+01 8.659383058547973633e-01 8.429254889488220215e-01 2.301282994449138641e-02
1.416363716125488281e+01 8.655142784118652344e-01 8.404432535171508789e-01 2.507098764181137085e-02
1.426568031311035156e+01 8.187449574470520020e-01 6.567215323448181152e-01 1.620233654975891113e-01
1.430649757385253906e+01 8.533467054367065430e-01 6.411267518997192383e-01 2.122199088335037231e-01
1.432690715789794922e+01 9.138298034667968750e-01 6.747179627418518066e-01 2.391119599342346191e-01
1.434731578826904297e+01 9.151242971420288086e-01 6.584909558296203613e-01 2.566332817077636719e-01
1.436772441864013672e+01 8.166638612747192383e-01 5.454221367835998535e-01 2.712417542934417725e-01
1.438813304901123047e+01 8.185556530952453613e-01 5.386587381362915039e-01 2.798969745635986328e-01
1.440854167938232422e+01 9.539029002189636230e-01 6.438965797424316406e-01 3.100061416625976562e-01
1.442895126342773438e+01 9.582853913307189941e-01 6.575859189033508301e-01 3.006995618343353271e-01
1.444935989379882812e+01 9.696614146232604980e-01 6.669290065765380859e-01 3.027323484420776367e-01
1.446976852416992188e+01 9.443718194961547852e-01 6.381113529205322266e-01 3.062604665756225586e-01
1.457181072235107422e+01 1.086686968803405762e+00 7.980909347534179688e-01 2.885961532592773438e-01
1.459222030639648438e+01 9.992123246192932129e-01 7.214277982711791992e-01 2.777844965457916260e-01
1.461262893676757812e+01 9.836114645004272461e-01 7.204201817512512207e-01 2.631913423538208008e-01
1.485753345489501953e+01 9.743942022323608398e-01 5.706225633621215820e-01 4.037714898586273193e-01
1.487794208526611328e+01 9.793565869331359863e-01 5.699202418327331543e-01 4.094363152980804443e-01
1.497998523712158203e+01 1.070747613906860352e+00 6.331571340560913086e-01 4.375905692577362061e-01
1.516366481781005859e+01 1.059266686439514160e+00 6.255665421485900879e-01 4.337001740932464600e-01
1.518407344818115234e+01 1.081526160240173340e+00 6.386786103248596191e-01 4.428475797176361084e-01
1.540856838226318359e+01 1.128103256225585938e+00 6.294510364532470703e-01 4.986521303653717041e-01
1.544938468933105469e+01 1.128281712532043457e+00 6.301122903823852539e-01 4.981694817543029785e-01
1.546979331970214844e+01 1.163649559020996094e+00 6.531894803047180176e-01 5.104599595069885254e-01
1.557183837890625000e+01 1.212500452995300293e+00 6.671265363693237305e-01 5.453737378120422363e-01
1.559224700927734375e+01 1.226690649986267090e+00 6.778450012207031250e-01 5.488456487655639648e-01
1.569428920745849609e+01 1.196921348571777344e+00 6.359906196594238281e-01 5.609306693077087402e-01
1.583715152740478516e+01 1.338049054145812988e+00 7.052279710769653320e-01 6.328210830688476562e-01
1.593919372558593750e+01 1.356973171234130859e+00 7.140800356864929199e-01 6.428934931755065918e-01
1.595960235595703125e+01 1.359640002250671387e+00 7.145918607711791992e-01 6.450479626655578613e-01
1.598001194000244141e+01 1.362894058227539062e+00 7.153270840644836426e-01 6.475669741630554199e-01
1.600041961669921875e+01 1.362180471420288086e+00 7.137414216995239258e-01 6.484392285346984863e-01
1.602083015441894531e+01 1.353565692901611328e+00 7.102920413017272949e-01 6.432734727859497070e-01
1.604123878479003906e+01 1.340448260307312012e+00 7.046127915382385254e-01 6.358357667922973633e-01
1.616368865966796875e+01 1.345741868019104004e+00 7.086794376373291016e-01 6.370623111724853516e-01
1.632695960998535156e+01 1.425779700279235840e+00 7.433802485466003418e-01 6.823996901512145996e-01
1.649022865295410156e+01 1.442102313041687012e+00 7.323907613754272461e-01 7.097115516662597656e-01
1.653104782104492188e+01 1.441098213195800781e+00 7.236313819885253906e-01 7.174667716026306152e-01
1.655145645141601562e+01 1.448312044143676758e+00 7.347437739372253418e-01 7.135683298110961914e-01
1.657186508178710938e+01 1.473096489906311035e+00 7.526182532310485840e-01 7.204782962799072266e-01
1.659227180480957031e+01 1.480559706687927246e+00 7.466428875923156738e-01 7.339170575141906738e-01
1.663308906555175781e+01 1.489117860794067383e+00 7.505675554275512695e-01 7.385505437850952148e-01
1.665349769592285156e+01 1.480752110481262207e+00 7.345541119575500488e-01 7.461983561515808105e-01
1.667390823364257812e+01 1.479763031005859375e+00 7.329372167587280273e-01 7.468255758285522461e-01
1.669431686401367188e+01 1.502645373344421387e+00 7.557017207145690918e-01 7.469435334205627441e-01
1.671472549438476562e+01 1.515763521194458008e+00 7.655205726623535156e-01 7.502431869506835938e-01
1.673513412475585938e+01 1.527557492256164551e+00 7.717393636703491211e-01 7.558183670043945312e-01
1.675554275512695312e+01 1.542033791542053223e+00 7.779430150985717773e-01 7.640909552574157715e-01
1.677595138549804688e+01 1.549781322479248047e+00 7.712886333465576172e-01 7.784925103187561035e-01
1.683717727661132812e+01 1.572969079017639160e+00 8.004745841026306152e-01 7.724946141242980957e-01
1.685758590698242188e+01 1.586156845092773438e+00 8.016355633735656738e-01 7.845212817192077637e-01
1.687799453735351562e+01 1.591803193092346191e+00 8.098856210708618164e-01 7.819178104400634766e-01
1.689840316772460938e+01 1.584174871444702148e+00 8.032408356666564941e-01 7.809340953826904297e-01
1.691881179809570312e+01 1.594523787498474121e+00 7.951972484588623047e-01 7.993266582489013672e-01
1.693922042846679688e+01 1.592411875724792480e+00 7.963590025901794434e-01 7.960530519485473633e-01
1.704126548767089844e+01 1.604356884956359863e+00 7.824593186378479004e-01 8.218975067138671875e-01
1.714330673217773438e+01 1.589090108871459961e+00 7.757073044776916504e-01 8.133829236030578613e-01
1.716371536254882812e+01 1.603495478630065918e+00 7.831534147262573242e-01 8.203420639038085938e-01
1.720453453063964844e+01 1.592657923698425293e+00 7.778167724609375000e-01 8.148410320281982422e-01
1.722494316101074219e+01 1.610800862312316895e+00 7.942675352096557617e-01 8.165335655212402344e-01
1.724535179138183594e+01 1.596545696258544922e+00 7.829164862632751465e-01 8.136292695999145508e-01
1.734739494323730469e+01 1.589041352272033691e+00 7.817611098289489746e-01 8.072801828384399414e-01
1.736780357360839844e+01 1.583815336227416992e+00 7.787749767303466797e-01 8.050406575202941895e-01
1.738821220397949219e+01 1.594698071479797363e+00 7.923167347908020020e-01 8.023810386657714844e-01
1.742902946472167969e+01 1.604015588760375977e+00 7.952684164047241211e-01 8.087473511695861816e-01
1.744943809509277344e+01 1.603061914443969727e+00 7.943382859230041504e-01 8.087235689163208008e-01
1.746984672546386719e+01 1.605826854705810547e+00 8.030024766921997070e-01 8.028241395950317383e-01
1.751066398620605469e+01 1.629243135452270508e+00 8.100170493125915527e-01 8.192260265350341797e-01
1.753107261657714844e+01 1.637881398200988770e+00 8.172672986984252930e-01 8.206139802932739258e-01
1.755148124694824219e+01 1.628509402275085449e+00 8.101791739463806152e-01 8.183300495147705078e-01
1.757188987731933594e+01 1.652547240257263184e+00 8.283112049102783203e-01 8.242359757423400879e-01
1.765352439880371094e+01 1.684778094291687012e+00 8.373633623123168945e-01 8.474146723747253418e-01
1.767393493652343750e+01 1.696854829788208008e+00 8.411370515823364258e-01 8.557178378105163574e-01
1.769434356689453125e+01 1.692050337791442871e+00 8.320493102073669434e-01 8.600009083747863770e-01
1.771475219726562500e+01 1.702267050743103027e+00 8.364962339401245117e-01 8.657706975936889648e-01
1.773516082763671875e+01 1.721536278724670410e+00 8.483568429946899414e-01 8.731797337532043457e-01
1.775556755065917969e+01 1.718595385551452637e+00 8.433369994163513184e-01 8.752583861351013184e-01
1.777597618103027344e+01 1.723306298255920410e+00 8.363085389137268066e-01 8.869976401329040527e-01
1.783720397949218750e+01 1.731921195983886719e+00 8.435035943984985352e-01 8.884177803993225098e-01
1.785761260986328125e+01 1.741091966629028320e+00 8.398584723472595215e-01 9.012334942817687988e-01
1.787802124023437500e+01 1.746148943901062012e+00 8.422473073005676270e-01 9.039016962051391602e-01
1.789842987060546875e+01 1.739798903465270996e+00 8.379431366920471191e-01 9.018554687500000000e-01
1.800047302246093750e+01 1.741567134857177734e+00 8.245485424995422363e-01 9.170183539390563965e-01
1.806169891357421875e+01 1.743260264396667480e+00 8.244041204452514648e-01 9.188563227653503418e-01
1.808210754394531250e+01 1.755033612251281738e+00 8.314171433448791504e-01 9.236163496971130371e-01
1.814333343505859375e+01 1.754641771316528320e+00 8.365280628204345703e-01 9.181138873100280762e-01
1.818415260314941406e+01 1.756046295166015625e+00 8.385999202728271484e-01 9.174468517303466797e-01
1.820456123352050781e+01 1.763433933258056641e+00 8.435772657394409180e-01 9.198566079139709473e-01
1.822496795654296875e+01 1.807468414306640625e+00 8.662762641906738281e-01 9.411918520927429199e-01
1.824537658691406250e+01 1.772808551788330078e+00 8.508744835853576660e-01 9.219341278076171875e-01
1.826578521728515625e+01 1.761297345161437988e+00 8.440262079238891602e-01 9.172710180282592773e-01
1.832701301574707031e+01 1.765176773071289062e+00 8.359815478324890137e-01 9.291954040527343750e-01
1.834742164611816406e+01 1.765963435173034668e+00 8.467946052551269531e-01 9.191688299179077148e-01
1.849028205871582031e+01 1.777721285820007324e+00 8.396046161651611328e-01 9.381168484687805176e-01
1.851069068908691406e+01 1.775848031044006348e+00 8.406189084053039551e-01 9.352290034294128418e-01
1.853109931945800781e+01 1.786774158477783203e+00 8.435686230659484863e-01 9.432056546211242676e-01
1.855150794982910156e+01 1.776004076004028320e+00 8.361884951591491699e-01 9.398158788681030273e-01
1.857191658020019531e+01 1.779558658599853516e+00 8.326915502548217773e-01 9.468671083450317383e-01
1.859232521057128906e+01 1.790777564048767090e+00 8.362841010093688965e-01 9.544936418533325195e-01
1.861273384094238281e+01 1.787281155586242676e+00 8.411548733711242676e-01 9.461262226104736328e-01
1.865355110168457031e+01 1.798133254051208496e+00 8.328975439071655273e-01 9.652354121208190918e-01
1.867395973205566406e+01 1.806829452514648438e+00 8.428838849067687988e-01 9.639456868171691895e-01
1.869436836242675781e+01 1.804869771003723145e+00 8.419637084007263184e-01 9.629063010215759277e-01
1.871477699279785156e+01 1.809083461761474609e+00 8.410454988479614258e-01 9.680380821228027344e-01
1.873518562316894531e+01 1.815463066101074219e+00 8.414071202278137207e-01 9.740559458732604980e-01
1.875559425354003906e+01 1.808682322502136230e+00 8.334714770317077637e-01 9.752106666564941406e-01
1.877600288391113281e+01 1.816793560981750488e+00 8.395779728889465332e-01 9.772155880928039551e-01
1.879641151428222656e+01 1.816707372665405273e+00 8.393031358718872070e-01 9.774042367935180664e-01
1.881682205200195312e+01 1.825203537940979004e+00 8.422094583511352539e-01 9.829938411712646484e-01
1.883723068237304688e+01 1.825527071952819824e+00 8.412970304489135742e-01 9.842298030853271484e-01
1.885763931274414062e+01 1.820086121559143066e+00 8.391171097755432129e-01 9.809690713882446289e-01
1.887804794311523438e+01 1.826644539833068848e+00 8.432822823524475098e-01 9.833625555038452148e-01
1.889845657348632812e+01 1.822906613349914551e+00 8.360379934310913086e-01 9.868686795234680176e-01
1.891886329650878906e+01 1.835146665573120117e+00 8.458916544914245605e-01 9.892552495002746582e-01
1.893927192687988281e+01 1.827278017997741699e+00 8.411881923675537109e-01 9.860900640487670898e-01
1.895968055725097656e+01 1.834627985954284668e+00 8.396514058113098145e-01 9.949770569801330566e-01
1.898009109497070312e+01 1.832864522933959961e+00 8.431629538536071777e-01 9.897012710571289062e-01
1.904131698608398438e+01 1.824724078178405762e+00 8.391946554183959961e-01 9.855290651321411133e-01
1.906172561645507812e+01 1.832562685012817383e+00 8.408078551292419434e-01 9.917547106742858887e-01
1.908213424682617188e+01 1.833472728729248047e+00 8.424176573753356934e-01 9.910553097724914551e-01
1.910254287719726562e+01 1.832363367080688477e+00 8.383847475051879883e-01 9.939786791801452637e-01
1.912295150756835938e+01 1.843873023986816406e+00 8.475047349929809570e-01 9.963683485984802246e-01
1.914336013793945312e+01 1.838742256164550781e+00 8.434749841690063477e-01 9.952672123908996582e-01
1.916376876831054688e+01 1.840039253234863281e+00 8.425766825675964355e-01 9.974622726440429688e-01
1.918417739868164062e+01 1.837970495223999023e+00 8.416803479194641113e-01 9.962905645370483398e-01
1.920458602905273438e+01 1.846606731414794922e+00 8.420324325561523438e-01 1.004574298858642578e+00
1.922499465942382812e+01 1.850376844406127930e+00 8.454967737197875977e-01 1.004879951477050781e+00
1.924540328979492188e+01 1.852409958839416504e+00 8.464659452438354492e-01 1.005944132804870605e+00
1.926581192016601562e+01 1.859104752540588379e+00 8.505395650863647461e-01 1.008565425872802734e+00
1.928622055053710938e+01 1.860129117965698242e+00 8.515014052391052246e-01 1.008627891540527344e+00
1.930663108825683594e+01 1.855419993400573730e+00 8.425416946411132812e-01 1.012878060340881348e+00
1.932703971862792969e+01 1.863587021827697754e+00 8.503224253654479980e-01 1.013264536857604980e+00
1.934744834899902344e+01 1.864529013633728027e+00 8.512814044952392578e-01 1.013247489929199219e+00
1.936785507202148438e+01 1.863382697105407715e+00 8.491484522819519043e-01 1.014234304428100586e+00
1.938826370239257812e+01 1.866602182388305664e+00 8.494892716407775879e-01 1.017113089561462402e+00
1.940867233276367188e+01 1.869120359420776367e+00 8.479793667793273926e-01 1.021140933036804199e+00
1.942908096313476562e+01 1.869194388389587402e+00 8.520171046257019043e-01 1.017177224159240723e+00
1.944948959350585938e+01 1.864187121391296387e+00 8.443534374237060547e-01 1.019833326339721680e+00
1.951071739196777344e+01 1.866979360580444336e+00 8.447712063789367676e-01 1.022208333015441895e+00
1.953112602233886719e+01 1.869767546653747559e+00 8.494041562080383301e-01 1.020363569259643555e+00
1.955153465270996094e+01 1.894051194190979004e+00 8.430075645446777344e-01 1.051043510437011719e+00
1.957194328308105469e+01 1.878126859664916992e+00 8.421285152435302734e-01 1.035998106002807617e+00
1.959235191345214844e+01 1.871613383293151855e+00 8.375856876373291016e-01 1.034027576446533203e+00
1.961275863647460938e+01 1.866476774215698242e+00 8.367142081260681152e-01 1.029762506484985352e+00
1.963316917419433594e+01 1.861335515975952148e+00 8.303575515747070312e-01 1.030978083610534668e+00
1.969439506530761719e+01 1.871487617492675781e+00 8.368925452232360840e-01 1.034595131874084473e+00
1.971480369567871094e+01 1.854323029518127441e+00 8.244906067848205566e-01 1.029832482337951660e+00
1.973521232604980469e+01 1.859149575233459473e+00 8.242444992065429688e-01 1.034905076026916504e+00
1.975562095642089844e+01 1.858540058135986328e+00 8.203635811805725098e-01 1.038176417350769043e+00
1.989848136901855469e+01 1.866098284721374512e+00 8.150753974914550781e-01 1.051022648811340332e+00
1.993929862976074219e+01 1.868688464164733887e+00 8.176089525222778320e-01 1.051079630851745605e+00
1.995970916748046875e+01 1.867505431175231934e+00 8.161731958389282227e-01 1.051332235336303711e+00
2.000052642822265625e+01 1.865213751792907715e+00 8.145074844360351562e-01 1.050706028938293457e+00
2.002093505859375000e+01 1.863138318061828613e+00 8.136772513389587402e-01 1.049461245536804199e+00
2.012297821044921875e+01 1.865667223930358887e+00 8.119304776191711426e-01 1.053737044334411621e+00
2.014338684082031250e+01 1.872185826301574707e+00 8.146730661392211914e-01 1.057512879371643066e+00
2.016379547119140625e+01 1.872648954391479492e+00 8.144421577453613281e-01 1.058206915855407715e+00
2.018420410156250000e+01 1.868848204612731934e+00 8.142116665840148926e-01 1.054636716842651367e+00
2.020461273193359375e+01 1.871329665184020996e+00 8.139816522598266602e-01 1.057347893714904785e+00
2.022502136230468750e+01 1.879205942153930664e+00 8.208538889884948730e-01 1.058352351188659668e+00
2.024542999267578125e+01 1.873473882675170898e+00 8.158878087997436523e-01 1.057586073875427246e+00
2.026583862304687500e+01 1.877308487892150879e+00 8.174287676811218262e-01 1.059880137443542480e+00
2.028624725341796875e+01 1.903386712074279785e+00 8.407977223396301270e-01 1.062589049339294434e+00
2.030665588378906250e+01 1.878958702087402344e+00 8.199117779731750488e-01 1.059046745300292969e+00
2.032706451416015625e+01 1.883283257484436035e+00 8.237994313240051270e-01 1.059483885765075684e+00
2.034747314453125000e+01 1.887755632400512695e+00 8.276791572570800781e-01 1.060076355934143066e+00
2.042910766601562500e+01 1.901968121528625488e+00 8.378475904464721680e-01 1.064120411872863770e+00
2.049033546447753906e+01 1.900766849517822266e+00 8.370964527130126953e-01 1.063670277595520020e+00
2.053115081787109375e+01 1.890721559524536133e+00 8.313513994216918945e-01 1.059370040893554688e+00
2.055155944824218750e+01 1.888643383979797363e+00 8.305258154869079590e-01 1.058117628097534180e+00
2.059237670898437500e+01 1.898774981498718262e+00 8.346921801567077637e-01 1.064082741737365723e+00
2.061278724670410156e+01 1.890761375427246094e+00 8.309623003005981445e-01 1.059799075126647949e+00
2.075564765930175781e+01 1.863328576087951660e+00 8.108255267143249512e-01 1.052503228187561035e+00
2.077605628967285156e+01 1.856584668159484863e+00 8.083007335662841797e-01 1.048283815383911133e+00
2.079646492004394531e+01 1.864669322967529297e+00 8.086586594581604004e-01 1.056010961532592773e+00
2.081687355041503906e+01 1.876286745071411133e+00 8.141907453536987305e-01 1.062096118927001953e+00
2.083728218078613281e+01 1.870186805725097656e+00 8.139677047729492188e-01 1.056219220161437988e+00
2.087809944152832031e+01 1.867962360382080078e+00 8.072166442871093750e-01 1.060745716094970703e+00
2.100055122375488281e+01 1.877958655357360840e+00 8.059296011924743652e-01 1.072029113769531250e+00
2.102095985412597656e+01 1.870240449905395508e+00 8.023000955581665039e-01 1.067940115928649902e+00
2.104136848449707031e+01 1.879210591316223145e+00 8.066416978836059570e-01 1.072569012641906738e+00
2.106177711486816406e+01 1.879872918128967285e+00 8.064283132553100586e-01 1.073444843292236328e+00
2.108218574523925781e+01 1.881720423698425293e+00 8.079187273979187012e-01 1.073801755905151367e+00
2.110259437561035156e+01 1.885813236236572266e+00 8.088389635086059570e-01 1.076974034309387207e+00
2.112300491333007812e+01 1.881543874740600586e+00 8.097574710845947266e-01 1.071786403656005859e+00
2.114341354370117188e+01 1.885961055755615234e+00 8.095419406890869141e-01 1.076419115066528320e+00
2.116382217407226562e+01 1.892166972160339355e+00 8.115890622138977051e-01 1.080577731132507324e+00
2.118423080444335938e+01 1.892756700515747070e+00 8.119372725486755371e-01 1.080819487571716309e+00
2.120463943481445312e+01 1.896346449851989746e+00 8.139781951904296875e-01 1.082368254661560059e+00
2.122504615783691406e+01 1.898375511169433594e+00 8.137595653533935547e-01 1.084615945816040039e+00
2.124545478820800781e+01 1.896572947502136230e+00 8.124144077301025391e-01 1.084158778190612793e+00
2.126586532592773438e+01 1.899329066276550293e+00 8.150119185447692871e-01 1.084317207336425781e+00
2.128627395629882812e+01 1.898885011672973633e+00 8.131058216094970703e-01 1.085779190063476562e+00
2.130668258666992188e+01 1.905407786369323730e+00 8.168211579322814941e-01 1.088586568832397461e+00
2.132709121704101562e+01 1.907499909400939941e+00 8.171619772911071777e-01 1.090337753295898438e+00
2.134749984741210938e+01 1.905959010124206543e+00 8.169413805007934570e-01 1.089017510414123535e+00
2.136790847778320312e+01 1.912799715995788574e+00 8.200823068618774414e-01 1.092717409133911133e+00
2.138831710815429688e+01 1.906356930732727051e+00 8.192998170852661133e-01 1.087057352066040039e+00
2.140872573852539062e+01 1.915258288383483887e+00 8.235506415367126465e-01 1.091707825660705566e+00
2.142913436889648438e+01 1.911861181259155273e+00 8.205320239067077637e-01 1.091329097747802734e+00
2.144954490661621094e+01 1.915914893150329590e+00 8.236575722694396973e-01 1.092257380485534668e+00
2.146995162963867188e+01 1.919435501098632812e+00 8.273347020149230957e-01 1.092100739479064941e+00
2.149036026000976562e+01 1.914041996002197266e+00 8.237641453742980957e-01 1.090277791023254395e+00
2.151076889038085938e+01 1.918612599372863770e+00 8.252083659172058105e-01 1.093404412269592285e+00
2.153117752075195312e+01 1.920948624610900879e+00 8.277616500854492188e-01 1.093187212944030762e+00
2.155158615112304688e+01 1.919895529747009277e+00 8.286440372467041016e-01 1.091251850128173828e+00
2.157199478149414062e+01 1.918480515480041504e+00 8.284148573875427246e-01 1.090065479278564453e+00
2.159240341186523438e+01 1.914248943328857422e+00 8.276318311691284180e-01 1.086617231369018555e+00
2.161281394958496094e+01 1.913248777389526367e+00 8.268503546714782715e-01 1.086398363113403320e+00
2.163322257995605469e+01 1.918701052665710449e+00 8.293900489807128906e-01 1.089310646057128906e+00
2.165363121032714844e+01 1.913811445236206055e+00 8.297139406204223633e-01 1.084097385406494141e+00
2.167403984069824219e+01 1.912343978881835938e+00 8.294848203659057617e-01 1.082859158515930176e+00
2.169444656372070312e+01 1.911380767822265625e+00 8.303598165512084961e-01 1.081021189689636230e+00
2.171485519409179688e+01 1.906790494918823242e+00 8.279257416725158691e-01 1.078864693641662598e+00
2.173526382446289062e+01 1.907874345779418945e+00 8.288004398345947266e-01 1.079073905944824219e+00
2.175567245483398438e+01 1.904681801795959473e+00 8.285731673240661621e-01 1.076108813285827637e+00
2.177608299255371094e+01 1.896101117134094238e+00 8.266972303390502930e-01 1.069403886795043945e+00
2.179649162292480469e+01 1.890713453292846680e+00 8.253740668296813965e-01 1.065339326858520508e+00
2.181690025329589844e+01 1.884458899497985840e+00 8.202128410339355469e-01 1.064246296882629395e+00
2.185771751403808594e+01 1.876979589462280273e+00 8.241572976112365723e-01 1.052822113037109375e+00
2.187812614440917969e+01 1.879132032394409180e+00 8.266711235046386719e-01 1.052460908889770508e+00
2.189853477478027344e+01 1.882709622383117676e+00 8.253540396690368652e-01 1.057355284690856934e+00
2.191894340515136719e+01 1.876792192459106445e+00 8.240395188331604004e-01 1.052752494812011719e+00
2.193935203552246094e+01 1.877621889114379883e+00 8.249096870422363281e-01 1.052712440490722656e+00
2.195976066589355469e+01 1.880146026611328125e+00 8.257783055305480957e-01 1.054367542266845703e+00
2.198016929626464844e+01 1.872184872627258301e+00 8.206549882888793945e-01 1.051530003547668457e+00
2.200057792663574219e+01 1.874880313873291016e+00 8.247902989387512207e-01 1.050090074539184570e+00
2.202098655700683594e+01 1.871845364570617676e+00 8.223951458930969238e-01 1.049450397491455078e+00
2.204139518737792969e+01 1.870770573616027832e+00 8.221767544746398926e-01 1.048593878746032715e+00
2.206180381774902344e+01 1.867412090301513672e+00 8.208736181259155273e-01 1.046538829803466797e+00
2.208221244812011719e+01 1.866132616996765137e+00 8.206570148468017578e-01 1.045475482940673828e+00
2.210262298583984375e+01 1.865836381912231445e+00 8.204408288002014160e-01 1.045395731925964355e+00
2.212303161621093750e+01 1.867509961128234863e+00 8.213070631027221680e-01 1.046203017234802246e+00
2.214344024658203125e+01 1.869710445404052734e+00 8.248744010925292969e-01 1.044835805892944336e+00
2.216384696960449219e+01 1.868641138076782227e+00 8.214146494865417480e-01 1.047226428985595703e+00
2.218425559997558594e+01 1.865481376647949219e+00 8.201195001602172852e-01 1.045361876487731934e+00
2.220466423034667969e+01 1.866046309471130371e+00 8.204438686370849609e-01 1.045602321624755859e+00
2.222507286071777344e+01 1.865236163139343262e+00 8.202289342880249023e-01 1.045007348060607910e+00
2.224548149108886719e+01 1.864571928977966309e+00 8.194764256477355957e-01 1.045095920562744141e+00
2.226589202880859375e+01 1.864235877990722656e+00 8.187253475189208984e-01 1.045510530471801758e+00
2.228630065917968750e+01 1.864937067031860352e+00 8.185126781463623047e-01 1.046424508094787598e+00
2.230670928955078125e+01 1.862832069396972656e+00 8.156174421310424805e-01 1.047214508056640625e+00
2.232711791992187500e+01 1.864593267440795898e+00 8.175523877143859863e-01 1.047040820121765137e+00
2.234752655029296875e+01 1.867118835449218750e+00 8.178769946098327637e-01 1.049242019653320312e+00
2.236793518066406250e+01 1.866295099258422852e+00 8.171308040618896484e-01 1.049164414405822754e+00
2.238834190368652344e+01 1.865852475166320801e+00 8.158512115478515625e-01 1.050001263618469238e+00
2.240875053405761719e+01 1.865782499313354492e+00 8.156424164772033691e-01 1.050140023231506348e+00
2.242916107177734375e+01 1.867131114006042480e+00 8.154338598251342773e-01 1.051697373390197754e+00
2.244956970214843750e+01 1.867788791656494141e+00 8.152257204055786133e-01 1.052562952041625977e+00
2.246997833251953125e+01 1.866787314414978027e+00 8.139525651931762695e-01 1.052834868431091309e+00
2.249038696289062500e+01 1.870441198348999023e+00 8.142784237861633301e-01 1.056162714958190918e+00
2.251079559326171875e+01 1.872235417366027832e+00 8.156670331954956055e-01 1.056568384170532227e+00
2.253120422363281250e+01 1.872406125068664551e+00 8.143969774246215820e-01 1.058009147644042969e+00
2.255161285400390625e+01 1.871644377708435059e+00 8.115369081497192383e-01 1.060107469558715820e+00
2.257202148437500000e+01 1.871991038322448730e+00 8.118636608123779297e-01 1.060127615928649902e+00
2.259243011474609375e+01 1.873366951942443848e+00 8.116601109504699707e-01 1.061706900596618652e+00
2.261283874511718750e+01 1.872677445411682129e+00 8.114569187164306641e-01 1.061220526695251465e+00
2.263324737548828125e+01 1.876605153083801270e+00 8.128406405448913574e-01 1.063764452934265137e+00
2.265365600585937500e+01 1.876518011093139648e+00 8.094664812088012695e-01 1.067051529884338379e+00
2.267406463623046875e+01 1.880535840988159180e+00 8.119052648544311523e-01 1.068630456924438477e+00
2.269447326660156250e+01 1.882584929466247559e+00 8.138122558593750000e-01 1.068772673606872559e+00
2.271488189697265625e+01 1.884842634201049805e+00 8.141348958015441895e-01 1.070707678794860840e+00
2.273529052734375000e+01 1.884547710418701172e+00 8.128776550292968750e-01 1.071669816970825195e+00
2.275570106506347656e+01 1.890162825584411621e+00 8.158306479454040527e-01 1.074332594871520996e+00
2.277610969543457031e+01 1.888679027557373047e+00 8.161506652832031250e-01 1.072528362274169922e+00
2.279651832580566406e+01 1.890691041946411133e+00 8.154199719429016113e-01 1.075270891189575195e+00
2.281692695617675781e+01 1.895255565643310547e+00 8.173135519027709961e-01 1.077941894531250000e+00
2.283733558654785156e+01 1.893278002738952637e+00 8.160590529441833496e-01 1.077219128608703613e+00
2.285774230957031250e+01 1.894296646118164062e+00 8.174250721931457520e-01 1.076871633529663086e+00
2.287815093994140625e+01 1.896872639656066895e+00 8.187887072563171387e-01 1.078083872795104980e+00
2.289855957031250000e+01 1.895654201507568359e+00 8.180589079856872559e-01 1.077594995498657227e+00
2.291897010803222656e+01 1.897955894470214844e+00 8.194194436073303223e-01 1.078536510467529297e+00
2.293937873840332031e+01 1.897029519081115723e+00 8.192121982574462891e-01 1.077817440032958984e+00
2.295978736877441406e+01 1.896343827247619629e+00 8.179627060890197754e-01 1.078380942344665527e+00
2.298019599914550781e+01 1.902535438537597656e+00 8.229657411575317383e-01 1.079570055007934570e+00
2.300060462951660156e+01 1.894390106201171875e+00 8.159906864166259766e-01 1.078399538993835449e+00
2.302101325988769531e+01 1.901406645774841309e+00 8.225464820861816406e-01 1.078859686851501465e+00
2.304142189025878906e+01 1.900851607322692871e+00 8.233762979507446289e-01 1.077475190162658691e+00
2.316387367248535156e+01 1.893338441848754883e+00 8.190237283706665039e-01 1.074314951896667480e+00
2.318428230285644531e+01 1.891596674919128418e+00 8.208841681480407715e-01 1.070712447166442871e+00
2.320469093322753906e+01 1.880373358726501465e+00 8.155197501182556152e-01 1.064853310585021973e+00
2.328632736206054688e+01 1.887196063995361328e+00 8.178009390830993652e-01 1.069395065307617188e+00
2.334755134582519531e+01 1.877972245216369629e+00 8.161690831184387207e-01 1.061802983283996582e+00
2.336795997619628906e+01 1.884531974792480469e+00 8.210906982421875000e-01 1.063441157341003418e+00
2.338836860656738281e+01 1.881372451782226562e+00 8.198624253273010254e-01 1.061509490013122559e+00
2.342918777465820312e+01 1.889404654502868652e+00 8.214993476867675781e-01 1.067905187606811523e+00
2.357204818725585938e+01 1.879752635955810547e+00 8.165205717086791992e-01 1.063231945037841797e+00
2.359245681762695312e+01 1.891125559806823730e+00 8.178436756134033203e-01 1.073281764984130859e+00
2.361286544799804688e+01 1.879077911376953125e+00 8.044639825820922852e-01 1.074614048004150391e+00
2.369449996948242188e+01 1.865060806274414062e+00 8.016923666000366211e-01 1.063368797302246094e+00
2.371490859985351562e+01 1.876710176467895508e+00 8.055450320243835449e-01 1.071165204048156738e+00
2.373531723022460938e+01 1.879873871803283691e+00 8.053566217422485352e-01 1.074517011642456055e+00
2.375572776794433594e+01 1.878649234771728516e+00 8.056725263595581055e-01 1.072976589202880859e+00
2.377613449096679688e+01 1.889232993125915527e+00 8.145461082458496094e-01 1.074686884880065918e+00
2.379654312133789062e+01 1.880015373229980469e+00 8.022786378860473633e-01 1.077736377716064453e+00
2.381695175170898438e+01 1.874923706054687500e+00 8.005860447883605957e-01 1.074337840080261230e+00
2.383736038208007812e+01 1.875920653343200684e+00 8.014069795608520508e-01 1.074513792991638184e+00
2.387817764282226562e+01 1.867975354194641113e+00 7.960268855094909668e-01 1.071948528289794922e+00
2.389858627319335938e+01 1.871491551399230957e+00 8.023589253425598145e-01 1.069132566452026367e+00
2.393940544128417969e+01 1.871070504188537598e+00 8.049908876419067383e-01 1.066079616546630859e+00
2.400063133239746094e+01 1.868392944335937500e+00 7.989475131034851074e-01 1.069445729255676270e+00
2.402103805541992188e+01 1.867763161659240723e+00 8.032517433166503906e-01 1.064511418342590332e+00
2.406185722351074219e+01 1.864923238754272461e+00 8.008942604064941406e-01 1.064028978347778320e+00
2.408226585388183594e+01 1.868100762367248535e+00 7.977303266525268555e-01 1.070370554924011230e+00
2.410267448425292969e+01 1.869377136230468750e+00 7.975514531135559082e-01 1.071825623512268066e+00
2.412308311462402344e+01 1.870048165321350098e+00 7.983652353286743164e-01 1.071682929992675781e+00
2.414349174499511719e+01 1.870834112167358398e+00 7.986818552017211914e-01 1.072152495384216309e+00
2.420471763610839844e+01 1.875243425369262695e+00 8.025958538055419922e-01 1.072647690773010254e+00
2.426594352722167969e+01 1.865002632141113281e+00 8.000774979591369629e-01 1.064925432205200195e+00
2.428635215759277344e+01 1.866161346435546875e+00 8.023622632026672363e-01 1.063798904418945312e+00
2.430676078796386719e+01 1.869249939918518066e+00 8.026735186576843262e-01 1.066576361656188965e+00
2.434757804870605469e+01 1.873745203018188477e+00 8.018194437026977539e-01 1.071925759315490723e+00
2.444962310791015625e+01 1.861145377159118652e+00 7.925981879234313965e-01 1.068547368049621582e+00
2.447002983093261719e+01 1.870195388793945312e+00 7.968287467956542969e-01 1.073366641998291016e+00
2.451084709167480469e+01 1.867539525032043457e+00 7.974551320075988770e-01 1.070084214210510254e+00
2.457207489013671875e+01 1.851155638694763184e+00 7.920582890510559082e-01 1.059097170829772949e+00
2.459248352050781250e+01 1.877746224403381348e+00 8.055157065391540527e-01 1.072230458259582520e+00
2.463330078125000000e+01 1.853754758834838867e+00 7.925191521644592285e-01 1.061235427856445312e+00
2.465370941162109375e+01 1.848980188369750977e+00 7.908920645713806152e-01 1.058088183403015137e+00
2.471493530273437500e+01 1.854331016540527344e+00 7.918385863304138184e-01 1.062492251396179199e+00
2.473534393310546875e+01 1.858323454856872559e+00 7.911852598190307617e-01 1.067138314247131348e+00
2.483738708496093750e+01 1.842927932739257812e+00 7.840794324874877930e-01 1.058848619461059570e+00
2.485779571533203125e+01 1.853152394294738770e+00 7.872877717018127441e-01 1.065865039825439453e+00
2.487820434570312500e+01 1.853888392448425293e+00 7.890475988388061523e-01 1.064840674400329590e+00
2.489861488342285156e+01 1.862884163856506348e+00 7.932081818580627441e-01 1.069675564765930176e+00
2.491902351379394531e+01 1.859636545181274414e+00 7.901569008827209473e-01 1.069479942321777344e+00
2.493943023681640625e+01 1.860238075256347656e+00 7.909501194953918457e-01 1.069288015365600586e+00
2.502106475830078125e+01 1.855760812759399414e+00 7.869344353675842285e-01 1.068826436996459961e+00
2.504147338867187500e+01 1.854513049125671387e+00 7.862930893898010254e-01 1.068219900131225586e+00
2.506188392639160156e+01 1.852853536605834961e+00 7.856527566909790039e-01 1.067200899124145508e+00
2.508229255676269531e+01 1.864641666412353516e+00 7.893083095550537109e-01 1.075333476066589355e+00
2.510270118713378906e+01 1.858524203300476074e+00 7.886666059494018555e-01 1.069857358932495117e+00
2.512310981750488281e+01 1.869302153587341309e+00 7.889787554740905762e-01 1.080323338508605957e+00
2.514351844787597656e+01 1.880404949188232422e+00 7.916707396507263184e-01 1.088734626770019531e+00
2.516392517089843750e+01 1.872994184494018555e+00 7.891260981559753418e-01 1.083868145942687988e+00
2.518433380126953125e+01 1.872676849365234375e+00 7.884865999221801758e-01 1.084190130233764648e+00
2.520474243164062500e+01 1.878253579139709473e+00 7.906975150108337402e-01 1.087556123733520508e+00
2.522515296936035156e+01 1.881310343742370605e+00 7.910067439079284668e-01 1.090303778648376465e+00
2.524556159973144531e+01 1.884407639503479004e+00 7.908415198326110840e-01 1.093565940856933594e+00
2.526597023010253906e+01 1.888574004173278809e+00 7.925713658332824707e-01 1.096002578735351562e+00
2.528637886047363281e+01 1.891755938529968262e+00 7.933517098426818848e-01 1.098404049873352051e+00
2.530678749084472656e+01 1.894635081291198730e+00 7.941309213638305664e-01 1.100504398345947266e+00
2.532719612121582031e+01 1.900071740150451660e+00 7.953813672065734863e-01 1.104690194129943848e+00
2.534760475158691406e+01 1.902657032012939453e+00 7.961575984954833984e-01 1.106499433517456055e+00
2.536801338195800781e+01 1.919387817382812500e+00 7.978762388229370117e-01 1.121511340141296387e+00
2.538842201232910156e+01 1.909745931625366211e+00 7.977063655853271484e-01 1.112039566040039062e+00
2.540883064270019531e+01 1.910992622375488281e+00 7.989500164985656738e-01 1.112042665481567383e+00
2.542923927307128906e+01 1.916839599609375000e+00 8.001915812492370605e-01 1.116648077964782715e+00
2.544964790344238281e+01 1.920174956321716309e+00 8.009608983993530273e-01 1.119214177131652832e+00
2.547005653381347656e+01 1.922174811363220215e+00 8.021988272666931152e-01 1.119975924491882324e+00
2.549046516418457031e+01 1.926828384399414062e+00 8.053130507469177246e-01 1.121515274047851562e+00
2.551087379455566406e+01 1.929503083229064941e+00 8.037304282188415527e-01 1.125772595405578613e+00
2.553128242492675781e+01 1.933311462402343750e+00 8.063697218894958496e-01 1.126941561698913574e+00
2.555169296264648438e+01 1.934720516204833984e+00 8.061940670013427734e-01 1.128526687622070312e+00
2.557210159301757812e+01 1.935773372650146484e+00 8.055506348609924316e-01 1.130223035812377930e+00
2.559251022338867188e+01 1.937860965728759766e+00 8.077145218849182129e-01 1.130146384239196777e+00
2.561291885375976562e+01 1.948772311210632324e+00 8.094074726104736328e-01 1.139364957809448242e+00
2.563332557678222656e+01 1.941120386123657227e+00 8.096970319747924805e-01 1.131423234939575195e+00
2.565373420715332031e+01 1.942009687423706055e+00 8.099859952926635742e-01 1.132023572921752930e+00
2.567414283752441406e+01 1.943274497985839844e+00 8.107407689094543457e-01 1.132533788681030273e+00
2.569455146789550781e+01 1.944606661796569824e+00 8.114943504333496094e-01 1.133112311363220215e+00
2.571496200561523438e+01 1.945257782936096191e+00 8.113157749176025391e-01 1.133941650390625000e+00
2.573537063598632812e+01 1.942933201789855957e+00 8.111374974250793457e-01 1.131795763969421387e+00
2.575577926635742188e+01 1.943029165267944336e+00 8.104947805404663086e-01 1.132534503936767578e+00
2.577618789672851562e+01 1.941858410835266113e+00 8.112460970878601074e-01 1.130612254142761230e+00
2.579659652709960938e+01 1.940242767333984375e+00 8.106042742729187012e-01 1.129638075828552246e+00
2.581700515747070312e+01 1.938644170761108398e+00 8.104271292686462402e-01 1.128217339515686035e+00
2.583741378784179688e+01 1.935321450233459473e+00 8.088604211807250977e-01 1.126461029052734375e+00
2.585782241821289062e+01 1.936305284500122070e+00 8.100736141204833984e-01 1.126231670379638672e+00
2.587823104858398438e+01 1.933991432189941406e+00 8.098974227905273438e-01 1.124094009399414062e+00
2.589863967895507812e+01 1.935054421424865723e+00 8.106456398963928223e-01 1.124408721923828125e+00
2.591904830932617188e+01 1.927900314331054688e+00 8.086219429969787598e-01 1.119278073310852051e+00
2.593945693969726562e+01 1.927723169326782227e+00 8.089085817337036133e-01 1.118814587593078613e+00
2.595986557006835938e+01 1.925601840019226074e+00 8.078114986419677734e-01 1.117790341377258301e+00
2.598027420043945312e+01 1.922939181327819824e+00 8.071769475936889648e-01 1.115762114524841309e+00
2.600068283081054688e+01 1.921171188354492188e+00 8.065433502197265625e-01 1.114627718925476074e+00
2.602109146118164062e+01 1.920348882675170898e+00 8.077508211135864258e-01 1.112597942352294922e+00
2.604150009155273438e+01 1.917160987854003906e+00 8.048196434974670410e-01 1.112341642379760742e+00
2.606191062927246094e+01 1.912846565246582031e+00 8.046485781669616699e-01 1.108198165893554688e+00
2.608231925964355469e+01 1.908511877059936523e+00 8.031011223793029785e-01 1.105410695075988770e+00
2.610272598266601562e+01 1.908463358879089355e+00 8.029319047927856445e-01 1.105531692504882812e+00
2.612313461303710938e+01 1.905750274658203125e+00 8.027626872062683105e-01 1.102987647056579590e+00
2.614354324340820312e+01 1.903061389923095703e+00 8.012203574180603027e-01 1.101841092109680176e+00
2.616395187377929688e+01 1.905987262725830078e+00 8.005954027175903320e-01 1.105392217636108398e+00
2.618436050415039062e+01 1.900015711784362793e+00 7.999714016914367676e-01 1.100044250488281250e+00
2.620477104187011719e+01 1.897387623786926270e+00 7.979780435562133789e-01 1.099409580230712891e+00
2.622517967224121094e+01 1.897660851478576660e+00 7.996391057968139648e-01 1.098021388053894043e+00
2.624558830261230469e+01 1.900399923324584961e+00 8.012976646423339844e-01 1.099102258682250977e+00
2.626599693298339844e+01 1.894449353218078613e+00 7.983964681625366211e-01 1.096053004264831543e+00
2.628640556335449219e+01 1.892140150070190430e+00 7.973213195800781250e-01 1.094818711280822754e+00
2.630681419372558594e+01 1.892384409904479980e+00 7.980677485466003418e-01 1.094316720962524414e+00
2.632722091674804688e+01 1.891861677169799805e+00 7.974491119384765625e-01 1.094412446022033691e+00
2.634762954711914062e+01 1.890241742134094238e+00 7.968314290046691895e-01 1.093410253524780273e+00
2.636804008483886719e+01 1.890698432922363281e+00 7.971225380897521973e-01 1.093576192855834961e+00
2.638844871520996094e+01 1.889756083488464355e+00 7.969596385955810547e-01 1.092796325683593750e+00
2.640885734558105469e+01 1.889181494712829590e+00 7.967969775199890137e-01 1.092384696006774902e+00
2.642926597595214844e+01 1.889109373092651367e+00 7.966345548629760742e-01 1.092474579811096191e+00
2.644967460632324219e+01 1.889548659324645996e+00 7.969249486923217773e-01 1.092623829841613770e+00
2.647008323669433594e+01 1.890175938606262207e+00 7.972148656845092773e-01 1.092960834503173828e+00
2.649049186706542969e+01 1.889653921127319336e+00 7.970525622367858887e-01 1.092601537704467773e+00
2.651090049743652344e+01 1.891300082206726074e+00 7.973419427871704102e-01 1.093958020210266113e+00
2.653130912780761719e+01 1.889416337013244629e+00 7.967286109924316406e-01 1.092687845230102539e+00
2.655171966552734375e+01 1.891708254814147949e+00 7.979193925857543945e-01 1.093788623809814453e+00
2.657212638854980469e+01 1.893234133720397949e+00 7.986579537391662598e-01 1.094576001167297363e+00
2.659253501892089844e+01 1.890914916992187500e+00 7.975949645042419434e-01 1.093320012092590332e+00
2.661294364929199219e+01 1.890090584754943848e+00 7.960837483406066895e-01 1.094006896018981934e+00
2.663335227966308594e+01 1.894190549850463867e+00 7.990691065788269043e-01 1.095121264457702637e+00
2.665376091003417969e+01 1.894890427589416504e+00 7.998044490814208984e-01 1.095086097717285156e+00
2.667416954040527344e+01 1.896170258522033691e+00 7.996412515640258789e-01 1.096528887748718262e+00
2.669458007812500000e+01 1.896422505378723145e+00 7.999266386032104492e-01 1.096495747566223145e+00
2.671498870849609375e+01 1.895245552062988281e+00 8.002116084098815918e-01 1.095034003257751465e+00
2.673539733886718750e+01 1.898425698280334473e+00 8.013916015625000000e-01 1.097033858299255371e+00
2.675580596923828125e+01 1.897868752479553223e+00 8.007803559303283691e-01 1.097088456153869629e+00
2.677621459960937500e+01 1.900941014289855957e+00 8.032991290092468262e-01 1.097641944885253906e+00
2.679662132263183594e+01 1.900630950927734375e+00 8.022407293319702148e-01 1.098390221595764160e+00
2.681702995300292969e+01 1.902721524238586426e+00 8.029692173004150391e-01 1.099752664566040039e+00
2.683743858337402344e+01 1.900328397750854492e+00 8.023586273193359375e-01 1.097969770431518555e+00
2.685784912109375000e+01 1.900789618492126465e+00 8.017489314079284668e-01 1.099040627479553223e+00
2.687825775146484375e+01 1.900204777717590332e+00 8.033667206764221191e-01 1.096838235855102539e+00
2.689866638183593750e+01 1.901364088058471680e+00 8.032021522521972656e-01 1.098161816596984863e+00
2.691907501220703125e+01 1.900586009025573730e+00 8.025932312011718750e-01 1.097992777824401855e+00
2.693948364257812500e+01 1.900446295738220215e+00 8.019852042198181152e-01 1.098461031913757324e+00
2.695989227294921875e+01 1.900734663009643555e+00 8.018220663070678711e-01 1.098912715911865234e+00
2.698030090332031250e+01 1.898992776870727539e+00 8.012155294418334961e-01 1.097777009010314941e+00
2.700070953369140625e+01 1.896750807762145996e+00 7.997232675552368164e-01 1.097027778625488281e+00
2.702111816406250000e+01 1.897342681884765625e+00 8.004481792449951172e-01 1.096894621849060059e+00
2.704152679443359375e+01 1.895754694938659668e+00 7.998440861701965332e-01 1.095910668373107910e+00
2.706193542480468750e+01 1.894933342933654785e+00 7.996832132339477539e-01 1.095250129699707031e+00
2.708234405517578125e+01 1.893326044082641602e+00 7.981966733932495117e-01 1.095129489898681641e+00
2.710275268554687500e+01 1.892111539840698242e+00 7.975956201553344727e-01 1.094515800476074219e+00
2.712316131591796875e+01 1.889644622802734375e+00 7.965541481971740723e-01 1.093090295791625977e+00
2.714356994628906250e+01 1.889081001281738281e+00 7.963961958885192871e-01 1.092684626579284668e+00
2.716397857666015625e+01 1.890247821807861328e+00 7.975604534149169922e-01 1.092687368392944336e+00
2.718438720703125000e+01 1.884437918663024902e+00 7.947601079940795898e-01 1.089677572250366211e+00
2.720479774475097656e+01 1.883164286613464355e+00 7.932839393615722656e-01 1.089880466461181641e+00
2.722520446777343750e+01 1.879322648048400879e+00 7.913702726364135742e-01 1.087952375411987305e+00
2.724561500549316406e+01 1.879387140274047852e+00 7.925347685813903809e-01 1.086852550506591797e+00
2.726602172851562500e+01 1.876510500907897949e+00 7.906246185302734375e-01 1.085885763168334961e+00
2.728643226623535156e+01 1.875475168228149414e+00 7.909106016159057617e-01 1.084564328193664551e+00
2.730683898925781250e+01 1.872468590736389160e+00 7.890044450759887695e-01 1.083464026451110840e+00
2.732724952697753906e+01 1.869657158851623535e+00 7.875391244888305664e-01 1.082118272781372070e+00
2.734765815734863281e+01 1.867479681968688965e+00 7.865138053894042969e-01 1.080965876579284668e+00
2.736806488037109375e+01 1.866841435432434082e+00 7.868021130561828613e-01 1.080039501190185547e+00
2.738847541809082031e+01 1.861343026161193848e+00 7.849046587944030762e-01 1.076438546180725098e+00
2.740888214111328125e+01 1.859917163848876953e+00 7.838835120201110840e-01 1.076033592224121094e+00
2.742929267883300781e+01 1.859313845634460449e+00 7.833002209663391113e-01 1.076013684272766113e+00
2.744969940185546875e+01 1.857422471046447754e+00 7.827178835868835449e-01 1.074704766273498535e+00
2.747010993957519531e+01 1.853004813194274902e+00 7.799576520919799805e-01 1.073047280311584473e+00
2.749051666259765625e+01 1.854685783386230469e+00 7.819911241531372070e-01 1.072694659233093262e+00
2.751092720031738281e+01 1.852192044258117676e+00 7.809758782386779785e-01 1.071216702461242676e+00
2.753133583068847656e+01 1.850464940071105957e+00 7.799621820449829102e-01 1.070502400398254395e+00
2.755174636840820312e+01 1.849055171012878418e+00 7.798188924789428711e-01 1.069236040115356445e+00
2.757215309143066406e+01 1.847303390502929688e+00 7.788075804710388184e-01 1.068495750427246094e+00
2.759256362915039062e+01 1.845844268798828125e+00 7.782314419746398926e-01 1.067612767219543457e+00
2.761297035217285156e+01 1.845799803733825684e+00 7.780898213386535645e-01 1.067709803581237793e+00
2.763337707519531250e+01 1.844422340393066406e+00 7.779483795166015625e-01 1.066473960876464844e+00
2.765378761291503906e+01 1.843741059303283691e+00 7.773741483688354492e-01 1.066366910934448242e+00
2.767419624328613281e+01 1.841438293457031250e+00 7.768009305000305176e-01 1.064637064933776855e+00
2.769460678100585938e+01 1.840004563331604004e+00 7.775250673294067383e-01 1.062479615211486816e+00
2.771501350402832031e+01 1.840712070465087891e+00 7.765206098556518555e-01 1.064191460609436035e+00
2.773542404174804688e+01 1.839580416679382324e+00 7.759491801261901855e-01 1.063631296157836914e+00
2.775583076477050781e+01 1.838066220283508301e+00 7.753786444664001465e-01 1.062687754631042480e+00
2.777624130249023438e+01 1.838255047798156738e+00 7.752398848533630371e-01 1.063015341758728027e+00
2.779664802551269531e+01 1.839117646217346191e+00 7.755319476127624512e-01 1.063585638999938965e+00
2.781705856323242188e+01 1.839046478271484375e+00 7.753931879997253418e-01 1.063653349876403809e+00
2.783746528625488281e+01 1.839067816734313965e+00 7.752547860145568848e-01 1.063813090324401855e+00
2.785787391662597656e+01 1.840692877769470215e+00 7.742571830749511719e-01 1.066435933113098145e+00
2.787828445434570312e+01 1.839109063148498535e+00 7.745490074157714844e-01 1.064560055732727051e+00
2.789869117736816406e+01 1.839197039604187012e+00 7.752695083618164062e-01 1.063927650451660156e+00
2.791910171508789062e+01 1.839055776596069336e+00 7.738453149795532227e-01 1.065210461616516113e+00
2.793950843811035156e+01 1.839157819747924805e+00 7.732801437377929688e-01 1.065877437591552734e+00
2.795991897583007812e+01 1.841783881187438965e+00 7.744280099868774414e-01 1.067355751991271973e+00
2.798032569885253906e+01 1.842635393142700195e+00 7.751466035842895508e-01 1.067489266395568848e+00
2.800073623657226562e+01 1.843303322792053223e+00 7.754364609718322754e-01 1.067867040634155273e+00
2.802114486694335938e+01 1.843607544898986816e+00 7.752988934516906738e-01 1.068308472633361816e+00
2.804155540466308594e+01 1.844813227653503418e+00 7.747346162796020508e-01 1.070078849792480469e+00
2.806196212768554688e+01 1.845825195312500000e+00 7.754507660865783691e-01 1.070374488830566406e+00
2.808236885070800781e+01 1.846138596534729004e+00 7.748872637748718262e-01 1.071251153945922852e+00
2.810277938842773438e+01 1.848186254501342773e+00 7.764541506767272949e-01 1.071732282638549805e+00
2.812318611145019531e+01 1.849683761596679688e+00 7.763162851333618164e-01 1.073367238044738770e+00
2.814359664916992188e+01 1.850495457649230957e+00 7.766039371490478516e-01 1.073891758918762207e+00
2.816400527954101562e+01 1.851744174957275391e+00 7.768911719322204590e-01 1.074853181838989258e+00
2.818441581726074219e+01 1.851723194122314453e+00 7.759039402008056641e-01 1.075819134712219238e+00
2.820482254028320312e+01 1.855724453926086426e+00 7.766156196594238281e-01 1.079108595848083496e+00
2.822523307800292969e+01 1.855757594108581543e+00 7.773262858390808105e-01 1.078431010246276855e+00
2.824563980102539062e+01 1.857362270355224609e+00 7.776122093200683594e-01 1.079749822616577148e+00
2.826605033874511719e+01 1.859143137931823730e+00 7.783210277557373047e-01 1.080822229385375977e+00
2.828645706176757812e+01 1.860050320625305176e+00 7.781826853752136230e-01 1.081867575645446777e+00
2.830686378479003906e+01 1.861546277999877930e+00 7.788901925086975098e-01 1.082656264305114746e+00
2.832727432250976562e+01 1.862245440483093262e+00 7.783290147781372070e-01 1.083916187286376953e+00
2.834768295288085938e+01 1.863418340682983398e+00 7.786132693290710449e-01 1.084805130958557129e+00
2.836809349060058594e+01 1.864829182624816895e+00 7.793188691139221191e-01 1.085510611534118652e+00
2.838850021362304688e+01 1.865920543670654297e+00 7.783370018005371094e-01 1.087583661079406738e+00
2.840891075134277344e+01 1.867504715919494629e+00 7.798844575881958008e-01 1.087620258331298828e+00
2.842931747436523438e+01 1.865801334381103516e+00 7.789036035537719727e-01 1.086897969245910645e+00
2.844972801208496094e+01 1.865276932716369629e+00 7.783448100090026855e-01 1.086932063102722168e+00
2.847013473510742188e+01 1.868446111679077148e+00 7.807298898696899414e-01 1.087716221809387207e+00
2.849054527282714844e+01 1.866011857986450195e+00 7.789101600646972656e-01 1.087101697921752930e+00
2.851095390319824219e+01 1.867176294326782227e+00 7.791922688484191895e-01 1.087984085083007812e+00
2.853136062622070312e+01 1.866979241371154785e+00 7.782154083251953125e-01 1.088763952255249023e+00
2.855177116394042969e+01 1.866496920585632324e+00 7.780783176422119141e-01 1.088418602943420410e+00
2.857217788696289062e+01 1.865755319595336914e+00 7.779415845870971680e-01 1.087813496589660645e+00
2.859258842468261719e+01 1.863279342651367188e+00 7.761303186416625977e-01 1.087149262428283691e+00
2.861299514770507812e+01 1.863554596900939941e+00 7.772501707077026367e-01 1.086304545402526855e+00
2.863340568542480469e+01 1.865124225616455078e+00 7.783681750297546387e-01 1.086756110191345215e+00
2.865381431579589844e+01 1.860128998756408691e+00 7.757251858711242676e-01 1.084403753280639648e+00
2.867422294616699219e+01 1.859251976013183594e+00 7.755904793739318848e-01 1.083661794662475586e+00
2.869463157653808594e+01 1.857707977294921875e+00 7.746217250823974609e-01 1.083086252212524414e+00
2.871504211425781250e+01 1.855471014976501465e+00 7.740711569786071777e-01 1.081399917602539062e+00
2.873544883728027344e+01 1.848737239837646484e+00 7.714386582374572754e-01 1.077298641204833984e+00
2.875585937500000000e+01 1.852822661399841309e+00 7.725560665130615234e-01 1.080266833305358887e+00
2.877626609802246094e+01 1.849579334259033203e+00 7.715922594070434570e-01 1.077987074851989746e+00
2.879667282104492188e+01 1.846836090087890625e+00 7.727081179618835449e-01 1.074128150939941406e+00
2.881708335876464844e+01 1.843038916587829590e+00 7.684225440025329590e-01 1.074616312980651855e+00
2.883749198913574219e+01 1.838992238044738770e+00 7.662184834480285645e-01 1.072773933410644531e+00
2.885790252685546875e+01 1.837632536888122559e+00 7.665060758590698242e-01 1.071126699447631836e+00
2.887830924987792969e+01 1.831823468208312988e+00 7.630630135536193848e-01 1.068760514259338379e+00
2.889871978759765625e+01 1.828993439674377441e+00 7.612815499305725098e-01 1.067711710929870605e+00
2.891912651062011719e+01 1.829151868820190430e+00 7.632278203964233398e-01 1.065924167633056641e+00
2.893953704833984375e+01 1.824746012687683105e+00 7.606214284896850586e-01 1.064124703407287598e+00
2.895994377136230469e+01 1.822612166404724121e+00 7.596721053123474121e-01 1.062940359115600586e+00
2.898035430908203125e+01 1.818620681762695312e+00 7.578980326652526855e-01 1.060722589492797852e+00
2.900076293945312500e+01 1.815192818641662598e+00 7.557137608528137207e-01 1.059478998184204102e+00
2.902116966247558594e+01 1.813490867614746094e+00 7.551823258399963379e-01 1.058308482170104980e+00
2.904158020019531250e+01 1.809506058692932129e+00 7.530030608177185059e-01 1.056503057479858398e+00
2.906198692321777344e+01 1.807011604309082031e+00 7.516505122184753418e-01 1.055360794067382812e+00
2.908239746093750000e+01 1.803734898567199707e+00 7.498882412910461426e-01 1.053846716880798340e+00
2.910280418395996094e+01 1.801165223121643066e+00 7.485399246215820312e-01 1.052625298500061035e+00
2.912321472167968750e+01 1.798796176910400391e+00 7.467822432518005371e-01 1.052013993263244629e+00
2.914362144470214844e+01 1.795825600624084473e+00 7.454379796981811523e-01 1.050387620925903320e+00
2.916403198242187500e+01 1.793585538864135742e+00 7.440954446792602539e-01 1.049490213394165039e+00
2.918444061279296875e+01 1.794049263000488281e+00 7.431650161743164062e-01 1.050884246826171875e+00
2.920485115051269531e+01 1.790288329124450684e+00 7.414160370826721191e-01 1.048872232437133789e+00
2.922525787353515625e+01 1.788725614547729492e+00 7.413079738616943359e-01 1.047417521476745605e+00
2.924566459655761719e+01 1.786634683609008789e+00 7.387442588806152344e-01 1.047890305519104004e+00
2.926607513427734375e+01 1.785390257835388184e+00 7.378200292587280273e-01 1.047570228576660156e+00
2.928648185729980469e+01 1.783801198005676270e+00 7.364885210990905762e-01 1.047312378883361816e+00
2.930689239501953125e+01 1.781836032867431641e+00 7.347503900527954102e-01 1.047085523605346680e+00
2.932730102539062500e+01 1.783773660659790039e+00 7.350553274154663086e-01 1.048718214035034180e+00
2.934771156311035156e+01 1.781471014022827148e+00 7.333205342292785645e-01 1.048150539398193359e+00
2.936811828613281250e+01 1.780762791633605957e+00 7.319958806037902832e-01 1.048766732215881348e+00
2.938852882385253906e+01 1.778111338615417480e+00 7.310801744461059570e-01 1.047031044960021973e+00
2.940893554687500000e+01 1.778416275978088379e+00 7.301658391952514648e-01 1.048250555992126465e+00
2.942934608459472656e+01 1.778001785278320312e+00 7.292527556419372559e-01 1.048748970031738281e+00
2.944975280761718750e+01 1.778095126152038574e+00 7.287474274635314941e-01 1.049347758293151855e+00
2.947016143798828125e+01 1.779258012771606445e+00 7.282427549362182617e-01 1.051015257835388184e+00
2.949057197570800781e+01 1.777342319488525391e+00 7.265211343765258789e-01 1.050821423530578613e+00
2.951097869873046875e+01 1.777563214302062988e+00 7.268299460411071777e-01 1.050732970237731934e+00
2.953138923645019531e+01 1.778427124023437500e+00 7.263275980949401855e-01 1.052099823951721191e+00
2.955179595947265625e+01 1.778532862663269043e+00 7.258260250091552734e-01 1.052707195281982422e+00
2.957220649719238281e+01 1.779195666313171387e+00 7.253250479698181152e-01 1.053870677947998047e+00
2.959261322021484375e+01 1.777980685234069824e+00 7.248249053955078125e-01 1.053155541419982910e+00
2.961302375793457031e+01 1.779254436492919922e+00 7.247294783592224121e-01 1.054524779319763184e+00
2.963343048095703125e+01 1.779665708541870117e+00 7.242303490638732910e-01 1.055435538291931152e+00
2.965384101867675781e+01 1.781144499778747559e+00 7.245392203330993652e-01 1.056605339050292969e+00
2.967424964904785156e+01 1.780079126358032227e+00 7.232341766357421875e-01 1.056845426559448242e+00
2.969465637207031250e+01 1.780931949615478516e+00 7.227371335029602051e-01 1.058194875717163086e+00
2.971506690979003906e+01 1.779874444007873535e+00 7.222407460212707520e-01 1.057633757591247559e+00
2.973547363281250000e+01 1.780387163162231445e+00 7.221475839614868164e-01 1.058239579200744629e+00
2.975588417053222656e+01 1.779708385467529297e+00 7.212499976158142090e-01 1.058458447456359863e+00
2.977629089355468750e+01 1.780439376831054688e+00 7.215596437454223633e-01 1.058879852294921875e+00
2.979670143127441406e+01 1.779690146446228027e+00 7.210654020309448242e-01 1.058624863624572754e+00
2.981711006164550781e+01 1.778700947761535645e+00 7.201704382896423340e-01 1.058530449867248535e+00
2.983752059936523438e+01 1.777462482452392578e+00 7.188755273818969727e-01 1.058586716651916504e+00
2.985792732238769531e+01 1.776845812797546387e+00 7.187850475311279297e-01 1.058060526847839355e+00
2.987833786010742188e+01 1.775405287742614746e+00 7.178934812545776367e-01 1.057511687278747559e+00
2.989874458312988281e+01 1.772467970848083496e+00 7.150013446807861328e-01 1.057466745376586914e+00
2.991915130615234375e+01 1.769528985023498535e+00 7.161139845848083496e-01 1.053415298461914062e+00
2.993956184387207031e+01 1.770121812820434570e+00 7.148262262344360352e-01 1.055295467376708984e+00
2.995997047424316406e+01 1.767661571502685547e+00 7.135402560234069824e-01 1.054121494293212891e+00
2.998037910461425781e+01 1.766738772392272949e+00 7.126552462577819824e-01 1.054083228111267090e+00
3.000078773498535156e+01 1.762909770011901855e+00 7.109735608100891113e-01 1.051936149597167969e+00
3.002119827270507812e+01 1.759312868118286133e+00 7.084966897964477539e-01 1.050816059112548828e+00
3.004160499572753906e+01 1.757123231887817383e+00 7.076169252395629883e-01 1.049506425857543945e+00
3.006201553344726562e+01 1.754727125167846680e+00 7.059420347213745117e-01 1.048785328865051270e+00
3.008242225646972656e+01 1.749974370002746582e+00 7.042694687843322754e-01 1.045705318450927734e+00
3.010283279418945312e+01 1.746386289596557617e+00 7.025991082191467285e-01 1.043787002563476562e+00
3.012323951721191406e+01 1.742414474487304688e+00 7.005336880683898926e-01 1.041880846023559570e+00
3.014365005493164062e+01 1.738125681877136230e+00 6.984710097312927246e-01 1.039654493331909180e+00
3.016405868530273438e+01 1.733929395675659180e+00 6.960144042968750000e-01 1.037915110588073730e+00
3.018446540832519531e+01 1.731718063354492188e+00 6.951473355293273926e-01 1.036570668220520020e+00
3.020487594604492188e+01 1.725871205329895020e+00 6.919035911560058594e-01 1.033967614173889160e+00
3.022528266906738281e+01 1.721705436706542969e+00 6.898524165153503418e-01 1.031852841377258301e+00
3.024569320678710938e+01 1.717664718627929688e+00 6.881996393203735352e-01 1.029465079307556152e+00
3.026609992980957031e+01 1.711737155914306641e+00 6.857582330703735352e-01 1.025979042053222656e+00
3.028651046752929688e+01 1.707206726074218750e+00 6.829247474670410156e-01 1.024281978607177734e+00
3.030691909790039062e+01 1.703034520149230957e+00 6.812801361083984375e-01 1.021754503250122070e+00
3.032732963562011719e+01 1.700993299484252930e+00 6.796376109123229980e-01 1.021355509757995605e+00
3.034773635864257812e+01 1.694878101348876953e+00 6.764196753501892090e-01 1.018458366394042969e+00
3.036814689636230469e+01 1.690636873245239258e+00 6.747825741767883301e-01 1.015854716300964355e+00
3.038855361938476562e+01 1.684969186782836914e+00 6.723600625991821289e-01 1.012609124183654785e+00
3.040896034240722656e+01 1.681756019592285156e+00 6.703343987464904785e-01 1.011421442031860352e+00
3.042937088012695312e+01 1.678196549415588379e+00 6.687046885490417480e-01 1.009491562843322754e+00
3.044977760314941406e+01 1.672121882438659668e+00 6.662910580635070801e-01 1.005830764770507812e+00
3.047018814086914062e+01 1.668587923049926758e+00 6.646662950515747070e-01 1.003921747207641602e+00
3.049059677124023438e+01 1.663946866989135742e+00 6.622585058212280273e-01 1.001688241958618164e+00
3.051100730895996094e+01 1.666298747062683105e+00 6.602463126182556152e-01 1.006052255630493164e+00
3.053141403198242188e+01 1.659391283988952637e+00 6.598049998283386230e-01 9.995864629745483398e-01
3.055182456970214844e+01 1.656239390373229980e+00 6.581888198852539062e-01 9.980506896972656250e-01
3.057223129272460938e+01 1.653824210166931152e+00 6.573580503463745117e-01 9.964667558670043945e-01
3.059264183044433594e+01 1.651606202125549316e+00 6.561369299888610840e-01 9.954689741134643555e-01
3.061304855346679688e+01 1.647722244262695312e+00 6.545265316963195801e-01 9.931956529617309570e-01
3.063345718383789062e+01 1.646342515945434570e+00 6.536997556686401367e-01 9.926427602767944336e-01
3.065386772155761719e+01 1.644389867782592773e+00 6.524835824966430664e-01 9.919061660766601562e-01
3.067427444458007812e+01 1.643197298049926758e+00 6.516593098640441895e-01 9.915378093719482422e-01
3.069468498229980469e+01 1.641451120376586914e+00 6.508360505104064941e-01 9.906152486801147461e-01
3.071509170532226562e+01 1.640385031700134277e+00 6.500139236450195312e-01 9.903712868690490723e-01
3.073550224304199219e+01 1.639327049255371094e+00 6.491927504539489746e-01 9.901341199874877930e-01
3.075590896606445312e+01 1.637935400009155273e+00 6.479836702346801758e-01 9.899515509605407715e-01
3.077631950378417969e+01 1.636703610420227051e+00 6.456093192100524902e-01 9.910940527915954590e-01
3.079672813415527344e+01 1.636576414108276367e+00 6.451815366744995117e-01 9.913944005966186523e-01
3.081713676452636719e+01 1.635679841041564941e+00 6.439774632453918457e-01 9.917024374008178711e-01
3.083754539489746094e+01 1.635022759437561035e+00 6.423867940902709961e-01 9.926359057426452637e-01
3.085795211791992188e+01 1.634605050086975098e+00 6.407982707023620605e-01 9.938064813613891602e-01
3.087836265563964844e+01 1.634238362312316895e+00 6.392118334770202637e-01 9.950265884399414062e-01
3.089876937866210938e+01 1.634794831275939941e+00 6.384022831916809082e-01 9.963926672935485840e-01
3.091917991638183594e+01 1.636865139007568359e+00 6.387550830841064453e-01 9.981096982955932617e-01
3.093958663940429688e+01 1.640438437461853027e+00 6.410418748855590820e-01 9.993968605995178223e-01
3.095999717712402344e+01 1.645443558692932129e+00 6.456452608108520508e-01 9.997984170913696289e-01
3.098040580749511719e+01 1.654858469963073730e+00 6.548789143562316895e-01 9.999796152114868164e-01
3.100081634521484375e+01 1.661172986030578613e+00 6.621698141098022461e-01 9.990034699440002441e-01
3.102122306823730469e+01 1.658200860023498535e+00 6.590332984924316406e-01 9.991673827171325684e-01
3.104163360595703125e+01 1.651380538940429688e+00 6.485744714736938477e-01 1.002806186676025391e+00
3.106204032897949219e+01 1.653899312019348145e+00 6.512310504913330078e-01 1.002668261528015137e+00
3.108244705200195312e+01 1.664418578147888184e+00 6.642816662788391113e-01 1.000136852264404297e+00
3.110285758972167969e+01 1.663496375083923340e+00 6.700032353401184082e-01 9.934930801391601562e-01
3.112326622009277344e+01 1.663979649543762207e+00 6.726405620574951172e-01 9.913389682769775391e-01
3.114367675781250000e+01 1.664440870285034180e+00 6.729684472084045410e-01 9.914723634719848633e-01
3.116408348083496094e+01 1.666727781295776367e+00 6.729117631912231445e-01 9.938157796859741211e-01
3.118449401855468750e+01 1.667560935020446777e+00 6.709361076354980469e-01 9.966244697570800781e-01
3.120490074157714844e+01 1.668373584747314453e+00 6.670450568199157715e-01 1.001328229904174805e+00
3.122531127929687500e+01 1.669030904769897461e+00 6.631591320037841797e-01 1.005871891975402832e+00
3.124571800231933594e+01 1.671263217926025391e+00 6.611936688423156738e-01 1.010069608688354492e+00
3.126612854003906250e+01 1.669948220252990723e+00 6.584650874137878418e-01 1.011483192443847656e+00
3.128653526306152344e+01 1.676924705505371094e+00 6.553575396537780762e-01 1.021567225456237793e+00
3.130694580078125000e+01 1.683893084526062012e+00 6.713703870773315430e-01 1.012522935867309570e+00
3.132735443115234375e+01 1.687231063842773438e+00 6.827775239944458008e-01 1.004453778266906738e+00
3.134776115417480469e+01 1.680255413055419922e+00 6.857695579528808594e-01 9.944856166839599609e-01
3.136817169189453125e+01 1.675971269607543945e+00 6.860864758491516113e-01 9.898851513862609863e-01
3.138857841491699219e+01 1.683755397796630859e+00 6.871657967567443848e-01 9.965897202491760254e-01
3.140898895263671875e+01 1.671019315719604492e+00 6.871004104614257812e-01 9.839189648628234863e-01
3.142939567565917969e+01 1.674237489700317383e+00 6.885583996772766113e-01 9.856788516044616699e-01
3.144980621337890625e+01 1.678024291992187500e+00 6.930592060089111328e-01 9.849652051925659180e-01
3.147021484375000000e+01 1.687307715415954590e+00 7.002167105674743652e-01 9.870908856391906738e-01
3.149062538146972656e+01 1.703050732612609863e+00 7.104056477546691895e-01 9.926446676254272461e-01
3.151103210449218750e+01 1.732196807861328125e+00 7.274188399314880371e-01 1.004778146743774414e+00
3.153144264221191406e+01 1.709700942039489746e+00 7.296052575111389160e-01 9.800953865051269531e-01
3.155184936523437500e+01 1.670524239540100098e+00 6.608482599258422852e-01 1.009676456451416016e+00
3.157225608825683594e+01 1.664390325546264648e+00 6.592836976051330566e-01 1.005107045173645020e+00
3.159266662597656250e+01 1.685281753540039062e+00 6.713605523109436035e-01 1.013921499252319336e+00
3.161307525634765625e+01 1.715994238853454590e+00 6.902372241020202637e-01 1.025756955146789551e+00
3.163348579406738281e+01 1.751089096069335938e+00 7.143867015838623047e-01 1.036702394485473633e+00
3.165389251708984375e+01 1.788600802421569824e+00 7.400177121162414551e-01 1.048583149909973145e+00
3.167430305480957031e+01 1.807714581489562988e+00 7.584356069564819336e-01 1.049279212951660156e+00
3.169470977783203125e+01 1.801351428031921387e+00 7.613461613655090332e-01 1.040005207061767578e+00
3.171512031555175781e+01 1.777936577796936035e+00 7.529305815696716309e-01 1.025006055831909180e+00
3.173552703857421875e+01 1.749965071678161621e+00 7.403770685195922852e-01 1.009588122367858887e+00
3.175593757629394531e+01 1.724995493888854980e+00 7.293473482131958008e-01 9.956479072570800781e-01
3.177634429931640625e+01 1.709247946739196777e+00 7.217220664024353027e-01 9.875262379646301270e-01
3.179675292968750000e+01 1.697950839996337891e+00 7.186237573623657227e-01 9.793268442153930664e-01
3.181716346740722656e+01 1.695825457572937012e+00 7.211723327636718750e-01 9.746528267860412598e-01
3.183757019042968750e+01 1.702184915542602539e+00 7.304850220680236816e-01 9.716994762420654297e-01
3.185798072814941406e+01 1.722424507141113281e+00 7.499299049377441406e-01 9.724942445755004883e-01
3.187838745117187500e+01 1.765918135643005371e+00 7.869974374771118164e-01 9.789206981658935547e-01
3.189879798889160156e+01 1.845893979072570801e+00 8.469067811965942383e-01 9.989873170852661133e-01
3.191920471191406250e+01 1.811880826950073242e+00 7.859910726547241211e-01 1.025889515876770020e+00
3.193961524963378906e+01 1.752211332321166992e+00 7.600053548812866211e-01 9.922060370445251465e-01
3.196002388000488281e+01 1.673106551170349121e+00 6.883618831634521484e-01 9.847448468208312988e-01
3.198043441772460938e+01 1.634751915931701660e+00 6.662144660949707031e-01 9.685372710227966309e-01
3.200083923339843750e+01 1.620647072792053223e+00 6.616751551628112793e-01 9.589720964431762695e-01
3.202124786376953125e+01 1.620976209640502930e+00 6.661128997802734375e-01 9.548633694648742676e-01
3.204166030883789062e+01 1.627040743827819824e+00 6.761484146118164062e-01 9.508926272392272949e-01
3.206206512451171875e+01 1.642538189888000488e+00 6.925175786018371582e-01 9.500203728675842285e-01
3.208247756958007812e+01 1.668861269950866699e+00 7.144622802734375000e-01 9.543991684913635254e-01
3.210288238525390625e+01 1.696582913398742676e+00 7.337691783905029297e-01 9.628140330314636230e-01
3.212329483032226562e+01 1.706175327301025391e+00 7.400099635124206543e-01 9.661656022071838379e-01
3.214369964599609375e+01 1.678629517555236816e+00 7.164527773857116699e-01 9.621772170066833496e-01
3.216411209106445312e+01 1.640170931816101074e+00 6.813890933990478516e-01 9.587821364402770996e-01
3.218451690673828125e+01 1.605551719665527344e+00 6.508327722549438477e-01 9.547187685966491699e-01
3.220492935180664062e+01 1.581893205642700195e+00 6.310935616493225098e-01 9.507996439933776855e-01
3.222533798217773438e+01 1.573583722114562988e+00 6.247509717941284180e-01 9.488326907157897949e-01
3.224574279785156250e+01 1.597325801849365234e+00 6.332643628120422363e-01 9.640616178512573242e-01
3.226615524291992188e+01 1.614880561828613281e+00 6.451055407524108887e-01 9.697750210762023926e-01
3.228656005859375000e+01 1.604322195053100586e+00 6.446977853775024414e-01 9.596244096755981445e-01
3.230697250366210938e+01 1.594473361968994141e+00 6.376215815544128418e-01 9.568518996238708496e-01
3.232737731933593750e+01 1.593322396278381348e+00 6.294436454772949219e-01 9.638784527778625488e-01
3.234778976440429688e+01 1.587894916534423828e+00 6.123952269554138184e-01 9.754997491836547852e-01
3.236819839477539062e+01 1.563014268875122070e+00 6.057226657867431641e-01 9.572916626930236816e-01
3.238860702514648438e+01 1.572308421134948730e+00 6.238189339637756348e-01 9.484894275665283203e-01
3.240901565551757812e+01 1.598343372344970703e+00 6.522337794303894043e-01 9.461097121238708496e-01
3.242942428588867188e+01 1.627552032470703125e+00 6.839346289634704590e-01 9.436174035072326660e-01
3.244983291625976562e+01 1.674921751022338867e+00 7.259238362312316895e-01 9.489979743957519531e-01
3.247023773193359375e+01 1.684921860694885254e+00 6.963456869125366211e-01 9.885762929916381836e-01
3.249065017700195312e+01 1.713696837425231934e+00 6.959082484245300293e-01 1.017788648605346680e+00
3.251105880737304688e+01 1.626247882843017578e+00 6.163150668144226074e-01 1.009932994842529297e+00
3.253146743774414062e+01 1.587462067604064941e+00 6.026826500892639160e-01 9.847795963287353516e-01
3.255187606811523438e+01 1.556849956512451172e+00 5.927444100379943848e-01 9.641055464744567871e-01
3.257228469848632812e+01 1.543327331542968750e+00 5.912705063819885254e-01 9.520570039749145508e-01
3.259269332885742188e+01 1.542674899101257324e+00 5.978779792785644531e-01 9.447970390319824219e-01
3.261310195922851562e+01 1.558362960815429688e+00 6.206258535385131836e-01 9.377370476722717285e-01
3.263351058959960938e+01 1.579141855239868164e+00 6.418782472610473633e-01 9.372639656066894531e-01
3.265391921997070312e+01 1.587877511978149414e+00 6.389111280441284180e-01 9.489665031433105469e-01
3.267432785034179688e+01 1.600946664810180664e+00 6.348488330841064453e-01 9.660979509353637695e-01
3.269473648071289062e+01 1.607211709022521973e+00 6.366490721702575684e-01 9.705625772476196289e-01
3.271514511108398438e+01 1.608805298805236816e+00 6.439352631568908691e-01 9.648700356483459473e-01
3.273555374145507812e+01 1.613362431526184082e+00 6.577939987182617188e-01 9.555689096450805664e-01
3.275596237182617188e+01 1.646932244300842285e+00 6.986761689186096191e-01 9.482558965682983398e-01
3.277637100219726562e+01 1.704133749008178711e+00 7.570365667343139648e-01 9.470972418785095215e-01
3.279677963256835938e+01 1.724249124526977539e+00 7.704339623451232910e-01 9.538154006004333496e-01
3.281718826293945312e+01 1.723943710327148438e+00 7.630248665809631348e-01 9.609185457229614258e-01
3.283759689331054688e+01 1.797890067100524902e+00 8.307136297225952148e-01 9.671763181686401367e-01
3.285800552368164062e+01 1.898916721343994141e+00 9.201753139495849609e-01 9.787414669990539551e-01
3.287841796875000000e+01 1.860387921333312988e+00 8.737330436706542969e-01 9.866549372673034668e-01
3.289882278442382812e+01 1.857433557510375977e+00 8.731911182403564453e-01 9.842422604560852051e-01
3.291923522949218750e+01 1.785515069961547852e+00 8.079282045364379883e-01 9.775867462158203125e-01
3.293964004516601562e+01 1.731765031814575195e+00 7.576447725296020508e-01 9.741204977035522461e-01
3.296004867553710938e+01 1.710291385650634766e+00 7.263075709342956543e-01 9.839834570884704590e-01
3.298045730590820312e+01 1.714646697044372559e+00 7.175107002258300781e-01 9.971361160278320312e-01
3.300086593627929688e+01 1.681407570838928223e+00 6.891387104988098145e-01 9.922686815261840820e-01
3.302127456665039062e+01 1.642015814781188965e+00 6.684139370918273926e-01 9.736021161079406738e-01
3.304168319702148438e+01 1.620845198631286621e+00 6.545975208282470703e-01 9.662475585937500000e-01
3.306209564208984375e+01 1.609681725502014160e+00 6.455046534538269043e-01 9.641775488853454590e-01
3.308250045776367188e+01 1.612082481384277344e+00 6.432974338531494141e-01 9.687849283218383789e-01
3.310291290283203125e+01 1.637840986251831055e+00 6.508556604385375977e-01 9.869855046272277832e-01
3.312331771850585938e+01 1.688389062881469727e+00 6.558751463890075684e-01 1.032513737678527832e+00
3.314373016357421875e+01 1.642187476158142090e+00 6.171903014183044434e-01 1.024997353553771973e+00
3.316413497924804688e+01 1.612039208412170410e+00 6.030955910682678223e-01 1.008943319320678711e+00
3.318454360961914062e+01 1.609535455703735352e+00 6.268913745880126953e-01 9.826439023017883301e-01
3.320495605468750000e+01 1.623234987258911133e+00 6.218198537826538086e-01 1.001414775848388672e+00
3.322536087036132812e+01 1.627023577690124512e+00 6.214379668235778809e-01 1.005585670471191406e+00
3.324577331542968750e+01 1.626569151878356934e+00 6.059350967407226562e-01 1.020634055137634277e+00
3.326617813110351562e+01 1.592296123504638672e+00 6.055633425712585449e-01 9.867323637008666992e-01
3.328659057617187500e+01 1.625095009803771973e+00 6.415107250213623047e-01 9.835843443870544434e-01
3.330699539184570312e+01 1.623384594917297363e+00 6.188367009162902832e-01 1.004547834396362305e+00
3.332740783691406250e+01 1.557341456413269043e+00 5.692540407180786133e-01 9.880871772766113281e-01
3.334781646728515625e+01 1.554529666900634766e+00 5.689057111740112305e-01 9.856239557266235352e-01
3.336822509765625000e+01 1.648958325386047363e+00 6.352780461311340332e-01 1.013680458068847656e+00
3.338863372802734375e+01 1.696482896804809570e+00 6.825692057609558105e-01 1.013913512229919434e+00
3.340903854370117188e+01 1.641900658607482910e+00 6.563566327095031738e-01 9.855439662933349609e-01
3.342945098876953125e+01 1.597812533378601074e+00 6.355468034744262695e-01 9.622656106948852539e-01
3.344985580444335938e+01 1.614488005638122559e+00 6.555556654930114746e-01 9.589320421218872070e-01
3.347026824951171875e+01 1.630098462104797363e+00 6.623082756996154785e-01 9.677900075912475586e-01
3.349067306518554688e+01 1.621291995048522949e+00 6.501105427742004395e-01 9.711816906929016113e-01
3.351108551025390625e+01 1.579865813255310059e+00 6.157822608947753906e-01 9.640836119651794434e-01
3.353149414062500000e+01 1.552687406539916992e+00 5.943465828895568848e-01 9.583409428596496582e-01
3.355190277099609375e+01 1.547851562500000000e+00 5.939850211143493652e-01 9.538668394088745117e-01
3.357231140136718750e+01 1.629964947700500488e+00 6.364076733589172363e-01 9.935572147369384766e-01
3.359272003173828125e+01 1.635687708854675293e+00 5.932632684707641602e-01 1.042424321174621582e+00
3.361312866210937500e+01 1.595970392227172852e+00 5.857811570167541504e-01 1.010189056396484375e+00
3.363353347778320312e+01 1.583298325538635254e+00 5.854257345199584961e-01 9.978721141815185547e-01
3.365394592285156250e+01 1.587031841278076172e+00 6.046323180198669434e-01 9.823993444442749023e-01
3.367435455322265625e+01 1.583887815475463867e+00 6.010667681694030762e-01 9.828211069107055664e-01
3.369476318359375000e+01 1.561271190643310547e+00 5.779677033424377441e-01 9.833036065101623535e-01
3.371517181396484375e+01 1.538380742073059082e+00 5.616419315338134766e-01 9.767389297485351562e-01
3.373558044433593750e+01 1.511583209037780762e+00 5.481743216514587402e-01 9.634091854095458984e-01
3.375598907470703125e+01 1.515510320663452148e+00 5.528072118759155273e-01 9.627030491828918457e-01
3.377639770507812500e+01 1.546160817146301270e+00 5.623956322669982910e-01 9.837651252746582031e-01
3.379680633544921875e+01 1.517280340194702148e+00 5.475354790687561035e-01 9.697447419166564941e-01
3.381721496582031250e+01 1.513575077056884766e+00 5.503904819488525391e-01 9.631844162940979004e-01
3.383762359619140625e+01 1.509288191795349121e+00 5.436913371086120605e-01 9.655966162681579590e-01
3.385803222656250000e+01 1.509303331375122070e+00 5.271015763282775879e-01 9.822018742561340332e-01
3.387844085693359375e+01 1.486480593681335449e+00 5.292572379112243652e-01 9.572232961654663086e-01
3.389884948730468750e+01 1.490603089332580566e+00 5.395315289497375488e-01 9.510719776153564453e-01
3.391925811767578125e+01 1.482085466384887695e+00 5.385010838508605957e-01 9.435847401618957520e-01
3.393966674804687500e+01 1.482945799827575684e+00 5.381772518157958984e-01 9.447681307792663574e-01
3.396007537841796875e+01 1.486837863922119141e+00 5.501899123191833496e-01 9.366480708122253418e-01
3.398048400878906250e+01 1.487740039825439453e+00 5.558477640151977539e-01 9.318923354148864746e-01
3.400089263916015625e+01 1.476373910903930664e+00 5.516416430473327637e-01 9.247319102287292480e-01
3.402130126953125000e+01 1.470333099365234375e+00 5.520144104957580566e-01 9.183185696601867676e-01
3.404171371459960938e+01 1.468350648880004883e+00 5.509802103042602539e-01 9.173704981803894043e-01
3.406211853027343750e+01 1.477410078048706055e+00 5.527585148811340332e-01 9.246513247489929199e-01
3.408253097534179688e+01 1.485058307647705078e+00 5.562906265258789062e-01 9.287679195404052734e-01
3.410293579101562500e+01 1.484814763069152832e+00 5.601695775985717773e-01 9.246450662612915039e-01
3.412334442138671875e+01 1.457203269004821777e+00 5.444005131721496582e-01 9.128031730651855469e-01
3.414375305175781250e+01 1.478253722190856934e+00 5.700168013572692871e-01 9.082369208335876465e-01
3.416416168212890625e+01 1.520427584648132324e+00 6.026096940040588379e-01 9.178182482719421387e-01
3.418457412719726562e+01 1.536907315254211426e+00 5.864933133125305176e-01 9.504138827323913574e-01
3.420497894287109375e+01 1.560598134994506836e+00 5.773950219154357910e-01 9.832034111022949219e-01
3.422539138793945312e+01 1.536246538162231445e+00 5.697063803672790527e-01 9.665399789810180664e-01
3.424579620361328125e+01 1.531645417213439941e+00 5.749592185020446777e-01 9.566859602928161621e-01
3.426620864868164062e+01 1.545773267745971680e+00 5.788084864616394043e-01 9.669645428657531738e-01
3.428661346435546875e+01 1.562764525413513184e+00 5.875406265258789062e-01 9.752237796783447266e-01
3.430702590942382812e+01 1.529901385307312012e+00 5.652106404304504395e-01 9.646905660629272461e-01
3.432743072509765625e+01 1.501214623451232910e+00 5.568547844886779785e-01 9.443598389625549316e-01
3.434783935546875000e+01 1.527181029319763184e+00 5.565239787101745605e-01 9.706572294235229492e-01
3.436825180053710938e+01 1.546143531799316406e+00 5.561934709548950195e-01 9.899495840072631836e-01
3.438865661621093750e+01 1.544052004814147949e+00 5.617805719375610352e-01 9.822716712951660156e-01
3.440906906127929688e+01 1.567885041236877441e+00 5.743181705474853516e-01 9.935671687126159668e-01
3.442947387695312500e+01 1.572404503822326660e+00 5.750207304954528809e-01 9.973837733268737793e-01
3.444988632202148438e+01 1.579069614410400391e+00 5.809341669082641602e-01 9.981353282928466797e-01
3.447029113769531250e+01 1.583234310150146484e+00 5.670477151870727539e-01 1.016186714172363281e+00
3.449070358276367188e+01 1.564126968383789062e+00 5.580362081527709961e-01 1.006091117858886719e+00
3.451111221313476562e+01 1.628474950790405273e+00 5.951641798019409180e-01 1.033311009407043457e+00
3.453152084350585938e+01 1.680254459381103516e+00 6.520059108734130859e-01 1.028248548507690430e+00
3.455192947387695312e+01 1.637700557708740234e+00 5.944610834121704102e-01 1.043239116668701172e+00
3.457233428955078125e+01 1.615365505218505859e+00 5.837236046791076660e-01 1.031641840934753418e+00
3.459274673461914062e+01 1.637832641601562500e+00 5.819951891899108887e-01 1.055837512016296387e+00
3.461315155029296875e+01 1.613334059715270996e+00 5.816520452499389648e-01 1.031682252883911133e+00
3.463356399536132812e+01 1.551808476448059082e+00 5.336155891418457031e-01 1.018193125724792480e+00
3.465397262573242188e+01 1.549637198448181152e+00 5.460812449455261230e-01 1.003555655479431152e+00
3.467438125610351562e+01 1.512945055961608887e+00 5.215958952903747559e-01 9.913491606712341309e-01
3.469478988647460938e+01 1.511173009872436523e+00 5.192191004753112793e-01 9.919540286064147949e-01
3.471519851684570312e+01 1.480167269706726074e+00 5.202929973602294922e-01 9.598740935325622559e-01
3.473560714721679688e+01 1.487089753150939941e+00 5.265345573425292969e-01 9.605554938316345215e-01
3.475601577758789062e+01 1.463076114654541016e+00 5.141717195510864258e-01 9.489045143127441406e-01
3.477642440795898438e+01 1.441684722900390625e+00 5.056095719337463379e-01 9.360752701759338379e-01
3.479682922363281250e+01 1.426370859146118164e+00 4.915536940097808838e-01 9.348168373107910156e-01
3.481724166870117188e+01 1.411424398422241211e+00 4.730449914932250977e-01 9.383798241615295410e-01
3.483765029907226562e+01 1.413627505302429199e+00 4.679578244686126709e-01 9.456699490547180176e-01
3.485805892944335938e+01 1.384203314781188965e+00 4.542919397354125977e-01 9.299113750457763672e-01
3.487846755981445312e+01 1.412019848823547363e+00 4.574579894542694092e-01 9.545617103576660156e-01
3.489887619018554688e+01 1.391432285308837891e+00 4.592482745647430420e-01 9.321838617324829102e-01
3.491928482055664062e+01 1.395070075988769531e+00 4.706343412399291992e-01 9.244356751441955566e-01
3.493969345092773438e+01 1.406180858612060547e+00 4.792664647102355957e-01 9.269139170646667480e-01
3.496010208129882812e+01 1.411603569984436035e+00 5.036379098892211914e-01 9.079657793045043945e-01
3.498051071166992188e+01 1.418149828910827637e+00 4.927364885807037354e-01 9.254135489463806152e-01
3.500091934204101562e+01 1.410588502883911133e+00 4.968949556350708008e-01 9.136934280395507812e-01
3.502132797241210938e+01 1.408131837844848633e+00 5.007067322731018066e-01 9.074252247810363770e-01
3.504173660278320312e+01 1.422010302543640137e+00 5.215930938720703125e-01 9.004173278808593750e-01
3.506214523315429688e+01 1.441781640052795410e+00 5.291412472724914551e-01 9.126405119895935059e-01
3.508255386352539062e+01 1.447486877441406250e+00 5.370217561721801758e-01 9.104650020599365234e-01
3.510296249389648438e+01 1.470802664756774902e+00 5.551227331161499023e-01 9.156799316406250000e-01
3.512337112426757812e+01 1.496152400970458984e+00 5.793368220329284668e-01 9.168159365653991699e-01
3.514377975463867188e+01 1.505009889602661133e+00 5.749133229255676270e-01 9.300966858863830566e-01
3.516418838500976562e+01 1.477291345596313477e+00 5.534753799438476562e-01 9.238160848617553711e-01
3.518459701538085938e+01 1.470645427703857422e+00 5.460103154182434082e-01 9.246349930763244629e-01
3.520500946044921875e+01 1.463600277900695801e+00 5.477337241172790527e-01 9.158665537834167480e-01
3.522541427612304688e+01 1.451470017433166504e+00 5.504745841026306152e-01 9.009953737258911133e-01
3.524582672119140625e+01 1.435630679130554199e+00 5.314777493476867676e-01 9.041526913642883301e-01
3.526623153686523438e+01 1.433291196823120117e+00 5.372794866561889648e-01 8.960118293762207031e-01
3.528664016723632812e+01 1.452307343482971191e+00 5.620703101158142090e-01 8.902369141578674316e-01
3.530704879760742188e+01 1.467581868171691895e+00 5.790350437164306641e-01 8.885468244552612305e-01
3.532745742797851562e+01 1.446585893630981445e+00 5.631149411201477051e-01 8.834707736968994141e-01
3.534786987304687500e+01 1.461358189582824707e+00 5.492448806762695312e-01 9.121132493019104004e-01
3.536827468872070312e+01 1.467786550521850586e+00 5.648340582847595215e-01 9.029525518417358398e-01
3.538868713378906250e+01 1.487086772918701172e+00 5.986696481704711914e-01 8.884171843528747559e-01
3.540909194946289062e+01 1.472168803215026855e+00 5.881835222244262695e-01 8.839854001998901367e-01
3.542950439453125000e+01 1.443286538124084473e+00 5.598038434982299805e-01 8.834825158119201660e-01
3.544990921020507812e+01 1.456082582473754883e+00 5.594815611839294434e-01 8.966013193130493164e-01
3.547032165527343750e+01 1.404392957687377930e+00 5.247393846511840820e-01 8.796536326408386230e-01
3.549073028564453125e+01 1.414630651473999023e+00 5.294965505599975586e-01 8.851341009140014648e-01
3.551113510131835938e+01 1.436411380767822266e+00 5.484049916267395020e-01 8.880066275596618652e-01
3.553154754638671875e+01 1.454026937484741211e+00 5.480899810791015625e-01 9.059371352195739746e-01
3.555195236206054688e+01 1.493131995201110840e+00 5.656192898750305176e-01 9.275124073028564453e-01
3.557236480712890625e+01 1.494847059249877930e+00 5.652947425842285156e-01 9.295523762702941895e-01
3.559276962280273438e+01 1.496598601341247559e+00 5.676609873771667480e-01 9.289376139640808105e-01
3.561318206787109375e+01 1.528990268707275391e+00 5.932153463363647461e-01 9.357749819755554199e-01
3.563358688354492188e+01 1.494242429733276367e+00 5.515589714050292969e-01 9.426836371421813965e-01
3.565399932861328125e+01 1.510597229003906250e+00 5.512432456016540527e-01 9.593540430068969727e-01
3.567440795898437500e+01 1.531138300895690918e+00 5.586449503898620605e-01 9.724932312965393066e-01
3.569481658935546875e+01 1.502403259277343750e+00 5.234511494636535645e-01 9.789516329765319824e-01
3.571522521972656250e+01 1.403743743896484375e+00 4.400375485420227051e-01 9.637060165405273438e-01
3.573563003540039062e+01 1.404280781745910645e+00 4.468201696872711182e-01 9.574602246284484863e-01
3.575604248046875000e+01 1.425943017005920410e+00 4.793712496757507324e-01 9.465717673301696777e-01
3.577644729614257812e+01 1.401177525520324707e+00 4.463104009628295898e-01 9.548670649528503418e-01
3.579685974121093750e+01 1.421219110488891602e+00 4.393684566020965576e-01 9.818503260612487793e-01
3.581726837158203125e+01 1.367183566093444824e+00 3.986817896366119385e-01 9.685016870498657227e-01
3.583767700195312500e+01 1.369452595710754395e+00 4.104785323143005371e-01 9.589735865592956543e-01
3.585808563232421875e+01 1.372885465621948242e+00 4.292717278003692627e-01 9.436141252517700195e-01
3.587849426269531250e+01 1.393280267715454102e+00 4.370342493057250977e-01 9.562459588050842285e-01
3.589890289306640625e+01 1.380429744720458984e+00 4.367858171463012695e-01 9.436441659927368164e-01
