## NTRMN  = 13
## NTRANS = 56
14 +1.000000e+00
15 +5.338733e-10
16 +3.301363e-02
17 +7.129427e-03
18 +1.046107e-02
19 +0.000000e+00
20 +0.000000e+00
21 +2.770969e-05
22 +1.262676e-02
23 +0.000000e+00
24 +1.440658e-03
25 +4.266717e-05
26 +2.876494e-04
27 +0.000000e+00
28 +6.042276e-01
29 +2.178988e-01
30 +3.511266e-02
31 +3.448239e-02
32 +7.196172e-03
33 +4.307555e-03
34 +1.799369e-03
35 +2.917277e-03
36 +8.171113e-03
37 +8.005085e-04
38 +2.140753e-01
39 +1.628374e-03
40 +1.501384e-08
41 +2.740561e-01
42 +1.456025e-08
43 +5.391093e-02
44 +1.765823e-02
45 +8.840679e-02
46 +2.392093e-04
47 +1.462824e-02
48 +4.947466e-08
49 +3.232423e-04
50 +2.462087e-02
51 +3.520527e-02
52 +0.000000e+00
53 +0.000000e+00
54 +8.208777e-02
55 +9.131457e-03
56 +5.938257e-05
57 +0.000000e+00
