# NTRMN  = 15
# NTRANS = 56
16 +1.000000e+00
17 +7.823026e-12
18 +3.019170e-14
19 +1.132388e-29
20 +2.260661e-26
21 +5.174570e-12
22 +5.774636e-11
23 +4.124615e-24
24 +6.148060e-12
25 +1.293410e-12
26 +1.892920e-10
27 +3.130340e-23
28 +3.355608e-10
29 +2.075390e-23
30 +1.728872e-10
31 +9.276264e-11
32 +2.360183e-02
33 +1.988968e-15
34 +3.638501e-16
35 +3.942123e-03
36 +3.125424e-15
37 +4.797400e-29
38 +8.217754e-20
39 +4.264788e-11
40 +5.087362e-21
41 +1.431545e-08
42 +3.646941e-21
43 +1.237148e-02
44 +9.139168e-17
45 +7.892594e-03
46 +1.012998e-08
47 +1.510563e-26
48 +1.536420e-20
49 +1.223857e-14
50 +4.485958e-01
51 +2.695951e-14
52 +1.308655e-27
53 +6.594408e-29
54 +3.486104e-14
55 +1.245656e-13
56 +1.023047e-14
57 +9.106777e-27
