# NTRMN  = 11
# NTRANS = 56
12 +1.000000e+00
13 +1.132906e-12
14 +1.464159e-12
15 +1.977153e-10
16 +1.364926e-02
17 +2.050902e-03
18 +6.120776e-03
19 +7.575713e-18
20 +9.461718e-15
21 +1.375280e-02
22 +4.938833e-04
23 +9.908280e-16
24 +3.295669e-03
25 +1.547901e-03
26 +7.713924e-01
27 +2.710471e-14
28 +1.991295e-03
29 +5.069124e-01
30 +4.212987e-02
31 +1.838201e-02
32 +1.339564e-10
33 +2.103547e-09
34 +1.290658e-08
35 +1.251006e-08
36 +7.096941e-09
37 +2.908727e-11
38 +5.738439e-02
39 +2.135004e-02
40 +1.365489e-14
41 +2.234204e-02
42 +1.290757e-15
43 +9.036035e-08
44 +7.600375e-08
45 +2.405066e-07
46 +3.014626e-01
47 +3.209358e-12
48 +1.304026e-13
49 +3.567311e-04
50 +2.494217e-08
51 +2.092512e-08
52 +4.534178e-21
53 +3.121160e-19
54 +2.607024e-08
55 +1.147497e-07
56 +1.016316e-07
57 +1.804404e-19
