## NTRMN  = 3
## NTRANS = 56
1.142887115478515625e+01 0.000000000000000000e+00 0.000000000000000000e+00 0.000000000000000000e+00
1.144927978515625000e+01 0.000000000000000000e+00 0.000000000000000000e+00 0.000000000000000000e+00
1.146968936920166016e+01 0.000000000000000000e+00 0.000000000000000000e+00 0.000000000000000000e+00
1.149009799957275391e+01 0.000000000000000000e+00 0.000000000000000000e+00 0.000000000000000000e+00
1.151050662994384766e+01 0.000000000000000000e+00 0.000000000000000000e+00 0.000000000000000000e+00
1.153091526031494141e+01 0.000000000000000000e+00 0.000000000000000000e+00 0.000000000000000000e+00
1.157173252105712891e+01 0.000000000000000000e+00 0.000000000000000000e+00 0.000000000000000000e+00
1.159214115142822266e+01 0.000000000000000000e+00 0.000000000000000000e+00 0.000000000000000000e+00
1.161254978179931641e+01 0.000000000000000000e+00 0.000000000000000000e+00 0.000000000000000000e+00
1.165336799621582031e+01 0.000000000000000000e+00 0.000000000000000000e+00 0.000000000000000000e+00
1.167377567291259766e+01 0.000000000000000000e+00 0.000000000000000000e+00 0.000000000000000000e+00
1.169418430328369141e+01 0.000000000000000000e+00 0.000000000000000000e+00 0.000000000000000000e+00
1.171459388732910156e+01 0.000000000000000000e+00 0.000000000000000000e+00 0.000000000000000000e+00
1.175541114807128906e+01 8.251634836196899414e-01 8.251634836196899414e-01 0.000000000000000000e+00
1.177581882476806641e+01 8.238350152969360352e-01 8.238350152969360352e-01 0.000000000000000000e+00
1.179622840881347656e+01 7.179977297782897949e-01 7.179977297782897949e-01 0.000000000000000000e+00
1.181663703918457031e+01 7.166563868522644043e-01 7.166563868522644043e-01 0.000000000000000000e+00
1.183704566955566406e+01 6.199638843536376953e-01 6.199638843536376953e-01 0.000000000000000000e+00
1.185745429992675781e+01 5.582286119461059570e-01 5.582286119461059570e-01 0.000000000000000000e+00
1.187786388397216797e+01 5.193791389465332031e-01 5.193791389465332031e-01 0.000000000000000000e+00
1.193908882141113281e+01 2.904395163059234619e-01 2.904395163059234619e-01 0.000000000000000000e+00
1.195949840545654297e+01 2.628210783004760742e-01 2.628210783004760742e-01 0.000000000000000000e+00
1.197990703582763672e+01 2.586765289306640625e-01 2.586765289306640625e-01 0.000000000000000000e+00
1.200031566619873047e+01 2.685101926326751709e-01 2.685101926326751709e-01 0.000000000000000000e+00
1.202072334289550781e+01 2.847828269004821777e-01 2.847828269004821777e-01 0.000000000000000000e+00
1.204113292694091797e+01 3.026902079582214355e-01 3.026902079582214355e-01 0.000000000000000000e+00
1.206154155731201172e+01 3.206361830234527588e-01 3.206361830234527588e-01 0.000000000000000000e+00
1.208195018768310547e+01 3.393141329288482666e-01 3.393141329288482666e-01 0.000000000000000000e+00
1.210235881805419922e+01 3.597092926502227783e-01 3.597092926502227783e-01 0.000000000000000000e+00
1.212276744842529297e+01 3.827016949653625488e-01 3.827016949653625488e-01 0.000000000000000000e+00
1.214317607879638672e+01 4.081796705722808838e-01 4.081796705722808838e-01 0.000000000000000000e+00
1.216358470916748047e+01 4.355401992797851562e-01 4.355401992797851562e-01 0.000000000000000000e+00
1.218399333953857422e+01 4.640861749649047852e-01 4.640861749649047852e-01 0.000000000000000000e+00
1.220440292358398438e+01 4.932232201099395752e-01 4.932232201099395752e-01 0.000000000000000000e+00
1.222481155395507812e+01 5.226546525955200195e-01 5.226546525955200195e-01 0.000000000000000000e+00
1.224521923065185547e+01 5.522812604904174805e-01 5.522812604904174805e-01 0.000000000000000000e+00
1.226562786102294922e+01 5.822971463203430176e-01 5.822971463203430176e-01 0.000000000000000000e+00
1.228603744506835938e+01 6.129927039146423340e-01 6.129927039146423340e-01 0.000000000000000000e+00
1.230644607543945312e+01 6.443645358085632324e-01 6.443645358085632324e-01 0.000000000000000000e+00
1.232685470581054688e+01 6.765064597129821777e-01 6.765064597129821777e-01 0.000000000000000000e+00
1.234726333618164062e+01 7.093176245689392090e-01 7.093176245689392090e-01 0.000000000000000000e+00
1.236767196655273438e+01 7.426980137825012207e-01 7.426980137825012207e-01 0.000000000000000000e+00
1.238808059692382812e+01 7.765480875968933105e-01 7.765480875968933105e-01 0.000000000000000000e+00
1.240848922729492188e+01 8.107692003250122070e-01 8.107692003250122070e-01 0.000000000000000000e+00
1.242889785766601562e+01 8.450704813003540039e-01 8.450704813003540039e-01 0.000000000000000000e+00
1.244930744171142578e+01 8.790668845176696777e-01 8.790668845176696777e-01 0.000000000000000000e+00
1.246971511840820312e+01 9.123762845993041992e-01 9.123762845993041992e-01 0.000000000000000000e+00
1.249012374877929688e+01 9.446184635162353516e-01 9.446184635162353516e-01 0.000000000000000000e+00
1.251053237915039062e+01 9.749374985694885254e-01 9.749374985694885254e-01 0.000000000000000000e+00
1.253094196319580078e+01 1.002960920333862305e+00 1.002960920333862305e+00 0.000000000000000000e+00
1.255135059356689453e+01 1.028985857963562012e+00 1.028985857963562012e+00 0.000000000000000000e+00
1.257175922393798828e+01 1.051117897033691406e+00 1.051117897033691406e+00 0.000000000000000000e+00
1.259216690063476562e+01 1.069376111030578613e+00 1.069376111030578613e+00 0.000000000000000000e+00
1.261257648468017578e+01 1.082829952239990234e+00 1.082829952239990234e+00 0.000000000000000000e+00
1.263298511505126953e+01 1.092450380325317383e+00 1.092450380325317383e+00 0.000000000000000000e+00
1.265339374542236328e+01 1.095418095588684082e+00 1.095418095588684082e+00 0.000000000000000000e+00
1.267380237579345703e+01 1.092709779739379883e+00 1.092709779739379883e+00 0.000000000000000000e+00
1.269421100616455078e+01 1.079638004302978516e+00 1.079638004302978516e+00 0.000000000000000000e+00
1.271461963653564453e+01 1.042131900787353516e+00 1.042131900787353516e+00 0.000000000000000000e+00
1.273502826690673828e+01 7.949616312980651855e-01 7.949616312980651855e-01 0.000000000000000000e+00
1.275543689727783203e+01 7.718252539634704590e-01 7.718252539634704590e-01 0.000000000000000000e+00
1.277584648132324219e+01 7.706859707832336426e-01 7.706859707832336426e-01 0.000000000000000000e+00
1.279625511169433594e+01 7.695503234863281250e-01 7.695503234863281250e-01 0.000000000000000000e+00
1.281666278839111328e+01 7.684183716773986816e-01 7.684183716773986816e-01 0.000000000000000000e+00
1.283707141876220703e+01 7.671034336090087891e-01 7.671034336090087891e-01 0.000000000000000000e+00
1.285748100280761719e+01 6.049259901046752930e-01 6.049259901046752930e-01 0.000000000000000000e+00
1.287788963317871094e+01 6.040602326393127441e-01 6.040602326393127441e-01 0.000000000000000000e+00
1.289829826354980469e+01 7.720924615859985352e-01 7.720924615859985352e-01 0.000000000000000000e+00
1.295952415466308594e+01 8.719342350959777832e-01 7.683524489402770996e-01 1.035817638039588928e-01
1.297993278503417969e+01 9.063429832458496094e-01 8.029240965843200684e-01 1.034189015626907349e-01
1.300034141540527344e+01 1.673069953918457031e+00 1.569813370704650879e+00 1.032565459609031677e-01
1.302075004577636719e+01 1.637026190757751465e+00 1.592173099517822266e+00 4.485308006405830383e-02
1.304115962982177734e+01 1.566529870033264160e+00 1.518090605735778809e+00 4.843922704458236694e-02
1.312279415130615234e+01 1.158188223838806152e+00 1.110050320625305176e+00 4.813789576292037964e-02
1.314320278167724609e+01 1.050748109817504883e+00 1.002684950828552246e+00 4.806314781308174133e-02
1.320442867279052734e+01 1.058988690376281738e+00 9.980357885360717773e-01 6.095296144485473633e-02
1.322483730316162109e+01 9.327419996261596680e-01 8.816406130790710449e-01 5.110140889883041382e-02
1.324524593353271484e+01 9.365088939666748047e-01 8.801918029785156250e-01 5.631710588932037354e-02
1.326565456390380859e+01 7.186952829360961914e-01 6.624667048454284668e-01 5.622857809066772461e-02
1.336769866943359375e+01 1.098065376281738281e+00 5.481697916984558105e-01 5.498956441879272461e-01
1.338810729980468750e+01 1.126530647277832031e+00 5.772846341133117676e-01 5.492458939552307129e-01
1.340851497650146484e+01 1.185873031616210938e+00 6.062216758728027344e-01 5.796513557434082031e-01
1.342892456054687500e+01 1.203905344009399414e+00 6.221464276313781738e-01 5.817588567733764648e-01
1.344933319091796875e+01 1.214882612228393555e+00 6.169304847717285156e-01 5.979520678520202637e-01
1.346974182128906250e+01 1.287784457206726074e+00 6.646035909652709961e-01 6.231808662414550781e-01
1.349015045166015625e+01 1.291116833686828613e+00 6.636868715286254883e-01 6.274300813674926758e-01
1.351055908203125000e+01 1.291907787322998047e+00 6.626843214035034180e-01 6.292234063148498535e-01
1.353096771240234375e+01 1.329058170318603516e+00 6.804383993148803711e-01 6.486197113990783691e-01
1.355137634277343750e+01 1.314960479736328125e+00 6.795020103454589844e-01 6.354585886001586914e-01
1.361260223388671875e+01 1.513755321502685547e+00 7.965581417083740234e-01 7.171971797943115234e-01
1.363301086425781250e+01 1.568688631057739258e+00 8.201248645782470703e-01 7.485637664794921875e-01
1.365341949462890625e+01 1.610963582992553711e+00 8.393254280090332031e-01 7.716381549835205078e-01
1.367382907867431641e+01 1.635674953460693359e+00 8.446379303932189941e-01 7.910370230674743652e-01
1.369423770904541016e+01 1.661024570465087891e+00 8.418932557106018066e-01 8.191314339637756348e-01
1.371464633941650391e+01 1.684336662292480469e+00 8.359274864196777344e-01 8.484091758728027344e-01
1.373505496978759766e+01 1.701991438865661621e+00 8.280623555183410645e-01 8.739290237426757812e-01
1.375546360015869141e+01 1.716262459754943848e+00 8.193503022193908691e-01 8.969122171401977539e-01
1.377587318420410156e+01 1.728760600090026855e+00 8.185709118843078613e-01 9.101896286010742188e-01
1.383709812164306641e+01 1.765851855278015137e+00 8.039630651473999023e-01 9.618887305259704590e-01
1.387791538238525391e+01 1.833477616310119629e+00 8.151394724845886230e-01 1.018338203430175781e+00
1.397995948791503906e+01 1.600411653518676758e+00 6.990828514099121094e-01 9.013288021087646484e-01
1.402077770233154297e+01 1.850011348724365234e+00 8.502019047737121582e-01 9.998095035552978516e-01
1.404118442535400391e+01 1.770375609397888184e+00 8.754777312278747559e-01 8.948979377746582031e-01
1.410241127014160156e+01 1.805843949317932129e+00 8.288144469261169434e-01 9.770295619964599609e-01
1.414322853088378906e+01 1.834832429885864258e+00 8.409789800643920898e-01 9.938535094261169434e-01
1.416363716125488281e+01 1.775474905967712402e+00 7.808642983436584473e-01 9.946104288101196289e-01
1.426568031311035156e+01 1.738486051559448242e+00 7.451570034027099609e-01 9.933291077613830566e-01
1.430649757385253906e+01 1.755472064018249512e+00 7.203577160835266113e-01 1.035114407539367676e+00
1.432690715789794922e+01 1.811997652053833008e+00 7.222557067871093750e-01 1.089741706848144531e+00
1.434731578826904297e+01 1.868909835815429688e+00 7.421684861183166504e-01 1.126741290092468262e+00
1.436772441864013672e+01 1.916976809501647949e+00 7.796028852462768555e-01 1.137374162673950195e+00
1.438813304901123047e+01 1.916589498519897461e+00 7.733392715454101562e-01 1.143250226974487305e+00
1.440854167938232422e+01 1.989051580429077148e+00 7.981625199317932129e-01 1.190888881683349609e+00
1.442895126342773438e+01 1.994738101959228516e+00 8.038359284400939941e-01 1.190902233123779297e+00
1.444935989379882812e+01 2.008261203765869141e+00 7.959077954292297363e-01 1.212353706359863281e+00
1.446976852416992188e+01 2.043987989425659180e+00 8.244822621345520020e-01 1.219505667686462402e+00
1.457181072235107422e+01 2.157858610153198242e+00 8.649544119834899902e-01 1.292904376983642578e+00
1.459222030639648438e+01 2.140423297882080078e+00 9.014772176742553711e-01 1.238945841789245605e+00
1.461262893676757812e+01 2.096814632415771484e+00 8.363263607025146484e-01 1.260488867759704590e+00
1.485753345489501953e+01 2.445219278335571289e+00 8.225407600402832031e-01 1.622678518295288086e+00
1.487794208526611328e+01 2.526478767395019531e+00 8.978416323661804199e-01 1.628637790679931641e+00
1.497998523712158203e+01 2.535911083221435547e+00 8.557689189910888672e-01 1.680142641067504883e+00
1.516366481781005859e+01 2.533265113830566406e+00 8.256688714027404785e-01 1.707596659660339355e+00
1.518407344818115234e+01 2.512744665145874023e+00 8.442665934562683105e-01 1.668478250503540039e+00
1.540856838226318359e+01 2.642391443252563477e+00 8.537167906761169434e-01 1.788674950599670410e+00
1.544938468933105469e+01 2.727979898452758789e+00 8.878750205039978027e-01 1.840104579925537109e+00
1.546979331970214844e+01 2.746011018753051758e+00 8.975359797477722168e-01 1.848475217819213867e+00
1.557183837890625000e+01 2.844544649124145508e+00 8.970349431037902832e-01 1.947509050369262695e+00
1.559224700927734375e+01 2.850651264190673828e+00 8.835783004760742188e-01 1.967072725296020508e+00
1.569428920745849609e+01 2.906227588653564453e+00 9.197801351547241211e-01 1.986447215080261230e+00
1.583715152740478516e+01 3.073760986328125000e+00 9.379357695579528809e-01 2.135825395584106445e+00
1.593919372558593750e+01 3.075815677642822266e+00 9.356858730316162109e-01 2.140129566192626953e+00
1.595960235595703125e+01 3.070788145065307617e+00 9.254895448684692383e-01 2.145298480987548828e+00
1.598001194000244141e+01 3.095178842544555664e+00 9.385391473770141602e-01 2.156639337539672852e+00
1.600041961669921875e+01 3.103971242904663086e+00 9.463189244270324707e-01 2.157652139663696289e+00
1.602083015441894531e+01 3.104517459869384766e+00 9.466077089309692383e-01 2.157910108566284180e+00
1.604123878479003906e+01 3.108451604843139648e+00 9.476418495178222656e-01 2.160809755325317383e+00
1.616368865966796875e+01 3.152559995651245117e+00 9.552732110023498535e-01 2.197286844253540039e+00
1.632695960998535156e+01 3.222228050231933594e+00 9.471865892410278320e-01 2.275041103363037109e+00
1.649022865295410156e+01 3.315799474716186523e+00 9.690205454826354980e-01 2.346778631210327148e+00
1.653104782104492188e+01 3.322736024856567383e+00 9.774888753890991211e-01 2.345247030258178711e+00
1.655145645141601562e+01 3.342344999313354492e+00 9.791762232780456543e-01 2.363168239593505859e+00
1.657186508178710938e+01 3.358851909637451172e+00 9.779703617095947266e-01 2.380881071090698242e+00
1.659227180480957031e+01 3.367669343948364258e+00 9.803745150566101074e-01 2.387294769287109375e+00
1.663308906555175781e+01 3.388119697570800781e+00 9.858845472335815430e-01 2.402235984802246094e+00
1.665349769592285156e+01 3.398603916168212891e+00 9.846763610839843750e-01 2.413928031921386719e+00
1.667390823364257812e+01 3.392198801040649414e+00 9.834710955619812012e-01 2.408728122711181641e+00
1.669431686401367188e+01 3.423393726348876953e+00 9.865706562995910645e-01 2.436823129653930664e+00
1.671472549438476562e+01 3.438202381134033203e+00 9.882304668426513672e-01 2.449971675872802734e+00
1.673513412475585938e+01 3.447740554809570312e+00 9.877406358718872070e-01 2.460000514984130859e+00
1.675554275512695312e+01 3.476821899414062500e+00 9.986816644668579102e-01 2.478140592575073242e+00
1.677595138549804688e+01 3.480368375778198242e+00 9.874777793884277344e-01 2.492891311645507812e+00
1.683717727661132812e+01 3.513972997665405273e+00 9.924178123474121094e-01 2.521555185317993164e+00
1.685758590698242188e+01 3.529836893081665039e+00 9.897962808609008789e-01 2.540040731430053711e+00
1.687799453735351562e+01 3.554984331130981445e+00 9.992370605468750000e-01 2.555747032165527344e+00
1.689840316772460938e+01 3.545739889144897461e+00 9.874054789543151855e-01 2.558334827423095703e+00
1.691881179809570312e+01 3.568150281906127930e+00 9.897517561912536621e-01 2.578399419784545898e+00
1.693922042846679688e+01 3.570674419403076172e+00 9.913856983184814453e-01 2.579289197921752930e+00
1.704126548767089844e+01 3.623201847076416016e+00 1.007223248481750488e+00 2.615979671478271484e+00
1.714330673217773438e+01 3.651471138000488281e+00 1.019381284713745117e+00 2.632089853286743164e+00
1.716371536254882812e+01 3.655553579330444336e+00 1.018169164657592773e+00 2.637384176254272461e+00
1.720453453063964844e+01 3.630094766616821289e+00 1.015753507614135742e+00 2.614341259002685547e+00
1.722494316101074219e+01 3.622426748275756836e+00 1.001346945762634277e+00 2.621079683303833008e+00
1.724535179138183594e+01 3.602939844131469727e+00 9.953035116195678711e-01 2.607636213302612305e+00
1.734739494323730469e+01 3.569443225860595703e+00 9.790987968444824219e-01 2.590344667434692383e+00
1.736780357360839844e+01 3.558245897293090820e+00 9.717457890510559082e-01 2.586499929428100586e+00
1.738821220397949219e+01 3.567328214645385742e+00 9.754237532615661621e-01 2.591904401779174805e+00
1.742902946472167969e+01 3.574321269989013672e+00 9.745128750801086426e-01 2.599808931350708008e+00
1.744943809509277344e+01 3.580026626586914062e+00 9.754309654235839844e-01 2.604595661163330078e+00
1.746984672546386719e+01 3.576128959655761719e+00 9.770320653915405273e-01 2.599096775054931641e+00
1.751066398620605469e+01 3.610937595367431641e+00 9.850080609321594238e-01 2.625929594039916992e+00
1.753107261657714844e+01 3.626402139663696289e+00 9.893234372138977051e-01 2.637078285217285156e+00
1.755148124694824219e+01 3.633680105209350586e+00 9.854452013969421387e-01 2.648234128952026367e+00
1.757188987731933594e+01 3.646283626556396484e+00 9.870253205299377441e-01 2.659258604049682617e+00
1.765352439880371094e+01 3.703349113464355469e+00 1.000767827033996582e+00 2.702581167221069336e+00
1.767393493652343750e+01 3.714063644409179688e+00 1.002998352050781250e+00 2.711065530776977539e+00
1.769434356689453125e+01 3.724577903747558594e+00 1.009958982467651367e+00 2.714619159698486328e+00
1.771475219726562500e+01 3.745379686355590820e+00 1.008119821548461914e+00 2.737259864807128906e+00
1.773516082763671875e+01 3.751296520233154297e+00 1.006959795951843262e+00 2.744337081909179688e+00
1.775556755065917969e+01 3.756513118743896484e+00 1.005802392959594727e+00 2.750710487365722656e+00
1.777597618103027344e+01 3.769945621490478516e+00 1.007341027259826660e+00 2.762604951858520508e+00
1.783720397949218750e+01 3.763736963272094727e+00 1.003212332725524902e+00 2.760524511337280273e+00
1.785761260986328125e+01 3.782682180404663086e+00 9.980440735816955566e-01 2.784638404846191406e+00
1.787802124023437500e+01 3.788150787353515625e+00 1.000252246856689453e+00 2.787898778915405273e+00
1.789842987060546875e+01 3.793267011642456055e+00 9.950992465019226074e-01 2.798167943954467773e+00
1.800047302246093750e+01 3.811266183853149414e+00 1.004752278327941895e+00 2.806513547897338867e+00
1.806169891357421875e+01 3.799766778945922852e+00 9.933937788009643555e-01 2.806373357772827148e+00
1.808210754394531250e+01 3.816994667053222656e+00 9.942584037780761719e-01 2.822736263275146484e+00
1.814333343505859375e+01 3.809862852096557617e+00 9.915630221366882324e-01 2.818300008773803711e+00
1.818415260314941406e+01 3.796211957931518555e+00 9.886789321899414062e-01 2.807533502578735352e+00
1.820456123352050781e+01 3.797066450119018555e+00 9.869130849838256836e-01 2.810153722763061523e+00
1.822496795654296875e+01 3.828840494155883789e+00 9.884350299835205078e-01 2.840405225753784180e+00
1.824537658691406250e+01 3.800802230834960938e+00 9.886414408683776855e-01 2.812160730361938477e+00
1.826578521728515625e+01 3.795971632003784180e+00 9.855709075927734375e-01 2.810400724411010742e+00
1.832701301574707031e+01 3.796016693115234375e+00 9.822783470153808594e-01 2.813737869262695312e+00
1.834742164611816406e+01 3.801883697509765625e+00 9.818381071090698242e-01 2.820045948028564453e+00
1.849028205871582031e+01 3.828159809112548828e+00 9.742522239685058594e-01 2.853907823562622070e+00
1.851069068908691406e+01 3.826645374298095703e+00 9.699448943138122559e-01 2.856700420379638672e+00
1.853109931945800781e+01 3.839896202087402344e+00 9.721062779426574707e-01 2.867790222167968750e+00
1.855150794982910156e+01 3.832325458526611328e+00 9.716820716857910156e-01 2.860643386840820312e+00
1.857191658020019531e+01 3.839893817901611328e+00 9.680361747741699219e-01 2.871857643127441406e+00
1.859232521057128906e+01 3.848576307296752930e+00 9.701925516128540039e-01 2.878383636474609375e+00
1.861273384094238281e+01 3.850669860839843750e+00 9.697718024253845215e-01 2.880897521972656250e+00
1.865355110168457031e+01 3.867357015609741211e+00 9.676497578620910645e-01 2.899707794189453125e+00
1.867395973205566406e+01 3.868799209594726562e+00 9.691562056541442871e-01 2.899643659591674805e+00
1.869436836242675781e+01 3.872845172882080078e+00 9.745010137557983398e-01 2.898343563079833984e+00
1.871477699279785156e+01 3.869002103805541992e+00 9.696007966995239258e-01 2.899401426315307617e+00
1.873518562316894531e+01 3.875422239303588867e+00 9.685446023941040039e-01 2.906877756118774414e+00
1.875559425354003906e+01 3.872638702392578125e+00 9.655760526657104492e-01 2.907062530517578125e+00
1.877600288391113281e+01 3.874991416931152344e+00 9.658015370368957520e-01 2.909190654754638672e+00
1.879641151428222656e+01 3.879593133926391602e+00 9.666632413864135742e-01 2.912930011749267578e+00
1.881682205200195312e+01 3.878435373306274414e+00 9.675230979919433594e-01 2.910912275314331055e+00
1.883723068237304688e+01 3.885797739028930664e+00 9.702875018119812012e-01 2.915510416030883789e+00
1.885763931274414062e+01 3.885069370269775391e+00 9.679678678512573242e-01 2.917101383209228516e+00
1.887804794311523438e+01 3.882606029510498047e+00 9.643851518630981445e-01 2.918220996856689453e+00
1.889845657348632812e+01 3.880886793136596680e+00 9.652438163757324219e-01 2.915642976760864258e+00
1.891886329650878906e+01 3.886810541152954102e+00 9.661007523536682129e-01 2.920710325241088867e+00
1.893927192687988281e+01 3.888317346572875977e+00 9.675875902175903320e-01 2.920729875564575195e+00
1.895968055725097656e+01 3.891359329223632812e+00 9.652834534645080566e-01 2.926075696945190430e+00
1.898009109497070312e+01 3.882339954376220703e+00 9.623535275459289551e-01 2.919986724853515625e+00
1.904131698608398438e+01 3.867600202560424805e+00 9.611449837684631348e-01 2.906455755233764648e+00
1.906172561645507812e+01 3.867672681808471680e+00 9.613717794418334961e-01 2.906301021575927734e+00
1.908213424682617188e+01 3.875350236892700195e+00 9.647344350814819336e-01 2.910616397857666016e+00
1.910254287719726562e+01 3.870641231536865234e+00 9.599441289901733398e-01 2.910696744918823242e+00
1.912295150756835938e+01 3.878296613693237305e+00 9.595456123352050781e-01 2.918751001358032227e+00
1.914336013793945312e+01 3.879775762557983398e+00 9.603984355926513672e-01 2.919377565383911133e+00
1.916376876831054688e+01 3.876510858535766602e+00 9.593756794929504395e-01 2.917135000228881836e+00
1.918417739868164062e+01 3.866120338439941406e+00 9.533636569976806641e-01 2.912756443023681641e+00
1.920458602905273438e+01 3.876102447509765625e+00 9.523504972457885742e-01 2.923752307891845703e+00
1.922499465942382812e+01 3.874174356460571289e+00 9.494717121124267578e-01 2.924702405929565430e+00
1.924540328979492188e+01 3.873049497604370117e+00 9.447331428527832031e-01 2.928316354751586914e+00
1.926581192016601562e+01 3.868700265884399414e+00 9.406259655952453613e-01 2.928074121475219727e+00
1.928622055053710938e+01 3.870986700057983398e+00 9.396305680274963379e-01 2.931356191635131836e+00
1.930663108825683594e+01 3.865541219711303711e+00 9.361574053764343262e-01 2.929383516311645508e+00
1.932703971862792969e+01 3.864305973052978516e+00 9.333108663558959961e-01 2.930994510650634766e+00
1.934744834899902344e+01 3.862847328186035156e+00 9.310890436172485352e-01 2.931758642196655273e+00
1.936785507202148438e+01 3.854891538619995117e+00 9.276359677314758301e-01 2.927255392074584961e+00
1.938826370239257812e+01 3.856225252151489258e+00 9.229553341865539551e-01 2.933269262313842773e+00
1.940867233276367188e+01 3.857401847839355469e+00 9.219847917556762695e-01 2.935417175292968750e+00
1.942908096313476562e+01 3.854671478271484375e+00 9.216324090957641602e-01 2.933038949966430664e+00
1.944948959350585938e+01 3.857612133026123047e+00 9.182036519050598145e-01 2.939408302307128906e+00
1.951071739196777344e+01 3.852587938308715820e+00 9.110277891159057617e-01 2.941560268402099609e+00
1.953112602233886719e+01 3.852365970611572266e+00 9.094629883766174316e-01 2.942903041839599609e+00
1.955153465270996094e+01 3.861742258071899414e+00 9.030038118362426758e-01 2.958738327026367188e+00
1.957194328308105469e+01 3.866616725921630859e+00 9.020621776580810547e-01 2.964554548263549805e+00
1.959235191345214844e+01 3.864838600158691406e+00 9.011225104331970215e-01 2.963716030120849609e+00
1.961275863647460938e+01 3.850776433944702148e+00 9.001848697662353516e-01 2.950591802597045898e+00
1.963316917419433594e+01 3.855434656143188477e+00 8.980298042297363281e-01 2.957405328750610352e+00
1.969439506530761719e+01 3.861164569854736328e+00 8.879448175430297852e-01 2.973219871520996094e+00
1.971480369567871094e+01 3.849678277969360352e+00 8.845970034599304199e-01 2.965080976486206055e+00
1.973521232604980469e+01 3.852594614028930664e+00 8.848952651023864746e-01 2.967699766159057617e+00
1.975562095642089844e+01 3.860512018203735352e+00 8.833752870559692383e-01 2.977136611938476562e+00
1.989848136901855469e+01 3.868231773376464844e+00 8.662055134773254395e-01 3.002026081085205078e+00
1.993929862976074219e+01 3.869079589843750000e+00 8.614308238029479980e-01 3.007648706436157227e+00
1.995970916748046875e+01 3.870586395263671875e+00 8.605499863624572754e-01 3.010036230087280273e+00
2.000052642822265625e+01 3.861213445663452148e+00 8.623845577239990234e-01 2.998829126358032227e+00
2.002093505859375000e+01 3.860344886779785156e+00 8.609076142311096191e-01 2.999436855316162109e+00
2.012297821044921875e+01 3.828332662582397461e+00 8.571367859840393066e-01 2.971195936203002930e+00
2.014338684082031250e+01 3.829273462295532227e+00 8.562684059143066406e-01 2.973005056381225586e+00
2.016379547119140625e+01 3.822660446166992188e+00 8.524336218833923340e-01 2.970226764678955078e+00
2.018420410156250000e+01 3.826441287994384766e+00 8.533508181571960449e-01 2.973090648651123047e+00
2.020461273193359375e+01 3.815111637115478516e+00 8.495267033576965332e-01 2.965585231781005859e+00
2.022502136230468750e+01 3.814707756042480469e+00 8.486694693565368652e-01 2.966038227081298828e+00
2.024542999267578125e+01 3.809989690780639648e+00 8.489963412284851074e-01 2.960993051528930664e+00
2.026583862304687500e+01 3.806316375732421875e+00 8.469601869583129883e-01 2.959355831146240234e+00
2.028624725341796875e+01 3.870375394821166992e+00 8.596787452697753906e-01 3.010696649551391602e+00
2.030665588378906250e+01 3.797550439834594727e+00 8.464366197586059570e-01 2.951113700866699219e+00
2.032706451416015625e+01 3.791857957839965820e+00 8.432313799858093262e-01 2.948626756668090820e+00
2.034747314453125000e+01 3.785305738449096680e+00 8.400326371192932129e-01 2.945272684097290039e+00
2.042910766601562500e+01 3.773469924926757812e+00 8.360899090766906738e-01 2.937379837036132812e+00
2.049033546447753906e+01 3.767962932586669922e+00 8.300866484642028809e-01 2.937875986099243164e+00
2.053115081787109375e+01 3.755419254302978516e+00 8.243554234504699707e-01 2.931063413619995117e+00
2.055155944824218750e+01 3.798197984695434570e+00 8.171302676200866699e-01 2.981067895889282227e+00
2.059237670898437500e+01 3.791608810424804688e+00 8.155105710029602051e-01 2.976098299026489258e+00
2.061278724670410156e+01 3.748093366622924805e+00 8.123803734779357910e-01 2.935713052749633789e+00
2.075564765930175781e+01 3.743712425231933594e+00 8.027518987655639648e-01 2.940960884094238281e+00
2.077605628967285156e+01 3.741011619567871094e+00 8.008111119270324707e-01 2.940200328826904297e+00
2.079646492004394531e+01 3.746904850006103516e+00 8.006007671356201172e-01 2.946304082870483398e+00
2.081687355041503906e+01 3.754803895950317383e+00 7.998158931732177734e-01 2.954988241195678711e+00
2.083728218078613281e+01 3.748785972595214844e+00 7.978836894035339355e-01 2.950901746749877930e+00
2.087809944152832031e+01 3.753776073455810547e+00 7.934572696685791016e-01 2.960318803787231445e+00
2.100055122375488281e+01 3.751618623733520508e+00 7.916805148124694824e-01 2.959937810897827148e+00
2.102095985412597656e+01 3.754584550857543945e+00 7.909119129180908203e-01 2.963672876358032227e+00
2.104136848449707031e+01 3.756179571151733398e+00 7.907135486602783203e-01 2.965466260910034180e+00
2.106177711486816406e+01 3.759098291397094727e+00 7.905157208442687988e-01 2.968582391738891602e+00
2.108218574523925781e+01 3.757246732711791992e+00 7.914537787437438965e-01 2.965792894363403320e+00
2.110259437561035156e+01 3.757148742675781250e+00 7.901210784912109375e-01 2.967028141021728516e+00
2.112300491333007812e+01 3.756508350372314453e+00 7.910576462745666504e-01 2.965450286865234375e+00
2.114341354370117188e+01 3.757959604263305664e+00 7.897279262542724609e-01 2.968231678009033203e+00
2.116382217407226562e+01 3.756109714508056641e+00 7.889663577079772949e-01 2.967143058776855469e+00
2.118423080444335938e+01 3.756280422210693359e+00 7.887713313102722168e-01 2.967509031295776367e+00
2.120463943481445312e+01 3.757363080978393555e+00 7.874476909637451172e-01 2.969915390014648438e+00
2.122504615783691406e+01 3.759124040603637695e+00 7.883824110031127930e-01 2.970741987228393555e+00
2.124545478820800781e+01 3.756216287612915039e+00 7.870616912841796875e-01 2.969154596328735352e+00
2.126586532592773438e+01 3.747859239578247070e+00 7.834920287132263184e-01 2.964367389678955078e+00
2.128627395629882812e+01 3.750889062881469727e+00 7.861147522926330566e-01 2.964774370193481445e+00
2.130668258666992188e+01 3.753445386886596680e+00 7.859235405921936035e-01 2.967521905899047852e+00
2.132709121704101562e+01 3.754324436187744141e+00 7.840489745140075684e-01 2.970275878906250000e+00
2.134749984741210938e+01 3.754611968994140625e+00 7.861028909683227539e-01 2.968509435653686523e+00
2.136790847778320312e+01 3.753577470779418945e+00 7.842317819595336914e-01 2.969345808029174805e+00
2.138831710815429688e+01 3.749836683273315430e+00 7.857220172882080078e-01 2.964114427566528320e+00
2.140872573852539062e+01 3.752905607223510742e+00 7.832956314086914062e-01 2.969609975814819336e+00
2.142913436889648438e+01 3.746275186538696289e+00 7.831081748008728027e-01 2.963166952133178711e+00
2.144954490661621094e+01 3.745153665542602539e+00 7.806890010833740234e-01 2.964464902877807617e+00
2.146995162963867188e+01 3.743154764175415039e+00 7.805044651031494141e-01 2.962650299072265625e+00
2.149036026000976562e+01 3.733980655670166016e+00 7.814341783523559570e-01 2.952546358108520508e+00
2.151076889038085938e+01 3.735363006591796875e+00 7.767975926399230957e-01 2.958565711975097656e+00
2.153117752075195312e+01 3.734924793243408203e+00 7.771731615066528320e-01 2.957751989364624023e+00
2.155158615112304688e+01 3.728352785110473633e+00 7.742156386375427246e-01 2.954137325286865234e+00
2.157199478149414062e+01 3.723946332931518555e+00 7.740379571914672852e-01 2.949908733367919922e+00
2.159240341186523438e+01 3.717568635940551758e+00 7.749694585800170898e-01 2.942599058151245117e+00
2.161281394958496094e+01 3.708586931228637695e+00 7.714685797691345215e-01 2.937118291854858398e+00
2.163322257995605469e+01 3.705837726593017578e+00 7.685275673866271973e-01 2.937310218811035156e+00
2.165363121032714844e+01 3.703073978424072266e+00 7.672504186630249023e-01 2.935823202133178711e+00
2.167403984069824219e+01 3.692371845245361328e+00 7.632144093513488770e-01 2.929157257080078125e+00
2.169444656372070312e+01 3.684324502944946289e+00 7.630482316017150879e-01 2.921276330947875977e+00
2.171485519409179688e+01 3.673555374145507812e+00 7.612287402153015137e-01 2.912326812744140625e+00
2.173526382446289062e+01 3.675600051879882812e+00 7.610645890235900879e-01 2.914535522460937500e+00
2.175567245483398438e+01 3.667906045913696289e+00 7.575997114181518555e-01 2.910306453704833984e+00
2.177608299255371094e+01 3.660813570022583008e+00 7.546910643577575684e-01 2.906122446060180664e+00
2.179649162292480469e+01 3.648604154586791992e+00 7.506894469261169434e-01 2.897914886474609375e+00
2.181690025329589844e+01 3.635088682174682617e+00 7.510845661163330078e-01 2.884004116058349609e+00
2.185771751403808594e+01 3.624124288558959961e+00 7.491343021392822266e-01 2.874989986419677734e+00
2.187812614440917969e+01 3.617678880691528320e+00 7.484354972839355469e-01 2.869243621826171875e+00
2.189853477478027344e+01 3.616801023483276367e+00 7.477379441261291504e-01 2.869063138961791992e+00
2.191894340515136719e+01 3.610982894897460938e+00 7.464957237243652344e-01 2.864487409591674805e+00
2.193935203552246094e+01 3.606899261474609375e+00 7.468924522399902344e-01 2.860006332397460938e+00
2.195976066589355469e+01 3.607932329177856445e+00 7.451081275939941406e-01 2.862823963165283203e+00
2.198016929626464844e+01 3.595729827880859375e+00 7.438717484474182129e-01 2.851858139038085938e+00
2.200057792663574219e+01 3.595927953720092773e+00 7.442698478698730469e-01 2.851658105850219727e+00
2.202098655700683594e+01 3.586997509002685547e+00 7.430364489555358887e-01 2.843961238861083984e+00
2.204139518737792969e+01 3.587204933166503906e+00 7.423484921455383301e-01 2.844856500625610352e+00
2.206180381774902344e+01 3.581201791763305664e+00 7.422043085098266602e-01 2.838997602462768555e+00
2.208221244812011719e+01 3.577968358993530273e+00 7.420604228973388672e-01 2.835908174514770508e+00
2.210262298583984375e+01 3.572688579559326172e+00 7.419167757034301758e-01 2.830771923065185547e+00
2.212303161621093750e+01 3.572881698608398438e+00 7.417733073234558105e-01 2.831108093261718750e+00
2.214344024658203125e+01 3.571983814239501953e+00 7.421708106994628906e-01 2.829813003540039062e+00
2.216384696960449219e+01 3.563846349716186523e+00 7.404072880744934082e-01 2.823439359664916992e+00
2.218425559997558594e+01 3.563966274261474609e+00 7.408052682876586914e-01 2.823160886764526367e+00
2.220466423034667969e+01 3.558970928192138672e+00 7.406634688377380371e-01 2.818307399749755859e+00
2.222507286071777344e+01 3.554459333419799805e+00 7.389062047004699707e-01 2.815553665161132812e+00
2.224548149108886719e+01 3.557190418243408203e+00 7.403805255889892578e-01 2.816809892654418945e+00
2.226589202880859375e+01 3.551628589630126953e+00 7.380892038345336914e-01 2.813539028167724609e+00
2.228630065917968750e+01 3.548930168151855469e+00 7.384874820709228516e-01 2.810442924499511719e+00
2.230670928955078125e+01 3.545631885528564453e+00 7.378118634223937988e-01 2.807819843292236328e+00
2.232711791992187500e+01 3.545442819595336914e+00 7.376734614372253418e-01 2.807769536972045898e+00
2.234752655029296875e+01 3.548283815383911133e+00 7.391422390937805176e-01 2.809141397476196289e+00
2.236793518066406250e+01 3.543648719787597656e+00 7.363273501396179199e-01 2.807321310043334961e+00
2.238834190368652344e+01 3.542274236679077148e+00 7.356561422348022461e-01 2.806618452072143555e+00
2.240875053405761719e+01 3.537433385848999023e+00 7.344520688056945801e-01 2.802981138229370117e+00
2.242916107177734375e+01 3.541054964065551758e+00 7.353847026824951172e-01 2.805670499801635742e+00
2.244956970214843750e+01 3.541235685348510742e+00 7.347161769866943359e-01 2.806519269943237305e+00
2.246997833251953125e+01 3.536958217620849609e+00 7.345815896987915039e-01 2.802376985549926758e+00
2.249038696289062500e+01 3.539574623107910156e+00 7.339149713516235352e-01 2.805659770965576172e+00
2.251079559326171875e+01 3.539768695831298828e+00 7.337812781333923340e-01 2.805987119674682617e+00
2.253120422363281250e+01 3.539847373962402344e+00 7.325854301452636719e-01 2.807261466979980469e+00
2.255161285400390625e+01 3.537133932113647461e+00 7.319224476814270020e-01 2.805211782455444336e+00
2.257202148437500000e+01 3.538829565048217773e+00 7.317909002304077148e-01 2.807038307189941406e+00
2.259243011474609375e+01 3.535904884338378906e+00 7.300702333450317383e-01 2.805834770202636719e+00
2.261283874511718750e+01 3.537885189056396484e+00 7.309994101524353027e-01 2.806885957717895508e+00
2.263324737548828125e+01 3.544137954711914062e+00 7.308690547943115234e-01 2.813268899917602539e+00
2.265365600585937500e+01 3.541001796722412109e+00 7.296823263168334961e-01 2.811319351196289062e+00
2.267406463623046875e+01 3.543370246887207031e+00 7.290255427360534668e-01 2.814344406127929688e+00
2.269447326660156250e+01 3.545607805252075195e+00 7.283698916435241699e-01 2.817238092422485352e+00
2.271488189697265625e+01 3.546028852462768555e+00 7.287693619728088379e-01 2.817259311676025391e+00
2.273529052734375000e+01 3.550274610519409180e+00 7.281151413917541504e-01 2.822159528732299805e+00
2.275570106506347656e+01 3.552847385406494141e+00 7.285140752792358398e-01 2.824333667755126953e+00
2.277610969543457031e+01 3.552522420883178711e+00 7.273358106613159180e-01 2.825186252593994141e+00
2.279651832580566406e+01 3.556424856185913086e+00 7.266846299171447754e-01 2.829740047454833984e+00
2.281692695617675781e+01 3.564023256301879883e+00 7.276084423065185547e-01 2.836414813995361328e+00
2.283733558654785156e+01 3.564147472381591797e+00 7.280064821243286133e-01 2.836141109466552734e+00
2.285774230957031250e+01 3.564453363418579102e+00 7.263091802597045898e-01 2.838144302368164062e+00
2.287815093994140625e+01 3.567373275756835938e+00 7.267076373100280762e-01 2.840665578842163086e+00
2.289855957031250000e+01 3.567484855651855469e+00 7.255372405052185059e-01 2.841947793960571289e+00
2.291897010803222656e+01 3.569350004196166992e+00 7.264578938484191895e-01 2.842892169952392578e+00
2.293937873840332031e+01 3.571405172348022461e+00 7.268551588058471680e-01 2.844550132751464844e+00
2.295978736877441406e+01 3.570326805114746094e+00 7.262091040611267090e-01 2.844117641448974609e+00
2.298019599914550781e+01 3.573695659637451172e+00 7.266058325767517090e-01 2.847089767456054688e+00
2.300060462951660156e+01 3.567376136779785156e+00 7.254407405853271484e-01 2.841935157775878906e+00
2.302101325988769531e+01 3.577231407165527344e+00 7.273973226547241211e-01 2.849833726882934570e+00
2.304142189025878906e+01 3.574588298797607422e+00 7.262335419654846191e-01 2.848354816436767578e+00
2.316387367248535156e+01 3.585690021514892578e+00 7.265282869338989258e-01 2.859161853790283203e+00
2.318428230285644531e+01 3.555251359939575195e+00 7.253724932670593262e-01 2.829878568649291992e+00
2.320469093322753906e+01 3.548303365707397461e+00 7.247345447540283203e-01 2.823568582534790039e+00
2.328632736206054688e+01 3.533892393112182617e+00 7.211657762527465820e-01 2.812726736068725586e+00
2.334755134582519531e+01 3.518423795700073242e+00 7.197872996330261230e-01 2.798636674880981445e+00
2.336795997619628906e+01 3.519491672515869141e+00 7.176219820976257324e-01 2.801869869232177734e+00
2.338836860656738281e+01 3.502918958663940430e+00 7.180193066596984863e-01 2.784899950027465820e+00
2.342918777465820312e+01 3.503554821014404297e+00 7.193228602409362793e-01 2.784231901168823242e+00
2.357204818725585938e+01 3.474833726882934570e+00 7.063308954238891602e-01 2.768502473831176758e+00
2.359245681762695312e+01 3.511526584625244141e+00 7.057198882102966309e-01 2.805806159973144531e+00
2.361286544799804688e+01 3.467645645141601562e+00 7.005477547645568848e-01 2.767097711563110352e+00
2.369449996948242188e+01 3.439662933349609375e+00 6.981341242790222168e-01 2.741528511047363281e+00
2.371490859985351562e+01 3.449464797973632812e+00 6.995522975921630859e-01 2.749912738800048828e+00
2.373531723022460938e+01 3.452820777893066406e+00 6.999593377113342285e-01 2.752861499786376953e+00
2.375572776794433594e+01 3.450404882431030273e+00 7.003656625747680664e-01 2.750039339065551758e+00
2.377613449096679688e+01 3.462007761001586914e+00 7.012748718261718750e-01 2.760733127593994141e+00
2.379654312133789062e+01 3.453742980957031250e+00 7.006734609603881836e-01 2.753069400787353516e+00
2.381695175170898438e+01 3.444889068603515625e+00 7.000730037689208984e-01 2.744815826416015625e+00
2.383736038208007812e+01 3.445331573486328125e+00 6.999757885932922363e-01 2.745355606079101562e+00
2.387817764282226562e+01 3.440674066543579102e+00 6.987792253494262695e-01 2.741894721984863281e+00
2.389858627319335938e+01 3.445703268051147461e+00 7.006867527961730957e-01 2.745016336441040039e+00
2.393940544128417969e+01 3.451591253280639648e+00 7.029919624328613281e-01 2.748599529266357422e+00
2.400063133239746094e+01 3.450764656066894531e+00 7.031935453414916992e-01 2.747571468353271484e+00
2.402103805541992188e+01 3.449122428894042969e+00 7.025961279869079590e-01 2.746526241302490234e+00
2.406185722351074219e+01 3.447178125381469727e+00 7.028965950012207031e-01 2.744281291961669922e+00
2.408226585388183594e+01 3.450167179107666016e+00 7.057800889015197754e-01 2.744386911392211914e+00
2.410267448425292969e+01 3.447613954544067383e+00 7.036926746368408203e-01 2.743920803070068359e+00
2.412308311462402344e+01 3.453379154205322266e+00 7.050820589065551758e-01 2.748296976089477539e+00
2.414349174499511719e+01 3.450654745101928711e+00 7.059733867645263672e-01 2.744681596755981445e+00
2.420471763610839844e+01 3.453811645507812500e+00 7.056711316108703613e-01 2.748140335083007812e+00
2.426594352722167969e+01 3.448045969009399414e+00 7.038906812667846680e-01 2.744154930114746094e+00
2.428635215759277344e+01 3.457216501235961914e+00 7.057633996009826660e-01 2.751452684402465820e+00
2.430676078796386719e+01 3.454607248306274414e+00 7.051708102226257324e-01 2.749436378479003906e+00
2.434757804870605469e+01 3.454652786254882812e+00 7.015305757522583008e-01 2.753122091293334961e+00
2.444962310791015625e+01 3.444488048553466797e+00 7.025191187858581543e-01 2.741968631744384766e+00
2.447002983093261719e+01 3.445639133453369141e+00 7.014441490173339844e-01 2.744195222854614258e+00
2.451084709167480469e+01 3.446223735809326172e+00 7.002760171890258789e-01 2.745947837829589844e+00
2.457207489013671875e+01 3.430425405502319336e+00 6.970697045326232910e-01 2.733355522155761719e+00
2.459248352050781250e+01 3.450009346008300781e+00 6.955178380012512207e-01 2.754491329193115234e+00
2.463330078125000000e+01 3.420001268386840820e+00 6.943653821945190430e-01 2.725635766983032227e+00
2.465370941162109375e+01 3.413200855255126953e+00 6.942760348320007324e-01 2.718924999237060547e+00
2.471493530273437500e+01 3.414319515228271484e+00 6.925561428070068359e-01 2.721762895584106445e+00
2.473534393310546875e+01 3.416291236877441406e+00 6.939203739166259766e-01 2.722370624542236328e+00
2.483738708496093750e+01 3.400186777114868164e+00 6.925151348114013672e-01 2.707671642303466797e+00
2.485779571533203125e+01 3.405236482620239258e+00 6.938726305961608887e-01 2.711364030838012695e+00
2.487820434570312500e+01 3.407902002334594727e+00 6.957090497016906738e-01 2.712193012237548828e+00
2.489861488342285156e+01 3.410832881927490234e+00 6.941773295402526855e-01 2.716655731201171875e+00
2.491902351379394531e+01 3.407079219818115234e+00 6.945694684982299805e-01 2.712509870529174805e+00
2.493943023681640625e+01 3.410932064056396484e+00 6.959208846092224121e-01 2.715011119842529297e+00
2.502106475830078125e+01 3.405310869216918945e+00 6.993908882141113281e-01 2.705920457839965820e+00
2.504147338867187500e+01 3.402031898498535156e+00 6.992989182472229004e-01 2.702732563018798828e+00
2.506188392639160156e+01 3.398775815963745117e+00 6.987294554710388184e-01 2.700046300888061523e+00
2.508229255676269531e+01 3.409328699111938477e+00 7.005469202995300293e-01 2.708782434463500977e+00
2.510270118713378906e+01 3.403547763824462891e+00 7.018846869468688965e-01 2.701663494110107422e+00
2.512310981750488281e+01 3.410700559616088867e+00 7.027438282966613770e-01 2.707956552505493164e+00
2.514351844787597656e+01 3.432849407196044922e+00 7.045536637306213379e-01 2.728295803070068359e+00
2.516392517089843750e+01 3.415704965591430664e+00 7.039822936058044434e-01 2.711722850799560547e+00
2.518433380126953125e+01 3.414129734039306641e+00 7.053129076957702637e-01 2.708816528320312500e+00
2.520474243164062500e+01 3.417276144027709961e+00 7.066413164138793945e-01 2.710634469985961914e+00
2.522515296936035156e+01 3.424742221832275391e+00 7.074931859970092773e-01 2.717249393463134766e+00
2.524556159973144531e+01 3.427464485168457031e+00 7.092918753623962402e-01 2.718172550201416016e+00
2.526597023010253906e+01 3.429494619369506836e+00 7.096664309501647949e-01 2.719828367233276367e+00
2.528637886047363281e+01 3.436383485794067383e+00 7.109870314598083496e-01 2.725396394729614258e+00
2.530678749084472656e+01 3.438025236129760742e+00 7.118326425552368164e-01 2.726192712783813477e+00
2.532719612121582031e+01 3.444757461547851562e+00 7.136220335960388184e-01 2.731135129928588867e+00
2.534760475158691406e+01 3.446905374526977539e+00 7.139918208122253418e-01 2.732913494110107422e+00
2.536801338195800781e+01 3.458485603332519531e+00 7.153048515319824219e-01 2.743180274963378906e+00
2.538842201232910156e+01 3.455368041992187500e+00 7.156726717948913574e-01 2.739695549011230469e+00
2.540883064270019531e+01 3.457965612411499023e+00 7.174533009529113770e-01 2.740512609481811523e+00
2.542923927307128906e+01 3.462279319763183594e+00 7.173482179641723633e-01 2.744931459426879883e+00
2.544964790344238281e+01 3.466936349868774414e+00 7.181839346885681152e-01 2.748752355575561523e+00
2.547005653381347656e+01 3.468581676483154297e+00 7.185483574867248535e-01 2.750033140182495117e+00
2.549046516418457031e+01 3.472234010696411133e+00 7.189121246337890625e-01 2.753322124481201172e+00
2.551087379455566406e+01 3.476340293884277344e+00 7.197446227073669434e-01 2.756595373153686523e+00
2.553128242492675781e+01 3.479794263839721680e+00 7.201068997383117676e-01 2.759687423706054688e+00
2.555169296264648438e+01 3.479704856872558594e+00 7.218739986419677734e-01 2.757831096649169922e+00
2.557210159301757812e+01 3.484219074249267578e+00 7.217658758163452148e-01 2.762452602386474609e+00
2.559251022338867188e+01 3.488862514495849609e+00 7.230611443519592285e-01 2.765801429748535156e+00
2.561291885375976562e+01 3.494687795639038086e+00 7.234196662902832031e-01 2.771267890930175781e+00
2.563332557678222656e+01 3.490624666213989258e+00 7.228437066078186035e-01 2.767781019210815430e+00
2.565373420715332031e+01 3.487176656723022461e+00 7.227352261543273926e-01 2.764441490173339844e+00
2.567414283752441406e+01 3.489190101623535156e+00 7.235593199729919434e-01 2.765630960464477539e+00
2.569455146789550781e+01 3.489592075347900391e+00 7.239163517951965332e-01 2.765675544738769531e+00
2.571496200561523438e+01 3.489265680313110352e+00 7.238072156906127930e-01 2.765458822250366211e+00
2.573537063598632812e+01 3.488170862197875977e+00 7.241634130477905273e-01 2.764007329940795898e+00
2.575577926635742188e+01 3.487797260284423828e+00 7.249838113784790039e-01 2.762813568115234375e+00
2.577618789672851562e+01 3.484562158584594727e+00 7.239454388618469238e-01 2.760616779327392578e+00
2.579659652709960938e+01 3.481913328170776367e+00 7.233726978302001953e-01 2.758540630340576172e+00
2.581700515747070312e+01 3.479448318481445312e+00 7.232644557952880859e-01 2.756183147430419922e+00
2.583741378784179688e+01 3.474390745162963867e+00 7.236196994781494141e-01 2.750771045684814453e+00
2.585782241821289062e+01 3.473082542419433594e+00 7.225856781005859375e-01 2.750497102737426758e+00
2.587823104858398438e+01 3.470711946487426758e+00 7.224783897399902344e-01 2.748233556747436523e+00
2.589863967895507812e+01 3.468511343002319336e+00 7.232956290245056152e-01 2.745215654373168945e+00
2.591904830932617188e+01 3.459743976593017578e+00 7.213405966758728027e-01 2.738403558731079102e+00
2.593945693969726562e+01 3.456579446792602539e+00 7.189273238182067871e-01 2.737652301788330078e+00
2.595986557006835938e+01 3.453049898147583008e+00 7.192842364311218262e-01 2.733765840530395508e+00
2.598027420043945312e+01 3.449433565139770508e+00 7.191799283027648926e-01 2.730253696441650391e+00
2.600068283081054688e+01 3.444936752319335938e+00 7.181550860404968262e-01 2.726781606674194336e+00
2.602109146118164062e+01 3.434001207351684570e+00 7.157518267631530762e-01 2.718249797821044922e+00
2.604150009155273438e+01 3.435615777969360352e+00 7.165698409080505371e-01 2.719045877456665039e+00
2.606191062927246094e+01 3.431023120880126953e+00 7.155494093894958496e-01 2.715473890304565430e+00
2.608231925964355469e+01 3.426284074783325195e+00 7.149894833564758301e-01 2.711294174194335938e+00
2.610272598266601562e+01 3.421665906906127930e+00 7.130548357963562012e-01 2.708611011505126953e+00
2.612313461303710938e+01 3.415509462356567383e+00 7.124977111816406250e-01 2.703012228012084961e+00
2.614354324340820312e+01 3.411154508590698242e+00 7.105680108070373535e-01 2.700586557388305664e+00
2.616395187377929688e+01 3.409152030944824219e+00 7.090987563133239746e-01 2.700052976608276367e+00
2.618436050415039062e+01 3.403537273406982422e+00 7.085461020469665527e-01 2.694991111755371094e+00
2.620477104187011719e+01 3.399144649505615234e+00 7.075375318527221680e-01 2.691606760025024414e+00
2.622517967224121094e+01 3.394931793212890625e+00 7.051612138748168945e-01 2.689770936965942383e+00
2.624558830261230469e+01 3.392390012741088867e+00 7.046128511428833008e-01 2.687776803970336914e+00
2.626599693298339844e+01 3.387234210968017578e+00 7.026982903480529785e-01 2.684535980224609375e+00
2.628640556335449219e+01 3.382606029510498047e+00 7.012420296669006348e-01 2.681363582611083984e+00
2.630681419372558594e+01 3.381902456283569336e+00 6.993329524993896484e-01 2.682569503784179688e+00
2.632722091674804688e+01 3.379178524017333984e+00 6.983362436294555664e-01 2.680841922760009766e+00
2.634762954711914062e+01 3.375588655471801758e+00 6.959781646728515625e-01 2.679610013961791992e+00
2.636804008483886719e+01 3.373670339584350586e+00 6.945316195487976074e-01 2.679138660430908203e+00
2.638844871520996094e+01 3.371778726577758789e+00 6.930872201919555664e-01 2.678691625595092773e+00
2.640885734558105469e+01 3.369161605834960938e+00 6.911919116973876953e-01 2.677969932556152344e+00
2.642926597595214844e+01 3.367450714111328125e+00 6.897523999214172363e-01 2.677698373794555664e+00
2.644967460632324219e+01 3.366825580596923828e+00 6.878625750541687012e-01 2.678962945938110352e+00
2.647008323669433594e+01 3.365278720855712891e+00 6.864277720451354980e-01 2.678851127624511719e+00
2.649049186706542969e+01 3.364559173583984375e+00 6.845434308052062988e-01 2.680015563964843750e+00
2.651090049743652344e+01 3.365763664245605469e+00 6.835649609565734863e-01 2.682198524475097656e+00
2.653130912780761719e+01 3.363627910614013672e+00 6.821368336677551270e-01 2.681491136550903320e+00
2.655171966552734375e+01 3.364639997482299805e+00 6.802601218223571777e-01 2.684380054473876953e+00
2.657212638854980469e+01 3.362682104110717773e+00 6.783863306045532227e-01 2.684296131134033203e+00
2.659253501892089844e+01 3.365184068679809570e+00 6.783157587051391602e-01 2.686868667602539062e+00
2.661294364929199219e+01 3.365750312805175781e+00 6.773458719253540039e-01 2.688404560089111328e+00
2.663335227966308594e+01 3.365249872207641602e+00 6.741302609443664551e-01 2.691119194030761719e+00
2.665376091003417969e+01 3.366740226745605469e+00 6.740632057189941406e-01 2.692677259445190430e+00
2.667416954040527344e+01 3.367717504501342773e+00 6.730986833572387695e-01 2.694618940353393555e+00
2.669458007812500000e+01 3.368740320205688477e+00 6.721357107162475586e-01 2.696604728698730469e+00
2.671498870849609375e+01 3.368616342544555664e+00 6.716222167015075684e-01 2.696994066238403320e+00
2.673539733886718750e+01 3.371124267578125000e+00 6.697664260864257812e-01 2.701358079910278320e+00
2.675580596923828125e+01 3.371721744537353516e+00 6.688081622123718262e-01 2.702913522720336914e+00
2.677621459960937500e+01 3.372100353240966797e+00 6.669573783874511719e-01 2.705142736434936523e+00
2.679662132263183594e+01 3.374442100524902344e+00 6.668960452079772949e-01 2.707546234130859375e+00
2.681702995300292969e+01 3.375529289245605469e+00 6.663885116577148438e-01 2.709141254425048828e+00
2.683743858337402344e+01 3.375722885131835938e+00 6.658817529678344727e-01 2.709841251373291016e+00
2.685784912109375000e+01 3.375959396362304688e+00 6.653757691383361816e-01 2.710583686828613281e+00
2.687825775146484375e+01 3.379658460617065430e+00 6.648705601692199707e-01 2.714787721633911133e+00
2.689866638183593750e+01 3.379944324493408203e+00 6.639211773872375488e-01 2.716023206710815430e+00
2.691907501220703125e+01 3.378834009170532227e+00 6.629731655120849609e-01 2.715861082077026367e+00
2.693948364257812500e+01 3.378136157989501953e+00 6.629152297973632812e-01 2.715220928192138672e+00
2.695989227294921875e+01 3.377203464508056641e+00 6.619693636894226074e-01 2.715234041213989258e+00
2.698030090332031250e+01 3.377901792526245117e+00 6.619123220443725586e-01 2.715989351272583008e+00
2.700070953369140625e+01 3.378787517547607422e+00 6.618552207946777344e-01 2.716932773590087891e+00
2.702111816406250000e+01 3.376362085342407227e+00 6.609124541282653809e-01 2.715449571609497070e+00
2.704152679443359375e+01 3.374717473983764648e+00 6.599709987640380859e-01 2.714746475219726562e+00
2.706193542480468750e+01 3.373368024826049805e+00 6.594732999801635742e-01 2.713894605636596680e+00
2.708234405517578125e+01 3.372924566268920898e+00 6.589763164520263672e-01 2.713948249816894531e+00
2.710275268554687500e+01 3.371520519256591797e+00 6.584801077842712402e-01 2.713040351867675781e+00
2.712316131591796875e+01 3.369438648223876953e+00 6.584259271621704102e-01 2.711012601852416992e+00
2.714356994628906250e+01 3.367457389831542969e+00 6.570489406585693359e-01 2.710407733917236328e+00
2.716397857666015625e+01 3.365413665771484375e+00 6.561146378517150879e-01 2.709299325942993164e+00
2.718438720703125000e+01 3.364308595657348633e+00 6.569430232048034668e-01 2.707365274429321289e+00
2.720479774475097656e+01 3.359620571136474609e+00 6.551302075386047363e-01 2.704490900039672852e+00
2.722520446777343750e+01 3.358347415924072266e+00 6.559581160545349121e-01 2.702389240264892578e+00
2.724561500549316406e+01 3.357440710067749023e+00 6.550273895263671875e-01 2.702413320541381836e+00
2.726602172851562500e+01 3.353844642639160156e+00 6.540980935096740723e-01 2.699746608734130859e+00
2.728643226623535156e+01 3.352293491363525391e+00 6.540475487709045410e-01 2.698246002197265625e+00
2.730683898925781250e+01 3.348564386367797852e+00 6.522436738014221191e-01 2.696321010589599609e+00
2.732724952697753906e+01 3.345547199249267578e+00 6.526325941085815430e-01 2.692914485931396484e+00
2.734765815734863281e+01 3.343390941619873047e+00 6.517078876495361328e-01 2.691682338714599609e+00
2.736806488037109375e+01 3.340302944183349609e+00 6.503472328186035156e-01 2.689955711364746094e+00
2.738847541809082031e+01 3.336681604385375977e+00 6.502996087074279785e-01 2.686381340026855469e+00
2.740888214111328125e+01 3.333298921585083008e+00 6.489420533180236816e-01 2.684356689453125000e+00
2.742929267883300781e+01 3.331278324127197266e+00 6.484591364860534668e-01 2.682819843292236328e+00
2.744969940185546875e+01 3.328564643859863281e+00 6.484131217002868652e-01 2.680152177810668945e+00
2.747010993957519531e+01 3.325705051422119141e+00 6.466240882873535156e-01 2.679080963134765625e+00
2.749051666259765625e+01 3.322699546813964844e+00 6.457086801528930664e-01 2.676990747451782227e+00
2.751092720031738281e+01 3.319997310638427734e+00 6.452296376228332520e-01 2.674768209457397461e+00
2.753133583068847656e+01 3.316792488098144531e+00 6.438818573951721191e-01 2.672910213470458984e+00
2.755174636840820312e+01 3.312884807586669922e+00 6.429704427719116211e-01 2.669914245605468750e+00
2.757215309143066406e+01 3.311344623565673828e+00 6.424945592880249023e-01 2.668850421905517578e+00
2.759256362915039062e+01 3.309179306030273438e+00 6.415854692459106445e-01 2.667593955993652344e+00
2.761297035217285156e+01 3.308943986892700195e+00 6.406778097152709961e-01 2.668265819549560547e+00
2.763337707519531250e+01 3.305359125137329102e+00 6.402046680450439453e-01 2.665154695510864258e+00
2.765378761291503906e+01 3.303568363189697266e+00 6.388665437698364258e-01 2.664701938629150391e+00
2.767419624328613281e+01 3.300351619720458984e+00 6.383954286575317383e-01 2.661956548690795898e+00
2.769460678100585938e+01 3.294809579849243164e+00 6.361961364746093750e-01 2.658613681793212891e+00
2.771501350402832031e+01 3.297947645187377930e+00 6.370233297348022461e-01 2.660924673080444336e+00
2.773542404174804688e+01 3.294270753860473633e+00 6.361229419708251953e-01 2.658147335052490234e+00
2.775583076477050781e+01 3.294243574142456055e+00 6.356552839279174805e-01 2.658588409423828125e+00
2.777624130249023438e+01 3.292864799499511719e+00 6.347572207450866699e-01 2.658107757568359375e+00
2.779664802551269531e+01 3.293868780136108398e+00 6.347218155860900879e-01 2.659147024154663086e+00
2.781705856323242188e+01 3.292177915573120117e+00 6.342561244964599609e-01 2.657921552658081055e+00
2.783746528625488281e+01 3.291850328445434570e+00 6.337911486625671387e-01 2.658058881759643555e+00
2.785787391662597656e+01 3.292354106903076172e+00 6.333268880844116211e-01 2.659027099609375000e+00
2.787828445434570312e+01 3.290753841400146484e+00 6.332925558090209961e-01 2.657461643218994141e+00
2.789869117736816406e+01 3.289774656295776367e+00 6.324002742767333984e-01 2.657374620437622070e+00
2.791910171508789062e+01 3.291064739227294922e+00 6.327954530715942383e-01 2.658269405364990234e+00
2.793950843811035156e+01 3.289864778518676758e+00 6.323332190513610840e-01 2.657531499862670898e+00
2.795991897583007812e+01 3.292088270187377930e+00 6.322997212409973145e-01 2.659788608551025391e+00
2.798032569885253906e+01 3.292903184890747070e+00 6.322663426399230957e-01 2.660636663436889648e+00
2.800073623657226562e+01 3.294840097427368164e+00 6.326603889465332031e-01 2.662180185317993164e+00
2.802114486694335938e+01 3.295978307723999023e+00 6.330540180206298828e-01 2.662924528121948242e+00
2.804155540466308594e+01 3.295646905899047852e+00 6.330200433731079102e-01 2.662626504898071289e+00
2.806196212768554688e+01 3.298094511032104492e+00 6.329862475395202637e-01 2.665107965469360352e+00
2.808236885070800781e+01 3.300154447555541992e+00 6.333787441253662109e-01 2.666775465011596680e+00
2.810277938842773438e+01 3.300928354263305664e+00 6.333446502685546875e-01 2.667583703994750977e+00
2.812318611145019531e+01 3.304581165313720703e+00 6.341618895530700684e-01 2.670419692993164062e+00
2.814359664916992188e+01 3.304433822631835938e+00 6.341273188591003418e-01 2.670306205749511719e+00
2.816400527954101562e+01 3.307039499282836914e+00 6.345177888870239258e-01 2.672521829605102539e+00
2.818441581726074219e+01 3.309166431427001953e+00 6.349076628684997559e-01 2.674258470535278320e+00
2.820482254028320312e+01 3.312032938003540039e+00 6.352970004081726074e-01 2.676735877990722656e+00
2.822523307800292969e+01 3.312587976455688477e+00 6.356858015060424805e-01 2.676902532577514648e+00
2.824563980102539062e+01 3.314754962921142578e+00 6.360740661621093750e-01 2.678680658340454102e+00
2.826605033874511719e+01 3.316532611846923828e+00 6.364617347717285156e-01 2.680070877075195312e+00
2.828645706176757812e+01 3.317602634429931641e+00 6.364256739616394043e-01 2.681176900863647461e+00
2.830686378479003906e+01 3.319947957992553711e+00 6.368125677108764648e-01 2.683134794235229492e+00
2.832727432250976562e+01 3.321954727172851562e+00 6.376213431358337402e-01 2.684333324432373047e+00
2.834768295288085938e+01 3.322723627090454102e+00 6.375845670700073242e-01 2.685138940811157227e+00
2.836809349060058594e+01 3.323753595352172852e+00 6.375477910041809082e-01 2.686205387115478516e+00
2.838850021362304688e+01 3.323803186416625977e+00 6.379327178001403809e-01 2.685870885848999023e+00
2.840891075134277344e+01 3.327335357666015625e+00 6.383171081542968750e-01 2.689018249511718750e+00
2.842931747436523438e+01 3.325651645660400391e+00 6.382799148559570312e-01 2.687371969223022461e+00
2.844972801208496094e+01 3.322963953018188477e+00 6.382427215576171875e-01 2.684720754623413086e+00
2.847013473510742188e+01 3.327510833740234375e+00 6.377851963043212891e-01 2.689725875854492188e+00
2.849054527282714844e+01 3.329366445541381836e+00 6.390087604522705078e-01 2.690357923507690430e+00
2.851095390319824219e+01 3.324862957000732422e+00 6.377117633819580078e-01 2.687150955200195312e+00
2.853136062622070312e+01 3.324907302856445312e+00 6.376752257347106934e-01 2.687232494354248047e+00
2.855177116394042969e+01 3.322988748550415039e+00 6.376385092735290527e-01 2.685350179672241211e+00
2.857217788696289062e+01 3.323948144912719727e+00 6.376020908355712891e-01 2.686346054077148438e+00
2.859258842468261719e+01 3.314805030822753906e+00 6.346352100372314453e-01 2.680169820785522461e+00
2.861299514770507812e+01 3.318876266479492188e+00 6.362741589546203613e-01 2.682601928710937500e+00
2.863340568542480469e+01 3.318949222564697266e+00 6.362386941909790039e-01 2.682710886001586914e+00
2.865381431579589844e+01 3.312933683395385742e+00 6.357855796813964844e-01 2.677148342132568359e+00
2.867422294616699219e+01 3.309348583221435547e+00 6.353330016136169434e-01 2.674015760421752930e+00
2.869463157653808594e+01 3.309008836746215820e+00 6.348811388015747070e-01 2.674128293991088867e+00
2.871504211425781250e+01 3.304622888565063477e+00 6.340129971504211426e-01 2.670609474182128906e+00
2.873544883728027344e+01 3.300686359405517578e+00 6.339793205261230469e-01 2.666707038879394531e+00
2.875585937500000000e+01 3.297933101654052734e+00 6.326968073844909668e-01 2.665235996246337891e+00
2.877626609802246094e+01 3.293947458267211914e+00 6.322481632232666016e-01 2.661699056625366211e+00
2.879667282104492188e+01 3.286367893218994141e+00 6.313844323158264160e-01 2.654983758926391602e+00
2.881708335876464844e+01 3.283955335617065430e+00 6.305218338966369629e-01 2.653434038162231445e+00
2.883749198913574219e+01 3.278266906738281250e+00 6.296605467796325684e-01 2.648605823516845703e+00
2.885790252685546875e+01 3.273258924484252930e+00 6.288005113601684570e-01 2.644458055496215820e+00
2.887830924987792969e+01 3.273471593856811523e+00 6.291850805282592773e-01 2.644286394119262695e+00
2.889871978759765625e+01 3.263587236404418945e+00 6.279123425483703613e-01 2.635674715042114258e+00
2.891912651062011719e+01 3.259644269943237305e+00 6.270553469657897949e-01 2.632589101791381836e+00
2.893953704833984375e+01 3.254561424255371094e+00 6.261994838714599609e-01 2.628362417221069336e+00
2.895994377136230469e+01 3.249341487884521484e+00 6.249315738677978516e-01 2.624410152435302734e+00
2.898035430908203125e+01 3.244449138641357422e+00 6.249044537544250488e-01 2.619544744491577148e+00
2.900076293945312500e+01 3.239028930664062500e+00 6.240519881248474121e-01 2.614977121353149414e+00
2.902116966247558594e+01 3.234188795089721680e+00 6.232007741928100586e-01 2.610988378524780273e+00
2.904158020019531250e+01 3.228943109512329102e+00 6.227627992630004883e-01 2.606180191040039062e+00
2.906198692321777344e+01 3.224267482757568359e+00 6.219136118888854980e-01 2.602354049682617188e+00
2.908239746093750000e+01 3.218915700912475586e+00 6.206539869308471680e-01 2.598261833190917969e+00
2.910280418395996094e+01 3.214074611663818359e+00 6.198074817657470703e-01 2.594267129898071289e+00
2.912321472167968750e+01 3.211054801940917969e+00 6.206061244010925293e-01 2.590448617935180664e+00
2.914362144470214844e+01 3.205990552902221680e+00 6.193500757217407227e-01 2.586640596389770508e+00
2.916403198242187500e+01 3.201588153839111328e+00 6.189166307449340820e-01 2.582671165466308594e+00
2.918444061279296875e+01 3.196517467498779297e+00 6.176636219024658203e-01 2.578853607177734375e+00
2.920485115051269531e+01 3.194472551345825195e+00 6.180516481399536133e-01 2.576420783996582031e+00
2.922525787353515625e+01 3.190268278121948242e+00 6.176200509071350098e-01 2.572648048400878906e+00
2.924566459655761719e+01 3.187636375427246094e+00 6.171891093254089355e-01 2.570446968078613281e+00
2.926607513427734375e+01 3.185462474822998047e+00 6.167586445808410645e-01 2.568703651428222656e+00
2.928648185729980469e+01 3.182115554809570312e+00 6.163288950920104980e-01 2.565787315368652344e+00
2.930689239501953125e+01 3.179159402847290039e+00 6.163080930709838867e-01 2.562850952148437500e+00
2.932730102539062500e+01 3.179597854614257812e+00 6.154710650444030762e-01 2.564126968383789062e+00
2.934771156311035156e+01 3.176150560379028320e+00 6.150430440902709961e-01 2.561107397079467773e+00
2.936811828613281250e+01 3.174136877059936523e+00 6.150232553482055664e-01 2.559113502502441406e+00
2.938852882385253906e+01 3.171848535537719727e+00 6.154106855392456055e-01 2.556437253952026367e+00
2.940893554687500000e+01 3.170800447463989258e+00 6.153905987739562988e-01 2.555409669876098633e+00
2.942934608459472656e+01 3.169113874435424805e+00 6.149638295173645020e-01 2.554150342941284180e+00
2.944975280761718750e+01 3.169075012207031250e+00 6.149441599845886230e-01 2.554131031036376953e+00
2.947016143798828125e+01 3.167897939682006836e+00 6.149244904518127441e-01 2.552973270416259766e+00
2.949057197570800781e+01 3.167987108230590820e+00 6.149047613143920898e-01 2.553082227706909180e+00
2.951097869873046875e+01 3.168163299560546875e+00 6.148851513862609863e-01 2.553278446197509766e+00
2.953138923645019531e+01 3.168483257293701172e+00 6.144601702690124512e-01 2.554023504257202148e+00
2.955179595947265625e+01 3.168167829513549805e+00 6.152509450912475586e-01 2.552916765213012695e+00
2.957220649719238281e+01 3.168054103851318359e+00 6.152310967445373535e-01 2.552823066711425781e+00
2.959261322021484375e+01 3.168456792831420898e+00 6.152112483978271484e-01 2.553245067596435547e+00
2.961302375793457031e+01 3.169011354446411133e+00 6.151915192604064941e-01 2.553819417953491211e+00
2.963343048095703125e+01 3.170780181884765625e+00 6.155756711959838867e-01 2.555204629898071289e+00
2.965384101867675781e+01 3.168966054916381836e+00 6.151519417762756348e-01 2.553814649581909180e+00
2.967424964904785156e+01 3.171301603317260742e+00 6.159390211105346680e-01 2.555362462997436523e+00
2.969465637207031250e+01 3.170631885528564453e+00 6.159188151359558105e-01 2.554713010787963867e+00
2.971506690979003906e+01 3.171374559402465820e+00 6.158985495567321777e-01 2.555476188659667969e+00
2.973547363281250000e+01 3.171895503997802734e+00 6.162809133529663086e-01 2.555613994598388672e+00
2.975588417053222656e+01 3.171801328659057617e+00 6.162604689598083496e-01 2.555540561676025391e+00
2.977629089355468750e+01 3.172003030776977539e+00 6.166420578956604004e-01 2.555361032485961914e+00
2.979670143127441406e+01 3.172268629074096680e+00 6.170230507850646973e-01 2.555245637893676758e+00
2.981711006164550781e+01 3.171367406845092773e+00 6.170022487640380859e-01 2.554364919662475586e+00
2.983752059936523438e+01 3.170241832733154297e+00 6.169813275337219238e-01 2.553260326385498047e+00
2.985792732238769531e+01 3.169903516769409180e+00 6.173614263534545898e-01 2.552542209625244141e+00
2.987833786010742188e+01 3.168704748153686523e+00 6.177408695220947266e-01 2.550964117050170898e+00
2.989874458312988281e+01 3.166728496551513672e+00 6.169189810752868652e-01 2.549809217453002930e+00
2.991915130615234375e+01 3.164777755737304688e+00 6.176983118057250977e-01 2.547079324722290039e+00
2.993956184387207031e+01 3.163446426391601562e+00 6.180768609046936035e-01 2.545369863510131836e+00
2.995997047424316406e+01 3.160778999328613281e+00 6.184548735618591309e-01 2.542324542999267578e+00
2.998037910461425781e+01 3.159214258193969727e+00 6.184330582618713379e-01 2.540781497955322266e+00
3.000078773498535156e+01 3.156170129776000977e+00 6.188103556632995605e-01 2.537359952926635742e+00
3.002119827270507812e+01 3.151525735855102539e+00 6.191870570182800293e-01 2.532338619232177734e+00
3.004160499572753906e+01 3.149191141128540039e+00 6.191648840904235840e-01 2.530026674270629883e+00
3.006201553344726562e+01 3.146884679794311523e+00 6.195407509803771973e-01 2.527343988418579102e+00
3.008242225646972656e+01 3.140855073928833008e+00 6.195183992385864258e-01 2.521336793899536133e+00
3.010283279418945312e+01 3.136883974075317383e+00 6.194959878921508789e-01 2.517388105392456055e+00
3.012323951721191406e+01 3.132377862930297852e+00 6.198709607124328613e-01 2.512506723403930664e+00
3.014365005493164062e+01 3.127650737762451172e+00 6.202454566955566406e-01 2.507404565811157227e+00
3.016405868530273438e+01 3.123240709304809570e+00 6.194289922714233398e-01 2.503811836242675781e+00
3.018446540832519531e+01 3.118772268295288086e+00 6.198032498359680176e-01 2.498968601226806641e+00
3.020487594604492188e+01 3.111794710159301758e+00 6.193844676017761230e-01 2.492410421371459961e+00
3.022528266906738281e+01 3.105912923812866211e+00 6.189662814140319824e-01 2.486947298049926758e+00
3.024569320678710938e+01 3.099885463714599609e+00 6.185485720634460449e-01 2.481336832046508789e+00
3.026609992980957031e+01 3.093447446823120117e+00 6.177360415458679199e-01 2.475711107254028320e+00
3.028651046752929688e+01 3.087106227874755859e+00 6.165293455123901367e-01 2.470576763153076172e+00
3.030691909790039062e+01 3.079908132553100586e+00 6.141394376754760742e-01 2.465768575668334961e+00
3.032732963562011719e+01 3.073905706405639648e+00 6.121475100517272949e-01 2.461757659912109375e+00
3.034773635864257812e+01 3.064121961593627930e+00 6.089749336242675781e-01 2.455147743225097656e+00
3.036814689636230469e+01 3.057962894439697266e+00 6.073831915855407715e-01 2.450579643249511719e+00
3.038855361938476562e+01 3.049964189529418945e+00 6.057936549186706543e-01 2.444170236587524414e+00
3.040896034240722656e+01 3.047080278396606445e+00 6.061743497848510742e-01 2.440905570983886719e+00
3.042937088012695312e+01 3.043476819992065430e+00 6.061611175537109375e-01 2.437315225601196289e+00
3.044977760314941406e+01 3.037949562072753906e+00 6.077203750610351562e-01 2.430228948593139648e+00
3.047018814086914062e+01 3.036295652389526367e+00 6.084917187690734863e-01 2.427803754806518555e+00
3.049059677124023438e+01 3.032453060150146484e+00 6.088696122169494629e-01 2.423583745956420898e+00
3.051100730895996094e+01 3.033252477645874023e+00 6.092469096183776855e-01 2.424005508422851562e+00
3.053141403198242188e+01 3.028873205184936523e+00 6.107999086380004883e-01 2.418073177337646484e+00
3.055182456970214844e+01 3.025302410125732422e+00 6.111753582954406738e-01 2.414126873016357422e+00
3.057223129272460938e+01 3.023529052734375000e+00 6.119419336318969727e-01 2.411586999893188477e+00
3.059264183044433594e+01 3.021662950515747070e+00 6.123162508010864258e-01 2.409346818923950195e+00
3.061304855346679688e+01 3.019556283950805664e+00 6.130810379981994629e-01 2.406475305557250977e+00
3.063345718383789062e+01 3.017734050750732422e+00 6.130633354187011719e-01 2.404670715332031250e+00
3.065386772155761719e+01 3.016844511032104492e+00 6.134361028671264648e-01 2.403408765792846680e+00
3.067427444458007812e+01 3.016306161880493164e+00 6.138083934783935547e-01 2.402497529983520508e+00
3.069468498229980469e+01 3.015631198883056641e+00 6.141802072525024414e-01 2.401451587677001953e+00
3.071509170532226562e+01 3.015537023544311523e+00 6.145514845848083496e-01 2.400985956192016602e+00
3.073550224304199219e+01 3.015082597732543945e+00 6.145328283309936523e-01 2.400549650192260742e+00
3.075590896606445312e+01 3.015193223953247070e+00 6.149033904075622559e-01 2.400289773941040039e+00
3.077631950378417969e+01 3.013903379440307617e+00 6.137177944183349609e-01 2.400185585021972656e+00
3.079672813415527344e+01 3.014218330383300781e+00 6.140884160995483398e-01 2.400129556655883789e+00
3.081713676452636719e+01 3.013918399810791016e+00 6.144585609436035156e-01 2.399459600448608398e+00
3.083754539489746094e+01 3.013375282287597656e+00 6.140519380569458008e-01 2.399322986602783203e+00
3.085795211791992188e+01 3.012916088104248047e+00 6.132579445838928223e-01 2.399657726287841797e+00
3.087836265563964844e+01 3.010869503021240234e+00 6.113020181655883789e-01 2.399567604064941406e+00
3.089876937866210938e+01 3.007880210876464844e+00 6.077992916107177734e-01 2.400081157684326172e+00
3.091917991638183594e+01 3.005331277847290039e+00 6.031396389007568359e-01 2.402191638946533203e+00
3.093958663940429688e+01 3.003122329711914062e+00 5.973256826400756836e-01 2.405796289443969727e+00
3.095999717712402344e+01 3.003647327423095703e+00 5.903595089912414551e-01 2.413287878036499023e+00
3.098040580749511719e+01 3.008225440979003906e+00 5.841751694679260254e-01 2.424050331115722656e+00
3.100081634521484375e+01 3.020812749862670898e+00 5.880377292633056641e-01 2.432775259017944336e+00
3.102122306823730469e+01 3.026116371154785156e+00 5.961395502090454102e-01 2.429976701736450195e+00
3.104163360595703125e+01 3.018012762069702148e+00 5.957475900650024414e-01 2.422265291213989258e+00
3.106204032897949219e+01 3.003170967102050781e+00 5.784011483192443848e-01 2.424769639968872070e+00
3.108244705200195312e+01 3.006766319274902344e+00 5.714747905731201172e-01 2.435291528701782227e+00
3.110285758972167969e+01 3.012453794479370117e+00 5.764875411987304688e-01 2.435966491699218750e+00
3.112326622009277344e+01 3.019512176513671875e+00 5.830320715904235840e-01 2.436479806900024414e+00
3.114367675781250000e+01 3.024938821792602539e+00 5.880306959152221680e-01 2.436907768249511719e+00
3.116408348083496094e+01 3.033930063247680664e+00 5.937909483909606934e-01 2.440139055252075195e+00
3.118449401855468750e+01 3.041584730148315430e+00 5.995435714721679688e-01 2.442041158676147461e+00
3.120490074157714844e+01 3.046358585357666016e+00 6.014529466629028320e-01 2.444905281066894531e+00
3.122531127929687500e+01 3.049025058746337891e+00 5.995265245437622070e-01 2.449498653411865234e+00
3.124571800231933594e+01 3.052493095397949219e+00 5.899410843849182129e-01 2.462551832199096680e+00
3.126612854003906250e+01 3.033100605010986328e+00 5.673518776893615723e-01 2.465748786926269531e+00
3.128653526306152344e+01 3.014148950576782227e+00 5.470876693725585938e-01 2.467061281204223633e+00
3.130694580078125000e+01 3.010285854339599609e+00 5.352611541748046875e-01 2.475025177001953125e+00
3.132735443115234375e+01 3.021070957183837891e+00 5.437003374099731445e-01 2.477370262145996094e+00
3.134776115417480469e+01 3.025752305984497070e+00 5.551831126213073730e-01 2.470569372177124023e+00
3.136817169189453125e+01 3.028131246566772461e+00 5.643615126609802246e-01 2.463769435882568359e+00
3.138857841491699219e+01 3.033642530441284180e+00 5.704773068428039551e-01 2.463165044784545898e+00
3.140898895263671875e+01 3.028573751449584961e+00 5.731552839279174805e-01 2.455418586730957031e+00
3.142939567565917969e+01 3.032387256622314453e+00 5.727831125259399414e-01 2.459604024887084961e+00
3.144980621337890625e+01 3.038592576980590820e+00 5.716501474380493164e-01 2.466942310333251953e+00
3.147021484375000000e+01 3.048789024353027344e+00 5.686171054840087891e-01 2.480172157287597656e+00
3.149062538146972656e+01 3.068290710449218750e+00 5.644475221633911133e-01 2.503843307495117188e+00
3.151103210449218750e+01 3.105840444564819336e+00 5.587640404701232910e-01 2.547076940536499023e+00
3.153144264221191406e+01 3.073416948318481445e+00 5.587819814682006836e-01 2.514635086059570312e+00
3.155184936523437500e+01 3.038278102874755859e+00 5.849758386611938477e-01 2.453302145004272461e+00
3.157225608825683594e+01 3.015720605850219727e+00 5.743616223335266113e-01 2.441358566284179688e+00
3.159266662597656250e+01 3.020457267761230469e+00 5.501216650009155273e-01 2.470335721969604492e+00
3.161307525634765625e+01 3.031067609786987305e+00 5.206122398376464844e-01 2.510455369949340820e+00
3.163348579406738281e+01 3.044578790664672852e+00 4.900057017803192139e-01 2.554573059082031250e+00
3.165389251708984375e+01 3.065598964691162109e+00 4.692702889442443848e-01 2.596328258514404297e+00
3.167430305480957031e+01 3.085284471511840820e+00 4.701015651226043701e-01 2.615183115005493164e+00
3.169470977783203125e+01 3.092387437820434570e+00 4.883038699626922607e-01 2.604083776473999023e+00
3.171512031555175781e+01 3.085093498229980469e+00 5.106341242790222168e-01 2.574459552764892578e+00
3.173552703857421875e+01 3.068237781524658203e+00 5.284097194671630859e-01 2.539827823638916016e+00
3.175593757629394531e+01 3.051478862762451172e+00 5.401316285133361816e-01 2.511347532272338867e+00
3.177634429931640625e+01 3.040884256362915039e+00 5.473184585571289062e-01 2.493565320968627930e+00
3.179675292968750000e+01 3.033373594284057617e+00 5.526137351989746094e-01 2.480760574340820312e+00
3.181716346740722656e+01 3.034193515777587891e+00 5.552688837051391602e-01 2.478924751281738281e+00
3.183757019042968750e+01 3.043239355087280273e+00 5.556648373603820801e-01 2.487574338912963867e+00
3.185798072814941406e+01 3.066473484039306641e+00 5.515516400337219238e-01 2.514922618865966797e+00
3.187838745117187500e+01 3.108715534210205078e+00 5.365550518035888672e-01 2.572160243988037109e+00
3.189879798889160156e+01 3.188226461410522461e+00 5.106956958770751953e-01 2.677530765533447266e+00
3.191920471191406250e+01 3.149205207824707031e+00 5.028693079948425293e-01 2.646335363388061523e+00
3.193961524963378906e+01 3.094949722290039062e+00 5.344021916389465332e-01 2.560547113418579102e+00
3.196002388000488281e+01 3.016929626464843750e+00 5.591536164283752441e-01 2.457775831222534180e+00
3.198043441772460938e+01 2.978936910629272461e+00 5.730192661285400391e-01 2.405917406082153320e+00
3.200083923339843750e+01 2.969578742980957031e+00 5.827529430389404297e-01 2.386825561523437500e+00
3.202124786376953125e+01 2.975222349166870117e+00 5.898575782775878906e-01 2.385364532470703125e+00
3.204166030883789062e+01 2.981541395187377930e+00 5.894818305969238281e-01 2.392059326171875000e+00
3.206206512451171875e+01 2.994205236434936523e+00 5.812668204307556152e-01 2.412938356399536133e+00
3.208247756958007812e+01 3.006247043609619141e+00 5.603771805763244629e-01 2.445869922637939453e+00
3.210288238525390625e+01 3.003648996353149414e+00 5.287016034126281738e-01 2.474947690963745117e+00
3.212329483032226562e+01 3.025268316268920898e+00 5.406618714332580566e-01 2.484606266021728516e+00
3.214369964599609375e+01 3.024925947189331055e+00 5.701087117195129395e-01 2.454817533493041992e+00
3.216411209106445312e+01 2.994452238082885742e+00 5.853768587112426758e-01 2.409075498580932617e+00
3.218451690673828125e+01 2.962913036346435547e+00 5.913281440734863281e-01 2.371584892272949219e+00
3.220492935180664062e+01 2.934947967529296875e+00 5.902100205421447754e-01 2.344737529754638672e+00
3.222533798217773438e+01 2.915783405303955078e+00 5.838932991027832031e-01 2.331890106201171875e+00
3.224574279785156250e+01 2.925718069076538086e+00 5.757286548614501953e-01 2.349989891052246094e+00
3.226615524291992188e+01 2.918684482574462891e+00 5.731385946273803711e-01 2.345546245574951172e+00
3.228656005859375000e+01 2.905329942703247070e+00 5.753714442253112793e-01 2.329958438873291016e+00
3.230697250366210938e+01 2.901705741882324219e+00 5.761194229125976562e-01 2.325587034225463867e+00
3.232737731933593750e+01 2.904533147811889648e+00 5.698316097259521484e-01 2.334701538085937500e+00
3.234778976440429688e+01 2.888539075851440430e+00 5.587412714958190918e-01 2.329798460006713867e+00
3.236819839477539062e+01 2.854354143142700195e+00 5.558004975318908691e-01 2.298553943634033203e+00
3.238860702514648438e+01 2.853629589080810547e+00 5.428851246833801270e-01 2.310744762420654297e+00
3.240901565551757812e+01 2.874871253967285156e+00 5.296167731285095215e-01 2.345254659652709961e+00
3.242942428588867188e+01 2.904659032821655273e+00 5.185797214508056641e-01 2.386079072952270508e+00
3.244983291625976562e+01 2.954405784606933594e+00 5.112451314926147461e-01 2.443160057067871094e+00
3.247023773193359375e+01 3.014236211776733398e+00 5.050257444381713867e-01 2.509210824966430664e+00
3.249065017700195312e+01 2.994416236877441406e+00 5.209180116653442383e-01 2.473498106002807617e+00
3.251105880737304688e+01 2.911226034164428711e+00 5.607215166091918945e-01 2.350504398345947266e+00
3.253146743774414062e+01 2.883517026901245117e+00 5.765590071678161621e-01 2.306957721710205078e+00
3.255187606811523438e+01 2.859801530838012695e+00 5.798746347427368164e-01 2.279927015304565430e+00
3.257228469848632812e+01 2.844202995300292969e+00 5.776738524436950684e-01 2.266529321670532227e+00
3.259269332885742188e+01 2.842123031616210938e+00 5.751086473464965820e-01 2.267014265060424805e+00
3.261310195922851562e+01 2.852658510208129883e+00 5.659403204917907715e-01 2.286718606948852539e+00
3.263351058959960938e+01 2.873138904571533203e+00 5.641192793846130371e-01 2.309019565582275391e+00
3.265391921997070312e+01 2.888169288635253906e+00 5.674322843551635742e-01 2.320737123489379883e+00
3.267432785034179688e+01 2.905838489532470703e+00 5.674442052841186523e-01 2.338393926620483398e+00
3.269473648071289062e+01 2.915648937225341797e+00 5.626967549324035645e-01 2.352952480316162109e+00
3.271514511108398438e+01 2.916315555572509766e+00 5.579553246498107910e-01 2.358360290527343750e+00
3.273555374145507812e+01 2.915347099304199219e+00 5.510258674621582031e-01 2.364321470260620117e+00
3.275596237182617188e+01 2.938094854354858398e+00 5.404508709907531738e-01 2.397643804550170898e+00
3.277637100219726562e+01 2.985775947570800781e+00 5.339061021804809570e-01 2.451869726181030273e+00
3.279677963256835938e+01 3.004404306411743164e+00 5.346687436103820801e-01 2.469735383987426758e+00
3.281718826293945312e+01 3.013356924057006836e+00 5.201116204261779785e-01 2.493244886398315430e+00
3.283759689331054688e+01 3.055790901184082031e+00 4.873471260070800781e-01 2.568444013595581055e+00
3.285800552368164062e+01 3.143392562866210938e+00 4.684661030769348145e-01 2.674926519393920898e+00
3.287841796875000000e+01 3.066869258880615234e+00 4.834656119346618652e-01 2.583403825759887695e+00
3.289882278442382812e+01 3.078965425491333008e+00 5.122721195220947266e-01 2.566693067550659180e+00
3.291923522949218750e+01 3.015343666076660156e+00 5.348615050315856934e-01 2.480481863021850586e+00
3.293964004516601562e+01 2.966217517852783203e+00 5.443414449691772461e-01 2.421876192092895508e+00
3.296004867553710938e+01 2.937114477157592773e+00 5.410991311073303223e-01 2.396015405654907227e+00
3.298045730590820312e+01 2.950744867324829102e+00 5.483857989311218262e-01 2.402359008789062500e+00
3.300086593627929688e+01 2.926849365234375000e+00 5.640056133270263672e-01 2.362843751907348633e+00
3.302127456665039062e+01 2.894529342651367188e+00 5.676442980766296387e-01 2.326885461807250977e+00
3.304168319702148438e+01 2.873689413070678711e+00 5.651201605796813965e-01 2.308569669723510742e+00
3.306209564208984375e+01 2.857797384262084961e+00 5.582547187805175781e-01 2.299542903900146484e+00
3.308250045776367188e+01 2.853209257125854492e+00 5.510360002517700195e-01 2.302173614501953125e+00
3.310291290283203125e+01 2.883506059646606445e+00 5.467187762260437012e-01 2.336787462234497070e+00
3.312331771850585938e+01 2.954008817672729492e+00 5.467433333396911621e-01 2.407265424728393555e+00
3.314373016357421875e+01 2.887581348419189453e+00 5.254604220390319824e-01 2.362120866775512695e+00
3.316413497924804688e+01 2.818571805953979492e+00 4.987899959087371826e-01 2.319781780242919922e+00
3.318454360961914062e+01 2.803735256195068359e+00 5.042544603347778320e-01 2.299480915069580078e+00
3.320495605468750000e+01 2.838475227355957031e+00 5.158401727676391602e-01 2.322635412216186523e+00
3.322536087036132812e+01 2.827998161315917969e+00 4.942683279514312744e-01 2.333729743957519531e+00
3.324577331542968750e+01 2.808060169219970703e+00 5.098063349723815918e-01 2.298253774642944336e+00
3.326617813110351562e+01 2.808855772018432617e+00 5.210075974464416504e-01 2.287848234176635742e+00
3.328659057617187500e+01 2.824054002761840820e+00 5.088216066360473633e-01 2.315232276916503906e+00
3.330699539184570312e+01 2.866677284240722656e+00 5.085098743438720703e-01 2.358167886734008789e+00
3.332740783691406250e+01 2.773464202880859375e+00 5.139448046684265137e-01 2.259519577026367188e+00
3.334781646728515625e+01 2.811042547225952148e+00 5.337305068969726562e-01 2.277312040328979492e+00
3.336822509765625000e+01 2.899079561233520508e+00 5.531331300735473633e-01 2.345946550369262695e+00
3.338863372802734375e+01 2.943737030029296875e+00 5.714366436004638672e-01 2.372300624847412109e+00
3.340903854370117188e+01 2.878092527389526367e+00 5.628473162651062012e-01 2.315244913101196289e+00
3.342945098876953125e+01 2.819077730178833008e+00 5.535523295402526855e-01 2.265525341033935547e+00
3.344985580444335938e+01 2.853930711746215820e+00 5.618026256561279297e-01 2.292128086090087891e+00
3.347026824951171875e+01 2.884843111038208008e+00 5.739766955375671387e-01 2.310866117477416992e+00
3.349067306518554688e+01 2.866160631179809570e+00 5.736269354820251465e-01 2.292532920837402344e+00
3.351108551025390625e+01 2.804520130157470703e+00 5.607761740684509277e-01 2.243744134902954102e+00
3.353149414062500000e+01 2.758105993270874023e+00 5.504398941993713379e-01 2.207665920257568359e+00
3.355190277099609375e+01 2.750775337219238281e+00 5.611642003059387207e-01 2.189611434936523438e+00
3.357231140136718750e+01 2.830858469009399414e+00 5.640318989753723145e-01 2.266826868057250977e+00
3.359272003173828125e+01 2.877310514450073242e+00 5.715280771255493164e-01 2.305782318115234375e+00
3.361312866210937500e+01 2.799476623535156250e+00 5.644152164459228516e-01 2.235061883926391602e+00
3.363353347778320312e+01 2.789752721786499023e+00 5.690551400184631348e-01 2.220697402954101562e+00
3.365394592285156250e+01 2.801439285278320312e+00 5.747563242912292480e-01 2.226683139801025391e+00
3.367435455322265625e+01 2.785218477249145508e+00 5.740525722503662109e-01 2.211165904998779297e+00
3.369476318359375000e+01 2.766258001327514648e+00 5.708629488945007324e-01 2.195394992828369141e+00
3.371517181396484375e+01 2.751017332077026367e+00 5.644821524620056152e-01 2.186535120010375977e+00
3.373558044433593750e+01 2.727523326873779297e+00 5.549156665802001953e-01 2.172607421875000000e+00
3.375598907470703125e+01 2.720280647277832031e+00 5.396873950958251953e-01 2.180593490600585938e+00
3.377639770507812500e+01 2.746344566345214844e+00 5.453855991363525391e-01 2.200959444046020508e+00
3.379680633544921875e+01 2.723568439483642578e+00 5.510770678520202637e-01 2.172491788864135742e+00
3.381721496582031250e+01 2.724830389022827148e+00 5.436654686927795410e-01 2.181164503097534180e+00
3.383762359619140625e+01 2.718089580535888672e+00 5.387390255928039551e-01 2.179350852966308594e+00
3.385803222656250000e+01 2.705911397933959961e+00 5.271015763282775879e-01 2.178810119628906250e+00
3.387844085693359375e+01 2.684304475784301758e+00 5.264307856559753418e-01 2.157874107360839844e+00
3.389884948730468750e+01 2.679745435714721680e+00 5.271731019020080566e-01 2.152572393417358398e+00
3.391925811767578125e+01 2.677506923675537109e+00 5.303847789764404297e-01 2.147121906280517578e+00
3.393966674804687500e+01 2.686905145645141602e+00 5.297131538391113281e-01 2.157192230224609375e+00
3.396007537841796875e+01 2.686126232147216797e+00 5.290423631668090820e-01 2.157083749771118164e+00
3.398048400878906250e+01 2.683835506439208984e+00 5.283724069595336914e-01 2.155463218688964844e+00
3.400089263916015625e+01 2.669889926910400391e+00 5.227746367454528809e-01 2.147115468978881836e+00
3.402130126953125000e+01 2.666885375976562500e+00 5.207019448280334473e-01 2.146183252334594727e+00
3.404171371459960938e+01 2.657731056213378906e+00 5.196865200996398926e-01 2.138044595718383789e+00
3.406211853027343750e+01 2.657196044921875000e+00 5.211321711540222168e-01 2.136063575744628906e+00
3.408253097534179688e+01 2.672660589218139648e+00 5.278440117835998535e-01 2.144816637039184570e+00
3.410293579101562500e+01 2.669083595275878906e+00 5.166476368904113770e-01 2.152435779571533203e+00
3.412334442138671875e+01 2.630491971969604492e+00 5.079200863838195801e-01 2.122571706771850586e+00
3.414375305175781250e+01 2.638762950897216797e+00 5.135760307312011719e-01 2.125186920166015625e+00
3.416416168212890625e+01 2.662881851196289062e+00 5.209770798683166504e-01 2.141904830932617188e+00
3.418457412719726562e+01 2.697314500808715820e+00 5.350219607353210449e-01 2.162292718887329102e+00
3.420497894287109375e+01 2.750756263732910156e+00 5.511497855186462402e-01 2.199606418609619141e+00
3.422539138793945312e+01 2.744985818862915039e+00 5.585150718688964844e-01 2.186470985412597656e+00
3.424579620361328125e+01 2.746701478958129883e+00 5.609784126281738281e-01 2.185723543167114258e+00
3.426620864868164062e+01 2.758475303649902344e+00 5.543566346168518066e-01 2.204118967056274414e+00
3.428661346435546875e+01 2.780802011489868164e+00 5.456482172012329102e-01 2.235153913497924805e+00
3.430702590942382812e+01 2.752644062042236328e+00 5.432302355766296387e-01 2.209413290023803711e+00
3.432743072509765625e+01 2.723979234695434570e+00 5.174530744552612305e-01 2.206526279449462891e+00
3.434783935546875000e+01 2.723394393920898438e+00 5.140092968940734863e-01 2.209384918212890625e+00
3.436825180053710938e+01 2.745796203613281250e+00 5.248488187789916992e-01 2.220947504043579102e+00
3.438865661621093750e+01 2.752797126770019531e+00 5.395042300224304199e-01 2.213293075561523438e+00
3.440906906127929688e+01 2.783975601196289062e+00 5.353577733039855957e-01 2.248618364334106445e+00
3.442947387695312500e+01 2.750517368316650391e+00 5.100093483924865723e-01 2.240507841110229492e+00
3.444988632202148438e+01 2.761550903320312500e+00 5.187408328056335449e-01 2.242809772491455078e+00
3.447029113769531250e+01 2.781261920928955078e+00 5.267675518989562988e-01 2.254494905471801758e+00
3.449070358276367188e+01 2.722245693206787109e+00 4.900168776512145996e-01 2.232228517532348633e+00
3.451111221313476562e+01 2.770277500152587891e+00 4.796690046787261963e-01 2.290608406066894531e+00
3.453152084350585938e+01 2.800217628479003906e+00 4.689866602420806885e-01 2.331230401992797852e+00
3.455192947387695312e+01 2.784614086151123047e+00 4.860308170318603516e-01 2.298583745956420898e+00
3.457233428955078125e+01 2.766775846481323242e+00 4.857439100742340088e-01 2.281031847000122070e+00
3.459274673461914062e+01 2.786862611770629883e+00 4.999898672103881836e-01 2.286873102188110352e+00
3.461315155029296875e+01 2.741165637969970703e+00 4.730677306652069092e-01 2.268097877502441406e+00
3.463356399536132812e+01 2.670197248458862305e+00 4.503245949745178223e-01 2.219872236251831055e+00
3.465397262573242188e+01 2.686991691589355469e+00 4.662933051586151123e-01 2.220698356628417969e+00
3.467438125610351562e+01 2.664559364318847656e+00 4.846595823764801025e-01 2.179900169372558594e+00
3.469478988647460938e+01 2.676192283630371094e+00 5.140441656112670898e-01 2.162147760391235352e+00
3.471519851684570312e+01 2.659695148468017578e+00 5.292576551437377930e-01 2.130437374114990234e+00
3.473560714721679688e+01 2.675694704055786133e+00 5.458316206932067871e-01 2.129863023757934570e+00
3.475601577758789062e+01 2.656451225280761719e+00 5.534320473670959473e-01 2.103019237518310547e+00
3.477642440795898438e+01 2.632822990417480469e+00 5.599910020828247070e-01 2.072832107543945312e+00
3.479682922363281250e+01 2.613814830780029297e+00 5.613824725151062012e-01 2.052432537078857422e+00
3.481724166870117188e+01 2.591070890426635742e+00 5.610533952713012695e-01 2.030017375946044922e+00
3.483765029907226562e+01 2.570714235305786133e+00 5.545403361320495605e-01 2.016173839569091797e+00
3.485805892944335938e+01 2.532012939453125000e+00 5.284620523452758789e-01 2.003550529479980469e+00
3.487846755981445312e+01 2.558829069137573242e+00 5.302119255065917969e-01 2.028617143630981445e+00
3.489887619018554688e+01 2.532474279403686523e+00 5.244141817092895508e-01 2.008060216903686523e+00
3.491928482055664062e+01 2.562838792800903320e+00 5.237649679183959961e-01 2.039073944091796875e+00
3.493969345092773438e+01 2.590346336364746094e+00 5.217460989952087402e-01 2.068600177764892578e+00
3.496010208129882812e+01 2.596289634704589844e+00 5.272619724273681641e-01 2.069027423858642578e+00
3.498051071166992188e+01 2.611839056015014648e+00 5.337978601455688477e-01 2.078041076660156250e+00
3.500091934204101562e+01 2.611025810241699219e+00 5.304088592529296875e-01 2.080616712570190430e+00
3.502132797241210938e+01 2.618670701980590820e+00 5.307832956314086914e-01 2.087887525558471680e+00
3.504173660278320312e+01 2.635900259017944336e+00 5.342315435409545898e-01 2.101668834686279297e+00
3.506214523315429688e+01 2.654035568237304688e+00 5.366516709327697754e-01 2.117384195327758789e+00
3.508255386352539062e+01 2.639476299285888672e+00 5.407748222351074219e-01 2.098701477050781250e+00
3.510296249389648438e+01 2.681145429611206055e+00 5.428473353385925293e-01 2.138298034667968750e+00
3.512337112426757812e+01 2.716316699981689453e+00 5.493476390838623047e-01 2.166969299316406250e+00
3.514377975463867188e+01 2.738569736480712891e+00 5.548185706138610840e-01 2.183751106262207031e+00
3.516418838500976562e+01 2.714620590209960938e+00 5.606236457824707031e-01 2.153996944427490234e+00
3.518459701538085938e+01 2.705121755599975586e+00 5.514533519744873047e-01 2.153668165206909180e+00
3.520500946044921875e+01 2.686216592788696289e+00 5.545336604118347168e-01 2.131682872772216797e+00
3.522541427612304688e+01 2.672565221786499023e+00 5.535327792167663574e-01 2.119032382965087891e+00
3.524582672119140625e+01 2.672812938690185547e+00 5.647587180137634277e-01 2.108054399490356445e+00
3.526623153686523438e+01 2.669753074645996094e+00 5.539103150367736816e-01 2.115842580795288086e+00
3.528664016723632812e+01 2.688597440719604492e+00 5.427353382110595703e-01 2.145861864089965820e+00
3.530704879760742188e+01 2.673751831054687500e+00 5.007229447364807129e-01 2.173028945922851562e+00
3.532745742797851562e+01 2.634267807006835938e+00 5.065323710441589355e-01 2.127735137939453125e+00
3.534786987304687500e+01 2.674942493438720703e+00 5.441655516624450684e-01 2.130776882171630859e+00
3.536827468872070312e+01 2.657783508300781250e+00 5.225307345390319824e-01 2.135252952575683594e+00
3.538868713378906250e+01 2.688488006591796875e+00 5.239204764366149902e-01 2.164567947387695312e+00
3.540909194946289062e+01 2.665324211120605469e+00 5.057026147842407227e-01 2.159621477127075195e+00
3.542950439453125000e+01 2.667712688446044922e+00 4.888570308685302734e-01 2.178855657577514648e+00
3.544990921020507812e+01 2.662344455718994141e+00 5.125485658645629883e-01 2.149796009063720703e+00
3.547032165527343750e+01 2.594769716262817383e+00 5.007802248001098633e-01 2.093989610671997070e+00
3.549073028564453125e+01 2.600950956344604492e+00 5.055511593818664551e-01 2.095399856567382812e+00
3.551113510131835938e+01 2.646750450134277344e+00 5.345853567123413086e-01 2.112164974212646484e+00
3.553154754638671875e+01 2.743747472763061523e+00 5.393313169479370117e-01 2.204416036605834961e+00
3.555195236206054688e+01 2.732203722000122070e+00 5.578757524490356445e-01 2.174327850341796875e+00
3.557236480712890625e+01 2.727313041687011719e+00 5.656312704086303711e-01 2.161682367324829102e+00
3.559276962280273438e+01 2.737029552459716797e+00 5.918740034103393555e-01 2.145155668258666992e+00
3.561318206787109375e+01 2.750568151473999023e+00 5.636385679244995117e-01 2.186929464340209961e+00
3.563358688354492188e+01 2.723567485809326172e+00 5.633157491683959961e-01 2.160252094268798828e+00
3.565399932861328125e+01 2.723205089569091797e+00 5.381504297256469727e-01 2.185055017471313477e+00
3.567440795898437500e+01 2.737737417221069336e+00 5.375070571899414062e-01 2.200230121612548828e+00
3.569481658935546875e+01 2.627878665924072266e+00 4.510197341442108154e-01 2.176858901977539062e+00
3.571522521972656250e+01 2.483057260513305664e+00 4.437240958213806152e-01 2.039333105087280273e+00
3.573563003540039062e+01 2.502994537353515625e+00 4.434706866741180420e-01 2.059523582458496094e+00
3.575604248046875000e+01 2.496541023254394531e+00 4.315010607242584229e-01 2.065039873123168945e+00
3.577644729614257812e+01 2.455676317214965820e+00 3.911070823669433594e-01 2.064569234848022461e+00
3.579685974121093750e+01 2.495777606964111328e+00 4.052622020244598389e-01 2.090515375137329102e+00
3.581726837158203125e+01 2.432806491851806641e+00 3.986817896366119385e-01 2.034124851226806641e+00
3.583767700195312500e+01 2.450021743774414062e+00 4.101445376873016357e-01 2.039877176284790039e+00
3.585808563232421875e+01 2.463598251342773438e+00 4.222618341445922852e-01 2.041336059570312500e+00
3.587849426269531250e+01 2.502278566360473633e+00 4.140148758888244629e-01 2.088263988494873047e+00
3.589890289306640625e+01 2.470942974090576172e+00 4.137795269489288330e-01 2.057163476943969727e+00
