# NTRMN  = 3
# NTRANS = 56
1.142887115478515625e+01 0.000000000000000000e+00 0.000000000000000000e+00 0.000000000000000000e+00
1.144927978515625000e+01 0.000000000000000000e+00 0.000000000000000000e+00 0.000000000000000000e+00
1.146968936920166016e+01 0.000000000000000000e+00 0.000000000000000000e+00 0.000000000000000000e+00
1.149009799957275391e+01 0.000000000000000000e+00 0.000000000000000000e+00 0.000000000000000000e+00
1.151050662994384766e+01 0.000000000000000000e+00 0.000000000000000000e+00 0.000000000000000000e+00
1.153091526031494141e+01 0.000000000000000000e+00 0.000000000000000000e+00 0.000000000000000000e+00
1.157173252105712891e+01 0.000000000000000000e+00 0.000000000000000000e+00 0.000000000000000000e+00
1.159214115142822266e+01 0.000000000000000000e+00 0.000000000000000000e+00 0.000000000000000000e+00
1.161254978179931641e+01 0.000000000000000000e+00 0.000000000000000000e+00 0.000000000000000000e+00
1.165336799621582031e+01 0.000000000000000000e+00 0.000000000000000000e+00 0.000000000000000000e+00
1.167377567291259766e+01 0.000000000000000000e+00 0.000000000000000000e+00 0.000000000000000000e+00
1.169418430328369141e+01 0.000000000000000000e+00 0.000000000000000000e+00 0.000000000000000000e+00
1.171459388732910156e+01 0.000000000000000000e+00 0.000000000000000000e+00 0.000000000000000000e+00
1.175541114807128906e+01 8.251634836196899414e-01 8.251634836196899414e-01 0.000000000000000000e+00
1.177581882476806641e+01 8.238350152969360352e-01 8.238350152969360352e-01 0.000000000000000000e+00
1.179622840881347656e+01 7.179977297782897949e-01 7.179977297782897949e-01 0.000000000000000000e+00
1.181663703918457031e+01 7.166563868522644043e-01 7.166563868522644043e-01 0.000000000000000000e+00
1.183704566955566406e+01 6.199638843536376953e-01 6.199638843536376953e-01 0.000000000000000000e+00
1.185745429992675781e+01 5.582286119461059570e-01 5.582286119461059570e-01 0.000000000000000000e+00
1.187786388397216797e+01 5.193791389465332031e-01 5.193791389465332031e-01 0.000000000000000000e+00
1.193908882141113281e+01 2.904395163059234619e-01 2.904395163059234619e-01 2.821247922779601680e-11
1.195949840545654297e+01 2.628210783004760742e-01 2.628210783004760742e-01 2.792941398988002533e-11
1.197990703582763672e+01 2.586765289306640625e-01 2.586765289306640625e-01 2.768639831285391040e-11
1.200031566619873047e+01 2.685101926326751709e-01 2.685101926326751709e-01 2.754826575190882920e-11
1.202072334289550781e+01 2.847828269004821777e-01 2.847828269004821777e-01 2.748851146705533210e-11
1.204113292694091797e+01 3.026902079582214355e-01 3.026902079582214355e-01 2.753265844479546587e-11
1.206154155731201172e+01 3.206361830234527588e-01 3.206361830234527588e-01 2.766724002678522254e-11
1.208195018768310547e+01 3.393141329288482666e-01 3.393141329288482666e-01 2.789180345019737217e-11
1.210235881805419922e+01 3.597092926502227783e-01 3.597092926502227783e-01 2.815429660241175469e-11
1.212276744842529297e+01 3.827016949653625488e-01 3.827016949653625488e-01 2.844165875037774072e-11
1.214317607879638672e+01 4.081796705722808838e-01 4.081796705722808838e-01 2.876661582551509611e-11
1.216358470916748047e+01 4.355401992797851562e-01 4.355401992797851562e-01 2.912897700824146341e-11
1.218399333953857422e+01 4.640861749649047852e-01 4.640861749649047852e-01 2.954136935073847781e-11
1.220440292358398438e+01 4.932232201099395752e-01 4.932232201099395752e-01 3.002911461158497275e-11
1.222481155395507812e+01 5.226546525955200195e-01 5.226546525955200195e-01 3.060460912474027850e-11
1.224521923065185547e+01 5.522812604904174805e-01 5.522812604904174805e-01 3.124192224368549375e-11
1.226562786102294922e+01 5.822971463203430176e-01 5.822971463203430176e-01 3.196618664214057048e-11
1.228603744506835938e+01 6.129927039146423340e-01 6.129927039146423340e-01 3.275156534865431013e-11
1.230644607543945312e+01 6.443645358085632324e-01 6.443645358085632324e-01 3.362312511745457755e-11
1.232685470581054688e+01 6.765064597129821777e-01 6.765064597129821777e-01 3.456776878629774785e-11
1.234726333618164062e+01 7.093176245689392090e-01 7.093176245689392090e-01 3.557249633745485085e-11
1.236767196655273438e+01 7.426980137825012207e-01 7.426980137825012207e-01 3.664963124649922577e-11
1.238808059692382812e+01 7.765480875968933105e-01 7.765480875968933105e-01 3.776102000530023872e-11
1.240848922729492188e+01 8.107692003250122070e-01 8.107692003250122070e-01 3.889390545741555627e-11
1.242889785766601562e+01 8.450704813003540039e-01 8.450704813003540039e-01 4.003562759091749967e-11
1.244930744171142578e+01 8.790668845176696777e-01 8.790668845176696777e-01 4.117360966060523708e-11
1.246971511840820312e+01 9.123762845993041992e-01 9.123762845993041992e-01 4.230786901371352826e-11
1.249012374877929688e+01 9.446184635162353516e-01 9.446184635162353516e-01 4.345091647595111795e-11
1.251053237915039062e+01 9.749374985694885254e-01 9.749374985694885254e-01 4.459023081326840554e-11
1.253094196319580078e+01 1.002960920333862305e+00 1.002960920333862305e+00 4.575075041035603363e-11
1.255135059356689453e+01 1.028985857963562012e+00 1.028985857963562012e+00 4.689506075128413443e-11
1.257175922393798828e+01 1.051117897033691406e+00 1.051117897033691406e+00 4.803564837563278900e-11
1.259216690063476562e+01 1.069376111030578613e+00 1.069376111030578613e+00 4.913535550654657413e-11
1.261257648468017578e+01 1.082829952239990234e+00 1.082829952239990234e+00 5.019438337194870314e-11
1.263298511505126953e+01 1.092450380325317383e+00 1.092450380325317383e+00 5.120056115193172275e-11
1.265339374542236328e+01 1.095418095588684082e+00 1.095418095588684082e+00 5.214182210999673828e-11
1.267380237579345703e+01 1.092709779739379883e+00 1.092709779739379883e+00 5.306773423474631102e-11
1.269421100616455078e+01 1.079638004302978516e+00 1.079638004302978516e+00 5.410132758454366808e-11
1.271461963653564453e+01 1.042131900787353516e+00 1.042131900787353516e+00 5.608913680732463547e-11
1.273502826690673828e+01 7.949616312980651855e-01 7.949616312980651855e-01 5.527612742528553724e-11
1.275543689727783203e+01 7.718252539634704590e-01 7.718252539634704590e-01 5.518768428358633571e-11
1.277584648132324219e+01 7.706859707832336426e-01 7.706859707832336426e-01 5.948549292034144287e-11
1.279625511169433594e+01 7.695503234863281250e-01 7.695503234863281250e-01 5.781711914787379669e-11
1.281666278839111328e+01 7.684183716773986816e-01 7.684183716773986816e-01 6.704144184244142934e-11
1.283707141876220703e+01 7.671034336090087891e-01 7.671034336090087891e-01 6.727531032257871857e-11
1.285748100280761719e+01 6.049259901046752930e-01 6.049259901046752930e-01 6.832177879001477550e-11
1.287788963317871094e+01 6.040602326393127441e-01 6.040602326393127441e-01 7.285561043346433507e-11
1.289829826354980469e+01 7.720924615859985352e-01 7.720924615859985352e-01 7.088885034534087026e-11
1.295952415466308594e+01 8.752719163894653320e-01 7.683524489402770996e-01 1.069194898009300232e-01
1.297993278503417969e+01 9.096754789352416992e-01 8.029240965843200684e-01 1.067513749003410339e-01
1.300034141540527344e+01 1.676397204399108887e+00 1.569813370704650879e+00 1.065837889909744263e-01
1.302075004577636719e+01 1.638471484184265137e+00 1.592173099517822266e+00 4.629838094115257263e-02
1.304115962982177734e+01 1.568090677261352539e+00 1.518090605735778809e+00 5.000008270144462585e-02
1.312279415130615234e+01 1.159739375114440918e+00 1.110050320625305176e+00 4.968904331326484680e-02
1.314320278167724609e+01 1.052296876907348633e+00 1.002684950828552246e+00 4.961188510060310364e-02
1.320442867279052734e+01 1.060179710388183594e+00 9.980357885360717773e-01 6.214394792914390564e-02
1.322483730316162109e+01 9.336431622505187988e-01 8.816406130790710449e-01 5.200254917144775391e-02
1.324524593353271484e+01 9.375793337821960449e-01 8.801918029785156250e-01 5.738755688071250916e-02
1.326565456390380859e+01 7.197641134262084961e-01 6.624667048454284668e-01 5.729742348194122314e-02
1.336769866943359375e+01 1.096816301345825195e+00 5.481697916984558105e-01 5.486465692520141602e-01
1.338810729980468750e+01 1.125742435455322266e+00 5.772846341133117676e-01 5.484577417373657227e-01
1.340851497650146484e+01 1.185437202453613281e+00 6.062216758728027344e-01 5.792155265808105469e-01
1.342892456054687500e+01 1.204008102416992188e+00 6.221464276313781738e-01 5.818616151809692383e-01
1.344933319091796875e+01 1.215331435203552246e+00 6.169304847717285156e-01 5.984010100364685059e-01
1.346974182128906250e+01 1.288359045982360840e+00 6.646035909652709961e-01 6.237554550170898438e-01
1.349015045166015625e+01 1.291636824607849121e+00 6.636868715286254883e-01 6.279498934745788574e-01
1.351055908203125000e+01 1.292233943939208984e+00 6.626843214035034180e-01 6.295496225357055664e-01
1.353096771240234375e+01 1.328855752944946289e+00 6.804383993148803711e-01 6.484172940254211426e-01
1.355137634277343750e+01 1.314448952674865723e+00 6.795020103454589844e-01 6.349470019340515137e-01
1.361260223388671875e+01 1.512312531471252441e+00 7.965581417083740234e-01 7.157542705535888672e-01
1.363301086425781250e+01 1.567001581192016602e+00 8.201248645782470703e-01 7.468766570091247559e-01
1.365341949462890625e+01 1.609305858612060547e+00 8.393254280090332031e-01 7.699804306030273438e-01
1.367382907867431641e+01 1.633995294570922852e+00 8.446379303932189941e-01 7.893573045730590820e-01
1.369423770904541016e+01 1.659308075904846191e+00 8.418932557106018066e-01 8.174147605895996094e-01
1.371464633941650391e+01 1.682587862014770508e+00 8.359274864196777344e-01 8.466603755950927734e-01
1.373505496978759766e+01 1.700229883193969727e+00 8.280623555183410645e-01 8.721675872802734375e-01
1.375546360015869141e+01 1.714530706405639648e+00 8.193503022193908691e-01 8.951805233955383301e-01
1.377587318420410156e+01 1.727242946624755859e+00 8.185709118843078613e-01 9.086719751358032227e-01
1.383709812164306641e+01 1.763108372688293457e+00 8.039630651473999023e-01 9.591453075408935547e-01
1.387791538238525391e+01 1.828270435333251953e+00 8.151394724845886230e-01 1.013130903244018555e+00
1.397995948791503906e+01 1.594336271286010742e+00 6.990828514099121094e-01 8.952531814575195312e-01
1.402077770233154297e+01 1.842504739761352539e+00 8.502019047737121582e-01 9.923027753829956055e-01
1.404118442535400391e+01 1.760852575302124023e+00 8.754777312278747559e-01 8.853747248649597168e-01
1.410241127014160156e+01 1.785200595855712891e+00 8.288144469261169434e-01 9.563862085342407227e-01
1.414322853088378906e+01 1.808588981628417969e+00 8.409789800643920898e-01 9.676099419593811035e-01
1.416363716125488281e+01 1.746160387992858887e+00 7.808642983436584473e-01 9.652961492538452148e-01
1.426568031311035156e+01 1.552501320838928223e+00 7.451570034027099609e-01 8.073446154594421387e-01
1.430649757385253906e+01 1.499573707580566406e+00 7.203577160835266113e-01 7.792161703109741211e-01
1.432690715789794922e+01 1.511587619781494141e+00 7.222557067871093750e-01 7.893320918083190918e-01
1.434731578826904297e+01 1.562612056732177734e+00 7.421684861183166504e-01 8.204435110092163086e-01
1.436772441864013672e+01 1.595580697059631348e+00 7.796028852462768555e-01 8.159779310226440430e-01
1.438813304901123047e+01 1.590351700782775879e+00 7.733392715454101562e-01 8.170123100280761719e-01
1.440854167938232422e+01 1.656963348388671875e+00 7.981625199317932129e-01 8.588005900382995605e-01
1.442895126342773438e+01 1.666728258132934570e+00 8.038359284400939941e-01 8.628920912742614746e-01
1.444935989379882812e+01 1.671976447105407715e+00 7.959077954292297363e-01 8.760684728622436523e-01
1.446976852416992188e+01 1.706523895263671875e+00 8.244822621345520020e-01 8.820416331291198730e-01
1.457181072235107422e+01 1.801914572715759277e+00 8.649544119834899902e-01 9.369600415229797363e-01
1.459222030639648438e+01 1.810334324836730957e+00 9.014772176742553711e-01 9.088570475578308105e-01
1.461262893676757812e+01 1.779038310050964355e+00 8.363263607025146484e-01 9.427120685577392578e-01
1.485753345489501953e+01 1.998054027557373047e+00 8.225407600402832031e-01 1.175513386726379395e+00
1.487794208526611328e+01 2.064363002777099609e+00 8.978416323661804199e-01 1.166521668434143066e+00
1.497998523712158203e+01 2.053368091583251953e+00 8.557689189910888672e-01 1.197599172592163086e+00
1.516366481781005859e+01 2.027123928070068359e+00 8.256688714027404785e-01 1.201455235481262207e+00
1.518407344818115234e+01 1.997061610221862793e+00 8.442665934562683105e-01 1.152795195579528809e+00
1.540856838226318359e+01 2.040126323699951172e+00 8.537167906761169434e-01 1.186409592628479004e+00
1.544938468933105469e+01 2.106465101242065430e+00 8.878750205039978027e-01 1.218590021133422852e+00
1.546979331970214844e+01 2.112450122833251953e+00 8.975359797477722168e-01 1.214913845062255859e+00
1.557183837890625000e+01 2.164056539535522461e+00 8.970349431037902832e-01 1.267022013664245605e+00
1.559224700927734375e+01 2.157930374145507812e+00 8.835783004760742188e-01 1.274352312088012695e+00
1.569428920745849609e+01 2.196010112762451172e+00 9.197801351547241211e-01 1.276229977607727051e+00
1.583715152740478516e+01 2.282116174697875977e+00 9.379357695579528809e-01 1.344180583953857422e+00
1.593919372558593750e+01 2.280163288116455078e+00 9.356858730316162109e-01 1.344478130340576172e+00
1.595960235595703125e+01 2.270725011825561523e+00 9.254895448684692383e-01 1.345235705375671387e+00
1.598001194000244141e+01 2.294952392578125000e+00 9.385391473770141602e-01 1.356413006782531738e+00
1.600041961669921875e+01 2.295198440551757812e+00 9.463189244270324707e-01 1.348879218101501465e+00
1.602083015441894531e+01 2.289706707000732422e+00 9.466077089309692383e-01 1.343098521232604980e+00
1.604123878479003906e+01 2.290435075759887695e+00 9.476418495178222656e-01 1.342793226242065430e+00
1.616368865966796875e+01 2.317986011505126953e+00 9.552732110023498535e-01 1.362713336944580078e+00
1.632695960998535156e+01 2.346547842025756836e+00 9.471865892410278320e-01 1.399359703063964844e+00
1.649022865295410156e+01 2.379273414611816406e+00 9.690205454826354980e-01 1.410252928733825684e+00
1.653104782104492188e+01 2.375067710876464844e+00 9.774888753890991211e-01 1.397578477859497070e+00
1.655145645141601562e+01 2.389050006866455078e+00 9.791762232780456543e-01 1.409874677658081055e+00
1.657186508178710938e+01 2.404434680938720703e+00 9.779703617095947266e-01 1.426464438438415527e+00
1.659227180480957031e+01 2.407734155654907227e+00 9.803745150566101074e-01 1.427359461784362793e+00
1.663308906555175781e+01 2.418108940124511719e+00 9.858845472335815430e-01 1.432224273681640625e+00
1.665349769592285156e+01 2.421509265899658203e+00 9.846763610839843750e-01 1.436832666397094727e+00
1.667390823364257812e+01 2.416286706924438477e+00 9.834710955619812012e-01 1.432815909385681152e+00
1.669431686401367188e+01 2.455909729003906250e+00 9.865706562995910645e-01 1.469338893890380859e+00
1.671472549438476562e+01 2.462977647781372070e+00 9.882304668426513672e-01 1.474747180938720703e+00
1.673513412475585938e+01 2.467940568923950195e+00 9.877406358718872070e-01 1.480199575424194336e+00
1.675554275512695312e+01 2.495631456375122070e+00 9.986816644668579102e-01 1.496949791908264160e+00
1.677595138549804688e+01 2.490695476531982422e+00 9.874777793884277344e-01 1.503216862678527832e+00
1.683717727661132812e+01 2.519497156143188477e+00 9.924178123474121094e-01 1.527079463005065918e+00
1.685758590698242188e+01 2.524406909942626953e+00 9.897962808609008789e-01 1.534610271453857422e+00
1.687799453735351562e+01 2.544930696487426758e+00 9.992370605468750000e-01 1.545692801475524902e+00
1.689840316772460938e+01 2.535963058471679688e+00 9.874054789543151855e-01 1.548557519912719727e+00
1.691881179809570312e+01 2.540408372879028320e+00 9.897517561912536621e-01 1.550655961036682129e+00
1.693922042846679688e+01 2.546548843383789062e+00 9.913856983184814453e-01 1.555163145065307617e+00
1.704126548767089844e+01 2.540961027145385742e+00 1.007223248481750488e+00 1.533738493919372559e+00
1.714330673217773438e+01 2.551170349121093750e+00 1.019381284713745117e+00 1.531789183616638184e+00
1.716371536254882812e+01 2.551015615463256836e+00 1.018169164657592773e+00 1.532846450805664062e+00
1.720453453063964844e+01 2.537698507308959961e+00 1.015753507614135742e+00 1.521944880485534668e+00
1.722494316101074219e+01 2.521537542343139648e+00 1.001346945762634277e+00 1.520190358161926270e+00
1.724535179138183594e+01 2.515502214431762695e+00 9.953035116195678711e-01 1.520198464393615723e+00
1.734739494323730469e+01 2.524207353591918945e+00 9.790987968444824219e-01 1.545109033584594727e+00
1.736780357360839844e+01 2.519043922424316406e+00 9.717457890510559082e-01 1.547298192977905273e+00
1.738821220397949219e+01 2.532746553421020508e+00 9.754237532615661621e-01 1.557323336601257324e+00
1.742902946472167969e+01 2.543096303939819336e+00 9.745128750801086426e-01 1.568583250045776367e+00
1.744943809509277344e+01 2.550013303756713867e+00 9.754309654235839844e-01 1.574582099914550781e+00
1.746984672546386719e+01 2.548729658126831055e+00 9.770320653915405273e-01 1.571697831153869629e+00
1.751066398620605469e+01 2.574831724166870117e+00 9.850080609321594238e-01 1.589823365211486816e+00
1.753107261657714844e+01 2.591473102569580078e+00 9.893234372138977051e-01 1.602149724960327148e+00
1.755148124694824219e+01 2.589877128601074219e+00 9.854452013969421387e-01 1.604431986808776855e+00
1.757188987731933594e+01 2.603840351104736328e+00 9.870253205299377441e-01 1.616815447807312012e+00
1.765352439880371094e+01 2.624756336212158203e+00 1.000767827033996582e+00 1.623987555503845215e+00
1.767393493652343750e+01 2.627540588378906250e+00 1.002998352050781250e+00 1.624541997909545898e+00
1.769434356689453125e+01 2.632617712020874023e+00 1.009958982467651367e+00 1.622659087181091309e+00
1.771475219726562500e+01 2.634387254714965820e+00 1.008119821548461914e+00 1.626267194747924805e+00
1.773516082763671875e+01 2.640887737274169922e+00 1.006959795951843262e+00 1.633927702903747559e+00
1.775556755065917969e+01 2.640314340591430664e+00 1.005802392959594727e+00 1.634510755538940430e+00
1.777597618103027344e+01 2.645733356475830078e+00 1.007341027259826660e+00 1.638392210006713867e+00
1.783720397949218750e+01 2.628940105438232422e+00 1.003212332725524902e+00 1.625727057456970215e+00
1.785761260986328125e+01 2.636077165603637695e+00 9.980440735816955566e-01 1.638033032417297363e+00
1.787802124023437500e+01 2.635115861892700195e+00 1.000252246856689453e+00 1.634863376617431641e+00
1.789842987060546875e+01 2.634775161743164062e+00 9.950992465019226074e-01 1.639675498008728027e+00
1.800047302246093750e+01 2.643054962158203125e+00 1.004752278327941895e+00 1.638302803039550781e+00
1.806169891357421875e+01 2.637243032455444336e+00 9.933937788009643555e-01 1.643849134445190430e+00
1.808210754394531250e+01 2.645250320434570312e+00 9.942584037780761719e-01 1.650992393493652344e+00
1.814333343505859375e+01 2.653701782226562500e+00 9.915630221366882324e-01 1.662137746810913086e+00
1.818415260314941406e+01 2.645859956741333008e+00 9.886789321899414062e-01 1.657181024551391602e+00
1.820456123352050781e+01 2.646577835083007812e+00 9.869130849838256836e-01 1.659664988517761230e+00
1.822496795654296875e+01 2.673161745071411133e+00 9.884350299835205078e-01 1.684727191925048828e+00
1.824537658691406250e+01 2.654662847518920898e+00 9.886414408683776855e-01 1.666021466255187988e+00
1.826578521728515625e+01 2.650577306747436523e+00 9.855709075927734375e-01 1.665006756782531738e+00
1.832701301574707031e+01 2.648826122283935547e+00 9.822783470153808594e-01 1.666547894477844238e+00
1.834742164611816406e+01 2.656377553939819336e+00 9.818381071090698242e-01 1.674539208412170410e+00
1.849028205871582031e+01 2.645313501358032227e+00 9.742522239685058594e-01 1.671061158180236816e+00
1.851069068908691406e+01 2.641638994216918945e+00 9.699448943138122559e-01 1.671693921089172363e+00
1.853109931945800781e+01 2.643602848052978516e+00 9.721062779426574707e-01 1.671496629714965820e+00
1.855150794982910156e+01 2.637820005416870117e+00 9.716820716857910156e-01 1.666137814521789551e+00
1.857191658020019531e+01 2.636260747909545898e+00 9.680361747741699219e-01 1.668224096298217773e+00
1.859232521057128906e+01 2.634361743927001953e+00 9.701925516128540039e-01 1.664169549942016602e+00
1.861273384094238281e+01 2.642685651779174805e+00 9.697718024253845215e-01 1.672913789749145508e+00
1.865355110168457031e+01 2.641036987304687500e+00 9.676497578620910645e-01 1.673386693000793457e+00
1.867395973205566406e+01 2.646166801452636719e+00 9.691562056541442871e-01 1.677010655403137207e+00
1.869436836242675781e+01 2.649720430374145508e+00 9.745010137557983398e-01 1.675219058990478516e+00
1.871477699279785156e+01 2.643548488616943359e+00 9.696007966995239258e-01 1.673947334289550781e+00
1.873518562316894531e+01 2.644751310348510742e+00 9.685446023941040039e-01 1.676206827163696289e+00
1.875559425354003906e+01 2.641813993453979492e+00 9.655760526657104492e-01 1.676237344741821289e+00
1.877600288391113281e+01 2.647310018539428711e+00 9.658015370368957520e-01 1.681507825851440430e+00
1.879641151428222656e+01 2.648309230804443359e+00 9.666632413864135742e-01 1.681645750999450684e+00
1.881682205200195312e+01 2.650357007980346680e+00 9.675230979919433594e-01 1.682833790779113770e+00
1.883723068237304688e+01 2.653558015823364258e+00 9.702875018119812012e-01 1.683271288871765137e+00
1.885763931274414062e+01 2.655063867568969727e+00 9.679678678512573242e-01 1.687095522880554199e+00
1.887804794311523438e+01 2.652764081954956055e+00 9.643851518630981445e-01 1.688378930091857910e+00
1.889845657348632812e+01 2.652455806732177734e+00 9.652438163757324219e-01 1.687211632728576660e+00
1.891886329650878906e+01 2.657148838043212891e+00 9.661007523536682129e-01 1.691047430038452148e+00
1.893927192687988281e+01 2.661530256271362305e+00 9.675875902175903320e-01 1.693942666053771973e+00
1.895968055725097656e+01 2.657568693161010742e+00 9.652834534645080566e-01 1.692285060882568359e+00
1.898009109497070312e+01 2.658520221710205078e+00 9.623535275459289551e-01 1.696166872978210449e+00
1.904131698608398438e+01 2.651570320129394531e+00 9.611449837684631348e-01 1.690425395965576172e+00
1.906172561645507812e+01 2.653145551681518555e+00 9.613717794418334961e-01 1.691773891448974609e+00
1.908213424682617188e+01 2.661369562149047852e+00 9.647344350814819336e-01 1.696635365486145020e+00
1.910254287719726562e+01 2.656134128570556641e+00 9.599441289901733398e-01 1.696190595626831055e+00
1.912295150756835938e+01 2.660852670669555664e+00 9.595456123352050781e-01 1.701307415962219238e+00
1.914336013793945312e+01 2.662706375122070312e+00 9.603984355926513672e-01 1.702308416366577148e+00
1.916376876831054688e+01 2.658707380294799805e+00 9.593756794929504395e-01 1.699331283569335938e+00
1.918417739868164062e+01 2.650832414627075195e+00 9.533636569976806641e-01 1.697468638420104980e+00
1.920458602905273438e+01 2.655542612075805664e+00 9.523504972457885742e-01 1.703191637992858887e+00
1.922499465942382812e+01 2.654715299606323242e+00 9.494717121124267578e-01 1.705243945121765137e+00
1.924540328979492188e+01 2.652378320693969727e+00 9.447331428527832031e-01 1.707645654678344727e+00
1.926581192016601562e+01 2.648996353149414062e+00 9.406259655952453613e-01 1.708370804786682129e+00
1.928622055053710938e+01 2.647944688796997070e+00 9.396305680274963379e-01 1.708313703536987305e+00
1.930663108825683594e+01 2.643247365951538086e+00 9.361574053764343262e-01 1.707090735435485840e+00
1.932703971862792969e+01 2.640188217163085938e+00 9.333108663558959961e-01 1.706877231597900391e+00
1.934744834899902344e+01 2.642272949218750000e+00 9.310890436172485352e-01 1.711184024810791016e+00
1.936785507202148438e+01 2.630590915679931641e+00 9.276359677314758301e-01 1.702954411506652832e+00
1.938826370239257812e+01 2.629906177520751953e+00 9.229553341865539551e-01 1.706950902938842773e+00
1.940867233276367188e+01 2.626189231872558594e+00 9.219847917556762695e-01 1.704205036163330078e+00
1.942908096313476562e+01 2.626692771911621094e+00 9.216324090957641602e-01 1.705059885978698730e+00
1.944948959350585938e+01 2.622295618057250977e+00 9.182036519050598145e-01 1.704092621803283691e+00
1.951071739196777344e+01 2.612198114395141602e+00 9.110277891159057617e-01 1.701170563697814941e+00
1.953112602233886719e+01 2.608035326004028320e+00 9.094629883766174316e-01 1.698572397232055664e+00
1.955153465270996094e+01 2.595526695251464844e+00 9.030038118362426758e-01 1.692522525787353516e+00
1.957194328308105469e+01 2.610019922256469727e+00 9.020621776580810547e-01 1.707958221435546875e+00
1.959235191345214844e+01 2.605346441268920898e+00 9.011225104331970215e-01 1.704223155975341797e+00
1.961275863647460938e+01 2.594882488250732422e+00 9.001848697662353516e-01 1.694697737693786621e+00
1.963316917419433594e+01 2.594806671142578125e+00 8.980298042297363281e-01 1.696777105331420898e+00
1.969439506530761719e+01 2.583632230758666992e+00 8.879448175430297852e-01 1.695688247680664062e+00
1.971480369567871094e+01 2.571607828140258789e+00 8.845970034599304199e-01 1.687010288238525391e+00
1.973521232604980469e+01 2.573557376861572266e+00 8.848952651023864746e-01 1.688662528991699219e+00
1.975562095642089844e+01 2.577013731002807617e+00 8.833752870559692383e-01 1.693638563156127930e+00
1.989848136901855469e+01 2.551012277603149414e+00 8.662055134773254395e-01 1.684806108474731445e+00
1.993929862976074219e+01 2.546681880950927734e+00 8.614308238029479980e-01 1.685251474380493164e+00
1.995970916748046875e+01 2.540093898773193359e+00 8.605499863624572754e-01 1.679543852806091309e+00
2.000052642822265625e+01 2.538921356201171875e+00 8.623845577239990234e-01 1.676536798477172852e+00
2.002093505859375000e+01 2.537695646286010742e+00 8.609076142311096191e-01 1.676789164543151855e+00
2.012297821044921875e+01 2.518589973449707031e+00 8.571367859840393066e-01 1.661453008651733398e+00
2.014338684082031250e+01 2.520887136459350586e+00 8.562684059143066406e-01 1.664618611335754395e+00
2.016379547119140625e+01 2.518808603286743164e+00 8.524336218833923340e-01 1.666375041007995605e+00
2.018420410156250000e+01 2.524808406829833984e+00 8.533508181571960449e-01 1.671457886695861816e+00
2.020461273193359375e+01 2.520525455474853516e+00 8.495267033576965332e-01 1.670998692512512207e+00
2.022502136230468750e+01 2.523051261901855469e+00 8.486694693565368652e-01 1.674382209777832031e+00
2.024542999267578125e+01 2.524060249328613281e+00 8.489963412284851074e-01 1.675063610076904297e+00
2.026583862304687500e+01 2.523185729980468750e+00 8.469601869583129883e-01 1.676225185394287109e+00
2.028624725341796875e+01 2.559825181961059570e+00 8.596787452697753906e-01 1.700145721435546875e+00
2.030665588378906250e+01 2.524334192276000977e+00 8.464366197586059570e-01 1.677897453308105469e+00
2.032706451416015625e+01 2.523584365844726562e+00 8.432313799858093262e-01 1.680352568626403809e+00
2.034747314453125000e+01 2.520584106445312500e+00 8.400326371192932129e-01 1.680550694465637207e+00
2.042910766601562500e+01 2.521273851394653320e+00 8.360899090766906738e-01 1.685184121131896973e+00
2.049033546447753906e+01 2.518653154373168945e+00 8.300866484642028809e-01 1.688566446304321289e+00
2.053115081787109375e+01 2.511251211166381836e+00 8.243554234504699707e-01 1.686896324157714844e+00
2.055155944824218750e+01 2.546169757843017578e+00 8.171302676200866699e-01 1.729039669036865234e+00
2.059237670898437500e+01 2.519021987915039062e+00 8.155105710029602051e-01 1.703511238098144531e+00
2.061278724670410156e+01 2.494096755981445312e+00 8.123803734779357910e-01 1.681716322898864746e+00
2.075564765930175781e+01 2.470394611358642578e+00 8.027518987655639648e-01 1.667642593383789062e+00
2.077605628967285156e+01 2.464848518371582031e+00 8.008111119270324707e-01 1.664037704467773438e+00
2.079646492004394531e+01 2.465939521789550781e+00 8.006007671356201172e-01 1.665339231491088867e+00
2.081687355041503906e+01 2.467000961303710938e+00 7.998158931732177734e-01 1.667184352874755859e+00
2.083728218078613281e+01 2.464543342590332031e+00 7.978836894035339355e-01 1.666659712791442871e+00
2.087809944152832031e+01 2.457299470901489258e+00 7.934572696685791016e-01 1.663841843605041504e+00
2.100055122375488281e+01 2.451556205749511719e+00 7.916805148124694824e-01 1.659875750541687012e+00
2.102095985412597656e+01 2.454998731613159180e+00 7.909119129180908203e-01 1.664087057113647461e+00
2.104136848449707031e+01 2.454722642898559570e+00 7.907135486602783203e-01 1.664009094238281250e+00
2.106177711486816406e+01 2.458196401596069336e+00 7.905157208442687988e-01 1.667680740356445312e+00
2.108218574523925781e+01 2.458876371383666992e+00 7.914537787437438965e-01 1.667422175407409668e+00
2.110259437561035156e+01 2.455832719802856445e+00 7.901210784912109375e-01 1.665711998939514160e+00
2.112300491333007812e+01 2.458501577377319336e+00 7.910576462745666504e-01 1.667443513870239258e+00
2.114341354370117188e+01 2.457655668258666992e+00 7.897279262542724609e-01 1.667927980422973633e+00
2.116382217407226562e+01 2.455945491790771484e+00 7.889663577079772949e-01 1.666978955268859863e+00
2.118423080444335938e+01 2.458007097244262695e+00 7.887713313102722168e-01 1.669235587120056152e+00
2.120463943481445312e+01 2.458141565322875977e+00 7.874476909637451172e-01 1.670693278312683105e+00
2.122504615783691406e+01 2.459425926208496094e+00 7.883824110031127930e-01 1.671043276786804199e+00
2.124545478820800781e+01 2.456295251846313477e+00 7.870616912841796875e-01 1.669233202934265137e+00
2.126586532592773438e+01 2.453206777572631836e+00 7.834920287132263184e-01 1.669714808464050293e+00
2.128627395629882812e+01 2.453740596771240234e+00 7.861147522926330566e-01 1.667626023292541504e+00
2.130668258666992188e+01 2.458595991134643555e+00 7.859235405921936035e-01 1.672672152519226074e+00
2.132709121704101562e+01 2.456001758575439453e+00 7.840489745140075684e-01 1.671953439712524414e+00
2.134749984741210938e+01 2.458953380584716797e+00 7.861028909683227539e-01 1.672850847244262695e+00
2.136790847778320312e+01 2.457564115524291992e+00 7.842317819595336914e-01 1.673332452774047852e+00
2.138831710815429688e+01 2.457588434219360352e+00 7.857220172882080078e-01 1.671866893768310547e+00
2.140872573852539062e+01 2.460358381271362305e+00 7.832956314086914062e-01 1.677062273025512695e+00
2.142913436889648438e+01 2.455471754074096680e+00 7.831081748008728027e-01 1.672363281250000000e+00
2.144954490661621094e+01 2.454090118408203125e+00 7.806890010833740234e-01 1.673400521278381348e+00
2.146995162963867188e+01 2.454523563385009766e+00 7.805044651031494141e-01 1.674019098281860352e+00
2.149036026000976562e+01 2.451512098312377930e+00 7.814341783523559570e-01 1.670078039169311523e+00
2.151076889038085938e+01 2.451787710189819336e+00 7.767975926399230957e-01 1.674990534782409668e+00
2.153117752075195312e+01 2.452180624008178711e+00 7.771731615066528320e-01 1.675007462501525879e+00
2.155158615112304688e+01 2.448729276657104492e+00 7.742156386375427246e-01 1.674513220787048340e+00
2.157199478149414062e+01 2.449572563171386719e+00 7.740379571914672852e-01 1.675534963607788086e+00
2.159240341186523438e+01 2.444364786148071289e+00 7.749694585800170898e-01 1.669395446777343750e+00
2.161281394958496094e+01 2.440182685852050781e+00 7.714685797691345215e-01 1.668714165687561035e+00
2.163322257995605469e+01 2.438441038131713867e+00 7.685275673866271973e-01 1.669913291931152344e+00
2.165363121032714844e+01 2.438001632690429688e+00 7.672504186630249023e-01 1.670751214027404785e+00
2.167403984069824219e+01 2.433108329772949219e+00 7.632144093513488770e-01 1.669894576072692871e+00
2.169444656372070312e+01 2.429533481597900391e+00 7.630482316017150879e-01 1.666485190391540527e+00
2.171485519409179688e+01 2.423573255538940430e+00 7.612287402153015137e-01 1.662344694137573242e+00
2.173526382446289062e+01 2.425019502639770508e+00 7.610645890235900879e-01 1.663955092430114746e+00
2.175567245483398438e+01 2.422679185867309570e+00 7.575997114181518555e-01 1.665079474449157715e+00
2.177608299255371094e+01 2.419285535812377930e+00 7.546910643577575684e-01 1.664594531059265137e+00
2.179649162292480469e+01 2.411672830581665039e+00 7.506894469261169434e-01 1.660982966423034668e+00
2.181690025329589844e+01 2.404226064682006836e+00 7.510845661163330078e-01 1.653141617774963379e+00
2.185771751403808594e+01 2.403898239135742188e+00 7.491343021392822266e-01 1.654763460159301758e+00
2.187812614440917969e+01 2.401151895523071289e+00 7.484354972839355469e-01 1.652716994285583496e+00
2.189853477478027344e+01 2.400310039520263672e+00 7.477379441261291504e-01 1.652572035789489746e+00
2.191894340515136719e+01 2.397792339324951172e+00 7.464957237243652344e-01 1.651296377182006836e+00
2.193935203552246094e+01 2.395804166793823242e+00 7.468924522399902344e-01 1.648910999298095703e+00
2.195976066589355469e+01 2.398111581802368164e+00 7.451081275939941406e-01 1.653002858161926270e+00
2.198016929626464844e+01 2.389300346374511719e+00 7.438717484474182129e-01 1.645427942276000977e+00
2.200057792663574219e+01 2.390869617462158203e+00 7.442698478698730469e-01 1.646599531173706055e+00
2.202098655700683594e+01 2.385267734527587891e+00 7.430364489555358887e-01 1.642230868339538574e+00
2.204139518737792969e+01 2.385854482650756836e+00 7.423484921455383301e-01 1.643505454063415527e+00
2.206180381774902344e+01 2.382478713989257812e+00 7.422043085098266602e-01 1.640273690223693848e+00
2.208221244812011719e+01 2.381740570068359375e+00 7.420604228973388672e-01 1.639680147171020508e+00
2.210262298583984375e+01 2.379503488540649414e+00 7.419167757034301758e-01 1.637586236000061035e+00
2.212303161621093750e+01 2.379277467727661133e+00 7.417733073234558105e-01 1.637503623962402344e+00
2.214344024658203125e+01 2.378829002380371094e+00 7.421708106994628906e-01 1.636657953262329102e+00
2.216384696960449219e+01 2.373473644256591797e+00 7.404072880744934082e-01 1.633066177368164062e+00
2.218425559997558594e+01 2.375651121139526367e+00 7.408052682876586914e-01 1.634845972061157227e+00
2.220466423034667969e+01 2.372028589248657227e+00 7.406634688377380371e-01 1.631364703178405762e+00
2.222507286071777344e+01 2.369765281677246094e+00 7.389062047004699707e-01 1.630858778953552246e+00
2.224548149108886719e+01 2.371909856796264648e+00 7.403805255889892578e-01 1.631529092788696289e+00
2.226589202880859375e+01 2.367227077484130859e+00 7.380892038345336914e-01 1.629137516021728516e+00
2.228630065917968750e+01 2.365970849990844727e+00 7.384874820709228516e-01 1.627483248710632324e+00
2.230670928955078125e+01 2.362895011901855469e+00 7.378118634223937988e-01 1.625083088874816895e+00
2.232711791992187500e+01 2.364346981048583984e+00 7.376734614372253418e-01 1.626673340797424316e+00
2.234752655029296875e+01 2.366949558258056641e+00 7.391422390937805176e-01 1.627806782722473145e+00
2.236793518066406250e+01 2.362543344497680664e+00 7.363273501396179199e-01 1.626216173171997070e+00
2.238834190368652344e+01 2.360094070434570312e+00 7.356561422348022461e-01 1.624438166618347168e+00
2.240875053405761719e+01 2.357741117477416992e+00 7.344520688056945801e-01 1.623289108276367188e+00
2.242916107177734375e+01 2.359680891036987305e+00 7.353847026824951172e-01 1.624296188354492188e+00
2.244956970214843750e+01 2.360487699508666992e+00 7.347161769866943359e-01 1.625771284103393555e+00
2.246997833251953125e+01 2.356614112854003906e+00 7.345815896987915039e-01 1.622032403945922852e+00
2.249038696289062500e+01 2.357065916061401367e+00 7.339149713516235352e-01 1.623150825500488281e+00
2.251079559326171875e+01 2.357676267623901367e+00 7.337812781333923340e-01 1.623895049095153809e+00
2.253120422363281250e+01 2.356618881225585938e+00 7.325854301452636719e-01 1.624033451080322266e+00
2.255161285400390625e+01 2.353965997695922852e+00 7.319224476814270020e-01 1.622043848037719727e+00
2.257202148437500000e+01 2.352020978927612305e+00 7.317909002304077148e-01 1.620229959487915039e+00
2.259243011474609375e+01 2.349405765533447266e+00 7.300702333450317383e-01 1.619335532188415527e+00
2.261283874511718750e+01 2.351564884185791016e+00 7.309994101524353027e-01 1.620565652847290039e+00
2.263324737548828125e+01 2.355470895767211914e+00 7.308690547943115234e-01 1.624601602554321289e+00
2.265365600585937500e+01 2.349561691284179688e+00 7.296823263168334961e-01 1.619879007339477539e+00
2.267406463623046875e+01 2.350820302963256836e+00 7.290255427360534668e-01 1.621794581413269043e+00
2.269447326660156250e+01 2.351623296737670898e+00 7.283698916435241699e-01 1.623253583908081055e+00
2.271488189697265625e+01 2.352721452713012695e+00 7.287693619728088379e-01 1.623952150344848633e+00
2.273529052734375000e+01 2.352530241012573242e+00 7.281151413917541504e-01 1.624415159225463867e+00
2.275570106506347656e+01 2.356333017349243164e+00 7.285140752792358398e-01 1.627818703651428223e+00
2.277610969543457031e+01 2.354973554611206055e+00 7.273358106613159180e-01 1.627637743949890137e+00
2.279651832580566406e+01 2.355248689651489258e+00 7.266846299171447754e-01 1.628564000129699707e+00
2.281692695617675781e+01 2.358742237091064453e+00 7.276084423065185547e-01 1.631133794784545898e+00
2.283733558654785156e+01 2.360303640365600586e+00 7.280064821243286133e-01 1.632297396659851074e+00
2.285774230957031250e+01 2.358782291412353516e+00 7.263091802597045898e-01 1.632473111152648926e+00
2.287815093994140625e+01 2.359395027160644531e+00 7.267076373100280762e-01 1.632687449455261230e+00
2.289855957031250000e+01 2.358411550521850586e+00 7.255372405052185059e-01 1.632874250411987305e+00
2.291897010803222656e+01 2.360431909561157227e+00 7.264578938484191895e-01 1.633973836898803711e+00
2.293937873840332031e+01 2.361965656280517578e+00 7.268551588058471680e-01 1.635110735893249512e+00
2.295978736877441406e+01 2.360892534255981445e+00 7.262091040611267090e-01 1.634683489799499512e+00
2.298019599914550781e+01 2.360788583755493164e+00 7.266058325767517090e-01 1.634182691574096680e+00
2.300060462951660156e+01 2.356764316558837891e+00 7.254407405853271484e-01 1.631323695182800293e+00
2.302101325988769531e+01 2.366171836853027344e+00 7.273973226547241211e-01 1.638774514198303223e+00
2.304142189025878906e+01 2.364338397979736328e+00 7.262335419654846191e-01 1.638104796409606934e+00
2.316387367248535156e+01 2.376289129257202148e+00 7.265282869338989258e-01 1.649761080741882324e+00
2.318428230285644531e+01 2.354068279266357422e+00 7.253724932670593262e-01 1.628695726394653320e+00
2.320469093322753906e+01 2.350426673889160156e+00 7.247345447540283203e-01 1.625692248344421387e+00
2.328632736206054688e+01 2.344296693801879883e+00 7.211657762527465820e-01 1.623130917549133301e+00
2.334755134582519531e+01 2.340276718139648438e+00 7.197872996330261230e-01 1.620489358901977539e+00
2.336795997619628906e+01 2.343300819396972656e+00 7.176219820976257324e-01 1.625678539276123047e+00
2.338836860656738281e+01 2.332569360733032227e+00 7.180193066596984863e-01 1.614550113677978516e+00
2.342918777465820312e+01 2.335360765457153320e+00 7.193228602409362793e-01 1.616037726402282715e+00
2.357204818725585938e+01 2.312751531600952148e+00 7.063308954238891602e-01 1.606420755386352539e+00
2.359245681762695312e+01 2.325703144073486328e+00 7.057198882102966309e-01 1.619982838630676270e+00
2.361286544799804688e+01 2.313395977020263672e+00 7.005477547645568848e-01 1.612847924232482910e+00
2.369449996948242188e+01 2.298036813735961914e+00 6.981341242790222168e-01 1.599902868270874023e+00
2.371490859985351562e+01 2.306059598922729492e+00 6.995522975921630859e-01 1.606507182121276855e+00
2.373531723022460938e+01 2.310920715332031250e+00 6.999593377113342285e-01 1.610961318016052246e+00
2.375572776794433594e+01 2.310323476791381836e+00 7.003656625747680664e-01 1.609957814216613770e+00
2.377613449096679688e+01 2.315715074539184570e+00 7.012748718261718750e-01 1.614439964294433594e+00
2.379654312133789062e+01 2.312224388122558594e+00 7.006734609603881836e-01 1.611551046371459961e+00
2.381695175170898438e+01 2.307347297668457031e+00 7.000730037689208984e-01 1.607273936271667480e+00
2.383736038208007812e+01 2.308392286300659180e+00 6.999757885932922363e-01 1.608416557312011719e+00
2.387817764282226562e+01 2.305715084075927734e+00 6.987792253494262695e-01 1.606935739517211914e+00
2.389858627319335938e+01 2.311411380767822266e+00 7.006867527961730957e-01 1.610724449157714844e+00
2.393940544128417969e+01 2.317687988281250000e+00 7.029919624328613281e-01 1.614695549011230469e+00
2.400063133239746094e+01 2.317831039428710938e+00 7.031935453414916992e-01 1.614637494087219238e+00
2.402103805541992188e+01 2.314670801162719727e+00 7.025961279869079590e-01 1.612074613571166992e+00
2.406185722351074219e+01 2.313470840454101562e+00 7.028965950012207031e-01 1.610574364662170410e+00
2.408226585388183594e+01 2.313453435897827148e+00 7.057800889015197754e-01 1.607673168182373047e+00
2.410267448425292969e+01 2.310905694961547852e+00 7.036926746368408203e-01 1.607212781906127930e+00
2.412308311462402344e+01 2.314190387725830078e+00 7.050820589065551758e-01 1.609108090400695801e+00
2.414349174499511719e+01 2.312767267227172852e+00 7.059733867645263672e-01 1.606793642044067383e+00
2.420471763610839844e+01 2.314851284027099609e+00 7.056711316108703613e-01 1.609179735183715820e+00
2.426594352722167969e+01 2.311217546463012695e+00 7.038906812667846680e-01 1.607327103614807129e+00
2.428635215759277344e+01 2.317098617553710938e+00 7.057633996009826660e-01 1.611335277557373047e+00
2.430676078796386719e+01 2.313848495483398438e+00 7.051708102226257324e-01 1.608677506446838379e+00
2.434757804870605469e+01 2.310261726379394531e+00 7.015305757522583008e-01 1.608731031417846680e+00
2.444962310791015625e+01 2.298103809356689453e+00 7.025191187858581543e-01 1.595584511756896973e+00
2.447002983093261719e+01 2.297051906585693359e+00 7.014441490173339844e-01 1.595607995986938477e+00
2.451084709167480469e+01 2.295923709869384766e+00 7.002760171890258789e-01 1.595647573471069336e+00
2.457207489013671875e+01 2.286871671676635742e+00 6.970697045326232910e-01 1.589802026748657227e+00
2.459248352050781250e+01 2.288918018341064453e+00 6.955178380012512207e-01 1.593400001525878906e+00
2.463330078125000000e+01 2.272567987442016602e+00 6.943653821945190430e-01 1.578202724456787109e+00
2.465370941162109375e+01 2.268109798431396484e+00 6.942760348320007324e-01 1.573833942413330078e+00
2.471493530273437500e+01 2.266305685043334961e+00 6.925561428070068359e-01 1.573749423027038574e+00
2.473534393310546875e+01 2.266149997711181641e+00 6.939203739166259766e-01 1.572229504585266113e+00
2.483738708496093750e+01 2.252730607986450195e+00 6.925151348114013672e-01 1.560215473175048828e+00
2.485779571533203125e+01 2.254652976989746094e+00 6.938726305961608887e-01 1.560780286788940430e+00
2.487820434570312500e+01 2.258396387100219727e+00 6.957090497016906738e-01 1.562687516212463379e+00
2.489861488342285156e+01 2.258279561996459961e+00 6.941773295402526855e-01 1.564102292060852051e+00
2.491902351379394531e+01 2.256642580032348633e+00 6.945694684982299805e-01 1.562073111534118652e+00
2.493943023681640625e+01 2.260680913925170898e+00 6.959208846092224121e-01 1.564760208129882812e+00
2.502106475830078125e+01 2.257464408874511719e+00 6.993908882141113281e-01 1.558073878288269043e+00
2.504147338867187500e+01 2.254422426223754883e+00 6.992989182472229004e-01 1.555123567581176758e+00
2.506188392639160156e+01 2.252381086349487305e+00 6.987294554710388184e-01 1.553651452064514160e+00
2.508229255676269531e+01 2.258268833160400391e+00 7.005469202995300293e-01 1.557721972465515137e+00
2.510270118713378906e+01 2.257689714431762695e+00 7.018846869468688965e-01 1.555805087089538574e+00
2.512310981750488281e+01 2.261018037796020508e+00 7.027438282966613770e-01 1.558274149894714355e+00
2.514351844787597656e+01 2.274741649627685547e+00 7.045536637306213379e-01 1.570188164710998535e+00
2.516392517089843750e+01 2.260559320449829102e+00 7.039822936058044434e-01 1.556577086448669434e+00
2.518433380126953125e+01 2.261519193649291992e+00 7.053129076957702637e-01 1.556205987930297852e+00
2.520474243164062500e+01 2.263232469558715820e+00 7.066413164138793945e-01 1.556591033935546875e+00
2.522515296936035156e+01 2.267555713653564453e+00 7.074931859970092773e-01 1.560062766075134277e+00
2.524556159973144531e+01 2.269698858261108398e+00 7.092918753623962402e-01 1.560407161712646484e+00
2.526597023010253906e+01 2.270684957504272461e+00 7.096664309501647949e-01 1.561018466949462891e+00
2.528637886047363281e+01 2.274653434753417969e+00 7.109870314598083496e-01 1.563666343688964844e+00
2.530678749084472656e+01 2.275648355484008789e+00 7.118326425552368164e-01 1.563815832138061523e+00
2.532719612121582031e+01 2.279038667678833008e+00 7.136220335960388184e-01 1.565416574478149414e+00
2.534760475158691406e+01 2.281007289886474609e+00 7.139918208122253418e-01 1.567015409469604492e+00
2.536801338195800781e+01 2.285972595214843750e+00 7.153048515319824219e-01 1.570667982101440430e+00
2.538842201232910156e+01 2.286220788955688477e+00 7.156726717948913574e-01 1.570547699928283691e+00
2.540883064270019531e+01 2.288802623748779297e+00 7.174533009529113770e-01 1.571349263191223145e+00
2.542923927307128906e+01 2.290094375610351562e+00 7.173482179641723633e-01 1.572746276855468750e+00
2.544964790344238281e+01 2.293268442153930664e+00 7.181839346885681152e-01 1.575084447860717773e+00
2.547005653381347656e+01 2.295284986495971680e+00 7.185483574867248535e-01 1.576736807823181152e+00
2.549046516418457031e+01 2.297506332397460938e+00 7.189121246337890625e-01 1.578594326972961426e+00
2.551087379455566406e+01 2.299781084060668945e+00 7.197446227073669434e-01 1.580036163330078125e+00
2.553128242492675781e+01 2.302520990371704102e+00 7.201068997383117676e-01 1.582414150238037109e+00
2.555169296264648438e+01 2.303373813629150391e+00 7.218739986419677734e-01 1.581499814987182617e+00
2.557210159301757812e+01 2.305449724197387695e+00 7.217658758163452148e-01 1.583683848381042480e+00
2.559251022338867188e+01 2.309957027435302734e+00 7.230611443519592285e-01 1.586895823478698730e+00
2.561291885375976562e+01 2.312695980072021484e+00 7.234196662902832031e-01 1.589276432991027832e+00
2.563332557678222656e+01 2.309794664382934570e+00 7.228437066078186035e-01 1.586951136589050293e+00
2.565373420715332031e+01 2.308754920959472656e+00 7.227352261543273926e-01 1.586019873619079590e+00
2.567414283752441406e+01 2.310086965560913086e+00 7.235593199729919434e-01 1.586527585983276367e+00
2.569455146789550781e+01 2.311226367950439453e+00 7.239163517951965332e-01 1.587310194969177246e+00
2.571496200561523438e+01 2.312118291854858398e+00 7.238072156906127930e-01 1.588311076164245605e+00
2.573537063598632812e+01 2.311398267745971680e+00 7.241634130477905273e-01 1.587235093116760254e+00
2.575577926635742188e+01 2.312156200408935547e+00 7.249838113784790039e-01 1.587172627449035645e+00
2.577618789672851562e+01 2.310331106185913086e+00 7.239454388618469238e-01 1.586385965347290039e+00
2.579659652709960938e+01 2.308740139007568359e+00 7.233726978302001953e-01 1.585367441177368164e+00
2.581700515747070312e+01 2.307856082916259766e+00 7.232644557952880859e-01 1.584591865539550781e+00
2.583741378784179688e+01 2.307453155517578125e+00 7.236196994781494141e-01 1.583833456039428711e+00
2.585782241821289062e+01 2.305114507675170898e+00 7.225856781005859375e-01 1.582528948783874512e+00
2.587823104858398438e+01 2.304330348968505859e+00 7.224783897399902344e-01 1.581851959228515625e+00
2.589863967895507812e+01 2.304102897644042969e+00 7.232956290245056152e-01 1.580807447433471680e+00
2.591904830932617188e+01 2.299099206924438477e+00 7.213405966758728027e-01 1.577758789062500000e+00
2.593945693969726562e+01 2.293762207031250000e+00 7.189273238182067871e-01 1.574834823608398438e+00
2.595986557006835938e+01 2.294197320938110352e+00 7.192842364311218262e-01 1.574913382530212402e+00
2.598027420043945312e+01 2.291932582855224609e+00 7.191799283027648926e-01 1.572752594947814941e+00
2.600068283081054688e+01 2.289613485336303711e+00 7.181550860404968262e-01 1.571458339691162109e+00
2.602109146118164062e+01 2.284034252166748047e+00 7.157518267631530762e-01 1.568282365798950195e+00
2.604150009155273438e+01 2.284119844436645508e+00 7.165698409080505371e-01 1.567550063133239746e+00
2.606191062927246094e+01 2.281085729598999023e+00 7.155494093894958496e-01 1.565536499023437500e+00
2.608231925964355469e+01 2.278304576873779297e+00 7.149894833564758301e-01 1.563315033912658691e+00
2.610272598266601562e+01 2.274314165115356445e+00 7.130548357963562012e-01 1.561259627342224121e+00
2.612313461303710938e+01 2.271973133087158203e+00 7.124977111816406250e-01 1.559475779533386230e+00
2.614354324340820312e+01 2.267813444137573242e+00 7.105680108070373535e-01 1.557245492935180664e+00
2.616395187377929688e+01 2.264622449874877930e+00 7.090987563133239746e-01 1.555523872375488281e+00
2.618436050415039062e+01 2.262930870056152344e+00 7.085461020469665527e-01 1.554384827613830566e+00
2.620477104187011719e+01 2.259709835052490234e+00 7.075375318527221680e-01 1.552172422409057617e+00
2.622517967224121094e+01 2.256739377975463867e+00 7.051612138748168945e-01 1.551578402519226074e+00
2.624558830261230469e+01 2.254050731658935547e+00 7.046128511428833008e-01 1.549438238143920898e+00
2.626599693298339844e+01 2.251751899719238281e+00 7.026982903480529785e-01 1.549053907394409180e+00
2.628640556335449219e+01 2.248782396316528320e+00 7.012420296669006348e-01 1.547540545463562012e+00
2.630681419372558594e+01 2.247746706008911133e+00 6.993329524993896484e-01 1.548413872718811035e+00
2.632722091674804688e+01 2.245216369628906250e+00 6.983362436294555664e-01 1.546880364418029785e+00
2.634762954711914062e+01 2.242319345474243164e+00 6.959781646728515625e-01 1.546341300010681152e+00
2.636804008483886719e+01 2.241145849227905273e+00 6.945316195487976074e-01 1.546614170074462891e+00
2.638844871520996094e+01 2.239900112152099609e+00 6.930872201919555664e-01 1.546812772750854492e+00
2.640885734558105469e+01 2.236060380935668945e+00 6.911919116973876953e-01 1.544868588447570801e+00
2.642926597595214844e+01 2.235235691070556641e+00 6.897523999214172363e-01 1.545482754707336426e+00
2.644967460632324219e+01 2.234125614166259766e+00 6.878625750541687012e-01 1.546262621879577637e+00
2.647008323669433594e+01 2.232812643051147461e+00 6.864277720451354980e-01 1.546384572982788086e+00
2.649049186706542969e+01 2.232199192047119141e+00 6.845434308052062988e-01 1.547655463218688965e+00
2.651090049743652344e+01 2.231287479400634766e+00 6.835649609565734863e-01 1.547722697257995605e+00
2.653130912780761719e+01 2.230455636978149414e+00 6.821368336677551270e-01 1.548318862915039062e+00
2.655171966552734375e+01 2.229975700378417969e+00 6.802601218223571777e-01 1.549715638160705566e+00
2.657212638854980469e+01 2.227954149246215820e+00 6.783863306045532227e-01 1.549567818641662598e+00
2.659253501892089844e+01 2.228772878646850586e+00 6.783157587051391602e-01 1.550457239151000977e+00
2.661294364929199219e+01 2.229141235351562500e+00 6.773458719253540039e-01 1.551795125007629395e+00
2.663335227966308594e+01 2.228337287902832031e+00 6.741302609443664551e-01 1.554206848144531250e+00
2.665376091003417969e+01 2.229256391525268555e+00 6.740632057189941406e-01 1.555192947387695312e+00
2.667416954040527344e+01 2.228638410568237305e+00 6.730986833572387695e-01 1.555539846420288086e+00
2.669458007812500000e+01 2.228852748870849609e+00 6.721357107162475586e-01 1.556716918945312500e+00
2.671498870849609375e+01 2.229938983917236328e+00 6.716222167015075684e-01 1.558316588401794434e+00
2.673539733886718750e+01 2.229389190673828125e+00 6.697664260864257812e-01 1.559622645378112793e+00
2.675580596923828125e+01 2.228096485137939453e+00 6.688081622123718262e-01 1.559288620948791504e+00
2.677621459960937500e+01 2.227797746658325195e+00 6.669573783874511719e-01 1.560840129852294922e+00
2.679662132263183594e+01 2.229309558868408203e+00 6.668960452079772949e-01 1.562413573265075684e+00
2.681702995300292969e+01 2.229024887084960938e+00 6.663885116577148438e-01 1.562636613845825195e+00
2.683743858337402344e+01 2.229268312454223633e+00 6.658817529678344727e-01 1.563386797904968262e+00
2.685784912109375000e+01 2.229108572006225586e+00 6.653757691383361816e-01 1.563732624053955078e+00
2.687825775146484375e+01 2.230868816375732422e+00 6.648705601692199707e-01 1.565998315811157227e+00
2.689866638183593750e+01 2.229639291763305664e+00 6.639211773872375488e-01 1.565717816352844238e+00
2.691907501220703125e+01 2.227541446685791016e+00 6.629731655120849609e-01 1.564568519592285156e+00
2.693948364257812500e+01 2.226581573486328125e+00 6.629152297973632812e-01 1.563666462898254395e+00
2.695989227294921875e+01 2.224193096160888672e+00 6.619693636894226074e-01 1.562223792076110840e+00
2.698030090332031250e+01 2.225377798080444336e+00 6.619123220443725586e-01 1.563465595245361328e+00
2.700070953369140625e+01 2.225144863128662109e+00 6.618552207946777344e-01 1.563289761543273926e+00
2.702111816406250000e+01 2.222537517547607422e+00 6.609124541282653809e-01 1.561625003814697266e+00
2.704152679443359375e+01 2.220442771911621094e+00 6.599709987640380859e-01 1.560471892356872559e+00
2.706193542480468750e+01 2.220375299453735352e+00 6.594732999801635742e-01 1.560901761054992676e+00
2.708234405517578125e+01 2.217429637908935547e+00 6.589763164520263672e-01 1.558453440666198730e+00
2.710275268554687500e+01 2.215535640716552734e+00 6.584801077842712402e-01 1.557055592536926270e+00
2.712316131591796875e+01 2.214960575103759766e+00 6.584259271621704102e-01 1.556534647941589355e+00
2.714356994628906250e+01 2.211578607559204102e+00 6.570489406585693359e-01 1.554529905319213867e+00
2.716397857666015625e+01 2.209182500839233398e+00 6.561146378517150879e-01 1.553068041801452637e+00
2.718438720703125000e+01 2.207774162292480469e+00 6.569430232048034668e-01 1.550831437110900879e+00
2.720479774475097656e+01 2.203385353088378906e+00 6.551302075386047363e-01 1.548255324363708496e+00
2.722520446777343750e+01 2.202510356903076172e+00 6.559581160545349121e-01 1.546551942825317383e+00
2.724561500549316406e+01 2.201480150222778320e+00 6.550273895263671875e-01 1.546452999114990234e+00
2.726602172851562500e+01 2.197544813156127930e+00 6.540980935096740723e-01 1.543447017669677734e+00
2.728643226623535156e+01 2.195661544799804688e+00 6.540475487709045410e-01 1.541614174842834473e+00
2.730683898925781250e+01 2.191940069198608398e+00 6.522436738014221191e-01 1.539696574211120605e+00
2.732724952697753906e+01 2.189274311065673828e+00 6.526325941085815430e-01 1.536641836166381836e+00
2.734765815734863281e+01 2.187525749206542969e+00 6.517078876495361328e-01 1.535818099975585938e+00
2.736806488037109375e+01 2.183794260025024414e+00 6.503472328186035156e-01 1.533446788787841797e+00
2.738847541809082031e+01 2.182829618453979492e+00 6.502996087074279785e-01 1.532529950141906738e+00
2.740888214111328125e+01 2.178175687789916992e+00 6.489420533180236816e-01 1.529233932495117188e+00
2.742929267883300781e+01 2.176052093505859375e+00 6.484591364860534668e-01 1.527593016624450684e+00
2.744969940185546875e+01 2.173746109008789062e+00 6.484131217002868652e-01 1.525332927703857422e+00
2.747010993957519531e+01 2.171298980712890625e+00 6.466240882873535156e-01 1.524674773216247559e+00
2.749051666259765625e+01 2.168078899383544922e+00 6.457086801528930664e-01 1.522370219230651855e+00
2.751092720031738281e+01 2.165618658065795898e+00 6.452296376228332520e-01 1.520388603210449219e+00
2.753133583068847656e+01 2.162783622741699219e+00 6.438818573951721191e-01 1.518901586532592773e+00
2.755174636840820312e+01 2.160136699676513672e+00 6.429704427719116211e-01 1.517166018486022949e+00
2.757215309143066406e+01 2.157500267028808594e+00 6.424945592880249023e-01 1.515005707740783691e+00
2.759256362915039062e+01 2.155419588088989258e+00 6.415854692459106445e-01 1.513834118843078613e+00
2.761297035217285156e+01 2.154120206832885742e+00 6.406778097152709961e-01 1.513442635536193848e+00
2.763337707519531250e+01 2.151771306991577148e+00 6.402046680450439453e-01 1.511566877365112305e+00
2.765378761291503906e+01 2.150437593460083008e+00 6.388665437698364258e-01 1.511570930480957031e+00
2.767419624328613281e+01 2.147932529449462891e+00 6.383954286575317383e-01 1.509536862373352051e+00
2.769460678100585938e+01 2.144572734832763672e+00 6.361961364746093750e-01 1.508376598358154297e+00
2.771501350402832031e+01 2.145050287246704102e+00 6.370233297348022461e-01 1.508026957511901855e+00
2.773542404174804688e+01 2.142272233963012695e+00 6.361229419708251953e-01 1.506149053573608398e+00
2.775583076477050781e+01 2.141520500183105469e+00 6.356552839279174805e-01 1.505865097045898438e+00
2.777624130249023438e+01 2.139377355575561523e+00 6.347572207450866699e-01 1.504619956016540527e+00
2.779664802551269531e+01 2.139596462249755859e+00 6.347218155860900879e-01 1.504874467849731445e+00
2.781705856323242188e+01 2.137770414352416992e+00 6.342561244964599609e-01 1.503514528274536133e+00
2.783746528625488281e+01 2.137183666229248047e+00 6.337911486625671387e-01 1.503392696380615234e+00
2.785787391662597656e+01 2.135744810104370117e+00 6.333268880844116211e-01 1.502418041229248047e+00
2.787828445434570312e+01 2.135265827178955078e+00 6.332925558090209961e-01 1.501973390579223633e+00
2.789869117736816406e+01 2.133256435394287109e+00 6.324002742767333984e-01 1.500856161117553711e+00
2.791910171508789062e+01 2.133637666702270508e+00 6.327954530715942383e-01 1.500842213630676270e+00
2.793950843811035156e+01 2.131904125213623047e+00 6.323332190513610840e-01 1.499570846557617188e+00
2.795991897583007812e+01 2.132723808288574219e+00 6.322997212409973145e-01 1.500423908233642578e+00
2.798032569885253906e+01 2.132769346237182617e+00 6.322663426399230957e-01 1.500502943992614746e+00
2.800073623657226562e+01 2.132993459701538086e+00 6.326603889465332031e-01 1.500333070755004883e+00
2.802114486694335938e+01 2.133270740509033203e+00 6.330540180206298828e-01 1.500216841697692871e+00
2.804155540466308594e+01 2.132039070129394531e+00 6.330200433731079102e-01 1.499018907546997070e+00
2.806196212768554688e+01 2.132879972457885742e+00 6.329862475395202637e-01 1.499894022941589355e+00
2.808236885070800781e+01 2.133361101150512695e+00 6.333787441253662109e-01 1.499982476234436035e+00
2.810277938842773438e+01 2.133000373840332031e+00 6.333446502685546875e-01 1.499656081199645996e+00
2.812318611145019531e+01 2.134776592254638672e+00 6.341618895530700684e-01 1.500614762306213379e+00
2.814359664916992188e+01 2.133578777313232422e+00 6.341273188591003418e-01 1.499451637268066406e+00
2.816400527954101562e+01 2.134644746780395508e+00 6.345177888870239258e-01 1.500127196311950684e+00
2.818441581726074219e+01 2.134215116500854492e+00 6.349076628684997559e-01 1.499307632446289062e+00
2.820482254028320312e+01 2.136080503463745117e+00 6.352970004081726074e-01 1.500783562660217285e+00
2.822523307800292969e+01 2.135428905487060547e+00 6.356858015060424805e-01 1.499743461608886719e+00
2.824563980102539062e+01 2.135920524597167969e+00 6.360740661621093750e-01 1.499846696853637695e+00
2.826605033874511719e+01 2.136607170104980469e+00 6.364617347717285156e-01 1.500145316123962402e+00
2.828645706176757812e+01 2.136620044708251953e+00 6.364256739616394043e-01 1.500194191932678223e+00
2.830686378479003906e+01 2.137320756912231445e+00 6.368125677108764648e-01 1.500507831573486328e+00
2.832727432250976562e+01 2.137320756912231445e+00 6.376213431358337402e-01 1.499699354171752930e+00
2.834768295288085938e+01 2.137355804443359375e+00 6.375845670700073242e-01 1.499771356582641602e+00
2.836809349060058594e+01 2.137070417404174805e+00 6.375477910041809082e-01 1.499522566795349121e+00
2.838850021362304688e+01 2.136154651641845703e+00 6.379327178001403809e-01 1.498221874237060547e+00
2.840891075134277344e+01 2.137291669845581055e+00 6.383171081542968750e-01 1.498974442481994629e+00
2.842931747436523438e+01 2.136500835418701172e+00 6.382799148559570312e-01 1.498220801353454590e+00
2.844972801208496094e+01 2.133743047714233398e+00 6.382427215576171875e-01 1.495500087738037109e+00
2.847013473510742188e+01 2.136709451675415039e+00 6.377851963043212891e-01 1.498924016952514648e+00
2.849054527282714844e+01 2.136306285858154297e+00 6.390087604522705078e-01 1.497297525405883789e+00
2.851095390319824219e+01 2.132418632507324219e+00 6.377117633819580078e-01 1.494706749916076660e+00
2.853136062622070312e+01 2.132420063018798828e+00 6.376752257347106934e-01 1.494744777679443359e+00
2.855177116394042969e+01 2.130995035171508789e+00 6.376385092735290527e-01 1.493356704711914062e+00
2.857217788696289062e+01 2.130635499954223633e+00 6.376020908355712891e-01 1.493033409118652344e+00
2.859258842468261719e+01 2.125130176544189453e+00 6.346352100372314453e-01 1.490494966506958008e+00
2.861299514770507812e+01 2.126660823822021484e+00 6.362741589546203613e-01 1.490386843681335449e+00
2.863340568542480469e+01 2.125477313995361328e+00 6.362386941909790039e-01 1.489238500595092773e+00
2.865381431579589844e+01 2.122339725494384766e+00 6.357855796813964844e-01 1.486554145812988281e+00
2.867422294616699219e+01 2.118590593338012695e+00 6.353330016136169434e-01 1.483257412910461426e+00
2.869463157653808594e+01 2.118894815444946289e+00 6.348811388015747070e-01 1.484013557434082031e+00
2.871504211425781250e+01 2.115966320037841797e+00 6.340129971504211426e-01 1.481953501701354980e+00
2.873544883728027344e+01 2.114954948425292969e+00 6.339793205261230469e-01 1.480975508689880371e+00
2.875585937500000000e+01 2.110664844512939453e+00 6.326968073844909668e-01 1.477967977523803711e+00
2.877626609802246094e+01 2.108257055282592773e+00 6.322481632232666016e-01 1.476008653640747070e+00
2.879667282104492188e+01 2.103374719619750977e+00 6.313844323158264160e-01 1.471990108489990234e+00
2.881708335876464844e+01 2.100438833236694336e+00 6.305218338966369629e-01 1.469917297363281250e+00
2.883749198913574219e+01 2.096524000167846680e+00 6.296605467796325684e-01 1.466863751411437988e+00
2.885790252685546875e+01 2.094125032424926758e+00 6.288005113601684570e-01 1.465324759483337402e+00
2.887830924987792969e+01 2.092982769012451172e+00 6.291850805282592773e-01 1.463797450065612793e+00
2.889871978759765625e+01 2.086057662963867188e+00 6.279123425483703613e-01 1.458145260810852051e+00
2.891912651062011719e+01 2.083120584487915039e+00 6.270553469657897949e-01 1.456065297126770020e+00
2.893953704833984375e+01 2.079283952713012695e+00 6.261994838714599609e-01 1.453084588050842285e+00
2.895994377136230469e+01 2.075097084045410156e+00 6.249315738677978516e-01 1.450165629386901855e+00
2.898035430908203125e+01 2.071691274642944336e+00 6.249044537544250488e-01 1.446786880493164062e+00
2.900076293945312500e+01 2.067896366119384766e+00 6.240519881248474121e-01 1.443844556808471680e+00
2.902116966247558594e+01 2.064065456390380859e+00 6.232007741928100586e-01 1.440864562988281250e+00
2.904158020019531250e+01 2.059999227523803711e+00 6.227627992630004883e-01 1.437236428260803223e+00
2.906198692321777344e+01 2.056142330169677734e+00 6.219136118888854980e-01 1.434228658676147461e+00
2.908239746093750000e+01 2.051244020462036133e+00 6.206539869308471680e-01 1.430590271949768066e+00
2.910280418395996094e+01 2.048354387283325195e+00 6.198074817657470703e-01 1.428546786308288574e+00
2.912321472167968750e+01 2.045621395111083984e+00 6.206061244010925293e-01 1.425015568733215332e+00
2.914362144470214844e+01 2.041929483413696289e+00 6.193500757217407227e-01 1.422579526901245117e+00
2.916403198242187500e+01 2.037983655929565430e+00 6.189166307449340820e-01 1.419066786766052246e+00
2.918444061279296875e+01 2.033671617507934570e+00 6.176636219024658203e-01 1.416008114814758301e+00
2.920485115051269531e+01 2.031474113464355469e+00 6.180516481399536133e-01 1.413422465324401855e+00
2.922525787353515625e+01 2.028862953186035156e+00 6.176200509071350098e-01 1.411242842674255371e+00
2.924566459655761719e+01 2.025898218154907227e+00 6.171891093254089355e-01 1.408708930015563965e+00
2.926607513427734375e+01 2.023854732513427734e+00 6.167586445808410645e-01 1.407096028327941895e+00
2.928648185729980469e+01 2.020766735076904297e+00 6.163288950920104980e-01 1.404438138008117676e+00
2.930689239501953125e+01 2.017973184585571289e+00 6.163080930709838867e-01 1.401664972305297852e+00
2.932730102539062500e+01 2.017376899719238281e+00 6.154710650444030762e-01 1.401905655860900879e+00
2.934771156311035156e+01 2.014489412307739258e+00 6.150430440902709961e-01 1.399446487426757812e+00
2.936811828613281250e+01 2.012133836746215820e+00 6.150232553482055664e-01 1.397110700607299805e+00
2.938852882385253906e+01 2.009652376174926758e+00 6.154106855392456055e-01 1.394241809844970703e+00
2.940893554687500000e+01 2.009211778640747070e+00 6.153905987739562988e-01 1.393821477890014648e+00
2.942934608459472656e+01 2.006712675094604492e+00 6.149638295173645020e-01 1.391749143600463867e+00
2.944975280761718750e+01 2.006112098693847656e+00 6.149441599845886230e-01 1.391168117523193359e+00
2.947016143798828125e+01 2.004576683044433594e+00 6.149244904518127441e-01 1.389652490615844727e+00
2.949057197570800781e+01 2.003490686416625977e+00 6.149047613143920898e-01 1.388585925102233887e+00
2.951097869873046875e+01 2.003481864929199219e+00 6.148851513862609863e-01 1.388596773147583008e+00
2.953138923645019531e+01 2.002067565917968750e+00 6.144601702690124512e-01 1.387607336044311523e+00
2.955179595947265625e+01 2.002507686614990234e+00 6.152509450912475586e-01 1.387256741523742676e+00
2.957220649719238281e+01 2.001880407333374023e+00 6.152310967445373535e-01 1.386649370193481445e+00
2.959261322021484375e+01 2.001804351806640625e+00 6.152112483978271484e-01 1.386593461036682129e+00
2.961302375793457031e+01 2.001118898391723633e+00 6.151915192604064941e-01 1.385927319526672363e+00
2.963343048095703125e+01 2.001578807830810547e+00 6.155756711959838867e-01 1.386003375053405762e+00
2.965384101867675781e+01 2.000718116760253906e+00 6.151519417762756348e-01 1.385566353797912598e+00
2.967424964904785156e+01 2.000810861587524414e+00 6.159390211105346680e-01 1.384872078895568848e+00
2.969465637207031250e+01 2.000131368637084961e+00 6.159188151359558105e-01 1.384212732315063477e+00
2.971506690979003906e+01 1.999784827232360840e+00 6.158985495567321777e-01 1.383886337280273438e+00
2.973547363281250000e+01 1.999949574470520020e+00 6.162809133529663086e-01 1.383668661117553711e+00
2.975588417053222656e+01 1.999052166938781738e+00 6.162604689598083496e-01 1.382791876792907715e+00
2.977629089355468750e+01 1.999185323715209961e+00 6.166420578956604004e-01 1.382543444633483887e+00
2.979670143127441406e+01 1.998742938041687012e+00 6.170230507850646973e-01 1.381719946861267090e+00
2.981711006164550781e+01 1.997725486755371094e+00 6.170022487640380859e-01 1.380723237991333008e+00
2.983752059936523438e+01 1.996335148811340332e+00 6.169813275337219238e-01 1.379353880882263184e+00
2.985792732238769531e+01 1.996014475822448730e+00 6.173614263534545898e-01 1.378653168678283691e+00
2.987833786010742188e+01 1.994686126708984375e+00 6.177408695220947266e-01 1.376945376396179199e+00
2.989874458312988281e+01 1.994885444641113281e+00 6.169189810752868652e-01 1.377966523170471191e+00
2.991915130615234375e+01 1.992092967033386230e+00 6.176983118057250977e-01 1.374394774436950684e+00
2.993956184387207031e+01 1.990219473838806152e+00 6.180768609046936035e-01 1.372142553329467773e+00
2.995997047424316406e+01 1.988020658493041992e+00 6.184548735618591309e-01 1.369565725326538086e+00
2.998037910461425781e+01 1.987034678459167480e+00 6.184330582618713379e-01 1.368601560592651367e+00
3.000078773498535156e+01 1.984326839447021484e+00 6.188103556632995605e-01 1.365516424179077148e+00
3.002119827270507812e+01 1.980185389518737793e+00 6.191870570182800293e-01 1.360998272895812988e+00
3.004160499572753906e+01 1.979520201683044434e+00 6.191648840904235840e-01 1.360355377197265625e+00
3.006201553344726562e+01 1.977308273315429688e+00 6.195407509803771973e-01 1.357767581939697266e+00
3.008242225646972656e+01 1.973476290702819824e+00 6.195183992385864258e-01 1.353957772254943848e+00
3.010283279418945312e+01 1.970514297485351562e+00 6.194959878921508789e-01 1.351018190383911133e+00
3.012323951721191406e+01 1.967254757881164551e+00 6.198709607124328613e-01 1.347383737564086914e+00
3.014365005493164062e+01 1.964336991310119629e+00 6.202454566955566406e-01 1.344091534614562988e+00
3.016405868530273438e+01 1.961145877838134766e+00 6.194289922714233398e-01 1.341716766357421875e+00
3.018446540832519531e+01 1.957921743392944336e+00 6.198032498359680176e-01 1.338118433952331543e+00
3.020487594604492188e+01 1.952353119850158691e+00 6.193844676017761230e-01 1.332968473434448242e+00
3.022528266906738281e+01 1.948929667472839355e+00 6.189662814140319824e-01 1.329963326454162598e+00
3.024569320678710938e+01 1.944812297821044922e+00 6.185485720634460449e-01 1.326263785362243652e+00
3.026609992980957031e+01 1.940428972244262695e+00 6.177360415458679199e-01 1.322692751884460449e+00
3.028651046752929688e+01 1.935060977935791016e+00 6.165293455123901367e-01 1.318531394004821777e+00
3.030691909790039062e+01 1.929767489433288574e+00 6.141394376754760742e-01 1.315628170967102051e+00
3.032732963562011719e+01 1.923968076705932617e+00 6.121475100517272949e-01 1.311820745468139648e+00
3.034773635864257812e+01 1.917086958885192871e+00 6.089749336242675781e-01 1.308112025260925293e+00
3.036814689636230469e+01 1.912403702735900879e+00 6.073831915855407715e-01 1.305020451545715332e+00
3.038855361938476562e+01 1.908459901809692383e+00 6.057936549186706543e-01 1.302666425704956055e+00
3.040896034240722656e+01 1.904414892196655273e+00 6.061743497848510742e-01 1.298240900039672852e+00
3.042937088012695312e+01 1.901075720787048340e+00 6.061611175537109375e-01 1.294914841651916504e+00
3.044977760314941406e+01 1.900455713272094727e+00 6.077203750610351562e-01 1.292734980583190918e+00
3.047018814086914062e+01 1.898244738578796387e+00 6.084917187690734863e-01 1.289752960205078125e+00
3.049059677124023438e+01 1.897370457649230957e+00 6.088696122169494629e-01 1.288500666618347168e+00
3.051100730895996094e+01 1.893486499786376953e+00 6.092469096183776855e-01 1.284239649772644043e+00
3.053141403198242188e+01 1.892817139625549316e+00 6.107999086380004883e-01 1.282017588615417480e+00
3.055182456970214844e+01 1.890919208526611328e+00 6.111753582954406738e-01 1.279743909835815430e+00
3.057223129272460938e+01 1.890006542205810547e+00 6.119419336318969727e-01 1.278064727783203125e+00
3.059264183044433594e+01 1.888603091239929199e+00 6.123162508010864258e-01 1.276287078857421875e+00
3.061304855346679688e+01 1.887404561042785645e+00 6.130810379981994629e-01 1.274323701858520508e+00
3.063345718383789062e+01 1.885863780975341797e+00 6.130633354187011719e-01 1.272800326347351074e+00
3.065386772155761719e+01 1.885095000267028809e+00 6.134361028671264648e-01 1.271658539772033691e+00
3.067427444458007812e+01 1.884588599205017090e+00 6.138083934783935547e-01 1.270780086517333984e+00
3.069468498229980469e+01 1.883680701255798340e+00 6.141802072525024414e-01 1.269500494003295898e+00
3.071509170532226562e+01 1.883273005485534668e+00 6.145514845848083496e-01 1.268721580505371094e+00
3.073550224304199219e+01 1.882612824440002441e+00 6.145328283309936523e-01 1.268079876899719238e+00
3.075590896606445312e+01 1.882358193397521973e+00 6.149033904075622559e-01 1.267454743385314941e+00
3.077631950378417969e+01 1.878908395767211914e+00 6.137177944183349609e-01 1.265190362930297852e+00
3.079672813415527344e+01 1.878541827201843262e+00 6.140884160995483398e-01 1.264453411102294922e+00
3.081713676452636719e+01 1.878217816352844238e+00 6.144585609436035156e-01 1.263759136199951172e+00
3.083754539489746094e+01 1.876772284507751465e+00 6.140519380569458008e-01 1.262720227241516113e+00
3.085795211791992188e+01 1.875353455543518066e+00 6.132579445838928223e-01 1.262095570564270020e+00
3.087836265563964844e+01 1.872113227844238281e+00 6.113020181655883789e-01 1.260811090469360352e+00
3.089876937866210938e+01 1.867919325828552246e+00 6.077992916107177734e-01 1.260120272636413574e+00
3.091917991638183594e+01 1.863537788391113281e+00 6.031396389007568359e-01 1.260398387908935547e+00
3.093958663940429688e+01 1.859131217002868652e+00 5.973256826400756836e-01 1.261805772781372070e+00
3.095999717712402344e+01 1.855347037315368652e+00 5.903595089912414551e-01 1.264987707138061523e+00
3.098040580749511719e+01 1.856242179870605469e+00 5.841751694679260254e-01 1.272066473960876465e+00
3.100081634521484375e+01 1.866839289665222168e+00 5.880377292633056641e-01 1.278801560401916504e+00
3.102122306823730469e+01 1.873495578765869141e+00 5.961395502090454102e-01 1.277356266975402832e+00
3.104163360595703125e+01 1.864311099052429199e+00 5.957475900650024414e-01 1.268563270568847656e+00
3.106204032897949219e+01 1.849451303482055664e+00 5.784011483192443848e-01 1.271050095558166504e+00
3.108244705200195312e+01 1.856407165527343750e+00 5.714747905731201172e-01 1.284932374954223633e+00
3.110285758972167969e+01 1.862680315971374512e+00 5.764875411987304688e-01 1.286193132400512695e+00
3.112326622009277344e+01 1.868800520896911621e+00 5.830320715904235840e-01 1.285768628120422363e+00
3.114367675781250000e+01 1.872974753379821777e+00 5.880306959152221680e-01 1.284943938255310059e+00
3.116408348083496094e+01 1.878603696823120117e+00 5.937909483909606934e-01 1.284812688827514648e+00
3.118449401855468750e+01 1.882075548171997070e+00 5.995435714721679688e-01 1.282531857490539551e+00
3.120490074157714844e+01 1.879886507987976074e+00 6.014529466629028320e-01 1.278433799743652344e+00
3.122531127929687500e+01 1.872713923454284668e+00 5.995265245437622070e-01 1.273187756538391113e+00
3.124571800231933594e+01 1.857435703277587891e+00 5.899410843849182129e-01 1.267494678497314453e+00
3.126612854003906250e+01 1.840105533599853516e+00 5.673518776893615723e-01 1.272753715515136719e+00
3.128653526306152344e+01 1.822103261947631836e+00 5.470876693725585938e-01 1.275015830993652344e+00
3.130694580078125000e+01 1.828051686286926270e+00 5.352611541748046875e-01 1.292790770530700684e+00
3.132735443115234375e+01 1.846619486808776855e+00 5.437003374099731445e-01 1.302919030189514160e+00
3.134776115417480469e+01 1.859943151473999023e+00 5.551831126213073730e-01 1.304759740829467773e+00
3.136817169189453125e+01 1.867946743965148926e+00 5.643615126609802246e-01 1.303584933280944824e+00
3.138857841491699219e+01 1.876023054122924805e+00 5.704773068428039551e-01 1.305546045303344727e+00
3.140898895263671875e+01 1.874660849571228027e+00 5.731552839279174805e-01 1.301505684852600098e+00
3.142939567565917969e+01 1.876523971557617188e+00 5.727831125259399414e-01 1.303740859031677246e+00
3.144980621337890625e+01 1.878096103668212891e+00 5.716501474380493164e-01 1.306446194648742676e+00
3.147021484375000000e+01 1.881095647811889648e+00 5.686171054840087891e-01 1.312478542327880859e+00
3.149062538146972656e+01 1.886575460433959961e+00 5.644475221633911133e-01 1.322127938270568848e+00
3.151103210449218750e+01 1.895649909973144531e+00 5.587640404701232910e-01 1.336885929107666016e+00
3.153144264221191406e+01 1.895652532577514648e+00 5.587819814682006836e-01 1.336870551109313965e+00
3.155184936523437500e+01 1.858696699142456055e+00 5.849758386611938477e-01 1.273720622062683105e+00
3.157225608825683594e+01 1.844231963157653809e+00 5.743616223335266113e-01 1.269870042800903320e+00
3.159266662597656250e+01 1.833655118942260742e+00 5.501216650009155273e-01 1.283533573150634766e+00
3.161307525634765625e+01 1.824839830398559570e+00 5.206122398376464844e-01 1.304227590560913086e+00
3.163348579406738281e+01 1.819498181343078613e+00 4.900057017803192139e-01 1.329492568969726562e+00
3.165389251708984375e+01 1.823665499687194824e+00 4.692702889442443848e-01 1.354395151138305664e+00
3.167430305480957031e+01 1.839633107185363770e+00 4.701015651226043701e-01 1.369531512260437012e+00
3.169470977783203125e+01 1.855625033378601074e+00 4.883038699626922607e-01 1.367321133613586426e+00
3.171512031555175781e+01 1.865146994590759277e+00 5.106341242790222168e-01 1.354512929916381836e+00
3.173552703857421875e+01 1.866800427436828613e+00 5.284097194671630859e-01 1.338390946388244629e+00
3.175593757629394531e+01 1.865910768508911133e+00 5.401316285133361816e-01 1.325778961181640625e+00
3.177634429931640625e+01 1.866602301597595215e+00 5.473184585571289062e-01 1.319284200668334961e+00
3.179675292968750000e+01 1.869231700897216797e+00 5.526137351989746094e-01 1.316618084907531738e+00
3.181716346740722656e+01 1.876734852790832520e+00 5.552688837051391602e-01 1.321466088294982910e+00
3.183757019042968750e+01 1.889616370201110840e+00 5.556648373603820801e-01 1.333951592445373535e+00
3.185798072814941406e+01 1.911059379577636719e+00 5.515516400337219238e-01 1.359507799148559570e+00
3.187838745117187500e+01 1.941960811614990234e+00 5.365550518035888672e-01 1.405405640602111816e+00
3.189879798889160156e+01 1.989432454109191895e+00 5.106956958770751953e-01 1.478736758232116699e+00
3.191920471191406250e+01 1.911264181137084961e+00 5.028693079948425293e-01 1.408394932746887207e+00
3.193961524963378906e+01 1.901309847831726074e+00 5.344021916389465332e-01 1.366907715797424316e+00
3.196002388000488281e+01 1.838596105575561523e+00 5.591536164283752441e-01 1.279442548751831055e+00
3.198043441772460938e+01 1.824581265449523926e+00 5.730192661285400391e-01 1.251562237739562988e+00
3.200083923339843750e+01 1.829027891159057617e+00 5.827529430389404297e-01 1.246274709701538086e+00
3.202124786376953125e+01 1.841365337371826172e+00 5.898575782775878906e-01 1.251507997512817383e+00
3.204166030883789062e+01 1.850353837013244629e+00 5.894818305969238281e-01 1.260872244834899902e+00
3.206206512451171875e+01 1.859550237655639648e+00 5.812668204307556152e-01 1.278283357620239258e+00
3.208247756958007812e+01 1.861617445945739746e+00 5.603771805763244629e-01 1.301240324974060059e+00
3.210288238525390625e+01 1.848514556884765625e+00 5.287016034126281738e-01 1.319812774658203125e+00
3.212329483032226562e+01 1.867798089981079102e+00 5.406618714332580566e-01 1.327136158943176270e+00
3.214369964599609375e+01 1.876037001609802246e+00 5.701087117195129395e-01 1.305928230285644531e+00
3.216411209106445312e+01 1.857594728469848633e+00 5.853768587112426758e-01 1.272217869758605957e+00
3.218451690673828125e+01 1.835104703903198242e+00 5.913281440734863281e-01 1.243776440620422363e+00
3.220492935180664062e+01 1.816504478454589844e+00 5.902100205421447754e-01 1.226294517517089844e+00
3.222533798217773438e+01 1.802943587303161621e+00 5.838932991027832031e-01 1.219050526618957520e+00
3.224574279785156250e+01 1.798606276512145996e+00 5.757286548614501953e-01 1.222877621650695801e+00
3.226615524291992188e+01 1.800341606140136719e+00 5.731385946273803711e-01 1.227203130722045898e+00
3.228656005859375000e+01 1.793203949928283691e+00 5.753714442253112793e-01 1.217832326889038086e+00
3.230697250366210938e+01 1.785538315773010254e+00 5.761194229125976562e-01 1.209418654441833496e+00
3.232737731933593750e+01 1.779902577400207520e+00 5.698316097259521484e-01 1.210070967674255371e+00
3.234778976440429688e+01 1.767872929573059082e+00 5.587412714958190918e-01 1.209131836891174316e+00
3.236819839477539062e+01 1.752410531044006348e+00 5.558004975318908691e-01 1.196609973907470703e+00
3.238860702514648438e+01 1.755604267120361328e+00 5.428851246833801270e-01 1.212719202041625977e+00
3.240901565551757812e+01 1.777215242385864258e+00 5.296167731285095215e-01 1.247598171234130859e+00
3.242942428588867188e+01 1.804116249084472656e+00 5.185797214508056641e-01 1.285536527633666992e+00
3.244983291625976562e+01 1.844835400581359863e+00 5.112451314926147461e-01 1.333590149879455566e+00
3.247023773193359375e+01 1.869147658348083496e+00 5.050257444381713867e-01 1.364121794700622559e+00
3.249065017700195312e+01 1.831311345100402832e+00 5.209180116653442383e-01 1.310393452644348145e+00
3.251105880737304688e+01 1.769267559051513672e+00 5.607215166091918945e-01 1.208546161651611328e+00
3.253146743774414062e+01 1.744267821311950684e+00 5.765590071678161621e-01 1.167708754539489746e+00
3.255187606811523438e+01 1.730099916458129883e+00 5.798746347427368164e-01 1.150225043296813965e+00
3.257228469848632812e+01 1.732142210006713867e+00 5.776738524436950684e-01 1.154468059539794922e+00
3.259269332885742188e+01 1.743544578552246094e+00 5.751086473464965820e-01 1.168436288833618164e+00
3.261310195922851562e+01 1.762268543243408203e+00 5.659403204917907715e-01 1.196328163146972656e+00
3.263351058959960938e+01 1.784079909324645996e+00 5.641192793846130371e-01 1.219960570335388184e+00
3.265391921997070312e+01 1.787357211112976074e+00 5.674322843551635742e-01 1.219924688339233398e+00
3.267432785034179688e+01 1.783919095993041992e+00 5.674442052841186523e-01 1.216475009918212891e+00
3.269473648071289062e+01 1.781656742095947266e+00 5.626967549324035645e-01 1.218960046768188477e+00
3.271514511108398438e+01 1.788293361663818359e+00 5.579553246498107910e-01 1.230338096618652344e+00
3.273555374145507812e+01 1.796109080314636230e+00 5.510258674621582031e-01 1.245083451271057129e+00
3.275596237182617188e+01 1.830782651901245117e+00 5.404508709907531738e-01 1.290331721305847168e+00
3.277637100219726562e+01 1.881749033927917480e+00 5.339061021804809570e-01 1.347842812538146973e+00
3.279677963256835938e+01 1.882172346115112305e+00 5.346687436103820801e-01 1.347503423690795898e+00
3.281718826293945312e+01 1.866264700889587402e+00 5.201116204261779785e-01 1.346153140068054199e+00
3.283759689331054688e+01 1.924399256706237793e+00 4.873471260070800781e-01 1.437051892280578613e+00
3.285800552368164062e+01 2.009500026702880859e+00 4.684661030769348145e-01 1.541033625602722168e+00
3.287841796875000000e+01 1.949866294860839844e+00 4.834656119346618652e-01 1.466400861740112305e+00
3.289882278442382812e+01 1.972395300865173340e+00 5.122721195220947266e-01 1.460123300552368164e+00
3.291923522949218750e+01 1.913222193717956543e+00 5.348615050315856934e-01 1.378360629081726074e+00
3.293964004516601562e+01 1.864575743675231934e+00 5.443414449691772461e-01 1.320234179496765137e+00
3.296004867553710938e+01 1.828810930252075195e+00 5.410991311073303223e-01 1.287711739540100098e+00
3.298045730590820312e+01 1.826752424240112305e+00 5.483857989311218262e-01 1.278366446495056152e+00
3.300086593627929688e+01 1.804313421249389648e+00 5.640056133270263672e-01 1.240307450294494629e+00
3.302127456665039062e+01 1.782624125480651855e+00 5.676442980766296387e-01 1.214979648590087891e+00
3.304168319702148438e+01 1.764208674430847168e+00 5.651201605796813965e-01 1.199088931083679199e+00
3.306209564208984375e+01 1.748272418975830078e+00 5.582547187805175781e-01 1.190018057823181152e+00
3.308250045776367188e+01 1.740652680397033691e+00 5.510360002517700195e-01 1.189616560935974121e+00
3.310291290283203125e+01 1.754981637001037598e+00 5.467187762260437012e-01 1.208262920379638672e+00
3.312331771850585938e+01 1.782064914703369141e+00 5.467433333396911621e-01 1.235321760177612305e+00
3.314373016357421875e+01 1.719852089881896973e+00 5.254604220390319824e-01 1.194391727447509766e+00
3.316413497924804688e+01 1.662306427955627441e+00 4.987899959087371826e-01 1.163516402244567871e+00
3.318454360961914062e+01 1.681641578674316406e+00 5.042544603347778320e-01 1.177387118339538574e+00
3.320495605468750000e+01 1.690772294998168945e+00 5.158401727676391602e-01 1.174932241439819336e+00
3.322536087036132812e+01 1.674055933952331543e+00 4.942683279514312744e-01 1.179787516593933105e+00
3.324577331542968750e+01 1.664690136909484863e+00 5.098063349723815918e-01 1.154883861541748047e+00
3.326617813110351562e+01 1.663004040718078613e+00 5.210075974464416504e-01 1.141996502876281738e+00
3.328659057617187500e+01 1.681430459022521973e+00 5.088216066360473633e-01 1.172608852386474609e+00
3.330699539184570312e+01 1.691161394119262695e+00 5.085098743438720703e-01 1.182651281356811523e+00
3.332740783691406250e+01 1.635744690895080566e+00 5.139448046684265137e-01 1.121799707412719727e+00
3.334781646728515625e+01 1.680138349533081055e+00 5.337305068969726562e-01 1.146407842636108398e+00
3.336822509765625000e+01 1.788730978965759277e+00 5.531331300735473633e-01 1.235597372055053711e+00
3.338863372802734375e+01 1.846828341484069824e+00 5.714366436004638672e-01 1.275391578674316406e+00
3.340903854370117188e+01 1.788295626640319824e+00 5.628473162651062012e-01 1.225448369979858398e+00
3.342945098876953125e+01 1.741191148757934570e+00 5.535523295402526855e-01 1.187638640403747559e+00
3.344985580444335938e+01 1.776796460151672363e+00 5.618026256561279297e-01 1.214993953704833984e+00
3.347026824951171875e+01 1.799847602844238281e+00 5.739766955375671387e-01 1.225870847702026367e+00
3.349067306518554688e+01 1.782526612281799316e+00 5.736269354820251465e-01 1.208899497985839844e+00
3.351108551025390625e+01 1.728319048881530762e+00 5.607761740684509277e-01 1.167543053627014160e+00
3.353149414062500000e+01 1.697316169738769531e+00 5.504398941993713379e-01 1.146876096725463867e+00
3.355190277099609375e+01 1.703850150108337402e+00 5.611642003059387207e-01 1.142686009407043457e+00
3.357231140136718750e+01 1.750105977058410645e+00 5.640318989753723145e-01 1.186074018478393555e+00
3.359272003173828125e+01 1.740164637565612793e+00 5.715280771255493164e-01 1.168636679649353027e+00
3.361312866210937500e+01 1.695006966590881348e+00 5.644152164459228516e-01 1.130591988563537598e+00
3.363353347778320312e+01 1.687228202819824219e+00 5.690551400184631348e-01 1.118173003196716309e+00
3.365394592285156250e+01 1.724289774894714355e+00 5.747563242912292480e-01 1.149533390998840332e+00
3.367435455322265625e+01 1.710765361785888672e+00 5.740525722503662109e-01 1.136712908744812012e+00
3.369476318359375000e+01 1.675768494606018066e+00 5.708629488945007324e-01 1.104905605316162109e+00
3.371517181396484375e+01 1.647969841957092285e+00 5.644821524620056152e-01 1.083487749099731445e+00
3.373558044433593750e+01 1.629545927047729492e+00 5.549156665802001953e-01 1.074630379676818848e+00
3.375598907470703125e+01 1.635425209999084473e+00 5.396873950958251953e-01 1.095737814903259277e+00
3.377639770507812500e+01 1.648171305656433105e+00 5.453855991363525391e-01 1.102785587310791016e+00
3.379680633544921875e+01 1.623470902442932129e+00 5.510770678520202637e-01 1.072393774986267090e+00
3.381721496582031250e+01 1.617521882057189941e+00 5.436654686927795410e-01 1.073856115341186523e+00
3.383762359619140625e+01 1.605171442031860352e+00 5.387390255928039551e-01 1.066432356834411621e+00
3.385803222656250000e+01 1.586905717849731445e+00 5.271015763282775879e-01 1.059804081916809082e+00
3.387844085693359375e+01 1.589276075363159180e+00 5.264307856559753418e-01 1.062845110893249512e+00
3.389884948730468750e+01 1.596286535263061523e+00 5.271731019020080566e-01 1.069113492965698242e+00
3.391925811767578125e+01 1.593547582626342773e+00 5.303847789764404297e-01 1.063162803649902344e+00
3.393966674804687500e+01 1.594067931175231934e+00 5.297131538391113281e-01 1.064354896545410156e+00
3.396007537841796875e+01 1.607445359230041504e+00 5.290423631668090820e-01 1.078402996063232422e+00
3.398048400878906250e+01 1.616673707962036133e+00 5.283724069595336914e-01 1.088301181793212891e+00
3.400089263916015625e+01 1.602499246597290039e+00 5.227746367454528809e-01 1.079724669456481934e+00
3.402130126953125000e+01 1.598574757575988770e+00 5.207019448280334473e-01 1.077872753143310547e+00
3.404171371459960938e+01 1.594137430191040039e+00 5.196865200996398926e-01 1.074450969696044922e+00
3.406211853027343750e+01 1.597827792167663574e+00 5.211321711540222168e-01 1.076695919036865234e+00
3.408253097534179688e+01 1.601856708526611328e+00 5.278440117835998535e-01 1.074012517929077148e+00
3.410293579101562500e+01 1.592961311340332031e+00 5.166476368904113770e-01 1.076313495635986328e+00
3.412334442138671875e+01 1.571689844131469727e+00 5.079200863838195801e-01 1.063769578933715820e+00
3.414375305175781250e+01 1.594122409820556641e+00 5.135760307312011719e-01 1.080546498298645020e+00
3.416416168212890625e+01 1.622554063796997070e+00 5.209770798683166504e-01 1.101577281951904297e+00
3.418457412719726562e+01 1.627210617065429688e+00 5.350219607353210449e-01 1.092188835144042969e+00
3.420497894287109375e+01 1.637650728225708008e+00 5.511497855186462402e-01 1.086500883102416992e+00
3.422539138793945312e+01 1.640166997909545898e+00 5.585150718688964844e-01 1.081651926040649414e+00
3.424579620361328125e+01 1.661505699157714844e+00 5.609784126281738281e-01 1.100527286529541016e+00
3.426620864868164062e+01 1.661246538162231445e+00 5.543566346168518066e-01 1.106889843940734863e+00
3.428661346435546875e+01 1.662800073623657227e+00 5.456482172012329102e-01 1.117151618003845215e+00
3.430702590942382812e+01 1.636624693870544434e+00 5.432302355766296387e-01 1.093394160270690918e+00
3.432743072509765625e+01 1.612366080284118652e+00 5.174530744552612305e-01 1.094913244247436523e+00
3.434783935546875000e+01 1.599841594696044922e+00 5.140092968940734863e-01 1.085832476615905762e+00
3.436825180053710938e+01 1.616428971290588379e+00 5.248488187789916992e-01 1.091579914093017578e+00
3.438865661621093750e+01 1.630273461341857910e+00 5.395042300224304199e-01 1.090769290924072266e+00
3.440906906127929688e+01 1.645806550979614258e+00 5.353577733039855957e-01 1.110448479652404785e+00
3.442947387695312500e+01 1.625598907470703125e+00 5.100093483924865723e-01 1.115589380264282227e+00
3.444988632202148438e+01 1.638001203536987305e+00 5.187408328056335449e-01 1.119260430335998535e+00
3.447029113769531250e+01 1.625407814979553223e+00 5.267675518989562988e-01 1.098640441894531250e+00
3.449070358276367188e+01 1.568525671958923340e+00 4.900168776512145996e-01 1.078508734703063965e+00
3.451111221313476562e+01 1.603865265846252441e+00 4.796690046787261963e-01 1.124196410179138184e+00
3.453152084350585938e+01 1.640862464904785156e+00 4.689866602420806885e-01 1.171875476837158203e+00
3.455192947387695312e+01 1.615171909332275391e+00 4.860308170318603516e-01 1.129141330718994141e+00
3.457233428955078125e+01 1.611914515495300293e+00 4.857439100742340088e-01 1.126170516014099121e+00
3.459274673461914062e+01 1.630998134613037109e+00 4.999898672103881836e-01 1.131008386611938477e+00
3.461315155029296875e+01 1.594732880592346191e+00 4.730677306652069092e-01 1.121665358543395996e+00
3.463356399536132812e+01 1.510017037391662598e+00 4.503245949745178223e-01 1.059692621231079102e+00
3.465397262573242188e+01 1.532190322875976562e+00 4.662933051586151123e-01 1.065897107124328613e+00
3.467438125610351562e+01 1.521282911300659180e+00 4.846595823764801025e-01 1.036623001098632812e+00
3.469478988647460938e+01 1.555594682693481445e+00 5.140441656112670898e-01 1.041550278663635254e+00
3.471519851684570312e+01 1.570432186126708984e+00 5.292576551437377930e-01 1.041174411773681641e+00
3.473560714721679688e+01 1.591732025146484375e+00 5.458316206932067871e-01 1.045900583267211914e+00
3.475601577758789062e+01 1.581555247306823730e+00 5.534320473670959473e-01 1.028123140335083008e+00
3.477642440795898438e+01 1.581650853157043457e+00 5.599910020828247070e-01 1.021659612655639648e+00
3.479682922363281250e+01 1.571131229400634766e+00 5.613824725151062012e-01 1.009748816490173340e+00
3.481724166870117188e+01 1.550372958183288574e+00 5.610533952713012695e-01 9.893197417259216309e-01
3.483765029907226562e+01 1.522905349731445312e+00 5.545403361320495605e-01 9.683649539947509766e-01
3.485805892944335938e+01 1.483332991600036621e+00 5.284620523452758789e-01 9.548707604408264160e-01
3.487846755981445312e+01 1.491127252578735352e+00 5.302119255065917969e-01 9.609154462814331055e-01
3.489887619018554688e+01 1.478946924209594727e+00 5.244141817092895508e-01 9.545328021049499512e-01
3.491928482055664062e+01 1.493931412696838379e+00 5.237649679183959961e-01 9.701659679412841797e-01
3.493969345092773438e+01 1.509040474891662598e+00 5.217460989952087402e-01 9.872945547103881836e-01
3.496010208129882812e+01 1.541103720664978027e+00 5.272619724273681641e-01 1.013841748237609863e+00
3.498051071166992188e+01 1.536662697792053223e+00 5.337978601455688477e-01 1.002864837646484375e+00
3.500091934204101562e+01 1.541062355041503906e+00 5.304088592529296875e-01 1.010653495788574219e+00
3.502132797241210938e+01 1.549315333366394043e+00 5.307832956314086914e-01 1.018532037734985352e+00
3.504173660278320312e+01 1.575213074684143066e+00 5.342315435409545898e-01 1.040981411933898926e+00
3.506214523315429688e+01 1.578605413436889648e+00 5.366516709327697754e-01 1.041953563690185547e+00
3.508255386352539062e+01 1.576261997222900391e+00 5.407748222351074219e-01 1.035487294197082520e+00
3.510296249389648438e+01 1.601337909698486328e+00 5.428473353385925293e-01 1.058490514755249023e+00
3.512337112426757812e+01 1.630770444869995117e+00 5.493476390838623047e-01 1.081422567367553711e+00
3.514377975463867188e+01 1.635303139686584473e+00 5.548185706138610840e-01 1.080484628677368164e+00
3.516418838500976562e+01 1.626384496688842773e+00 5.606236457824707031e-01 1.065761208534240723e+00
3.518459701538085938e+01 1.611848235130310059e+00 5.514533519744873047e-01 1.060394883155822754e+00
3.520500946044921875e+01 1.616378307342529297e+00 5.545336604118347168e-01 1.061844587326049805e+00
3.522541427612304688e+01 1.624349474906921387e+00 5.535327792167663574e-01 1.070816874504089355e+00
3.524582672119140625e+01 1.615702271461486816e+00 5.647587180137634277e-01 1.050943255424499512e+00
3.526623153686523438e+01 1.618584156036376953e+00 5.539103150367736816e-01 1.064673900604248047e+00
3.528664016723632812e+01 1.636270403861999512e+00 5.427353382110595703e-01 1.093535304069519043e+00
3.530704879760742188e+01 1.613186001777648926e+00 5.007229447364807129e-01 1.112463116645812988e+00
3.532745742797851562e+01 1.591387987136840820e+00 5.065323710441589355e-01 1.084855675697326660e+00
3.534786987304687500e+01 1.617134451866149902e+00 5.441655516624450684e-01 1.072968602180480957e+00
3.536827468872070312e+01 1.616561055183410645e+00 5.225307345390319824e-01 1.094030380249023438e+00
3.538868713378906250e+01 1.652340888977050781e+00 5.239204764366149902e-01 1.128420472145080566e+00
3.540909194946289062e+01 1.625569462776184082e+00 5.057026147842407227e-01 1.119866609573364258e+00
3.542950439453125000e+01 1.611333608627319336e+00 4.888570308685302734e-01 1.122476577758789062e+00
3.544990921020507812e+01 1.597685694694519043e+00 5.125485658645629883e-01 1.085137248039245605e+00
3.547032165527343750e+01 1.549638986587524414e+00 5.007802248001098633e-01 1.048858761787414551e+00
3.549073028564453125e+01 1.553565979003906250e+00 5.055511593818664551e-01 1.048014760017395020e+00
3.551113510131835938e+01 1.603042721748352051e+00 5.345853567123413086e-01 1.068457126617431641e+00
3.553154754638671875e+01 1.671078681945800781e+00 5.393313169479370117e-01 1.131747126579284668e+00
3.555195236206054688e+01 1.649080038070678711e+00 5.578757524490356445e-01 1.091204166412353516e+00
3.557236480712890625e+01 1.656127572059631348e+00 5.656312704086303711e-01 1.090496420860290527e+00
3.559276962280273438e+01 1.685131430625915527e+00 5.918740034103393555e-01 1.093257546424865723e+00
3.561318206787109375e+01 1.683903217315673828e+00 5.636385679244995117e-01 1.120264530181884766e+00
3.563358688354492188e+01 1.650713086128234863e+00 5.633157491683959961e-01 1.087396979331970215e+00
3.565399932861328125e+01 1.628309369087219238e+00 5.381504297256469727e-01 1.090158939361572266e+00
3.567440795898437500e+01 1.631294131278991699e+00 5.375070571899414062e-01 1.093787193298339844e+00
3.569481658935546875e+01 1.502125501632690430e+00 4.510197341442108154e-01 1.051105499267578125e+00
3.571522521972656250e+01 1.384168148040771484e+00 4.437240958213806152e-01 9.404444694519042969e-01
3.573563003540039062e+01 1.382072806358337402e+00 4.434706866741180420e-01 9.386019110679626465e-01
3.575604248046875000e+01 1.382445812225341797e+00 4.315010607242584229e-01 9.509448409080505371e-01
3.577644729614257812e+01 1.345097184181213379e+00 3.911070823669433594e-01 9.539901018142700195e-01
3.579685974121093750e+01 1.355155348777770996e+00 4.052622020244598389e-01 9.498934745788574219e-01
3.581726837158203125e+01 1.296640276908874512e+00 3.986817896366119385e-01 8.979585766792297363e-01
3.583767700195312500e+01 1.323640108108520508e+00 4.101445376873016357e-01 9.134958386421203613e-01
3.585808563232421875e+01 1.354708671569824219e+00 4.222618341445922852e-01 9.324467182159423828e-01
3.587849426269531250e+01 1.373438119888305664e+00 4.140148758888244629e-01 9.594231843948364258e-01
3.589890289306640625e+01 1.388175249099731445e+00 4.137795269489288330e-01 9.743957519531250000e-01
