## NTRMN  = 166
## NTRANS = 218
-3.052340745925903320e-01 0.000000000000000000e+00 0.000000000000000000e+00 0.000000000000000000e+00
-2.848252356052398682e-01 0.000000000000000000e+00 0.000000000000000000e+00 0.000000000000000000e+00
-2.644163966178894043e-01 0.000000000000000000e+00 0.000000000000000000e+00 0.000000000000000000e+00
-2.440075576305389404e-01 0.000000000000000000e+00 0.000000000000000000e+00 0.000000000000000000e+00
-2.235987037420272827e-01 0.000000000000000000e+00 0.000000000000000000e+00 0.000000000000000000e+00
-2.031898647546768188e-01 0.000000000000000000e+00 0.000000000000000000e+00 0.000000000000000000e+00
-1.623729914426803589e-01 0.000000000000000000e+00 0.000000000000000000e+00 0.000000000000000000e+00
-1.419641524553298950e-01 0.000000000000000000e+00 0.000000000000000000e+00 0.000000000000000000e+00
-1.215553134679794312e-01 0.000000000000000000e+00 0.000000000000000000e+00 0.000000000000000000e+00
-8.073762804269790649e-02 0.000000000000000000e+00 0.000000000000000000e+00 0.000000000000000000e+00
-6.032959371805191040e-02 0.000000000000000000e+00 0.000000000000000000e+00 0.000000000000000000e+00
-3.992075473070144653e-02 0.000000000000000000e+00 0.000000000000000000e+00 0.000000000000000000e+00
-1.951191015541553497e-02 0.000000000000000000e+00 0.000000000000000000e+00 0.000000000000000000e+00
2.130577340722084045e-02 0.000000000000000000e+00 0.000000000000000000e+00 0.000000000000000000e+00
4.171380400657653809e-02 0.000000000000000000e+00 0.000000000000000000e+00 0.000000000000000000e+00
6.212264671921730042e-02 0.000000000000000000e+00 0.000000000000000000e+00 0.000000000000000000e+00
8.253148943185806274e-02 0.000000000000000000e+00 0.000000000000000000e+00 0.000000000000000000e+00
1.029403284192085266e-01 0.000000000000000000e+00 0.000000000000000000e+00 0.000000000000000000e+00
1.233491748571395874e-01 0.000000000000000000e+00 0.000000000000000000e+00 0.000000000000000000e+00
1.437580138444900513e-01 0.000000000000000000e+00 0.000000000000000000e+00 0.000000000000000000e+00
2.049837261438369751e-01 5.087760742187500000e+03 5.087760742187500000e+03 0.000000000000000000e+00
2.253925800323486328e-01 5.676968750000000000e+03 5.676968750000000000e+03 0.000000000000000000e+00
2.458014190196990967e-01 5.901965332031250000e+03 5.901965332031250000e+03 0.000000000000000000e+00
2.662102580070495605e-01 5.957574707031250000e+03 5.957574707031250000e+03 0.000000000000000000e+00
2.866182923316955566e-01 5.879998046875000000e+03 5.879998046875000000e+03 0.000000000000000000e+00
3.070271313190460205e-01 5.711356933593750000e+03 5.711356933593750000e+03 0.000000000000000000e+00
3.274359703063964844e-01 5.501593261718750000e+03 5.501593261718750000e+03 0.000000000000000000e+00
3.478448092937469482e-01 5.285476074218750000e+03 5.285476074218750000e+03 0.000000000000000000e+00
3.682536482810974121e-01 5.070560058593750000e+03 5.070560058593750000e+03 0.000000000000000000e+00
3.886616826057434082e-01 4.862827148437500000e+03 4.862827148437500000e+03 0.000000000000000000e+00
4.090705215930938721e-01 4.664107421875000000e+03 4.664107421875000000e+03 0.000000000000000000e+00
4.294793605804443359e-01 4.473125976562500000e+03 4.473125976562500000e+03 0.000000000000000000e+00
4.498882293701171875e-01 4.294150878906250000e+03 4.294150878906250000e+03 0.000000000000000000e+00
4.702970683574676514e-01 4.125619140625000000e+03 4.125619140625000000e+03 0.000000000000000000e+00
4.907059073448181152e-01 3.966228027343750000e+03 3.966228027343750000e+03 0.000000000000000000e+00
5.111139416694641113e-01 3.817229492187500000e+03 3.817229492187500000e+03 0.000000000000000000e+00
5.315227508544921875e-01 3.679667480468750000e+03 3.679667480468750000e+03 0.000000000000000000e+00
5.519316196441650391e-01 3.550109863281250000e+03 3.550109863281250000e+03 0.000000000000000000e+00
5.723404884338378906e-01 3.429792236328125000e+03 3.429792236328125000e+03 0.000000000000000000e+00
5.927492976188659668e-01 3.319779052734375000e+03 3.319779052734375000e+03 0.000000000000000000e+00
6.131581664085388184e-01 3.219041259765625000e+03 3.219041259765625000e+03 0.000000000000000000e+00
6.335662007331848145e-01 3.128576171875000000e+03 3.128576171875000000e+03 0.000000000000000000e+00
6.539750099182128906e-01 3.047414062500000000e+03 3.047414062500000000e+03 0.000000000000000000e+00
6.743838787078857422e-01 2.974714355468750000e+03 2.974714355468750000e+03 0.000000000000000000e+00
6.947926878929138184e-01 2.908008056640625000e+03 2.908008056640625000e+03 0.000000000000000000e+00
7.152015566825866699e-01 2.850129638671875000e+03 2.850129638671875000e+03 0.000000000000000000e+00
7.356095910072326660e-01 2.797093017578125000e+03 2.797093017578125000e+03 0.000000000000000000e+00
7.560184001922607422e-01 2.750083251953125000e+03 2.750083251953125000e+03 0.000000000000000000e+00
7.764272689819335938e-01 2.708628173828125000e+03 2.708628173828125000e+03 0.000000000000000000e+00
7.968360781669616699e-01 2.670798828125000000e+03 2.670798828125000000e+03 0.000000000000000000e+00
8.172449469566345215e-01 2.637788085937500000e+03 2.637788085937500000e+03 0.000000000000000000e+00
8.376538157463073730e-01 2.610672607421875000e+03 2.610672607421875000e+03 0.000000000000000000e+00
8.580617904663085938e-01 2.584849365234375000e+03 2.584849365234375000e+03 0.000000000000000000e+00
8.784706592559814453e-01 2.562948974609375000e+03 2.562948974609375000e+03 0.000000000000000000e+00
8.988795280456542969e-01 2.540711181640625000e+03 2.540711181640625000e+03 0.000000000000000000e+00
9.192883372306823730e-01 2.519460937500000000e+03 2.519460937500000000e+03 0.000000000000000000e+00
9.396972060203552246e-01 2.496586181640625000e+03 2.496586181640625000e+03 0.000000000000000000e+00
9.601060152053833008e-01 2.470943847656250000e+03 2.470943847656250000e+03 0.000000000000000000e+00
9.805140495300292969e-01 2.437825439453125000e+03 2.437825439453125000e+03 0.000000000000000000e+00
1.000922918319702148e+00 2.481395019531250000e+03 2.481395019531250000e+03 0.000000000000000000e+00
1.021331787109375000e+00 2.429466308593750000e+03 2.429466308593750000e+03 0.000000000000000000e+00
1.041740536689758301e+00 2.381870361328125000e+03 2.381870361328125000e+03 0.000000000000000000e+00
1.062149405479431152e+00 2.729398193359375000e+03 2.729398193359375000e+03 0.000000000000000000e+00
1.082557439804077148e+00 2.365038574218750000e+03 2.365038574218750000e+03 0.000000000000000000e+00
1.102966308593750000e+00 2.364685302734375000e+03 2.364685302734375000e+03 0.000000000000000000e+00
1.123375177383422852e+00 2.308939453125000000e+03 2.308939453125000000e+03 0.000000000000000000e+00
1.143784046173095703e+00 2.043791748046875000e+03 2.043791748046875000e+03 0.000000000000000000e+00
1.164192795753479004e+00 2.169381347656250000e+03 2.169381347656250000e+03 0.000000000000000000e+00
1.225418567657470703e+00 2.130361816406250000e+03 2.129366699218750000e+03 9.950278401374816895e-01
1.245827436447143555e+00 2.034005371093750000e+03 2.032994384765625000e+03 1.010969638824462891e+00
1.266236186027526855e+00 1.904837524414062500e+03 1.903807861328125000e+03 1.029687404632568359e+00
1.286645054817199707e+00 2.084820312500000000e+03 2.083855712890625000e+03 9.645597934722900391e-01
1.307053923606872559e+00 2.225446777343750000e+03 2.224397460937500000e+03 1.049434065818786621e+00
1.388688445091247559e+00 1.865386718750000000e+03 1.858327758789062500e+03 7.058961868286132812e+00
1.409097313880920410e+00 1.945496704101562500e+03 1.938443115234375000e+03 7.053644180297851562e+00
1.470323085784912109e+00 1.797303833007812500e+03 1.768990112304687500e+03 2.831363105773925781e+01
1.490731835365295410e+00 1.811700683593750000e+03 1.777691772460937500e+03 3.400890350341796875e+01
1.511140704154968262e+00 1.974175659179687500e+03 1.925566162109375000e+03 4.860951614379882812e+01
1.531549572944641113e+00 1.927477539062500000e+03 1.874897827148437500e+03 5.257978439331054688e+01
1.633592963218688965e+00 1.843543090820312500e+03 1.193591308593750000e+03 6.499517211914062500e+02
1.654001832008361816e+00 1.860435546875000000e+03 1.111561889648437500e+03 7.488736572265625000e+02
1.674409866333007812e+00 1.951073242187500000e+03 1.063701049804687500e+03 8.873718872070312500e+02
1.694818615913391113e+00 2.078115966796875000e+03 1.043829589843750000e+03 1.034286376953125000e+03
1.715227484703063965e+00 2.202940917968750000e+03 1.038387939453125000e+03 1.164552978515625000e+03
1.735636353492736816e+00 2.317403320312500000e+03 1.053073486328125000e+03 1.264330078125000000e+03
1.756045222282409668e+00 2.400669677734375000e+03 1.072189208984375000e+03 1.328480712890625000e+03
1.776453256607055664e+00 2.392850830078125000e+03 1.023487182617187500e+03 1.369363525390625000e+03
1.796862125396728516e+00 2.371037597656250000e+03 9.772232666015625000e+02 1.393814453125000000e+03
1.817270874977111816e+00 2.311806396484375000e+03 9.161906738281250000e+02 1.395615722656250000e+03
1.878496646881103516e+00 2.359148193359375000e+03 8.818689575195312500e+02 1.477279418945312500e+03
1.898905515670776367e+00 2.345689697265625000e+03 8.616751098632812500e+02 1.484014648437500000e+03
1.919314265251159668e+00 2.327226806640625000e+03 8.450289916992187500e+02 1.482197631835937500e+03
1.939723134040832520e+00 2.302724365234375000e+03 8.262647094726562500e+02 1.476459716796875000e+03
1.960132002830505371e+00 2.276143798828125000e+03 8.060593872070312500e+02 1.470084472656250000e+03
1.980540871620178223e+00 2.250168945312500000e+03 7.862703247070312500e+02 1.463898681640625000e+03
2.000949621200561523e+00 2.227097656250000000e+03 7.674832763671875000e+02 1.459614257812500000e+03
2.021358489990234375e+00 2.209445068359375000e+03 7.496676635742187500e+02 1.459777587890625000e+03
2.041767358779907227e+00 2.189525878906250000e+03 7.322081909179687500e+02 1.457317749023437500e+03
2.102992296218872070e+00 2.153212158203125000e+03 6.869861450195312500e+02 1.466225952148437500e+03
2.143810033798217773e+00 2.153475341796875000e+03 6.588311157226562500e+02 1.494644531250000000e+03
2.245854139328002930e+00 2.118338623046875000e+03 5.867919311523437500e+02 1.531546386718750000e+03
2.286671876907348633e+00 2.156306884765625000e+03 5.773645019531250000e+02 1.578942016601562500e+03
2.307079076766967773e+00 2.151835205078125000e+03 5.374965820312500000e+02 1.614338623046875000e+03
2.368305683135986328e+00 2.069313964843750000e+03 4.388948364257812500e+02 1.630419311523437500e+03
2.409123182296752930e+00 1.938709350585937500e+03 3.975739440917968750e+02 1.541135375976562500e+03
2.429532051086425781e+00 1.961180419921875000e+03 4.583798217773437500e+02 1.502800537109375000e+03
2.531574726104736328e+00 2.118691894531250000e+03 4.324330444335937500e+02 1.686258666992187500e+03
2.572392463684082031e+00 2.136424804687500000e+03 4.240358581542968750e+02 1.712389160156250000e+03
2.592801332473754883e+00 2.138591796875000000e+03 4.128962707519531250e+02 1.725695556640625000e+03
2.613210201263427734e+00 2.145633789062500000e+03 4.025261535644531250e+02 1.743107421875000000e+03
2.633618831634521484e+00 2.158174072265625000e+03 3.960890808105468750e+02 1.762084838867187500e+03
2.654027700424194336e+00 2.167681884765625000e+03 3.930432434082031250e+02 1.774638671875000000e+03
2.674436569213867188e+00 2.180460449218750000e+03 3.877613830566406250e+02 1.792698974609375000e+03
2.694845438003540039e+00 2.197240478515625000e+03 3.762967529296875000e+02 1.820943725585937500e+03
2.715254306793212891e+00 2.194824462890625000e+03 3.679139404296875000e+02 1.826910522460937500e+03
2.735663175582885742e+00 2.199895507812500000e+03 3.617126770019531250e+02 1.838182861328125000e+03
2.837705612182617188e+00 2.157717529296875000e+03 3.274467468261718750e+02 1.830270263671875000e+03
2.858114480972290039e+00 2.137043212890625000e+03 3.005672912597656250e+02 1.836475952148437500e+03
2.878523349761962891e+00 2.108054687500000000e+03 2.993510742187500000e+02 1.808703491210937500e+03
3.123427867889404297e+00 2.047226074218750000e+03 2.741931152343750000e+02 1.773032958984375000e+03
3.143836736679077148e+00 2.026604492187500000e+03 2.774768676757812500e+02 1.749127563476562500e+03
3.245879411697387695e+00 1.987332275390625000e+03 2.371876373291015625e+02 1.750144531250000000e+03
3.429558992385864258e+00 1.959714111328125000e+03 2.113964691162109375e+02 1.748317626953125000e+03
3.449967861175537109e+00 1.933303955078125000e+03 2.013334350585937500e+02 1.731970458984375000e+03
3.674463510513305664e+00 1.889930297851562500e+03 1.868502197265625000e+02 1.703080200195312500e+03
3.715279340744018555e+00 1.889508666992187500e+03 1.855706787109375000e+02 1.703938110351562500e+03
3.735688209533691406e+00 1.892008422851562500e+03 1.806158447265625000e+02 1.711392578125000000e+03
3.837732553482055664e+00 1.881941284179687500e+03 1.693259582519531250e+02 1.712615356445312500e+03
3.858141422271728516e+00 1.879343139648437500e+03 1.655139923095703125e+02 1.713829223632812500e+03
3.960183858871459961e+00 1.849113525390625000e+03 1.614305114746093750e+02 1.687682983398437500e+03
4.103045940399169922e+00 1.855314697265625000e+03 1.514630584716796875e+02 1.703851562500000000e+03
4.205088615417480469e+00 1.835963867187500000e+03 1.453396301269531250e+02 1.690624267578125000e+03
4.225497245788574219e+00 1.831013549804687500e+03 1.459407196044921875e+02 1.685072875976562500e+03
4.245905876159667969e+00 1.826429321289062500e+03 1.417717285156250000e+02 1.684657592773437500e+03
4.266314983367919922e+00 1.823946289062500000e+03 1.400835266113281250e+02 1.683862792968750000e+03
4.286723613739013672e+00 1.818309326171875000e+03 1.384951477050781250e+02 1.679814208984375000e+03
4.307132720947265625e+00 1.818380126953125000e+03 1.365883483886718750e+02 1.681791748046875000e+03
4.429584026336669922e+00 1.822202392578125000e+03 1.268136520385742188e+02 1.695388671875000000e+03
4.592854976654052734e+00 1.813457275390625000e+03 1.185006256103515625e+02 1.694956665039062500e+03
4.756124019622802734e+00 1.784314575195312500e+03 1.100788879394531250e+02 1.674235717773437500e+03
4.796941757202148438e+00 1.785666992187500000e+03 1.064473419189453125e+02 1.679219604492187500e+03
4.817350387573242188e+00 1.785209838867187500e+03 1.053255157470703125e+02 1.679884155273437500e+03
4.837759494781494141e+00 2.544359130859375000e+03 8.733912963867187500e+02 1.670968017578125000e+03
4.858166694641113281e+00 1.786351806640625000e+03 1.032826309204101562e+02 1.683069213867187500e+03
4.898984432220458984e+00 1.785093261718750000e+03 1.011760177612304688e+02 1.683917236328125000e+03
4.919393062591552734e+00 1.785151489257812500e+03 9.924773406982421875e+01 1.685903686523437500e+03
4.939801692962646484e+00 1.787651977539062500e+03 9.828038024902343750e+01 1.689371582031250000e+03
4.960210800170898438e+00 1.790703613281250000e+03 9.843102264404296875e+01 1.692272705078125000e+03
4.980619430541992188e+00 1.794817993164062500e+03 9.634542083740234375e+01 1.698472534179687500e+03
5.001028537750244141e+00 1.786128417968750000e+03 9.540176391601562500e+01 1.690726684570312500e+03
5.021437168121337891e+00 1.782975952148437500e+03 9.437041473388671875e+01 1.688605590820312500e+03
5.041846275329589844e+00 1.782906127929687500e+03 9.379848480224609375e+01 1.689107666015625000e+03
5.103071212768554688e+00 1.781117797851562500e+03 9.192254638671875000e+01 1.689195190429687500e+03
5.123479843139648438e+00 1.779798461914062500e+03 9.120594787597656250e+01 1.688592651367187500e+03
5.143888473510742188e+00 1.778138305664062500e+03 9.030888366699218750e+01 1.687829467773437500e+03
5.164297580718994141e+00 1.778006591796875000e+03 8.958114624023437500e+01 1.688425415039062500e+03
5.184706211090087891e+00 1.775639038085937500e+03 8.809729766845703125e+01 1.687541748046875000e+03
5.205115318298339844e+00 1.774496826171875000e+03 8.710799407958984375e+01 1.687388793945312500e+03
5.307159423828125000e+00 1.773543945312500000e+03 8.254624938964843750e+01 1.690997802734375000e+03
5.409202098846435547e+00 1.771356933593750000e+03 7.944007110595703125e+01 1.691916870117187500e+03
5.429610729217529297e+00 1.772740844726562500e+03 7.870057678222656250e+01 1.694040161132812500e+03
5.470428466796875000e+00 1.777588867187500000e+03 7.620974731445312500e+01 1.701379150390625000e+03
5.490837574005126953e+00 1.779276367187500000e+03 7.514171600341796875e+01 1.704134643554687500e+03
5.511246204376220703e+00 1.781370117187500000e+03 7.451596069335937500e+01 1.706854248046875000e+03
5.613288879394531250e+00 1.783389160156250000e+03 7.087973022460937500e+01 1.712509521484375000e+03
5.633697509765625000e+00 1.781812866210937500e+03 7.036800384521484375e+01 1.711444824218750000e+03
5.654106616973876953e+00 1.782189819335937500e+03 7.026219177246093750e+01 1.711927612304687500e+03
5.694924354553222656e+00 1.782174072265625000e+03 6.990571594238281250e+01 1.712268432617187500e+03
5.715332984924316406e+00 1.782809936523437500e+03 6.994928741455078125e+01 1.712860595703125000e+03
5.735742092132568359e+00 1.777332397460937500e+03 6.894913482666015625e+01 1.708383300781250000e+03
5.776557922363281250e+00 1.779926513671875000e+03 6.949800109863281250e+01 1.710428466796875000e+03
5.796966552734375000e+00 1.777725341796875000e+03 6.939786529541015625e+01 1.708327636718750000e+03
5.817375659942626953e+00 1.775737060546875000e+03 6.917497253417968750e+01 1.706562133789062500e+03
5.837784290313720703e+00 1.771594970703125000e+03 6.798997497558593750e+01 1.703604980468750000e+03
5.919419765472412109e+00 1.772507690429687500e+03 6.662767791748046875e+01 1.705880004882812500e+03
5.939828872680664062e+00 1.772503295898437500e+03 6.653981018066406250e+01 1.705963378906250000e+03
5.960237503051757812e+00 1.769561157226562500e+03 6.512710571289062500e+01 1.704434082031250000e+03
5.980646133422851562e+00 1.784563110351562500e+03 6.574544525146484375e+01 1.718817749023437500e+03
6.001055240631103516e+00 1.769818847656250000e+03 6.370678710937500000e+01 1.706112060546875000e+03
6.021462440490722656e+00 1.772672851562500000e+03 6.277526855468750000e+01 1.709897583007812500e+03
6.041871070861816406e+00 1.771254394531250000e+03 6.234529876708984375e+01 1.708909179687500000e+03
6.103097915649414062e+00 1.774535522460937500e+03 6.103341293334960938e+01 1.713502075195312500e+03
6.123506546020507812e+00 1.775847290039062500e+03 6.038042068481445312e+01 1.715466918945312500e+03
6.143915653228759766e+00 1.776279663085937500e+03 5.967332077026367188e+01 1.716606323242187500e+03
6.164324283599853516e+00 1.775482299804687500e+03 5.891264724731445312e+01 1.716569702148437500e+03
6.266366958618164062e+00 1.781108520507812500e+03 5.694092941284179688e+01 1.724167602539062500e+03
6.327593326568603516e+00 1.783757446289062500e+03 5.601163482666015625e+01 1.727745849609375000e+03
6.348002433776855469e+00 1.782810302734375000e+03 5.579384613037109375e+01 1.727016479492187500e+03
6.409228801727294922e+00 1.786115722656250000e+03 5.496204376220703125e+01 1.731153808593750000e+03
6.450046539306640625e+00 1.780678466796875000e+03 5.418741226196289062e+01 1.726491210937500000e+03
6.470455169677734375e+00 1.782475341796875000e+03 5.442346954345703125e+01 1.728052001953125000e+03
6.490862369537353516e+00 1.822410766601562500e+03 5.589358139038085938e+01 1.766517211914062500e+03
6.511271476745605469e+00 1.782401733398437500e+03 5.428452682495117188e+01 1.728117309570312500e+03
6.531680107116699219e+00 1.782259033203125000e+03 5.422486114501953125e+01 1.728034057617187500e+03
6.592906951904296875e+00 1.781899780273437500e+03 5.306769943237304688e+01 1.728831909179687500e+03
6.613315582275390625e+00 1.784890014648437500e+03 5.284963607788085938e+01 1.732040283203125000e+03
6.756175994873046875e+00 1.783760864257812500e+03 5.084629821777343750e+01 1.732914550781250000e+03
6.776584625244140625e+00 1.780644165039062500e+03 5.051653671264648438e+01 1.730127685546875000e+03
6.796993732452392578e+00 1.843805175781250000e+03 1.185335083007812500e+02 1.725271728515625000e+03
6.817402362823486328e+00 1.779298461914062500e+03 4.963468551635742188e+01 1.729663818359375000e+03
6.837811470031738281e+00 1.779783325195312500e+03 4.913644409179687500e+01 1.730646850585937500e+03
6.858220100402832031e+00 1.784970336914062500e+03 4.885060119628906250e+01 1.736119750976562500e+03
6.878628730773925781e+00 1.780008300781250000e+03 4.854904937744140625e+01 1.731459350585937500e+03
6.919446468353271484e+00 1.783911376953125000e+03 4.800318145751953125e+01 1.735908203125000000e+03
6.939853668212890625e+00 1.783881958007812500e+03 4.779303359985351562e+01 1.736088989257812500e+03
6.960262775421142578e+00 1.785750488281250000e+03 5.466927337646484375e+01 1.731081176757812500e+03
6.980671405792236328e+00 2.045728393554687500e+03 3.034970397949218750e+02 1.742231323242187500e+03
7.001080513000488281e+00 1.784184814453125000e+03 4.694765090942382812e+01 1.737237060546875000e+03
7.021489143371582031e+00 1.782832641601562500e+03 4.674300003051757812e+01 1.736089721679687500e+03
7.041898250579833984e+00 1.784177978515625000e+03 4.653954315185546875e+01 1.737638427734375000e+03
7.062306880950927734e+00 1.784534301757812500e+03 4.630335998535156250e+01 1.738230957031250000e+03
7.082715511322021484e+00 4.456172363281250000e+03 2.719159423828125000e+03 1.737013916015625000e+03
7.103124618530273438e+00 1.783719238281250000e+03 4.539693832397460938e+01 1.738322265625000000e+03
7.123533248901367188e+00 1.784546142578125000e+03 4.526687622070312500e+01 1.739279296875000000e+03
7.143942356109619141e+00 1.784258178710937500e+03 4.507053756713867188e+01 1.739187622070312500e+03
7.164350986480712891e+00 1.784971313476562500e+03 4.475836944580078125e+01 1.740213012695312500e+03
7.184758186340332031e+00 1.785027832031250000e+03 4.448130416870117188e+01 1.740546630859375000e+03
7.205167293548583984e+00 1.784463623046875000e+03 4.405628204345703125e+01 1.740407226562500000e+03
7.225575923919677734e+00 1.786369506835937500e+03 4.436254882812500000e+01 1.742006958007812500e+03
7.245985031127929688e+00 1.786168334960937500e+03 4.342817306518554688e+01 1.742740112304687500e+03
7.307211399078369141e+00 1.784321166992187500e+03 4.249097824096679688e+01 1.741830200195312500e+03
7.327620029449462891e+00 1.786680419921875000e+03 4.242163467407226562e+01 1.744258789062500000e+03
7.348029136657714844e+00 1.785368774414062500e+03 4.215720748901367188e+01 1.743211547851562500e+03
7.368437767028808594e+00 1.784994018554687500e+03 4.182926177978515625e+01 1.743164672851562500e+03
7.388846874237060547e+00 1.784515258789062500e+03 4.150312805175781250e+01 1.743012084960937500e+03
7.409254074096679688e+00 1.785356323242187500e+03 4.127573394775390625e+01 1.744080688476562500e+03
7.429662704467773438e+00 1.786410034179687500e+03 4.104957962036132812e+01 1.745360473632812500e+03
7.450071811676025391e+00 2.388194824218750000e+03 6.457077026367187500e+02 1.742485961914062500e+03
7.470480442047119141e+00 1.786479003906250000e+03 4.060097885131835938e+01 1.745878051757812500e+03
7.490889549255371094e+00 1.786368041992187500e+03 4.044242477416992188e+01 1.745925659179687500e+03
7.511298179626464844e+00 1.787186889648437500e+03 4.023692321777343750e+01 1.746949829101562500e+03
7.531706809997558594e+00 1.787151123046875000e+03 4.012789154052734375e+01 1.747023315429687500e+03
7.552115917205810547e+00 1.786287841796875000e+03 3.997190856933593750e+01 1.746316040039062500e+03
7.572524547576904297e+00 1.786412475585937500e+03 3.981675338745117188e+01 1.746595825195312500e+03
7.592933654785156250e+00 1.785245239257812500e+03 3.963091278076171875e+01 1.745614257812500000e+03
7.613342285156250000e+00 1.786049560546875000e+03 3.950895309448242188e+01 1.746540649414062500e+03
7.633749485015869141e+00 1.786248657226562500e+03 3.934061431884765625e+01 1.746908081054687500e+03
7.654158592224121094e+00 1.786221801757812500e+03 3.925135421752929688e+01 1.746970458984375000e+03
7.674567222595214844e+00 1.786132080078125000e+03 3.908459472656250000e+01 1.747047485351562500e+03
7.694976329803466797e+00 1.786111572265625000e+03 3.890315246582031250e+01 1.747208496093750000e+03
7.715384960174560547e+00 1.785953613281250000e+03 3.878473281860351562e+01 1.747168823242187500e+03
7.776611328125000000e+00 1.785628295898437500e+03 3.840241622924804688e+01 1.747225830078125000e+03
7.797020435333251953e+00 1.787189697265625000e+03 3.824049377441406250e+01 1.748949218750000000e+03
7.817429065704345703e+00 1.735782592773437500e+03 4.749591445922851562e+01 1.688286621093750000e+03
7.837838172912597656e+00 1.773441650390625000e+03 4.483716964721679688e+01 1.728604492187500000e+03
7.858246803283691406e+00 2.306617431640625000e+03 5.820090942382812500e+02 1.724608520507812500e+03
7.878654003143310547e+00 1.787883056640625000e+03 3.752522659301757812e+01 1.750357788085937500e+03
7.899063110351562500e+00 1.787846557617187500e+03 3.735250854492187500e+01 1.750494018554687500e+03
7.960289478302001953e+00 1.788601806640625000e+03 3.683966445922851562e+01 1.751762207031250000e+03
7.980698108673095703e+00 1.788790283203125000e+03 3.662546920776367188e+01 1.752164794921875000e+03
8.001107215881347656e+00 1.789099731445312500e+03 3.645724487304687500e+01 1.752642456054687500e+03
8.021515846252441406e+00 1.788986206054687500e+03 3.624511337280273438e+01 1.752741088867187500e+03
8.164376258850097656e+00 1.791617797851562500e+03 3.492184066772460938e+01 1.756696044921875000e+03
8.205193519592285156e+00 1.791949829101562500e+03 3.480647277832031250e+01 1.757143310546875000e+03
8.225603103637695312e+00 1.721733764648437500e+03 3.978406906127929688e+01 1.681949584960937500e+03
8.266420364379882812e+00 1.793175903320312500e+03 3.446179580688476562e+01 1.758713989257812500e+03
8.286828994750976562e+00 1.793689575195312500e+03 3.453580474853515625e+01 1.759153686523437500e+03
8.388872146606445312e+00 1.793206298828125000e+03 3.347362899780273438e+01 1.759732666015625000e+03
8.409280776977539062e+00 1.793765502929687500e+03 3.319312286376953125e+01 1.760572387695312500e+03
8.429689407348632812e+00 1.794155029296875000e+03 3.318375778198242188e+01 1.760971313476562500e+03
8.450098037719726562e+00 1.794764160156250000e+03 3.313193893432617188e+01 1.761632202148437500e+03
8.470507621765136719e+00 1.794216186523437500e+03 3.305211257934570312e+01 1.761164184570312500e+03
8.490916252136230469e+00 1.793389282226562500e+03 3.290217971801757812e+01 1.760486938476562500e+03
8.511324882507324219e+00 1.793326538085937500e+03 3.289360427856445312e+01 1.760432861328125000e+03
8.531733512878417969e+00 1.794169799804687500e+03 3.278686141967773438e+01 1.761382934570312500e+03
8.552143096923828125e+00 1.846168579101562500e+03 4.781028366088867188e+01 1.798358276367187500e+03
8.572549819946289062e+00 1.794743164062500000e+03 3.267263793945312500e+01 1.762070434570312500e+03
8.592958450317382812e+00 1.794592773437500000e+03 3.263682937622070312e+01 1.761955932617187500e+03
8.613367080688476562e+00 1.794370605468750000e+03 3.260118484497070312e+01 1.761769531250000000e+03
8.695002555847167969e+00 1.794667602539062500e+03 3.250159454345703125e+01 1.762166015625000000e+03
8.756229400634765625e+00 1.794828002929687500e+03 3.237002182006835938e+01 1.762457885742187500e+03
8.797045707702636719e+00 1.794498413085937500e+03 3.239671325683593750e+01 1.762101684570312500e+03
8.817454338073730469e+00 1.862139648437500000e+03 8.326815795898437500e+01 1.778871582031250000e+03
8.858271598815917969e+00 1.816792968750000000e+03 3.221333312988281250e+01 1.784579589843750000e+03
8.878681182861328125e+00 1.793552368164062500e+03 3.205839920043945312e+01 1.761494018554687500e+03
9.021542549133300781e+00 1.792982055664062500e+03 3.129864501953125000e+01 1.761683349609375000e+03
9.041950225830078125e+00 1.792679565429687500e+03 3.120153045654296875e+01 1.761478149414062500e+03
9.062358856201171875e+00 1.792087158203125000e+03 3.117088699340820312e+01 1.760916259765625000e+03
9.082767486572265625e+00 1.791848754882812500e+03 3.106131172180175781e+01 1.760787353515625000e+03
9.103176116943359375e+00 1.791217773437500000e+03 3.101797103881835938e+01 1.760199707031250000e+03
9.143994331359863281e+00 1.791357055664062500e+03 3.086641883850097656e+01 1.760490600585937500e+03
9.266445159912109375e+00 1.795436157226562500e+03 3.040686798095703125e+01 1.765029296875000000e+03
9.286854743957519531e+00 1.787954833984375000e+03 2.986316299438476562e+01 1.758091674804687500e+03
9.307263374328613281e+00 1.789521850585937500e+03 2.983625984191894531e+01 1.759685546875000000e+03
9.327672004699707031e+00 1.792429565429687500e+03 2.966831970214843750e+01 1.762761352539062500e+03
9.348080635070800781e+00 1.789851562500000000e+03 2.951391983032226562e+01 1.760337646484375000e+03
9.368490219116210938e+00 1.791264160156250000e+03 2.934741401672363281e+01 1.761916748046875000e+03
9.388898849487304688e+00 1.792453491210937500e+03 2.925812149047851562e+01 1.763195434570312500e+03
9.409307479858398438e+00 1.792679687500000000e+03 2.920738029479980469e+01 1.763472290039062500e+03
9.429716110229492188e+00 1.793379272460937500e+03 2.909339523315429688e+01 1.764285766601562500e+03
9.450124740600585938e+00 1.792867675781250000e+03 2.899256515502929688e+01 1.763875122070312500e+03
9.470534324645996094e+00 1.793208618164062500e+03 2.890480995178222656e+01 1.764303833007812500e+03
9.490941047668457031e+00 1.792588256835937500e+03 2.879221343994140625e+01 1.763796020507812500e+03
9.511349678039550781e+00 1.792938964843750000e+03 2.871784591674804688e+01 1.764221191406250000e+03
9.531759262084960938e+00 1.793148437500000000e+03 2.860612678527832031e+01 1.764542236328125000e+03
9.552167892456054688e+00 1.793505493164062500e+03 2.853247833251953125e+01 1.764973022460937500e+03
9.572576522827148438e+00 1.793387695312500000e+03 2.844664001464843750e+01 1.764941162109375000e+03
9.592985153198242188e+00 1.793677246093750000e+03 2.838611984252929688e+01 1.765291259765625000e+03
9.613394737243652344e+00 1.793140869140625000e+03 2.830095481872558594e+01 1.764839843750000000e+03
9.633803367614746094e+00 1.793483886718750000e+03 2.816645240783691406e+01 1.765317382812500000e+03
9.654211997985839844e+00 1.793020385742187500e+03 2.809451103210449219e+01 1.764925903320312500e+03
9.674620628356933594e+00 1.792354980468750000e+03 2.799812889099121094e+01 1.764356689453125000e+03
9.695029258728027344e+00 1.792176269531250000e+03 2.791449737548828125e+01 1.764261962890625000e+03
9.715438842773437500e+00 1.791744018554687500e+03 2.783121681213378906e+01 1.763912841796875000e+03
9.735845565795898438e+00 1.792032958984375000e+03 2.773600006103515625e+01 1.764296997070312500e+03
9.756254196166992188e+00 1.790471679687500000e+03 2.766571044921875000e+01 1.762805908203125000e+03
9.776663780212402344e+00 1.790881958007812500e+03 2.757122993469238281e+01 1.763310791015625000e+03
9.797072410583496094e+00 1.790321411132812500e+03 2.746492576599121094e+01 1.762856567382812500e+03
9.817481040954589844e+00 1.790603759765625000e+03 2.735906028747558594e+01 1.763244628906250000e+03
9.837889671325683594e+00 1.789384033203125000e+03 2.727796936035156250e+01 1.762105957031250000e+03
9.858299255371093750e+00 1.788926879882812500e+03 2.717293357849121094e+01 1.761753784179687500e+03
9.878707885742187500e+00 1.788807617187500000e+03 2.705621337890625000e+01 1.761751342773437500e+03
9.899116516113281250e+00 1.788601928710937500e+03 2.696415710449218750e+01 1.761637817382812500e+03
9.919525146484375000e+00 1.787477539062500000e+03 2.684834671020507812e+01 1.760629150390625000e+03
9.939933776855468750e+00 1.787817749023437500e+03 2.675709533691406250e+01 1.761060668945312500e+03
9.960341453552246094e+00 1.787253295898437500e+03 2.663016891479492188e+01 1.760622924804687500e+03
9.980750083923339844e+00 1.786685058593750000e+03 2.650375938415527344e+01 1.760181396484375000e+03
1.000115871429443359e+01 1.786483520507812500e+03 2.637786674499511719e+01 1.760105712890625000e+03
1.002156829833984375e+01 1.786006469726562500e+03 2.628831672668457031e+01 1.759718261718750000e+03
1.004197692871093750e+01 1.785367431640625000e+03 2.616337203979492188e+01 1.759204101562500000e+03
1.006238555908203125e+01 1.785670898437500000e+03 2.605083084106445312e+01 1.759620117187500000e+03
1.008279418945312500e+01 1.784659790039062500e+03 2.593874359130859375e+01 1.758720947265625000e+03
1.012361240386962891e+01 1.783355468750000000e+03 2.591692543029785156e+01 1.757438598632812500e+03
1.014402103424072266e+01 1.783354614257812500e+03 2.590018081665039062e+01 1.757454467773437500e+03
1.016442966461181641e+01 1.782805053710937500e+03 2.565976142883300781e+01 1.757145385742187500e+03
1.018483734130859375e+01 1.781661010742187500e+03 2.551432991027832031e+01 1.756146850585937500e+03
1.020524597167968750e+01 1.781391479492187500e+03 2.529910087585449219e+01 1.756092407226562500e+03
1.022565460205078125e+01 1.790521240234375000e+03 2.558806610107421875e+01 1.764933227539062500e+03
1.024606323242187500e+01 1.781896728515625000e+03 2.509317588806152344e+01 1.756803588867187500e+03
1.026647281646728516e+01 1.781286499023437500e+03 2.503163528442382812e+01 1.756254882812500000e+03
1.028688144683837891e+01 1.781655639648437500e+03 2.495870018005371094e+01 1.756696899414062500e+03
1.030729007720947266e+01 1.780804443359375000e+03 2.490928077697753906e+01 1.755895019531250000e+03
1.032769870758056641e+01 1.780424804687500000e+03 2.482528877258300781e+01 1.755599609375000000e+03
1.034810733795166016e+01 1.780732788085937500e+03 2.476476097106933594e+01 1.755968017578125000e+03
1.036851692199707031e+01 1.780297851562500000e+03 2.471601486206054688e+01 1.755581909179687500e+03
1.038892555236816406e+01 1.779808837890625000e+03 2.464441680908203125e+01 1.755164306640625000e+03
1.040933418273925781e+01 1.779341430664062500e+03 2.460759735107421875e+01 1.754733886718750000e+03
1.042974185943603516e+01 1.778918945312500000e+03 2.457092666625976562e+01 1.754348022460937500e+03
1.045015048980712891e+01 1.778941406250000000e+03 2.453439331054687500e+01 1.754407104492187500e+03
1.047055912017822266e+01 1.778978149414062500e+03 2.448657226562500000e+01 1.754491577148437500e+03
1.049096775054931641e+01 1.779288208007812500e+03 2.447316360473632812e+01 1.754815063476562500e+03
1.051137733459472656e+01 1.778083374023437500e+03 2.440287399291992188e+01 1.753680541992187500e+03
1.053178596496582031e+01 1.777193359375000000e+03 2.438967895507812500e+01 1.752803710937500000e+03
1.055219459533691406e+01 1.777161865234375000e+03 2.434250640869140625e+01 1.752819335937500000e+03
1.057260322570800781e+01 1.777014648437500000e+03 2.431816101074218750e+01 1.752696533203125000e+03
1.059301185607910156e+01 1.776719238281250000e+03 2.429390907287597656e+01 1.752425292968750000e+03
1.061342144012451172e+01 1.776734375000000000e+03 2.423591613769531250e+01 1.752498413085937500e+03
1.063383007049560547e+01 1.776237548828125000e+03 2.421191406250000000e+01 1.752025634765625000e+03
1.065423679351806641e+01 1.775688232421875000e+03 2.415430259704589844e+01 1.751533935546875000e+03
1.067464637756347656e+01 1.775795654296875000e+03 2.411933708190917969e+01 1.751676391601562500e+03
1.069505500793457031e+01 1.775073608398437500e+03 2.406211853027343750e+01 1.751011596679687500e+03
1.071546363830566406e+01 1.774653686523437500e+03 2.402746009826660156e+01 1.750626342773437500e+03
1.073587226867675781e+01 1.774665649414062500e+03 2.399293327331542969e+01 1.750672729492187500e+03
1.075628089904785156e+01 1.773724243164062500e+03 2.391402435302734375e+01 1.749810302734375000e+03
1.077669048309326172e+01 1.773686645507812500e+03 2.385762786865234375e+01 1.749829101562500000e+03
1.079709911346435547e+01 1.773504394531250000e+03 2.377927398681640625e+01 1.749725097656250000e+03
1.081750774383544922e+01 1.773518066406250000e+03 2.374547576904296875e+01 1.749772583007812500e+03
1.083791637420654297e+01 1.773542846679687500e+03 2.366763114929199219e+01 1.749875244140625000e+03
1.085832595825195312e+01 1.772511596679687500e+03 2.359007453918457031e+01 1.748921508789062500e+03
1.087873268127441406e+01 1.772480712890625000e+03 2.347980690002441406e+01 1.749000976562500000e+03
1.089914131164550781e+01 1.771945556640625000e+03 2.342485809326171875e+01 1.748520751953125000e+03
1.091955089569091797e+01 1.771909057617187500e+03 2.332626914978027344e+01 1.748582763671875000e+03
1.093995952606201172e+01 1.771831298828125000e+03 2.324992942810058594e+01 1.748581298828125000e+03
1.096036815643310547e+01 1.771698486328125000e+03 2.318479537963867188e+01 1.748513671875000000e+03
1.098077678680419922e+01 1.770959228515625000e+03 2.306540107727050781e+01 1.747893798828125000e+03
1.100118541717529297e+01 1.771244384765625000e+03 2.297908973693847656e+01 1.748265258789062500e+03
1.102159500122070312e+01 1.770806640625000000e+03 2.289309883117675781e+01 1.747913452148437500e+03
1.104200363159179688e+01 1.770778076171875000e+03 2.279658699035644531e+01 1.747981445312500000e+03
1.106241226196289062e+01 1.770317382812500000e+03 2.271124839782714844e+01 1.747606079101562500e+03
1.108282089233398438e+01 1.769838012695312500e+03 2.262622642517089844e+01 1.747211791992187500e+03
1.110323047637939453e+01 1.769847778320312500e+03 2.253073501586914062e+01 1.747317016601562500e+03
1.112363719940185547e+01 1.769021850585937500e+03 2.247864151000976562e+01 1.746543090820312500e+03
1.114404582977294922e+01 1.769044189453125000e+03 2.239451026916503906e+01 1.746649658203125000e+03
1.116445541381835938e+01 1.768608154296875000e+03 2.231068992614746094e+01 1.746297363281250000e+03
1.118486404418945312e+01 1.768628540039062500e+03 2.222717094421386719e+01 1.746401367187500000e+03
1.120527267456054688e+01 1.768229614257812500e+03 2.217600440979003906e+01 1.746053710937500000e+03
1.122568130493164062e+01 1.768232543945312500e+03 2.210370254516601562e+01 1.746128784179687500e+03
1.124608993530273438e+01 1.767778808593750000e+03 2.203165817260742188e+01 1.745747192382812500e+03
1.126649951934814453e+01 1.767498046875000000e+03 2.198112487792968750e+01 1.745517089843750000e+03
1.128690814971923828e+01 1.767049804687500000e+03 2.193077468872070312e+01 1.745119018554687500e+03
1.130731678009033203e+01 1.766798217773437500e+03 2.187001991271972656e+01 1.744928222656250000e+03
1.142976856231689453e+01 1.773083251953125000e+03 2.206508064270019531e+01 1.751018310546875000e+03
1.145017719268798828e+01 1.762021972656250000e+03 2.157624626159667969e+01 1.740445800781250000e+03
1.147058582305908203e+01 1.761681762695312500e+03 2.156916236877441406e+01 1.740112548828125000e+03
1.155222129821777344e+01 1.760052246093750000e+03 2.129240608215332031e+01 1.738759887695312500e+03
1.161344623565673828e+01 1.759561157226562500e+03 2.116984939575195312e+01 1.738391235351562500e+03
1.163385486602783203e+01 1.759496337890625000e+03 2.117386436462402344e+01 1.738322387695312500e+03
1.165426349639892578e+01 1.757903320312500000e+03 2.106488990783691406e+01 1.736838500976562500e+03
1.169508171081542969e+01 1.757285400390625000e+03 2.097089958190917969e+01 1.736314575195312500e+03
1.183794212341308594e+01 3.243050537109375000e+03 1.520722656250000000e+03 1.722327392578125000e+03
1.185835075378417969e+01 1.747526123046875000e+03 2.084366798400878906e+01 1.726682373046875000e+03
1.187875938415527344e+01 1.756255859375000000e+03 2.046525955200195312e+01 1.735790527343750000e+03
1.196039485931396484e+01 8.758425781250000000e+03 7.024382324218750000e+03 1.734042114257812500e+03
1.198080348968505859e+01 1.751973632812500000e+03 2.015108108520507812e+01 1.731822509765625000e+03
1.200121307373046875e+01 1.751636840820312500e+03 2.007691764831542969e+01 1.731559936523437500e+03
1.202162170410156250e+01 1.751575317382812500e+03 2.010257530212402344e+01 1.731472778320312500e+03
1.204202842712402344e+01 1.752829956054687500e+03 2.019772338867187500e+01 1.732632202148437500e+03
1.206243801116943359e+01 1.751667846679687500e+03 2.003455352783203125e+01 1.731633300781250000e+03
1.208284664154052734e+01 1.751665771484375000e+03 1.999080657958984375e+01 1.731675048828125000e+03
1.210325527191162109e+01 1.751360107421875000e+03 1.994720840454101562e+01 1.731412841796875000e+03
1.214407253265380859e+01 1.748754150390625000e+03 1.982102584838867188e+01 1.728933105468750000e+03
1.216448211669921875e+01 1.748852661132812500e+03 1.979761123657226562e+01 1.729055053710937500e+03
1.220529937744140625e+01 1.747849121093750000e+03 1.974120903015136719e+01 1.728107910156250000e+03
1.226652622222900391e+01 1.746857421875000000e+03 1.958412551879882812e+01 1.727273193359375000e+03
1.228693294525146484e+01 1.746725097656250000e+03 1.955159950256347656e+01 1.727173583984375000e+03
1.232775115966796875e+01 1.745795776367187500e+03 1.943831443786621094e+01 1.726357543945312500e+03
1.234815979003906250e+01 1.745660766601562500e+03 1.939649581909179688e+01 1.726264282226562500e+03
1.236856842041015625e+01 1.745107299804687500e+03 1.943222999572753906e+01 1.725675048828125000e+03
1.238897705078125000e+01 1.744445434570312500e+03 1.934225082397460938e+01 1.725103149414062500e+03
1.240938663482666016e+01 1.743757690429687500e+03 1.929115104675292969e+01 1.724466430664062500e+03
1.247061252593994141e+01 1.742239257812500000e+03 1.918683815002441406e+01 1.723052490234375000e+03
1.253183746337890625e+01 1.740879516601562500e+03 1.908354949951171875e+01 1.721795898437500000e+03
1.255224609375000000e+01 1.740682617187500000e+03 1.898576927185058594e+01 1.721696777343750000e+03
1.257265567779541016e+01 1.740284545898437500e+03 1.890734863281250000e+01 1.721377319335937500e+03
1.261347293853759766e+01 1.739970581054687500e+03 1.879871559143066406e+01 1.721171875000000000e+03
1.271551704406738281e+01 1.737923828125000000e+03 1.846899986267089844e+01 1.719454833984375000e+03
1.273592472076416016e+01 1.737967163085937500e+03 1.849579429626464844e+01 1.719471313476562500e+03
1.277674198150634766e+01 1.736085449218750000e+03 1.830555152893066406e+01 1.717779785156250000e+03
1.283796882629394531e+01 1.735347167968750000e+03 1.818095588684082031e+01 1.717166259765625000e+03
1.285837745666503906e+01 1.731713134765625000e+03 2.113090515136718750e+01 1.710582275390625000e+03
1.289919567108154297e+01 1.733810546875000000e+03 1.796474838256835938e+01 1.715845825195312500e+03
1.291960430145263672e+01 1.733839965820312500e+03 1.790857505798339844e+01 1.715931518554687500e+03
1.298082923889160156e+01 1.733091308593750000e+03 1.774111938476562500e+01 1.715350219726562500e+03
1.300123786926269531e+01 1.732689941406250000e+03 1.770406532287597656e+01 1.714985839843750000e+03
1.310328197479248047e+01 1.731018676757812500e+03 1.743830490112304688e+01 1.713580200195312500e+03
1.312369060516357422e+01 1.730830078125000000e+03 1.749327087402343750e+01 1.713336791992187500e+03
1.314409923553466797e+01 1.730285278320312500e+03 1.740236282348632812e+01 1.712882934570312500e+03
1.316450881958007812e+01 1.729957641601562500e+03 1.738447761535644531e+01 1.712573120117187500e+03
1.318491744995117188e+01 1.730239990234375000e+03 1.734848976135253906e+01 1.712891601562500000e+03
1.320532417297363281e+01 1.729469482421875000e+03 1.733980751037597656e+01 1.712129760742187500e+03
1.328695964813232422e+01 1.726729858398437500e+03 1.720624732971191406e+01 1.709523559570312500e+03
1.330736923217773438e+01 1.726028320312500000e+03 1.718885231018066406e+01 1.708839477539062500e+03
1.332777786254882812e+01 1.724943969726562500e+03 1.716253089904785156e+01 1.707781372070312500e+03
1.334818649291992188e+01 1.725900024414062500e+03 1.714525794982910156e+01 1.708754760742187500e+03
1.336859512329101562e+01 1.725070556640625000e+03 1.709222412109375000e+01 1.707978515625000000e+03
1.338900375366210938e+01 1.725178344726562500e+03 1.706616973876953125e+01 1.708112182617187500e+03
1.340941333770751953e+01 1.723718261718750000e+03 1.713838386535644531e+01 1.706579833984375000e+03
1.342982006072998047e+01 1.673555175781250000e+03 1.701430320739746094e+01 1.656540893554687500e+03
1.345022869110107422e+01 1.721434814453125000e+03 1.698848533630371094e+01 1.704446289062500000e+03
1.347063827514648438e+01 1.719773437500000000e+03 1.695386123657226562e+01 1.702819580078125000e+03
1.349104690551757812e+01 1.720428710937500000e+03 1.692821311950683594e+01 1.703500488281250000e+03
1.351145553588867188e+01 1.721547851562500000e+03 1.688492584228515625e+01 1.704662963867187500e+03
1.353186416625976562e+01 1.722286010742187500e+03 1.685945892333984375e+01 1.705426635742187500e+03
1.355227375030517578e+01 1.722658325195312500e+03 1.682523918151855469e+01 1.705833129882812500e+03
1.357268238067626953e+01 1.722122924804687500e+03 1.679993820190429688e+01 1.705322998046875000e+03
1.359309101104736328e+01 1.721803466796875000e+03 1.674829864501953125e+01 1.705055175781250000e+03
1.361350059509277344e+01 1.721539428710937500e+03 1.672318840026855469e+01 1.704816284179687500e+03
1.363390827178955078e+01 1.735991088867187500e+03 1.737416076660156250e+01 1.718616943359375000e+03
1.365431785583496094e+01 1.720809570312500000e+03 1.665566444396972656e+01 1.704153930664062500e+03
1.367472553253173828e+01 1.720271118164062500e+03 1.661330223083496094e+01 1.703657836914062500e+03
1.369513320922851562e+01 1.719961425781250000e+03 1.657980918884277344e+01 1.703381591796875000e+03
1.371554279327392578e+01 1.719405151367187500e+03 1.653768157958984375e+01 1.702867553710937500e+03
1.373595046997070312e+01 1.719171020507812500e+03 1.648696899414062500e+01 1.702684082031250000e+03
1.375636100769042969e+01 1.718970458984375000e+03 1.644510459899902344e+01 1.702525390625000000e+03
1.377676773071289062e+01 1.718352416992187500e+03 1.639468193054199219e+01 1.701957763671875000e+03
1.379717826843261719e+01 1.718076171875000000e+03 1.637042808532714844e+01 1.701705810546875000e+03
1.381758594512939453e+01 1.717542602539062500e+03 1.631159973144531250e+01 1.701231079101562500e+03
1.383799648284912109e+01 1.717227661132812500e+03 1.625294303894042969e+01 1.700974731445312500e+03
1.385840320587158203e+01 1.716758911132812500e+03 1.621173477172851562e+01 1.700547119140625000e+03
1.387881374359130859e+01 1.716193481445312500e+03 1.617064476013183594e+01 1.700022827148437500e+03
1.389922142028808594e+01 1.715593994140625000e+03 1.612967872619628906e+01 1.699464355468750000e+03
1.391962814331054688e+01 1.714990112304687500e+03 1.608883285522460938e+01 1.698901245117187500e+03
1.394003868103027344e+01 1.714400146484375000e+03 1.603951835632324219e+01 1.698360595703125000e+03
1.396044635772705078e+01 1.714215942382812500e+03 1.600749778747558594e+01 1.698208496093750000e+03
1.398085689544677734e+01 1.713632690429687500e+03 1.595844364166259766e+01 1.697674316406250000e+03
1.400126361846923828e+01 1.713046142578125000e+03 1.592663383483886719e+01 1.697119506835937500e+03
1.402167415618896484e+01 1.712511596679687500e+03 1.588637924194335938e+01 1.696625244140625000e+03
1.404208183288574219e+01 1.711984130859375000e+03 1.585476779937744141e+01 1.696129394531250000e+03
1.406249237060546875e+01 1.711414062500000000e+03 1.582324314117431641e+01 1.695590820312500000e+03
1.408289909362792969e+01 1.710875122070312500e+03 1.579181575775146484e+01 1.695083374023437500e+03
1.410330963134765625e+01 1.710306396484375000e+03 1.576047325134277344e+01 1.694546020507812500e+03
1.412371635437011719e+01 1.710037841796875000e+03 1.572075080871582031e+01 1.694317138671875000e+03
1.414412403106689453e+01 1.709489379882812500e+03 1.570653247833251953e+01 1.693782836914062500e+03
1.416453456878662109e+01 1.708943481445312500e+03 1.567544841766357422e+01 1.693268066406250000e+03
1.418494129180908203e+01 1.708420410156250000e+03 1.565289688110351562e+01 1.692767456054687500e+03
1.420535182952880859e+01 1.707889526367187500e+03 1.562198162078857422e+01 1.692267578125000000e+03
1.422575950622558594e+01 1.707730957031250000e+03 1.561639976501464844e+01 1.692114624023437500e+03
1.424617004394531250e+01 1.706830078125000000e+03 1.559402656555175781e+01 1.691236083984375000e+03
1.426657676696777344e+01 1.706319946289062500e+03 1.557172012329101562e+01 1.690748291015625000e+03
1.428698730468750000e+01 1.706046875000000000e+03 1.556623077392578125e+01 1.690480590820312500e+03
1.430739498138427734e+01 1.705663085937500000e+03 1.555239295959472656e+01 1.690110717773437500e+03
1.432780551910400391e+01 1.705061767578125000e+03 1.554694747924804688e+01 1.689514892578125000e+03
1.434821224212646484e+01 1.704274291992187500e+03 1.552483463287353516e+01 1.688749389648437500e+03
1.436861991882324219e+01 1.704033813476562500e+03 1.550278568267822266e+01 1.688531005859375000e+03
1.438903045654296875e+01 1.703911865234375000e+03 1.549743080139160156e+01 1.688414428710937500e+03
1.440943717956542969e+01 1.703390747070312500e+03 1.548379039764404297e+01 1.687906982421875000e+03
1.442984771728515625e+01 1.702547729492187500e+03 1.547848033905029297e+01 1.687069213867187500e+03
1.445025539398193359e+01 1.702052246093750000e+03 1.546490287780761719e+01 1.686587402343750000e+03
1.447066593170166016e+01 1.701917358398437500e+03 1.545136356353759766e+01 1.686465942382812500e+03
1.449107265472412109e+01 1.701689819335937500e+03 1.544612216949462891e+01 1.686243652343750000e+03
1.451148319244384766e+01 1.700595703125000000e+03 1.543264484405517578e+01 1.685162963867187500e+03
1.453189086914062500e+01 1.700390991210937500e+03 1.541921043395996094e+01 1.684971801757812500e+03
1.455230045318603516e+01 1.699975097656250000e+03 1.540580844879150391e+01 1.684569335937500000e+03
1.457270812988281250e+01 1.699735717773437500e+03 1.538423538208007812e+01 1.684351440429687500e+03
1.459311580657958984e+01 1.698988891601562500e+03 1.537912654876708984e+01 1.683609741210937500e+03
1.461352539062500000e+01 1.698445312500000000e+03 1.534945678710937500e+01 1.683095825195312500e+03
1.463393306732177734e+01 1.698282104492187500e+03 1.533623027801513672e+01 1.682945800781250000e+03
1.465434360504150391e+01 1.697831298828125000e+03 1.531486988067626953e+01 1.682516357421875000e+03
1.467475032806396484e+01 1.697323608398437500e+03 1.530172824859619141e+01 1.682021850585937500e+03
1.469516086578369141e+01 1.696851928710937500e+03 1.527233123779296875e+01 1.681579467773437500e+03
1.471556854248046875e+01 1.696358032226562500e+03 1.526741981506347656e+01 1.681090576171875000e+03
1.473597908020019531e+01 1.696181762695312500e+03 1.523814964294433594e+01 1.680943725585937500e+03
1.475638580322265625e+01 1.695394653320312500e+03 1.521707630157470703e+01 1.680177612304687500e+03
1.477679634094238281e+01 1.694919799804687500e+03 1.519605731964111328e+01 1.679723754882812500e+03
1.479720401763916016e+01 1.694724975585937500e+03 1.517510032653808594e+01 1.679549804687500000e+03
1.481761455535888672e+01 1.693971801757812500e+03 1.515419769287109375e+01 1.678817504882812500e+03
1.483802127838134766e+01 1.693476562500000000e+03 1.512528896331787109e+01 1.678351318359375000e+03
1.485842895507812500e+01 1.693610595703125000e+03 1.510451507568359375e+01 1.678506103515625000e+03
1.487883949279785156e+01 1.692539916992187500e+03 1.508379554748535156e+01 1.677456054687500000e+03
1.489924621582031250e+01 1.692051513671875000e+03 1.508723640441894531e+01 1.676964233398437500e+03
1.491965675354003906e+01 1.691808715820312500e+03 1.503450679779052734e+01 1.676774169921875000e+03
1.494006443023681641e+01 1.691104370117187500e+03 1.502198123931884766e+01 1.676082397460937500e+03
1.496047496795654297e+01 1.690600708007812500e+03 1.499348640441894531e+01 1.675607299804687500e+03
1.498088169097900391e+01 1.689875976562500000e+03 1.497306251525878906e+01 1.674902954101562500e+03
1.500129222869873047e+01 1.690022827148437500e+03 1.496066856384277344e+01 1.675062255859375000e+03
1.502169895172119141e+01 1.689192016601562500e+03 1.494034481048583984e+01 1.674251831054687500e+03
1.504210948944091797e+01 1.688459106445312500e+03 1.492007255554199219e+01 1.673539062500000000e+03
1.506251716613769531e+01 1.688613037109375000e+03 1.490780353546142578e+01 1.673705322265625000e+03
1.508292388916015625e+01 1.687794433593750000e+03 1.489557075500488281e+01 1.672898803710937500e+03
1.510333442687988281e+01 1.687063476562500000e+03 1.488336563110351562e+01 1.672179931640625000e+03
1.512374210357666016e+01 1.686611328125000000e+03 1.486328220367431641e+01 1.671748046875000000e+03
1.514415264129638672e+01 1.686443847656250000e+03 1.489067268371582031e+01 1.671553222656250000e+03
1.516455936431884766e+01 1.685992065429687500e+03 1.485484695434570312e+01 1.671137207031250000e+03
1.518496990203857422e+01 1.685268554687500000e+03 1.484276390075683594e+01 1.670425781250000000e+03
1.520537757873535156e+01 1.685417602539062500e+03 1.483858776092529297e+01 1.670578979492187500e+03
1.522578811645507812e+01 1.684647460937500000e+03 1.483441925048828125e+01 1.669812988281250000e+03
1.524619483947753906e+01 1.683970336914062500e+03 1.484596633911132812e+01 1.669124389648437500e+03
1.526660537719726562e+01 1.683524169921875000e+03 1.482611846923828125e+01 1.668697998046875000e+03
1.528701305389404297e+01 1.683334960937500000e+03 1.482981586456298828e+01 1.668505249023437500e+03
1.530741977691650391e+01 1.682658813476562500e+03 1.483350467681884766e+01 1.667825317382812500e+03
1.532783031463623047e+01 1.682222778320312500e+03 1.483717823028564453e+01 1.667385620117187500e+03
1.534823799133300781e+01 1.682047607421875000e+03 1.483304786682128906e+01 1.667214599609375000e+03
1.536864852905273438e+01 1.681378051757812500e+03 1.483671379089355469e+01 1.666541381835937500e+03
1.538905525207519531e+01 1.680981079101562500e+03 1.484037208557128906e+01 1.666140747070312500e+03
1.540946578979492188e+01 1.681148193359375000e+03 1.484401893615722656e+01 1.666304199218750000e+03
1.542987346649169922e+01 1.680151611328125000e+03 1.485541725158691406e+01 1.665296142578125000e+03
1.545028305053710938e+01 1.679739135742187500e+03 1.485903358459472656e+01 1.664880126953125000e+03
1.547069072723388672e+01 1.679910278320312500e+03 1.486264324188232422e+01 1.665047485351562500e+03
1.549109745025634766e+01 1.678927734375000000e+03 1.485851860046386719e+01 1.664069091796875000e+03
1.551150798797607422e+01 1.678499633789062500e+03 1.486983203887939453e+01 1.663629760742187500e+03
1.553191566467285156e+01 1.678355468750000000e+03 1.487341594696044922e+01 1.663482055664062500e+03
1.555232620239257812e+01 1.677951538085937500e+03 1.488468074798583984e+01 1.663066894531250000e+03
1.557273292541503906e+01 1.677302246093750000e+03 1.488054847717285156e+01 1.662421752929687500e+03
1.559314346313476562e+01 1.677140502929687500e+03 1.487642192840576172e+01 1.662264160156250000e+03
1.561355113983154297e+01 1.677046752929687500e+03 1.488764286041259766e+01 1.662159179687500000e+03
1.563395786285400391e+01 1.676094238281250000e+03 1.488352298736572266e+01 1.661210693359375000e+03
1.565436840057373047e+01 1.675710449218750000e+03 1.487940883636474609e+01 1.660831054687500000e+03
1.567477607727050781e+01 1.675876098632812500e+03 1.488294696807861328e+01 1.660993164062500000e+03
1.569518661499023438e+01 1.675137207031250000e+03 1.487121868133544922e+01 1.660265869140625000e+03
1.571559333801269531e+01 1.674486328125000000e+03 1.487475681304931641e+01 1.659611572265625000e+03
1.573600387573242188e+01 1.674413208007812500e+03 1.487067604064941406e+01 1.659542602539062500e+03
1.575641155242919922e+01 1.673656005859375000e+03 1.485901260375976562e+01 1.658796875000000000e+03
1.577682209014892578e+01 1.673490234375000000e+03 1.485496330261230469e+01 1.658635375976562500e+03
1.579722881317138672e+01 1.673171142578125000e+03 1.485092639923095703e+01 1.658320190429687500e+03
1.581763935089111328e+01 1.672416137695312500e+03 1.484689807891845703e+01 1.657569213867187500e+03
1.583804702758789062e+01 1.672023681640625000e+03 1.482776832580566406e+01 1.657195800781250000e+03
1.585845661163330078e+01 1.671897827148437500e+03 1.481623268127441406e+01 1.657081665039062500e+03
1.587886428833007812e+01 1.670908935546875000e+03 1.480472850799560547e+01 1.656104125976562500e+03
1.589927196502685547e+01 1.670766845703125000e+03 1.479325580596923828e+01 1.655973632812500000e+03
1.591968154907226562e+01 1.670343627929687500e+03 1.478180789947509766e+01 1.655561889648437500e+03
1.594008922576904297e+01 1.669676513671875000e+03 1.477039146423339844e+01 1.654906005859375000e+03
1.596049976348876953e+01 1.669254272460937500e+03 1.475150299072265625e+01 1.654502807617187500e+03
1.598090648651123047e+01 1.668827880859375000e+03 1.474015522003173828e+01 1.654087768554687500e+03
1.600131797790527344e+01 1.668430175781250000e+03 1.472883510589599609e+01 1.653701293945312500e+03
1.602172470092773438e+01 1.667433349609375000e+03 1.471007442474365234e+01 1.652723144531250000e+03
1.604213523864746094e+01 1.667358764648437500e+03 1.469881916046142578e+01 1.652660034179687500e+03
1.606254196166992188e+01 1.666944458007812500e+03 1.468014430999755859e+01 1.652264282226562500e+03
1.608295249938964844e+01 1.666245239257812500e+03 1.467640018463134766e+01 1.651568847656250000e+03
1.610335922241210938e+01 1.665911254882812500e+03 1.465780067443847656e+01 1.651253540039062500e+03
1.612376785278320312e+01 1.665165161132812500e+03 1.464667224884033203e+01 1.650518554687500000e+03
1.614417839050292969e+01 1.664748901367187500e+03 1.463556957244873047e+01 1.650113281250000000e+03
1.616458511352539062e+01 1.664670043945312500e+03 1.462449741363525391e+01 1.650045532226562500e+03
1.618499565124511719e+01 1.663696655273437500e+03 1.461345100402832031e+01 1.649083251953125000e+03
1.620540237426757812e+01 1.663309326171875000e+03 1.460981941223144531e+01 1.648699584960937500e+03
1.622581291198730469e+01 1.662928222656250000e+03 1.459881877899169922e+01 1.648329467773437500e+03
1.624621963500976562e+01 1.662533325195312500e+03 1.459521579742431641e+01 1.647938110351562500e+03
1.626663017272949219e+01 1.661812011718750000e+03 1.459162044525146484e+01 1.647220336914062500e+03
1.628703880310058594e+01 1.661749023437500000e+03 1.458803558349609375e+01 1.647160888671875000e+03
1.630744743347167969e+01 1.661345092773437500e+03 1.458445644378662109e+01 1.646760620117187500e+03
1.632785606384277344e+01 1.660983032226562500e+03 1.458822154998779297e+01 1.646394775390625000e+03
1.634826278686523438e+01 1.660618041992187500e+03 1.458465480804443359e+01 1.646033447265625000e+03
1.636867332458496094e+01 1.659699951171875000e+03 1.458840465545654297e+01 1.645111572265625000e+03
1.638908004760742188e+01 1.659619384765625000e+03 1.458484649658203125e+01 1.645034667968750000e+03
1.640949058532714844e+01 1.659274658203125000e+03 1.459588336944580078e+01 1.644678710937500000e+03
1.642989730834960938e+01 1.658591674804687500e+03 1.460689449310302734e+01 1.643984741210937500e+03
1.645030784606933594e+01 1.658531372070312500e+03 1.460332393646240234e+01 1.643928100585937500e+03
1.647071647644042969e+01 1.657657104492187500e+03 1.461430072784423828e+01 1.643042846679687500e+03
1.649112701416015625e+01 1.657506713867187500e+03 1.461798572540283203e+01 1.642888671875000000e+03
1.651153373718261719e+01 1.657474243164062500e+03 1.462891578674316406e+01 1.642845336914062500e+03
1.653194427490234375e+01 1.656796264648437500e+03 1.463981533050537109e+01 1.642156372070312500e+03
1.655235099792480469e+01 1.656462158203125000e+03 1.465069293975830078e+01 1.641811523437500000e+03
1.657275772094726562e+01 1.656205688476562500e+03 1.466154098510742188e+01 1.641544067382812500e+03
1.659316825866699219e+01 1.655520263671875000e+03 1.466514873504638672e+01 1.640855102539062500e+03
1.661357688903808594e+01 1.655426757812500000e+03 1.466874885559082031e+01 1.640758056640625000e+03
1.663398742675781250e+01 1.655116333007812500e+03 1.467233657836914062e+01 1.640443969726562500e+03
1.665439414978027344e+01 1.654733520507812500e+03 1.468310546875000000e+01 1.640050415039062500e+03
1.667480468750000000e+01 1.654476074218750000e+03 1.468666934967041016e+01 1.639789428710937500e+03
1.669521141052246094e+01 1.653832153320312500e+03 1.469739437103271484e+01 1.639134643554687500e+03
1.671562194824218750e+01 1.653485717773437500e+03 1.470092964172363281e+01 1.638784790039062500e+03
1.673602867126464844e+01 1.653435913085937500e+03 1.470446014404296875e+01 1.638731323242187500e+03
1.675643920898437500e+01 1.652530029296875000e+03 1.470797824859619141e+01 1.637822021484375000e+03
1.677684593200683594e+01 1.652419189453125000e+03 1.471149349212646484e+01 1.637707641601562500e+03
1.679725456237792969e+01 1.652083984375000000e+03 1.470787048339843750e+01 1.637376220703125000e+03
1.681766510009765625e+01 1.651710327148437500e+03 1.470425605773925781e+01 1.637006103515625000e+03
1.683807182312011719e+01 1.651426513671875000e+03 1.470065212249755859e+01 1.636726074218750000e+03
1.685848236083984375e+01 1.650817260742187500e+03 1.471125316619873047e+01 1.636106079101562500e+03
1.687888908386230469e+01 1.650462402343750000e+03 1.469346714019775391e+01 1.635768920898437500e+03
1.689929962158203125e+01 1.650069458007812500e+03 1.468280410766601562e+01 1.635386718750000000e+03
1.691970634460449219e+01 1.649721069335937500e+03 1.467924308776855469e+01 1.635041870117187500e+03
1.694011688232421875e+01 1.649395996093750000e+03 1.466862201690673828e+01 1.634727416992187500e+03
1.696052551269531250e+01 1.649052124023437500e+03 1.465803050994873047e+01 1.634394165039062500e+03
1.698093605041503906e+01 1.648445068359375000e+03 1.464745998382568359e+01 1.633797607421875000e+03
1.700134277343750000e+01 1.647768554687500000e+03 1.462987804412841797e+01 1.633138671875000000e+03
1.702175331115722656e+01 1.647734130859375000e+03 1.461936855316162109e+01 1.633114746093750000e+03
1.704216003417968750e+01 1.647150634765625000e+03 1.460888576507568359e+01 1.632541748046875000e+03
1.706256675720214844e+01 1.646781738281250000e+03 1.459141349792480469e+01 1.632190307617187500e+03
1.708297729492187500e+01 1.646425537109375000e+03 1.458098697662353516e+01 1.631844482421875000e+03
1.710338592529296875e+01 1.645493774414062500e+03 1.455659008026123047e+01 1.630937133789062500e+03
1.712379646301269531e+01 1.645472167968750000e+03 1.454623126983642578e+01 1.630926025390625000e+03
1.714420318603515625e+01 1.644829345703125000e+03 1.453589725494384766e+01 1.630293457031250000e+03
1.716461372375488281e+01 1.644469604492187500e+03 1.451861286163330078e+01 1.629950927734375000e+03
1.718502044677734375e+01 1.643882202148437500e+03 1.450137138366699219e+01 1.629380859375000000e+03
1.720543098449707031e+01 1.643527099609375000e+03 1.448416900634765625e+01 1.629042968750000000e+03
1.722583770751953125e+01 1.643189575195312500e+03 1.447395801544189453e+01 1.628715576171875000e+03
1.724624824523925781e+01 1.642621093750000000e+03 1.446376800537109375e+01 1.628157348632812500e+03
1.726665496826171875e+01 1.641969482421875000e+03 1.445360660552978516e+01 1.627515869140625000e+03
1.728706359863281250e+01 1.641926391601562500e+03 1.444346809387207031e+01 1.627482910156250000e+03
1.730747413635253906e+01 1.641277832031250000e+03 1.442643451690673828e+01 1.626851562500000000e+03
1.732788085937500000e+01 1.640726684570312500e+03 1.442326068878173828e+01 1.626303466796875000e+03
1.734829139709472656e+01 1.640375732421875000e+03 1.441319179534912109e+01 1.625962646484375000e+03
1.736869812011718750e+01 1.640029907226562500e+03 1.441003894805908203e+01 1.625619750976562500e+03
1.738910865783691406e+01 1.639496459960937500e+03 1.440000820159912109e+01 1.625096313476562500e+03
1.740951538085937500e+01 1.638940795898437500e+03 1.440375614166259766e+01 1.624537109375000000e+03
1.742992591857910156e+01 1.638333618164062500e+03 1.440062427520751953e+01 1.623932983398437500e+03
1.745033454895019531e+01 1.638350219726562500e+03 1.439750003814697266e+01 1.623952758789062500e+03
1.747074508666992188e+01 1.637691894531250000e+03 1.440123367309570312e+01 1.623290649414062500e+03
1.749115180969238281e+01 1.637671875000000000e+03 1.440496063232421875e+01 1.623266845703125000e+03
1.751155853271484375e+01 1.637086425781250000e+03 1.440184497833251953e+01 1.622684814453125000e+03
1.753196907043457031e+01 1.636538085937500000e+03 1.440556049346923828e+01 1.622132568359375000e+03
1.755237579345703125e+01 1.636223876953125000e+03 1.440926933288574219e+01 1.621814575195312500e+03
1.757278633117675781e+01 1.635916625976562500e+03 1.441296863555908203e+01 1.621503540039062500e+03
1.759319496154785156e+01 1.635627441406250000e+03 1.442346382141113281e+01 1.621204101562500000e+03
1.761360359191894531e+01 1.635294799804687500e+03 1.442034149169921875e+01 1.620874389648437500e+03
1.763401222229003906e+01 1.634744140625000000e+03 1.443759155273437500e+01 1.620306518554687500e+03
1.765442276000976562e+01 1.634513427734375000e+03 1.444124126434326172e+01 1.620072265625000000e+03
1.767482948303222656e+01 1.633944946289062500e+03 1.445165538787841797e+01 1.619493286132812500e+03
1.769524002075195312e+01 1.633621215820312500e+03 1.445527839660644531e+01 1.619166015625000000e+03
1.771564674377441406e+01 1.633096191406250000e+03 1.446565341949462891e+01 1.618630493164062500e+03
1.773605346679687500e+01 1.632838012695312500e+03 1.447600364685058594e+01 1.618362060546875000e+03
1.775646400451660156e+01 1.632827148437500000e+03 1.447958660125732422e+01 1.618347534179687500e+03
1.777687263488769531e+01 1.632222778320312500e+03 1.448989868164062500e+01 1.617732910156250000e+03
1.779728317260742188e+01 1.632023071289062500e+03 1.449345684051513672e+01 1.617529663085937500e+03
1.781768989562988281e+01 1.631433105468750000e+03 1.449701023101806641e+01 1.616936035156250000e+03
1.783810043334960938e+01 1.631128051757812500e+03 1.450726222991943359e+01 1.616620727539062500e+03
1.785850715637207031e+01 1.630830810546875000e+03 1.451079368591308594e+01 1.616320068359375000e+03
1.787891769409179688e+01 1.630537963867187500e+03 1.452100658416748047e+01 1.616016967773437500e+03
1.789932441711425781e+01 1.629944335937500000e+03 1.451782608032226562e+01 1.615426513671875000e+03
1.791973495483398438e+01 1.629929321289062500e+03 1.452800750732421875e+01 1.615401367187500000e+03
1.794014358520507812e+01 1.629120483398437500e+03 1.452482604980468750e+01 1.614595581054687500e+03
1.796055030822753906e+01 1.629136230468750000e+03 1.452831554412841797e+01 1.614607910156250000e+03
1.798096084594726562e+01 1.628301391601562500e+03 1.452513790130615234e+01 1.613776245117187500e+03
1.800136756896972656e+01 1.627996826171875000e+03 1.452861881256103516e+01 1.613468261718750000e+03
1.802177810668945312e+01 1.627691528320312500e+03 1.452544879913330078e+01 1.613166137695312500e+03
1.804218482971191406e+01 1.627363159179687500e+03 1.450901889801025391e+01 1.612854125976562500e+03
1.806259536743164062e+01 1.627088745117187500e+03 1.451913070678710938e+01 1.612569702148437500e+03
1.808300209045410156e+01 1.626336059570312500e+03 1.450936508178710938e+01 1.611826660156250000e+03
1.810341262817382812e+01 1.625769653320312500e+03 1.450623035430908203e+01 1.611263427734375000e+03
1.812382125854492188e+01 1.625724365234375000e+03 1.449650096893310547e+01 1.611227905273437500e+03
1.814423179626464844e+01 1.625127685546875000e+03 1.449338626861572266e+01 1.610634399414062500e+03
1.816463851928710938e+01 1.624580566406250000e+03 1.447051429748535156e+01 1.610109985351562500e+03
1.818504524230957031e+01 1.624287109375000000e+03 1.447402191162109375e+01 1.609812988281250000e+03
1.820545578002929688e+01 1.623470947265625000e+03 1.445779514312744141e+01 1.609013183593750000e+03
1.822586250305175781e+01 1.623243408203125000e+03 1.448101234436035156e+01 1.608762451171875000e+03
1.824627304077148438e+01 1.622676513671875000e+03 1.445169258117675781e+01 1.608224853515625000e+03
1.826668167114257812e+01 1.622133911132812500e+03 1.444209957122802734e+01 1.607691894531250000e+03
1.828709220886230469e+01 1.621806884765625000e+03 1.442598056793212891e+01 1.607380859375000000e+03
1.830749893188476562e+01 1.621250000000000000e+03 1.441643905639648438e+01 1.606833496093750000e+03
1.832790946960449219e+01 1.620730712890625000e+03 1.440691471099853516e+01 1.606323974609375000e+03
1.834831619262695312e+01 1.620433593750000000e+03 1.439741420745849609e+01 1.606036132812500000e+03
1.836872673034667969e+01 1.619917724609375000e+03 1.438793277740478516e+01 1.605529785156250000e+03
1.838913345336914062e+01 1.619610839843750000e+03 1.437196540832519531e+01 1.605238891601562500e+03
1.840954399108886719e+01 1.619104736328125000e+03 1.435603141784667969e+01 1.604748657226562500e+03
1.842995262145996094e+01 1.618314941406250000e+03 1.434013557434082031e+01 1.603974853515625000e+03
1.845035934448242188e+01 1.618023681640625000e+03 1.431130027770996094e+01 1.603712402343750000e+03
1.847076988220214844e+01 1.617714965820312500e+03 1.427604579925537109e+01 1.603438964843750000e+03
1.849117660522460938e+01 1.616872436523437500e+03 1.422145080566406250e+01 1.602651000976562500e+03
1.851158714294433594e+01 1.616842285156250000e+03 1.414757728576660156e+01 1.602694702148437500e+03
1.853199386596679688e+01 1.615950805664062500e+03 1.404157352447509766e+01 1.601909179687500000e+03
1.855240440368652344e+01 1.615032226562500000e+03 1.387773609161376953e+01 1.601154541015625000e+03
1.857281112670898438e+01 1.614827514648437500e+03 1.366270256042480469e+01 1.601164794921875000e+03
1.859322166442871094e+01 1.613797119140625000e+03 1.339663887023925781e+01 1.600400390625000000e+03
1.861363029479980469e+01 1.613516601562500000e+03 1.312472915649414062e+01 1.600391845703125000e+03
1.863404083251953125e+01 1.612722778320312500e+03 1.290480136871337891e+01 1.599817993164062500e+03
1.865444755554199219e+01 1.612073364257812500e+03 1.280085277557373047e+01 1.599272583007812500e+03
1.867485427856445312e+01 1.611839599609375000e+03 1.279968357086181641e+01 1.599039916992187500e+03
1.869526481628417969e+01 1.611164794921875000e+03 1.286253929138183594e+01 1.598302246093750000e+03
1.871567153930664062e+01 1.611287963867187500e+03 1.295723724365234375e+01 1.598330810546875000e+03
1.873608207702636719e+01 1.610636962890625000e+03 1.305811595916748047e+01 1.597578857421875000e+03
1.875649070739746094e+01 1.610526245117187500e+03 1.315877723693847656e+01 1.597367309570312500e+03
1.877690124511718750e+01 1.610407958984375000e+03 1.324646568298339844e+01 1.597161621093750000e+03
1.879730796813964844e+01 1.610287475585937500e+03 1.332760143280029297e+01 1.596959960937500000e+03
1.881771850585937500e+01 1.609958374023437500e+03 1.340219688415527344e+01 1.596556030273437500e+03
1.883812522888183594e+01 1.609845581054687500e+03 1.347027873992919922e+01 1.596375366210937500e+03
1.885853576660156250e+01 1.609754882812500000e+03 1.353186511993408203e+01 1.596222900390625000e+03
1.887894248962402344e+01 1.609488891601562500e+03 1.359331893920898438e+01 1.595895507812500000e+03
1.889935111999511719e+01 1.609221679687500000e+03 1.365464115142822266e+01 1.595566894531250000e+03
1.891975975036621094e+01 1.608974975585937500e+03 1.370317554473876953e+01 1.595271728515625000e+03
1.894016838073730469e+01 1.608709106445312500e+03 1.375160789489746094e+01 1.594957641601562500e+03
1.896057891845703125e+01 1.608432617187500000e+03 1.378730773925781250e+01 1.594645385742187500e+03
1.898098564147949219e+01 1.607775146484375000e+03 1.379140281677246094e+01 1.593983642578125000e+03
1.900139617919921875e+01 1.607541748046875000e+03 1.377028942108154297e+01 1.593771484375000000e+03
1.902180290222167969e+01 1.606784790039062500e+03 1.371776008605957031e+01 1.593067016601562500e+03
1.904221343994140625e+01 1.605799438476562500e+03 1.366534233093261719e+01 1.592134033203125000e+03
1.906262016296386719e+01 1.605263671875000000e+03 1.358164310455322266e+01 1.591681884765625000e+03
1.908303070068359375e+01 1.604249145507812500e+03 1.349184894561767578e+01 1.590757324218750000e+03
1.910343933105468750e+01 1.603749877929687500e+03 1.338345050811767578e+01 1.590366455078125000e+03
1.912384605407714844e+01 1.603209472656250000e+03 1.324399089813232422e+01 1.589965576171875000e+03
1.914425659179687500e+01 1.602432006835937500e+03 1.307356166839599609e+01 1.589358398437500000e+03
1.916466331481933594e+01 1.601946777343750000e+03 1.290349960327148438e+01 1.589043334960937500e+03
1.918507385253906250e+01 1.601313110351562500e+03 1.277123165130615234e+01 1.588541870117187500e+03
1.920548057556152344e+01 1.600952026367187500e+03 1.267040824890136719e+01 1.588281616210937500e+03
1.922589111328125000e+01 1.600167236328125000e+03 1.255734539031982422e+01 1.587609863281250000e+03
1.924629974365234375e+01 1.599830444335937500e+03 1.252537155151367188e+01 1.587305053710937500e+03
1.926671028137207031e+01 1.599272583007812500e+03 1.276060676574707031e+01 1.586511840820312500e+03
1.928711700439453125e+01 1.598507324218750000e+03 1.286501884460449219e+01 1.585642333984375000e+03
1.930752754211425781e+01 1.598138671875000000e+03 1.260344123840332031e+01 1.585535278320312500e+03
1.932793426513671875e+01 1.596782836914062500e+03 1.202038955688476562e+01 1.584762451171875000e+03
1.934834098815917969e+01 1.596643554687500000e+03 1.211287879943847656e+01 1.584530639648437500e+03
1.936875152587890625e+01 1.596341552734375000e+03 1.240910530090332031e+01 1.583932495117187500e+03
1.938915824890136719e+01 1.595958984375000000e+03 1.255655097961425781e+01 1.583402465820312500e+03
1.940956878662109375e+01 1.595751953125000000e+03 1.261118221282958984e+01 1.583140747070312500e+03
1.942997741699218750e+01 1.595036254882812500e+03 1.260409832000732422e+01 1.582432250976562500e+03
1.945038795471191406e+01 1.594694824218750000e+03 1.253548622131347656e+01 1.582159423828125000e+03
1.947079467773437500e+01 1.594053100585937500e+03 1.239325141906738281e+01 1.581659912109375000e+03
1.949120521545410156e+01 1.593823852539062500e+03 1.242940139770507812e+01 1.581394409179687500e+03
1.951161193847656250e+01 1.593017333984375000e+03 1.239799785614013672e+01 1.580619262695312500e+03
1.953202247619628906e+01 1.592311645507812500e+03 1.194994258880615234e+01 1.580361694335937500e+03
1.955242919921875000e+01 1.591149536132812500e+03 1.123346519470214844e+01 1.579915893554687500e+03
1.957283973693847656e+01 1.589750854492187500e+03 1.095267391204833984e+01 1.578798095703125000e+03
1.959324836730957031e+01 1.589647338867187500e+03 1.128337001800537109e+01 1.578363891601562500e+03
1.961365509033203125e+01 1.589762939453125000e+03 1.164999771118164062e+01 1.578112915039062500e+03
1.963406562805175781e+01 1.589636596679687500e+03 1.199147319793701172e+01 1.577645141601562500e+03
1.965447235107421875e+01 1.589217651367187500e+03 1.226525115966796875e+01 1.576952392578125000e+03
1.967488288879394531e+01 1.588776611328125000e+03 1.234378433227539062e+01 1.576432861328125000e+03
1.969528961181640625e+01 1.588489135742187500e+03 1.228845119476318359e+01 1.576200805664062500e+03
1.971570014953613281e+01 1.587704956054687500e+03 1.212395286560058594e+01 1.575581054687500000e+03
1.973610877990722656e+01 1.587185302734375000e+03 1.186882591247558594e+01 1.575316528320312500e+03
1.975651741027832031e+01 1.586372924804687500e+03 1.152334308624267578e+01 1.574849609375000000e+03
1.977692604064941406e+01 1.585489379882812500e+03 1.113621139526367188e+01 1.574353149414062500e+03
1.979733657836914062e+01 1.585026733398437500e+03 1.069546031951904297e+01 1.574331298828125000e+03
1.981774330139160156e+01 1.584462768554687500e+03 1.063008880615234375e+01 1.573832763671875000e+03
1.983815002441406250e+01 1.584331176757812500e+03 1.090273380279541016e+01 1.573428344726562500e+03
1.985856056213378906e+01 1.583857055664062500e+03 1.081919765472412109e+01 1.573037841796875000e+03
1.987896728515625000e+01 1.583292480468750000e+03 1.044079685211181641e+01 1.572851806640625000e+03
1.989937782287597656e+01 1.582102294921875000e+03 9.816554069519042969e+00 1.572285766601562500e+03
1.991978645324707031e+01 1.580688964843750000e+03 9.241661071777343750e+00 1.571447509765625000e+03
1.994019699096679688e+01 1.580351318359375000e+03 9.112148284912109375e+00 1.571239013671875000e+03
1.996060371398925781e+01 1.580473754882812500e+03 9.462627410888671875e+00 1.571011230468750000e+03
1.998101425170898438e+01 1.580430053710937500e+03 9.920218467712402344e+00 1.570509887695312500e+03
2.000142097473144531e+01 1.580189453125000000e+03 1.027514266967773438e+01 1.569914306640625000e+03
2.002183151245117188e+01 1.579847900390625000e+03 1.047988510131835938e+01 1.569367919921875000e+03
2.004223823547363281e+01 1.579618896484375000e+03 1.060060119628906250e+01 1.569018310546875000e+03
2.006264686584472656e+01 1.579095458984375000e+03 1.070914077758789062e+01 1.568386230468750000e+03
2.008305740356445312e+01 1.578802124023437500e+03 1.087109851837158203e+01 1.567931030273437500e+03
2.010346412658691406e+01 1.578548339843750000e+03 1.109822273254394531e+01 1.567450073242187500e+03
2.012387466430664062e+01 1.578543457031250000e+03 1.133083152770996094e+01 1.567212646484375000e+03
2.014428138732910156e+01 1.577720092773437500e+03 1.119457244873046875e+01 1.566525512695312500e+03
2.016469192504882812e+01 1.576549316406250000e+03 1.044719028472900391e+01 1.566102172851562500e+03
2.018509864807128906e+01 1.575348388671875000e+03 9.624231338500976562e+00 1.565724243164062500e+03
2.020550918579101562e+01 1.574822631835937500e+03 9.270922660827636719e+00 1.565551879882812500e+03
2.022591781616210938e+01 1.574736572265625000e+03 9.379926681518554688e+00 1.565356567382812500e+03
2.024632644653320312e+01 1.574584838867187500e+03 9.671980857849121094e+00 1.564912963867187500e+03
2.026673507690429688e+01 1.574811889648437500e+03 1.012881755828857422e+01 1.564683105468750000e+03
2.028714179992675781e+01 1.575326538085937500e+03 1.067323493957519531e+01 1.564653320312500000e+03
2.030755233764648438e+01 1.575567016601562500e+03 1.109278011322021484e+01 1.564474243164062500e+03
2.032795906066894531e+01 1.575459350585937500e+03 1.119352149963378906e+01 1.564265747070312500e+03
2.034836959838867188e+01 1.574403808593750000e+03 1.070582485198974609e+01 1.563697998046875000e+03
2.036877632141113281e+01 1.573412597656250000e+03 1.021323299407958984e+01 1.563199340820312500e+03
2.038918685913085938e+01 1.572600830078125000e+03 1.020300960540771484e+01 1.562397827148437500e+03
2.040959548950195312e+01 1.573727172851562500e+03 1.131295967102050781e+01 1.562414184570312500e+03
2.043000602722167969e+01 1.573742065429687500e+03 1.180551624298095703e+01 1.561936523437500000e+03
2.045041275024414062e+01 1.573549194335937500e+03 1.202200222015380859e+01 1.561527099609375000e+03
2.047082328796386719e+01 1.573252441406250000e+03 1.211526298522949219e+01 1.561137084960937500e+03
2.049123001098632812e+01 1.572872802734375000e+03 1.210319709777832031e+01 1.560769775390625000e+03
2.051163673400878906e+01 1.571689331054687500e+03 1.201529407501220703e+01 1.559674072265625000e+03
2.053204727172851562e+01 1.571019653320312500e+03 1.195088291168212891e+01 1.559068725585937500e+03
2.055245590209960938e+01 1.570521972656250000e+03 1.199143123626708984e+01 1.558530517578125000e+03
2.057286643981933594e+01 1.569764526367187500e+03 1.200280761718750000e+01 1.557761840820312500e+03
2.059327316284179688e+01 1.569182983398437500e+03 1.188047885894775391e+01 1.557302612304687500e+03
2.061368370056152344e+01 1.568611450195312500e+03 1.188613510131835938e+01 1.556725219726562500e+03
2.063409042358398438e+01 1.568085205078125000e+03 1.190338420867919922e+01 1.556181884765625000e+03
2.065450096130371094e+01 1.567541870117187500e+03 1.182207870483398438e+01 1.555719848632812500e+03
2.067490768432617188e+01 1.566343505859375000e+03 1.154409694671630859e+01 1.554799438476562500e+03
2.069531822204589844e+01 1.565705322265625000e+03 1.113363552093505859e+01 1.554571777343750000e+03
2.071572494506835938e+01 1.564268432617187500e+03 1.072398567199707031e+01 1.553544311523437500e+03
2.073613357543945312e+01 1.563824218750000000e+03 1.044790458679199219e+01 1.553376220703125000e+03
2.075654411315917969e+01 1.563134277343750000e+03 1.020696544647216797e+01 1.552927246093750000e+03
2.077695083618164062e+01 1.563240234375000000e+03 1.041585731506347656e+01 1.552824340820312500e+03
2.079736137390136719e+01 1.563275878906250000e+03 1.076246547698974609e+01 1.552513427734375000e+03
2.081776809692382812e+01 1.562948120117187500e+03 1.098765182495117188e+01 1.551960449218750000e+03
2.083817863464355469e+01 1.562723144531250000e+03 1.108602809906005859e+01 1.551637207031250000e+03
2.085858535766601562e+01 1.562301147460937500e+03 1.127028846740722656e+01 1.551030883789062500e+03
2.087899589538574219e+01 1.561909057617187500e+03 1.125927066802978516e+01 1.550649780273437500e+03
2.089940452575683594e+01 1.561203979492187500e+03 1.114518642425537109e+01 1.550058837890625000e+03
2.091981506347656250e+01 1.560621704101562500e+03 1.116864204406738281e+01 1.549453125000000000e+03
2.094022178649902344e+01 1.560260009765625000e+03 1.114061069488525391e+01 1.549119384765625000e+03
2.096063232421875000e+01 1.559600708007812500e+03 1.110692024230957031e+01 1.548493774414062500e+03
2.098103904724121094e+01 1.558994750976562500e+03 1.114746093750000000e+01 1.547847290039062500e+03
2.100144577026367188e+01 1.558206909179687500e+03 1.118222427368164062e+01 1.547024536132812500e+03
2.102185630798339844e+01 1.558179687500000000e+03 1.121122455596923828e+01 1.546968505859375000e+03
2.104226493835449219e+01 1.557545410156250000e+03 1.126861095428466797e+01 1.546276855468750000e+03
2.106267547607421875e+01 1.557035644531250000e+03 1.137703132629394531e+01 1.545658691406250000e+03
2.108308219909667969e+01 1.557029907226562500e+03 1.134331035614013672e+01 1.545686645507812500e+03
2.110349273681640625e+01 1.556468750000000000e+03 1.112248134613037109e+01 1.545346313476562500e+03
2.112389945983886719e+01 1.555829223632812500e+03 1.097574329376220703e+01 1.544853515625000000e+03
2.114430999755859375e+01 1.555791503906250000e+03 1.097080898284912109e+01 1.544820678710937500e+03
2.116471672058105469e+01 1.555411010742187500e+03 1.104506301879882812e+01 1.544365844726562500e+03
2.118512725830078125e+01 1.555554809570312500e+03 1.114177131652832031e+01 1.544412963867187500e+03
2.120553398132324219e+01 1.555214355468750000e+03 1.114798259735107422e+01 1.544066406250000000e+03
2.122594261169433594e+01 1.555054443359375000e+03 1.080455589294433594e+01 1.544249877929687500e+03
2.124635314941406250e+01 1.554326660156250000e+03 1.053502655029296875e+01 1.543791748046875000e+03
2.126675987243652344e+01 1.555007080078125000e+03 1.094703960418701172e+01 1.544060058593750000e+03
2.128717041015625000e+01 1.554905639648437500e+03 1.111647605895996094e+01 1.543789062500000000e+03
2.130757713317871094e+01 1.554827758789062500e+03 1.110582923889160156e+01 1.543721923828125000e+03
2.132798767089843750e+01 1.554423706054687500e+03 1.115693473815917969e+01 1.543266845703125000e+03
2.134839439392089844e+01 1.553778686523437500e+03 1.111823558807373047e+01 1.542660522460937500e+03
2.136880493164062500e+01 1.553303100585937500e+03 1.119163799285888672e+01 1.542111450195312500e+03
2.138921356201171875e+01 1.552913818359375000e+03 1.127609348297119141e+01 1.541637695312500000e+03
2.140962409973144531e+01 1.552452880859375000e+03 1.131565952301025391e+01 1.541137207031250000e+03
2.143003082275390625e+01 1.551267211914062500e+03 1.090273380279541016e+01 1.540364501953125000e+03
2.145043754577636719e+01 1.549687133789062500e+03 1.027297019958496094e+01 1.539414184570312500e+03
2.147084808349609375e+01 1.548723388671875000e+03 1.047504806518554688e+01 1.538248413085937500e+03
2.149125480651855469e+01 1.548932617187500000e+03 1.056535243988037109e+01 1.538367309570312500e+03
2.151166534423828125e+01 1.548375732421875000e+03 1.043291378021240234e+01 1.537942871093750000e+03
2.153207397460937500e+01 1.547675903320312500e+03 1.067317962646484375e+01 1.537002807617187500e+03
2.155248260498046875e+01 1.547254150390625000e+03 1.077414512634277344e+01 1.536479980468750000e+03
2.157289123535156250e+01 1.546246215820312500e+03 9.976076126098632812e+00 1.536270141601562500e+03
2.159330177307128906e+01 1.545737182617187500e+03 9.811437606811523438e+00 1.535925781250000000e+03
2.161370849609375000e+01 1.545302612304687500e+03 1.013998889923095703e+01 1.535162597656250000e+03
2.163411903381347656e+01 1.545337158203125000e+03 1.037386226654052734e+01 1.534963378906250000e+03
2.165452575683593750e+01 1.544919067382812500e+03 1.059624004364013672e+01 1.534322875976562500e+03
2.167493247985839844e+01 1.544198730468750000e+03 1.069671058654785156e+01 1.533501953125000000e+03
2.169534301757812500e+01 1.543922363281250000e+03 1.069768238067626953e+01 1.533224731445312500e+03
2.171575164794921875e+01 1.543328979492187500e+03 1.073172473907470703e+01 1.532597167968750000e+03
2.173616218566894531e+01 1.543221313476562500e+03 1.088134384155273438e+01 1.532339965820312500e+03
2.175656890869140625e+01 1.542724731445312500e+03 1.101967906951904297e+01 1.531704956054687500e+03
2.177697944641113281e+01 1.543092285156250000e+03 1.105881881713867188e+01 1.532033447265625000e+03
2.179738616943359375e+01 1.542620849609375000e+03 1.083430480957031250e+01 1.531786621093750000e+03
2.181779670715332031e+01 1.542057739257812500e+03 1.099424076080322266e+01 1.531063476562500000e+03
2.183820343017578125e+01 1.541832153320312500e+03 1.111003112792968750e+01 1.530722290039062500e+03
2.185861396789550781e+01 1.541152221679687500e+03 1.113798713684082031e+01 1.530014160156250000e+03
2.187902259826660156e+01 1.540385864257812500e+03 1.085405921936035156e+01 1.529531860351562500e+03
2.189942932128906250e+01 1.539576416015625000e+03 1.060345363616943359e+01 1.528972900390625000e+03
2.191983985900878906e+01 1.539260253906250000e+03 1.053897476196289062e+01 1.528721191406250000e+03
2.194024658203125000e+01 1.538284667968750000e+03 1.052917289733886719e+01 1.527755615234375000e+03
2.196065711975097656e+01 1.537625244140625000e+03 1.056298923492431641e+01 1.527062255859375000e+03
2.198106384277343750e+01 1.537532958984375000e+03 1.062397289276123047e+01 1.526908935546875000e+03
2.200147438049316406e+01 1.536971435546875000e+03 1.077188777923583984e+01 1.526199584960937500e+03
2.202188110351562500e+01 1.536542602539062500e+03 1.088691711425781250e+01 1.525655639648437500e+03
2.204229164123535156e+01 1.536056030273437500e+03 1.080624294281005859e+01 1.525249633789062500e+03
2.206270027160644531e+01 1.535490600585937500e+03 1.080167293548583984e+01 1.524689086914062500e+03
2.208311080932617188e+01 1.534939697265625000e+03 1.079710960388183594e+01 1.524142578125000000e+03
2.210351753234863281e+01 1.534433715820312500e+03 1.081421661376953125e+01 1.523619506835937500e+03
2.212392807006835938e+01 1.533749755859375000e+03 1.060406112670898438e+01 1.523145751953125000e+03
2.214433479309082031e+01 1.533002319335937500e+03 1.054564189910888672e+01 1.522456665039062500e+03
2.216474151611328125e+01 1.532821289062500000e+03 1.058453464508056641e+01 1.522236816406250000e+03
2.218515205383300781e+01 1.532431152343750000e+03 1.065572643280029297e+01 1.521775512695312500e+03
2.220556068420410156e+01 1.531995727539062500e+03 1.071061801910400391e+01 1.521285156250000000e+03
2.222597122192382812e+01 1.531691772460937500e+03 1.078156375885009766e+01 1.520910156250000000e+03
2.224637794494628906e+01 1.531208740234375000e+03 1.098151111602783203e+01 1.520227172851562500e+03
2.226678848266601562e+01 1.531116577148437500e+03 1.104670238494873047e+01 1.520069946289062500e+03
2.228719520568847656e+01 1.530846191406250000e+03 1.102584648132324219e+01 1.519820312500000000e+03
2.230760574340820312e+01 1.530583496093750000e+03 1.095137023925781250e+01 1.519632080078125000e+03
2.232801246643066406e+01 1.530722778320312500e+03 1.087167072296142578e+01 1.519851074218750000e+03
2.234842300415039062e+01 1.529749877929687500e+03 1.054574394226074219e+01 1.519204101562500000e+03
2.236883163452148438e+01 1.529531005859375000e+03 1.060568618774414062e+01 1.518925292968750000e+03
2.238923835754394531e+01 1.529056518554687500e+03 1.042494392395019531e+01 1.518631591796875000e+03
2.240964889526367188e+01 1.528476684570312500e+03 1.025521087646484375e+01 1.518221313476562500e+03
2.243005561828613281e+01 1.528016113281250000e+03 1.013915252685546875e+01 1.517876953125000000e+03
2.245046615600585938e+01 1.528137695312500000e+03 1.010860919952392578e+01 1.518029052734375000e+03
2.247087287902832031e+01 1.528375854492187500e+03 1.012073516845703125e+01 1.518255004882812500e+03
2.249128341674804688e+01 1.528112792968750000e+03 1.027120780944824219e+01 1.517841552734375000e+03
2.251169013977050781e+01 1.527187988281250000e+03 1.052774810791015625e+01 1.516660278320312500e+03
2.253210067749023438e+01 1.526822753906250000e+03 1.084225749969482422e+01 1.515980468750000000e+03
2.255250930786132812e+01 1.525918334960937500e+03 1.120396518707275391e+01 1.514714477539062500e+03
2.257291984558105469e+01 1.525884399414062500e+03 1.131049346923828125e+01 1.514573852539062500e+03
2.259332656860351562e+01 1.525558471679687500e+03 1.091883277893066406e+01 1.514639526367187500e+03
2.261373329162597656e+01 1.524922607421875000e+03 1.051200008392333984e+01 1.514410522460937500e+03
2.263414382934570312e+01 1.524245361328125000e+03 1.051838588714599609e+01 1.513727050781250000e+03
2.265455055236816406e+01 1.524429687500000000e+03 1.083648872375488281e+01 1.513593261718750000e+03
2.267496109008789062e+01 1.524648437500000000e+03 1.102204895019531250e+01 1.513626342773437500e+03
2.269536972045898438e+01 1.524118774414062500e+03 1.092775344848632812e+01 1.513191040039062500e+03
2.271578025817871094e+01 1.523537353515625000e+03 1.091793537139892578e+01 1.512619384765625000e+03
2.273618698120117188e+01 1.522555053710937500e+03 1.133982753753662109e+01 1.511215332031250000e+03
2.275659751892089844e+01 1.522840332031250000e+03 1.138225555419921875e+01 1.511458129882812500e+03
2.277700424194335938e+01 1.522901489257812500e+03 1.158226203918457031e+01 1.511319213867187500e+03
2.279741477966308594e+01 1.521781250000000000e+03 1.123586654663085938e+01 1.510545410156250000e+03
2.281782150268554688e+01 1.521286376953125000e+03 1.071173858642578125e+01 1.510574584960937500e+03
2.283823013305664062e+01 1.521438476562500000e+03 1.101138687133789062e+01 1.510427001953125000e+03
2.285863876342773438e+01 1.520587158203125000e+03 1.132620811462402344e+01 1.509260864257812500e+03
2.287904739379882812e+01 1.520498413085937500e+03 1.145212841033935547e+01 1.509046264648437500e+03
2.289945793151855469e+01 1.520368530273437500e+03 1.127465820312500000e+01 1.509093872070312500e+03
2.291986465454101562e+01 1.519605102539062500e+03 1.078938484191894531e+01 1.508815673828125000e+03
2.294027519226074219e+01 1.519091552734375000e+03 1.025801467895507812e+01 1.508833618164062500e+03
2.296068191528320312e+01 1.517897705078125000e+03 9.962178230285644531e+00 1.507935546875000000e+03
2.298109245300292969e+01 1.517398681640625000e+03 9.989789009094238281e+00 1.507408935546875000e+03
2.300149917602539062e+01 1.516943237304687500e+03 1.016306018829345703e+01 1.506780273437500000e+03
2.302190971374511719e+01 1.516222656250000000e+03 1.005006504058837891e+01 1.506172485351562500e+03
2.304231834411621094e+01 1.515807006835937500e+03 9.994413375854492188e+00 1.505812622070312500e+03
2.306272506713867188e+01 1.515318847656250000e+03 1.018278980255126953e+01 1.505136108398437500e+03
2.308313560485839844e+01 1.515051513671875000e+03 1.032416343688964844e+01 1.504727294921875000e+03
2.310354232788085938e+01 1.514421875000000000e+03 1.043938446044921875e+01 1.503982543945312500e+03
2.312395286560058594e+01 1.513763671875000000e+03 1.033182048797607422e+01 1.503431762695312500e+03
2.314435958862304688e+01 1.512797851562500000e+03 1.012618637084960938e+01 1.502671630859375000e+03
2.316477012634277344e+01 1.512294799804687500e+03 1.030328083038330078e+01 1.501991577148437500e+03
2.318517875671386719e+01 1.511985473632812500e+03 1.034067535400390625e+01 1.501644653320312500e+03
2.320558929443359375e+01 1.511518066406250000e+03 1.034189605712890625e+01 1.501176147460937500e+03
2.322599601745605469e+01 1.511481689453125000e+03 1.047710895538330078e+01 1.501004638671875000e+03
2.324640655517578125e+01 1.510803222656250000e+03 1.050395202636718750e+01 1.500299316406250000e+03
2.326681327819824219e+01 1.509896240234375000e+03 1.045358371734619141e+01 1.499442626953125000e+03
2.328722000122070312e+01 1.509698974609375000e+03 1.051638317108154297e+01 1.499182617187500000e+03
2.330763053894042969e+01 1.509137573242187500e+03 1.055852794647216797e+01 1.498579223632812500e+03
2.332803726196289062e+01 1.508829711914062500e+03 1.062625694274902344e+01 1.498203369140625000e+03
2.334844779968261719e+01 1.508164306640625000e+03 1.067335891723632812e+01 1.497490844726562500e+03
2.336885643005371094e+01 1.507627685546875000e+03 1.072037982940673828e+01 1.496907226562500000e+03
2.338926696777343750e+01 1.507425659179687500e+03 1.094131469726562500e+01 1.496484252929687500e+03
2.340967369079589844e+01 1.507073120117187500e+03 1.113118648529052734e+01 1.495942016601562500e+03
2.343008422851562500e+01 1.506987792968750000e+03 1.140246486663818359e+01 1.495585205078125000e+03
2.345049095153808594e+01 1.506178222656250000e+03 1.150993824005126953e+01 1.494668212890625000e+03
2.347090148925781250e+01 1.505578247070312500e+03 1.147443008422851562e+01 1.494103881835937500e+03
2.349130821228027344e+01 1.505169067382812500e+03 1.138803386688232422e+01 1.493781005859375000e+03
2.351171875000000000e+01 1.505191284179687500e+03 1.199414443969726562e+01 1.493197143554687500e+03
2.353212738037109375e+01 1.505530517578125000e+03 1.221263504028320312e+01 1.493317871093750000e+03
2.355253410339355469e+01 1.504841552734375000e+03 1.224779129028320312e+01 1.492593750000000000e+03
2.357294464111328125e+01 1.503826904296875000e+03 1.161263370513916016e+01 1.492214111328125000e+03
2.359335136413574219e+01 1.502986572265625000e+03 1.141995143890380859e+01 1.491566650390625000e+03
2.361376190185546875e+01 1.502361938476562500e+03 1.141007995605468750e+01 1.490951904296875000e+03
2.363416862487792969e+01 1.501719360351562500e+03 1.139009952545166016e+01 1.490329223632812500e+03
2.365457916259765625e+01 1.501846801757812500e+03 1.156749629974365234e+01 1.490279296875000000e+03
2.367498779296875000e+01 1.501618164062500000e+03 1.132496070861816406e+01 1.490293212890625000e+03
2.369539642333984375e+01 1.500622192382812500e+03 1.057264518737792969e+01 1.490049560546875000e+03
2.371580505371093750e+01 1.500126464843750000e+03 1.105816078186035156e+01 1.489068359375000000e+03
2.373621559143066406e+01 1.499854980468750000e+03 1.107386589050292969e+01 1.488781127929687500e+03
2.375662231445312500e+01 1.498693969726562500e+03 1.069151115417480469e+01 1.488002563476562500e+03
2.377702903747558594e+01 1.499430175781250000e+03 1.146765232086181641e+01 1.487962402343750000e+03
2.379743957519531250e+01 1.499108154296875000e+03 1.154835224151611328e+01 1.487559814453125000e+03
2.381784629821777344e+01 1.498759765625000000e+03 1.206613159179687500e+01 1.486693603515625000e+03
2.383825683593750000e+01 1.498342529296875000e+03 1.217128753662109375e+01 1.486171142578125000e+03
2.385866546630859375e+01 1.499393066406250000e+03 1.285822010040283203e+01 1.486534912109375000e+03
2.387907600402832031e+01 1.500433105468750000e+03 1.385475826263427734e+01 1.486578369140625000e+03
2.389948272705078125e+01 1.500946166992187500e+03 1.333708953857421875e+01 1.487609008789062500e+03
2.391989326477050781e+01 1.501154785156250000e+03 1.295541095733642578e+01 1.488199340820312500e+03
2.394029998779296875e+01 1.502264160156250000e+03 1.294436740875244141e+01 1.489319702148437500e+03
2.396071052551269531e+01 1.503364990234375000e+03 1.322308063507080078e+01 1.490141845703125000e+03
2.398111724853515625e+01 1.502748779296875000e+03 1.146489238739013672e+01 1.491283935546875000e+03
2.400152587890625000e+01 1.501768432617187500e+03 1.116589832305908203e+01 1.490602539062500000e+03
2.402193641662597656e+01 1.502387207031250000e+03 1.076775550842285156e+01 1.491619384765625000e+03
2.404234313964843750e+01 1.501521240234375000e+03 1.075861549377441406e+01 1.490762573242187500e+03
2.406275367736816406e+01 1.499851562500000000e+03 1.002324008941650391e+01 1.489828369140625000e+03
2.408316040039062500e+01 1.499294799804687500e+03 9.870614051818847656e+00 1.489424072265625000e+03
2.410357093811035156e+01 1.498682006835937500e+03 9.812597274780273438e+00 1.488869384765625000e+03
2.412397766113281250e+01 1.498147216796875000e+03 9.923377037048339844e+00 1.488223876953125000e+03
2.414438819885253906e+01 1.496803710937500000e+03 9.563005447387695312e+00 1.487240600585937500e+03
2.416479492187500000e+01 1.496488647460937500e+03 9.772874832153320312e+00 1.486715698242187500e+03
