## NTRMN  = 57
## NTRANS = 111
-1.196487247943878174e-01 0.000000000000000000e+00 0.000000000000000000e+00 0.000000000000000000e+00
-9.923987835645675659e-02 0.000000000000000000e+00 0.000000000000000000e+00 0.000000000000000000e+00
-7.883103936910629272e-02 0.000000000000000000e+00 0.000000000000000000e+00 0.000000000000000000e+00
-5.842219665646553040e-02 0.000000000000000000e+00 0.000000000000000000e+00 0.000000000000000000e+00
-3.801335394382476807e-02 0.000000000000000000e+00 0.000000000000000000e+00 0.000000000000000000e+00
-1.760451123118400574e-02 0.000000000000000000e+00 0.000000000000000000e+00 0.000000000000000000e+00
2.321236208081245422e-02 0.000000000000000000e+00 0.000000000000000000e+00 0.000000000000000000e+00
4.362120479345321655e-02 0.000000000000000000e+00 0.000000000000000000e+00 0.000000000000000000e+00
6.403004378080368042e-02 0.000000000000000000e+00 0.000000000000000000e+00 0.000000000000000000e+00
1.048477292060852051e-01 1.468115820312500000e+04 1.468115820312500000e+04 0.000000000000000000e+00
1.252557635307312012e-01 1.218402734375000000e+04 1.218402734375000000e+04 0.000000000000000000e+00
1.456646025180816650e-01 1.044571679687500000e+04 1.044571679687500000e+04 0.000000000000000000e+00
1.660734415054321289e-01 9.244202148437500000e+03 9.244202148437500000e+03 0.000000000000000000e+00
2.068911343812942505e-01 7.838688476562500000e+03 7.024683593750000000e+03 8.140048828125000000e+02
2.272991687059402466e-01 6.997028808593750000e+03 6.256003906250000000e+03 7.410249023437500000e+02
2.477080076932907104e-01 6.433971679687500000e+03 5.754097167968750000e+03 6.798746337890625000e+02
2.681168317794799805e-01 5.675293945312500000e+03 5.212527343750000000e+03 4.627665100097656250e+02
2.885257005691528320e-01 4.874847656250000000e+03 4.500321777343750000e+03 3.745259399414062500e+02
3.089345395565032959e-01 3.860593750000000000e+03 3.521115722656250000e+03 3.394779663085937500e+02
3.293433785438537598e-01 2.658177490234375000e+03 2.330359863281250000e+03 3.278177185058593750e+02
3.905690908432006836e-01 2.571973144531250000e+03 2.346907226562500000e+03 2.250658416748046875e+02
4.109779298305511475e-01 2.549973144531250000e+03 2.362004638671875000e+03 1.879685821533203125e+02
4.313867688179016113e-01 2.508412597656250000e+03 2.345152343750000000e+03 1.632603149414062500e+02
4.517956078052520752e-01 2.438973876953125000e+03 2.293261718750000000e+03 1.457120666503906250e+02
4.722036421298980713e-01 2.354502441406250000e+03 2.221526367187500000e+03 1.329761505126953125e+02
4.926124811172485352e-01 2.269785156250000000e+03 2.146497558593750000e+03 1.232877197265625000e+02
5.130213499069213867e-01 2.193488525390625000e+03 2.077905029296875000e+03 1.155833816528320312e+02
5.334301590919494629e-01 2.128235351562500000e+03 2.019048706054687500e+03 1.091866073608398438e+02
5.538390278816223145e-01 2.072200439453125000e+03 1.968420410156250000e+03 1.037799453735351562e+02
5.742470622062683105e-01 2.021526977539062500e+03 1.922227294921875000e+03 9.929966735839843750e+01
5.946558713912963867e-01 1.973161499023437500e+03 1.877591918945312500e+03 9.556960296630859375e+01
6.150647401809692383e-01 1.926448974609375000e+03 1.833972656250000000e+03 9.247629547119140625e+01
6.354735493659973145e-01 1.880853271484375000e+03 1.790894897460937500e+03 8.995838165283203125e+01
6.558824181556701660e-01 1.837620605468750000e+03 1.749767944335937500e+03 8.785266113281250000e+01
6.762912869453430176e-01 1.797917602539062500e+03 1.711831176757812500e+03 8.608641052246093750e+01
6.966992616653442383e-01 1.762741699218750000e+03 1.678180541992187500e+03 8.456118011474609375e+01
7.171081304550170898e-01 1.732036621093750000e+03 1.648780395507812500e+03 8.325620269775390625e+01
7.375169992446899414e-01 1.706179077148437500e+03 1.623928466796875000e+03 8.225066375732421875e+01
7.579258084297180176e-01 1.684714843750000000e+03 1.603257690429687500e+03 8.145719146728515625e+01
7.783346772193908691e-01 1.667421142578125000e+03 1.586438964843750000e+03 8.098214721679687500e+01
7.987434864044189453e-01 1.653318969726562500e+03 1.572577758789062500e+03 8.074117279052734375e+01
8.191515207290649414e-01 1.641616088867187500e+03 1.560869995117187500e+03 8.074607849121093750e+01
8.395603895187377930e-01 1.631792236328125000e+03 1.550870483398437500e+03 8.092175292968750000e+01
8.599691987037658691e-01 1.623186279296875000e+03 1.541902343750000000e+03 8.128393554687500000e+01
8.803780674934387207e-01 1.615659057617187500e+03 1.533893798828125000e+03 8.176529693603515625e+01
9.007868766784667969e-01 1.608286987304687500e+03 1.525982421875000000e+03 8.230457305908203125e+01
9.211949110031127930e-01 1.600801147460937500e+03 1.517903198242187500e+03 8.289797973632812500e+01
9.416037797927856445e-01 1.593435180664062500e+03 1.509918701171875000e+03 8.351644134521484375e+01
9.620125889778137207e-01 1.585684692382812500e+03 1.501526245117187500e+03 8.415843200683593750e+01
9.824214577674865723e-01 1.577330566406250000e+03 1.492508056640625000e+03 8.482248687744140625e+01
1.002830266952514648e+00 1.568146484375000000e+03 1.482663085937500000e+03 8.548337554931640625e+01
1.023239135742187500e+00 1.558252807617187500e+03 1.472041259765625000e+03 8.621149444580078125e+01
1.043647170066833496e+00 1.547210205078125000e+03 1.460230224609375000e+03 8.698001098632812500e+01
1.064056038856506348e+00 1.535352783203125000e+03 1.447521362304687500e+03 8.783145141601562500e+01
1.084464907646179199e+00 1.522572998046875000e+03 1.433745483398437500e+03 8.882746887207031250e+01
1.104873657226562500e+00 1.508835205078125000e+03 1.418745239257812500e+03 9.009001159667968750e+01
1.125282526016235352e+00 1.493979125976562500e+03 1.402161743164062500e+03 9.181733703613281250e+01
1.145691394805908203e+00 1.477917968750000000e+03 1.383243896484375000e+03 9.467410278320312500e+01
1.166099429130554199e+00 1.462378906250000000e+03 1.361088500976562500e+03 1.012904281616210938e+02
1.186508297920227051e+00 1.500113769531250000e+03 1.408696533203125000e+03 9.141723632812500000e+01
1.206917047500610352e+00 1.458779907226562500e+03 1.371189575195312500e+03 8.759037780761718750e+01
1.227325916290283203e+00 1.377957641601562500e+03 1.291823730468750000e+03 8.613386535644531250e+01
1.247734785079956055e+00 1.508945678710937500e+03 1.434734619140625000e+03 7.421111297607421875e+01
1.268142819404602051e+00 1.332511352539062500e+03 1.259494506835937500e+03 7.301684570312500000e+01
1.288551688194274902e+00 1.362997924804687500e+03 1.263511840820312500e+03 9.948611450195312500e+01
1.308960556983947754e+00 1.354384033203125000e+03 1.256430786132812500e+03 9.795325469970703125e+01
1.329369306564331055e+00 1.149874877929687500e+03 1.074710571289062500e+03 7.516429901123046875e+01
1.349778175354003906e+00 1.198110351562500000e+03 1.124082519531250000e+03 7.402780151367187500e+01
1.411003947257995605e+00 1.226990478515625000e+03 1.033740112304687500e+03 1.932502593994140625e+02
1.431412696838378906e+00 1.169090332031250000e+03 9.770236206054687500e+02 1.920667572021484375e+02
1.451821565628051758e+00 1.371427978515625000e+03 1.180284912109375000e+03 1.911430664062500000e+02
1.472230434417724609e+00 1.197340576171875000e+03 1.009123596191406250e+03 1.882169189453125000e+02
1.492639303207397461e+00 1.291426879882812500e+03 1.090271606445312500e+03 2.011552886962890625e+02
1.574273824691772461e+00 1.304083374023437500e+03 7.683824462890625000e+02 5.357009887695312500e+02
1.594682693481445312e+00 1.452286865234375000e+03 8.639318237304687500e+02 5.883551025390625000e+02
1.655908346176147461e+00 1.625212402343750000e+03 7.299236450195312500e+02 8.952886962890625000e+02
1.676317214965820312e+00 1.643025024414062500e+03 6.947603759765625000e+02 9.482646484375000000e+02
1.696726083755493164e+00 1.652813476562500000e+03 6.937402343750000000e+02 9.590733032226562500e+02
1.717134952545166016e+00 1.643760009765625000e+03 6.645828857421875000e+02 9.791770019531250000e+02
1.819178342819213867e+00 1.705723754882812500e+03 6.129606933593750000e+02 1.092763061523437500e+03
1.839587211608886719e+00 1.701779785156250000e+03 5.977016601562500000e+02 1.104078125000000000e+03
1.859995245933532715e+00 1.686019287109375000e+03 5.812332763671875000e+02 1.104786010742187500e+03
1.880403995513916016e+00 1.656985473632812500e+03 5.618121948242187500e+02 1.095173339843750000e+03
1.900812864303588867e+00 1.628862915039062500e+03 5.424302978515625000e+02 1.086432495117187500e+03
1.921221733093261719e+00 1.603435058593750000e+03 5.265751953125000000e+02 1.076859741210937500e+03
1.941630601882934570e+00 1.581291870117187500e+03 5.148756103515625000e+02 1.066416015625000000e+03
1.962038636207580566e+00 1.560635864257812500e+03 5.004913024902343750e+02 1.060144653320312500e+03
1.982447385787963867e+00 1.542906005859375000e+03 4.877312622070312500e+02 1.055174804687500000e+03
2.002856254577636719e+00 1.523336303710937500e+03 4.763069763183593750e+02 1.047029174804687500e+03
2.064081907272338867e+00 1.499111206054687500e+03 4.498847045898437500e+02 1.049226562500000000e+03
2.084490776062011719e+00 1.491409179687500000e+03 4.418049621582031250e+02 1.049604125976562500e+03
2.104899644851684570e+00 1.491018432617187500e+03 4.349054870605468750e+02 1.056112915039062500e+03
2.125308513641357422e+00 1.490134887695312500e+03 4.281385192871093750e+02 1.061996459960937500e+03
2.145717382431030273e+00 1.490330444335937500e+03 4.215002746582031250e+02 1.068830200195312500e+03
2.166126251220703125e+00 1.490831542968750000e+03 4.145450439453125000e+02 1.076286499023437500e+03
2.186535120010375977e+00 1.491313476562500000e+03 4.066248168945312500e+02 1.084688598632812500e+03
2.206943988800048828e+00 1.491319335937500000e+03 3.962477416992187500e+02 1.095071655273437500e+03
2.227352619171142578e+00 1.485171508789062500e+03 3.781074523925781250e+02 1.107064086914062500e+03
2.288577556610107422e+00 1.511286010742187500e+03 3.656909179687500000e+02 1.145595092773437500e+03
2.329395294189453125e+00 1.502844726562500000e+03 3.327683715820312500e+02 1.170076416015625000e+03
2.431439638137817383e+00 1.433038330078125000e+03 2.848349914550781250e+02 1.148203369140625000e+03
2.472257137298583984e+00 1.417711791992187500e+03 2.924298706054687500e+02 1.125281982421875000e+03
2.492664337158203125e+00 1.457079833984375000e+03 3.173106079101562500e+02 1.139769165039062500e+03
2.553890943527221680e+00 1.452414306640625000e+03 2.824263610839843750e+02 1.169988037109375000e+03
2.594708681106567383e+00 1.451512084960937500e+03 2.754924011230468750e+02 1.176019653320312500e+03
2.615117549896240234e+00 1.452084716796875000e+03 2.743493652343750000e+02 1.177735595703125000e+03
2.717159986495971680e+00 1.439706420898437500e+03 2.584956970214843750e+02 1.181210693359375000e+03
2.757977724075317383e+00 1.435524169921875000e+03 2.514583892822265625e+02 1.184065795898437500e+03
2.778386592864990234e+00 1.435499023437500000e+03 2.491804962158203125e+02 1.186318481445312500e+03
2.798795461654663086e+00 1.431964477539062500e+03 2.458238372802734375e+02 1.186140991210937500e+03
2.819204330444335938e+00 1.420579345703125000e+03 2.389494018554687500e+02 1.181630004882812500e+03
2.839613199234008789e+00 1.410328613281250000e+03 2.296446380615234375e+02 1.180683837890625000e+03
2.860022068023681641e+00 1.406368286132812500e+03 2.226489868164062500e+02 1.183719482421875000e+03
2.880430698394775391e+00 1.395261474609375000e+03 2.204896545410156250e+02 1.174772094726562500e+03
2.900839567184448242e+00 1.386558715820312500e+03 2.167927551269531250e+02 1.169765869140625000e+03
2.921248435974121094e+00 1.403414916992187500e+03 2.187199707031250000e+02 1.184694824218750000e+03
3.023291110992431641e+00 1.371853393554687500e+03 2.122087249755859375e+02 1.159644897460937500e+03
3.043699979782104492e+00 1.374903442382812500e+03 2.132240142822265625e+02 1.161679565429687500e+03
3.064108848571777344e+00 1.369047729492187500e+03 2.128194427490234375e+02 1.156228149414062500e+03
3.309013366699218750e+00 1.304175415039062500e+03 1.891104431152343750e+02 1.115064941406250000e+03
3.329421997070312500e+00 1.321603393554687500e+03 1.855784454345703125e+02 1.136024902343750000e+03
3.431464672088623047e+00 1.278432128906250000e+03 1.668047637939453125e+02 1.111627441406250000e+03
3.615144252777099609e+00 1.254216308593750000e+03 1.531646118164062500e+02 1.101051635742187500e+03
3.635553121566772461e+00 1.247691040039062500e+03 1.548069763183593750e+02 1.092884033203125000e+03
3.860048770904541016e+00 1.218071411132812500e+03 1.352605895996093750e+02 1.082810913085937500e+03
3.900864839553833008e+00 1.211037353515625000e+03 1.332316284179687500e+02 1.077805908203125000e+03
3.921273708343505859e+00 1.209200439453125000e+03 1.329044952392578125e+02 1.076296020507812500e+03
4.023317813873291016e+00 1.213769531250000000e+03 1.286410980224609375e+02 1.085128540039062500e+03
4.043726921081542969e+00 1.214189941406250000e+03 1.260974273681640625e+02 1.088092529296875000e+03
4.145769119262695312e+00 1.198064575195312500e+03 1.244372863769531250e+02 1.073627197265625000e+03
4.288630962371826172e+00 1.183588745117187500e+03 1.211293716430664062e+02 1.062459472656250000e+03
4.390673637390136719e+00 1.180531860351562500e+03 1.161333312988281250e+02 1.064398437500000000e+03
4.411082744598388672e+00 1.182744995117187500e+03 1.148362045288085938e+02 1.067908813476562500e+03
4.431491374969482422e+00 1.181598510742187500e+03 1.140372543334960938e+02 1.067561279296875000e+03
4.451900482177734375e+00 1.181519775390625000e+03 1.128691864013671875e+02 1.068650634765625000e+03
4.472309112548828125e+00 1.177906982421875000e+03 1.111229934692382812e+02 1.066784057617187500e+03
4.492718219757080078e+00 1.175869384765625000e+03 1.099254989624023438e+02 1.065943847656250000e+03
4.615169525146484375e+00 1.164856445312500000e+03 1.083056869506835938e+02 1.056550659179687500e+03
4.778439998626708984e+00 1.155775634765625000e+03 1.049056701660156250e+02 1.050869873046875000e+03
4.941709518432617188e+00 1.154345947265625000e+03 9.567496490478515625e+01 1.058671020507812500e+03
4.982526779174804688e+00 1.153541259765625000e+03 9.489118194580078125e+01 1.058650146484375000e+03
5.002935886383056641e+00 1.151536010742187500e+03 9.412128448486328125e+01 1.057414672851562500e+03
5.023344516754150391e+00 1.161268066406250000e+03 1.090363845825195312e+02 1.052231445312500000e+03
5.043751716613769531e+00 1.145006469726562500e+03 9.203065490722656250e+01 1.052975952148437500e+03
5.084569454193115234e+00 1.145365844726562500e+03 9.072686767578125000e+01 1.054638916015625000e+03
5.104978561401367188e+00 1.144054443359375000e+03 9.064552307128906250e+01 1.053409057617187500e+03
5.125387191772460938e+00 1.143193359375000000e+03 9.028457641601562500e+01 1.052908813476562500e+03
5.145796298980712891e+00 1.139859619140625000e+03 9.062432861328125000e+01 1.049235229492187500e+03
5.166204929351806641e+00 1.141643798828125000e+03 9.040532684326171875e+01 1.051238403320312500e+03
5.186613559722900391e+00 1.136194458007812500e+03 8.995728302001953125e+01 1.046237060546875000e+03
5.207022666931152344e+00 1.136160034179687500e+03 8.983457183837890625e+01 1.046325439453125000e+03
5.227431297302246094e+00 1.136385131835937500e+03 8.971282196044921875e+01 1.046672485351562500e+03
5.288656234741210938e+00 1.139178833007812500e+03 8.817633056640625000e+01 1.051002319335937500e+03
5.309065341949462891e+00 1.138484985351562500e+03 8.761190032958984375e+01 1.050873046875000000e+03
5.329473972320556641e+00 1.137787353515625000e+03 8.691706085205078125e+01 1.050870117187500000e+03
5.349883079528808594e+00 1.136238525390625000e+03 8.622750854492187500e+01 1.050011108398437500e+03
5.370291709899902344e+00 1.135179687500000000e+03 8.536489105224609375e+01 1.049814453125000000e+03
5.390700340270996094e+00 1.134024291992187500e+03 8.508611297607421875e+01 1.048938354492187500e+03
5.492744922637939453e+00 1.131408325195312500e+03 8.054173278808593750e+01 1.050866699218750000e+03
5.594787597656250000e+00 1.127772583007812500e+03 7.599198150634765625e+01 1.051780517578125000e+03
5.615196228027343750e+00 1.126645507812500000e+03 7.563051605224609375e+01 1.051015136718750000e+03
5.656013965606689453e+00 1.125751098632812500e+03 7.529634094238281250e+01 1.050454711914062500e+03
5.676422595977783203e+00 1.125110839843750000e+03 7.544735717773437500e+01 1.049663696289062500e+03
5.696831703186035156e+00 1.123889404296875000e+03 7.526110839843750000e+01 1.048628417968750000e+03
5.798874378204345703e+00 1.121983886718750000e+03 7.501007843017578125e+01 1.046973999023437500e+03
5.819283008575439453e+00 1.119363647460937500e+03 7.552863311767578125e+01 1.043835205078125000e+03
5.839691638946533203e+00 1.118802001953125000e+03 7.542864227294921875e+01 1.043373291015625000e+03
5.880509376525878906e+00 1.117260253906250000e+03 7.531217193603515625e+01 1.041947753906250000e+03
5.900918483734130859e+00 1.115967651367187500e+03 7.501113128662109375e+01 1.040956787109375000e+03
5.921327114105224609e+00 1.117168579101562500e+03 7.467173004150390625e+01 1.042496948242187500e+03
5.962143421173095703e+00 1.114121826171875000e+03 7.416054534912109375e+01 1.039961059570312500e+03
5.982552051544189453e+00 1.113613525390625000e+03 7.362744903564453125e+01 1.039986083984375000e+03
6.002961158752441406e+00 1.114464111328125000e+03 7.413482666015625000e+01 1.040329223632812500e+03
6.023369789123535156e+00 1.112948852539062500e+03 7.360542297363281250e+01 1.039343872070312500e+03
6.105005264282226562e+00 1.112060791015625000e+03 7.050372314453125000e+01 1.041557006835937500e+03
6.125413894653320312e+00 1.111334228515625000e+03 6.972167968750000000e+01 1.041612670898437500e+03
6.145823001861572266e+00 1.111275634765625000e+03 6.878900909423828125e+01 1.042486694335937500e+03
6.166231632232666016e+00 1.130044921875000000e+03 6.825075531005859375e+01 1.061794311523437500e+03
6.186640739440917969e+00 1.109112304687500000e+03 6.732908630371093750e+01 1.041783203125000000e+03
6.207047939300537109e+00 1.111223510742187500e+03 6.703060150146484375e+01 1.044192871093750000e+03
6.227456569671630859e+00 1.108171752929687500e+03 6.634963226318359375e+01 1.041822021484375000e+03
6.288682937622070312e+00 1.106624389648437500e+03 6.475196838378906250e+01 1.041872558593750000e+03
6.309092044830322266e+00 1.105723999023437500e+03 6.442868041992187500e+01 1.041295166015625000e+03
6.329500675201416016e+00 1.106093750000000000e+03 6.452349853515625000e+01 1.041570678710937500e+03
6.349909782409667969e+00 1.104642456054687500e+03 6.393912887573242188e+01 1.040703247070312500e+03
6.451952457427978516e+00 1.102130981445312500e+03 6.326181411743164062e+01 1.038869262695312500e+03
6.513178825378417969e+00 1.101524902343750000e+03 6.343898010253906250e+01 1.038085815429687500e+03
6.533587455749511719e+00 1.101180786132812500e+03 6.357057952880859375e+01 1.037610351562500000e+03
6.594814300537109375e+00 1.101728881835937500e+03 6.374268341064453125e+01 1.037986328125000000e+03
6.635632038116455078e+00 1.099751953125000000e+03 6.356703948974609375e+01 1.036185058593750000e+03
6.656040668487548828e+00 1.099811645507812500e+03 6.351600265502929688e+01 1.036295898437500000e+03
6.676447868347167969e+00 1.108762573242187500e+03 7.475995635986328125e+01 1.034002807617187500e+03
6.696856975555419922e+00 1.101217163085937500e+03 6.327186584472656250e+01 1.037945312500000000e+03
6.717265605926513672e+00 1.098094848632812500e+03 6.304399490356445312e+01 1.035050903320312500e+03
6.778491973876953125e+00 1.097518066406250000e+03 6.233328247070312500e+01 1.035184692382812500e+03
6.798901081085205078e+00 1.118750366210937500e+03 6.214617538452148438e+01 1.056604248046875000e+03
6.941761016845703125e+00 1.096282592773437500e+03 5.976367568969726562e+01 1.036518920898437500e+03
6.962170124053955078e+00 1.093795043945312500e+03 5.948533248901367188e+01 1.034309936523437500e+03
6.982578754425048828e+00 1.209955810546875000e+03 1.673063354492187500e+02 1.042649414062500000e+03
7.002987861633300781e+00 1.092791625976562500e+03 5.862585067749023438e+01 1.034165893554687500e+03
7.023396492004394531e+00 1.092505249023437500e+03 5.831915664672851562e+01 1.034186157226562500e+03
7.043805599212646484e+00 1.094309570312500000e+03 5.787828826904296875e+01 1.036431274414062500e+03
7.064214229583740234e+00 1.091382202148437500e+03 5.727053451538085938e+01 1.034111694335937500e+03
7.105031967163085938e+00 1.089946777343750000e+03 5.643612289428710938e+01 1.033510620117187500e+03
7.125439167022705078e+00 1.089065063476562500e+03 5.597212219238281250e+01 1.033092895507812500e+03
7.145847797393798828e+00 1.091437133789062500e+03 6.097137832641601562e+01 1.030465820312500000e+03
7.166256904602050781e+00 1.209206787109375000e+03 1.815246887207031250e+02 1.027682006835937500e+03
7.186665534973144531e+00 1.087402221679687500e+03 5.459588623046875000e+01 1.032806518554687500e+03
7.207074642181396484e+00 1.086442626953125000e+03 5.407590866088867188e+01 1.032366577148437500e+03
7.227483272552490234e+00 1.085372558593750000e+03 5.372446823120117188e+01 1.031648071289062500e+03
7.247892379760742188e+00 1.084678466796875000e+03 5.334198760986328125e+01 1.031336303710937500e+03
7.268301010131835938e+00 1.090822875976562500e+03 5.434497451782226562e+01 1.036478027343750000e+03
7.288710117340087891e+00 1.083240234375000000e+03 5.251776123046875000e+01 1.030722778320312500e+03
7.309118747711181641e+00 1.083007812500000000e+03 5.224010848999023438e+01 1.030767578125000000e+03
7.329527378082275391e+00 1.082213867187500000e+03 5.189868164062500000e+01 1.030315063476562500e+03
7.349936485290527344e+00 1.081443237304687500e+03 5.162429046630859375e+01 1.029819091796875000e+03
7.370343685150146484e+00 1.080683349609375000e+03 5.122150802612304688e+01 1.029462158203125000e+03
7.390752315521240234e+00 1.079817749023437500e+03 5.088572311401367188e+01 1.028932373046875000e+03
7.411161422729492188e+00 1.093985473632812500e+03 5.904706573486328125e+01 1.034938110351562500e+03
7.431570053100585938e+00 1.078697021484375000e+03 5.038074493408203125e+01 1.028316406250000000e+03
7.492796897888183594e+00 1.076891113281250000e+03 4.990516281127929688e+01 1.026985839843750000e+03
7.513205528259277344e+00 1.084783447265625000e+03 5.043871688842773438e+01 1.034344482421875000e+03
7.533614635467529297e+00 1.076060302734375000e+03 4.944411468505859375e+01 1.026615966796875000e+03
7.554023265838623047e+00 1.074822387695312500e+03 4.934222412109375000e+01 1.025479980468750000e+03
7.574431896209716797e+00 1.074652954101562500e+03 4.920927429199218750e+01 1.025443603515625000e+03
7.594839096069335938e+00 1.074215820312500000e+03 4.917160797119140625e+01 1.025044189453125000e+03
7.615248203277587891e+00 1.073935180664062500e+03 4.907126235961914062e+01 1.024864013671875000e+03
7.635656833648681641e+00 1.261100708007812500e+03 2.388377380371093750e+02 1.022263122558593750e+03
7.656065940856933594e+00 1.073115234375000000e+03 4.899725341796875000e+01 1.024117919921875000e+03
7.676474571228027344e+00 1.072921264648437500e+03 4.889817047119140625e+01 1.024022827148437500e+03
7.696883678436279297e+00 1.073095092773437500e+03 4.886182403564453125e+01 1.024233154296875000e+03
7.717292308807373047e+00 1.072465698242187500e+03 4.882566452026367188e+01 1.023639953613281250e+03
7.737701416015625000e+00 1.072127685546875000e+03 4.878970336914062500e+01 1.023338378906250000e+03
7.758110046386718750e+00 1.072036254882812500e+03 4.875392150878906250e+01 1.023282714843750000e+03
7.778518676757812500e+00 1.071796020507812500e+03 4.868755722045898438e+01 1.023108459472656250e+03
7.798927783966064453e+00 1.071431274414062500e+03 4.865223312377929688e+01 1.022779052734375000e+03
7.819334983825683594e+00 1.071420654296875000e+03 4.867833328247070312e+01 1.022742370605468750e+03
7.839743614196777344e+00 1.071027832031250000e+03 4.833786010742187500e+01 1.022690124511718750e+03
7.860152721405029297e+00 1.070770385742187500e+03 4.836463546752929688e+01 1.022405761718750000e+03
7.880561351776123047e+00 1.070549926757812500e+03 4.814825439453125000e+01 1.022401611328125000e+03
7.900970458984375000e+00 1.070440429687500000e+03 4.811477661132812500e+01 1.022325866699218750e+03
7.962196826934814453e+00 1.070068237304687500e+03 4.744412994384765625e+01 1.022624084472656250e+03
7.982605457305908203e+00 1.069703735351562500e+03 4.708292007446289062e+01 1.022620971679687500e+03
8.003014564514160156e+00 1.089842773437500000e+03 6.622659301757812500e+01 1.023615966796875000e+03
8.023423194885253906e+00 1.081144897460937500e+03 4.741028594970703125e+01 1.033734741210937500e+03
8.043831825256347656e+00 1.208508544921875000e+03 1.844577636718750000e+02 1.024051025390625000e+03
8.064239501953125000e+00 1.067686767578125000e+03 4.559699630737304688e+01 1.022089782714843750e+03
8.084648132324218750e+00 1.067001342773437500e+03 4.527461624145507812e+01 1.021726318359375000e+03
8.145874977111816406e+00 1.066160034179687500e+03 4.428778076171875000e+01 1.021872253417968750e+03
8.166283607482910156e+00 1.065179931640625000e+03 4.382532501220703125e+01 1.021354858398437500e+03
8.186692237854003906e+00 1.064465087890625000e+03 4.342365646362304688e+01 1.021041748046875000e+03
8.207100868225097656e+00 1.063644897460937500e+03 4.311149215698242188e+01 1.020533813476562500e+03
8.349961280822753906e+00 1.060008056640625000e+03 4.145645904541015625e+01 1.018551452636718750e+03
8.390779495239257812e+00 1.059324340820312500e+03 4.131184768676757812e+01 1.018012512207031250e+03
8.411188125610351562e+00 1.355734008789062500e+03 3.463710937500000000e+02 1.009362731933593750e+03
8.452005386352539062e+00 1.058258178710937500e+03 4.115420532226562500e+01 1.017104125976562500e+03
8.472414970397949219e+00 1.058015625000000000e+03 4.111157989501953125e+01 1.016903869628906250e+03
8.574457168579101562e+00 1.057024291992187500e+03 4.118070602416992188e+01 1.015843811035156250e+03
8.594865798950195312e+00 1.056658691406250000e+03 4.125003814697265625e+01 1.015408752441406250e+03
8.615275382995605469e+00 1.056700805664062500e+03 4.131903839111328125e+01 1.015381774902343750e+03
8.635684013366699219e+00 1.056071411132812500e+03 4.135999679565429688e+01 1.014711486816406250e+03
8.656092643737792969e+00 1.055871948242187500e+03 4.142841339111328125e+01 1.014443603515625000e+03
8.676501274108886719e+00 1.055404907226562500e+03 4.152410125732421875e+01 1.013880920410156250e+03
8.696909904479980469e+00 1.055229370117187500e+03 4.159181213378906250e+01 1.013637573242187500e+03
8.717319488525390625e+00 1.055210205078125000e+03 4.160429000854492188e+01 1.013605163574218750e+03
8.737728118896484375e+00 1.094884033203125000e+03 5.830173873901367188e+01 1.036582275390625000e+03
8.758134841918945312e+00 1.054745971679687500e+03 4.168372726440429688e+01 1.013062133789062500e+03
8.778544425964355469e+00 1.054516235351562500e+03 4.169590759277343750e+01 1.012820617675781250e+03
8.798953056335449219e+00 1.054380371093750000e+03 4.170801544189453125e+01 1.012672302246093750e+03
8.880588531494140625e+00 1.053815551757812500e+03 4.180983734130859375e+01 1.012005920410156250e+03
8.941814422607421875e+00 1.053354736328125000e+03 4.163064193725585938e+01 1.011724487304687500e+03
8.982630729675292969e+00 1.053765869140625000e+03 4.146812820434570312e+01 1.012297668457031250e+03
9.003039360046386719e+00 1.358234252929687500e+03 3.477979431152343750e+02 1.010436462402343750e+03
9.043857574462890625e+00 1.054108642578125000e+03 4.153150177001953125e+01 1.012577392578125000e+03
9.064266204833984375e+00 1.050803588867187500e+03 4.112106704711914062e+01 1.009682434082031250e+03
9.207128524780273438e+00 1.049075561523437500e+03 4.050901412963867188e+01 1.008566467285156250e+03
9.227535247802734375e+00 1.048675659179687500e+03 4.031565475463867188e+01 1.008359985351562500e+03
9.247943878173828125e+00 1.047854980468750000e+03 4.027845382690429688e+01 1.007576477050781250e+03
9.268353462219238281e+00 1.047386840820312500e+03 4.026724624633789062e+01 1.007119628906250000e+03
9.288762092590332031e+00 1.046883056640625000e+03 4.004991149902343750e+01 1.006833312988281250e+03
9.329579353332519531e+00 1.045576293945312500e+03 3.987469100952148438e+01 1.005701416015625000e+03
9.452031135559082031e+00 1.047199829101562500e+03 3.996596145629882812e+01 1.007233642578125000e+03
9.472439765930175781e+00 1.041513427734375000e+03 3.939967346191406250e+01 1.002113525390625000e+03
9.492848396301269531e+00 1.040995361328125000e+03 3.936540603637695312e+01 1.001630187988281250e+03
9.513257980346679688e+00 1.040981201171875000e+03 3.930612182617187500e+01 1.001675170898437500e+03
9.533666610717773438e+00 1.041014160156250000e+03 3.934752655029296875e+01 1.001666625976562500e+03
9.554075241088867188e+00 1.041312133789062500e+03 3.926347351074218750e+01 1.002048461914062500e+03
9.574483871459960938e+00 1.041752075195312500e+03 3.920478439331054688e+01 1.002547119140625000e+03
9.594892501831054688e+00 1.041401855468750000e+03 3.914634323120117188e+01 1.002255371093750000e+03
9.615302085876464844e+00 1.041312377929687500e+03 3.908815383911132812e+01 1.002224487304687500e+03
9.635710716247558594e+00 1.040786254882812500e+03 3.900536346435546875e+01 1.001780883789062500e+03
9.656119346618652344e+00 1.040277465820312500e+03 3.892292404174804688e+01 1.001354858398437500e+03
9.676527023315429688e+00 1.039876953125000000e+03 3.884083938598632812e+01 1.001035949707031250e+03
9.696935653686523438e+00 1.039387939453125000e+03 3.875909042358398438e+01 1.000628906250000000e+03
9.717344284057617188e+00 1.039688476562500000e+03 3.867768859863281250e+01 1.001010498046875000e+03
9.737752914428710938e+00 1.039234863281250000e+03 3.857203674316406250e+01 1.000662780761718750e+03
9.758161544799804688e+00 1.038411743164062500e+03 3.846683120727539062e+01 9.999448852539062500e+02
9.778571128845214844e+00 1.038029174804687500e+03 3.833758926391601562e+01 9.996917724609375000e+02
9.798979759216308594e+00 1.037704833984375000e+03 3.820888137817382812e+01 9.994959716796875000e+02
9.819388389587402344e+00 1.037139892578125000e+03 3.808070755004882812e+01 9.990594482421875000e+02
9.839797019958496094e+00 1.036617065429687500e+03 3.795306396484375000e+01 9.986641235351562500e+02
9.860206604003906250e+00 1.036027343750000000e+03 3.777739334106445312e+01 9.982497558593750000e+02
9.880615234375000000e+00 1.035583374023437500e+03 3.762667465209960938e+01 9.979569702148437500e+02
9.901023864746093750e+00 1.034766967773437500e+03 3.747658157348632812e+01 9.972904663085937500e+02
9.921431541442871094e+00 1.034191406250000000e+03 3.730298233032226562e+01 9.968883666992187500e+02
9.941840171813964844e+00 1.033732177734375000e+03 3.713009262084960938e+01 9.966018676757812500e+02
9.962248802185058594e+00 1.033004882812500000e+03 3.695790863037109375e+01 9.960468750000000000e+02
9.982657432556152344e+00 1.032377685546875000e+03 3.678642654418945312e+01 9.955911865234375000e+02
1.000306606292724609e+01 1.031865722656250000e+03 3.659171295166015625e+01 9.952742309570312500e+02
1.002347564697265625e+01 1.031156982421875000e+03 3.642167282104492188e+01 9.947355346679687500e+02
1.004388427734375000e+01 1.030678344726562500e+03 3.625233078002929688e+01 9.944259643554687500e+02
1.006429290771484375e+01 1.029894287109375000e+03 3.605988693237304688e+01 9.938343505859375000e+02
1.008470153808593750e+01 1.029537719726562500e+03 3.591569519042968750e+01 9.936221313476562500e+02
1.010511112213134766e+01 1.028849609375000000e+03 3.572470855712890625e+01 9.931248779296875000e+02
1.012551975250244141e+01 1.028153930664062500e+03 3.555813217163085938e+01 9.925957031250000000e+02
1.014592647552490234e+01 1.027778930664062500e+03 3.541582870483398438e+01 9.923632202148437500e+02
1.016633605957031250e+01 1.027281738281250000e+03 3.525053787231445312e+01 9.920313110351562500e+02
1.018674468994140625e+01 1.026603027343750000e+03 3.510941314697265625e+01 9.914937133789062500e+02
1.020715332031250000e+01 1.026115600585937500e+03 3.499230575561523438e+01 9.911233520507812500e+02
1.022756195068359375e+01 1.025621582031250000e+03 3.485226058959960938e+01 9.907692260742187500e+02
1.024797058105468750e+01 1.025100219726562500e+03 3.473613357543945312e+01 9.903641357421875000e+02
1.026838016510009766e+01 1.024554687500000000e+03 3.462046813964843750e+01 9.899345092773437500e+02
1.030919742584228516e+01 1.023817626953125000e+03 3.436728668212890625e+01 9.894503784179687500e+02
1.032960605621337891e+01 1.023524902343750000e+03 3.429938888549804688e+01 9.892254638671875000e+02
1.035001564025878906e+01 1.024161132812500000e+03 3.420862197875976562e+01 9.899523925781250000e+02
1.037042236328125000e+01 1.022417785644531250e+03 3.411822128295898438e+01 9.882994995117187500e+02
1.039083099365234375e+01 1.021973144531250000e+03 3.407424926757812500e+01 9.878989257812500000e+02
1.041123962402343750e+01 1.027699096679687500e+03 4.051462554931640625e+01 9.871843872070312500e+02
1.043164920806884766e+01 1.021355712890625000e+03 3.389502334594726562e+01 9.874606933593750000e+02
1.045205783843994141e+01 1.020733154296875000e+03 3.382883834838867188e+01 9.869042968750000000e+02
1.047246646881103516e+01 1.020375366210937500e+03 3.376291275024414062e+01 9.866124877929687500e+02
1.049287509918212891e+01 1.019920043945312500e+03 3.367443084716796875e+01 9.862456054687500000e+02
1.051328468322753906e+01 1.019247680664062500e+03 3.360905838012695312e+01 9.856386718750000000e+02
1.053369331359863281e+01 1.022629150390625000e+03 3.372574996948242188e+01 9.889034423828125000e+02
1.055410194396972656e+01 1.018466430664062500e+03 3.345639801025390625e+01 9.850100097656250000e+02
1.057451057434082031e+01 1.017869934082031250e+03 3.339182662963867188e+01 9.844780883789062500e+02
1.059491920471191406e+01 1.017544494628906250e+03 3.330490875244140625e+01 9.842395629882812500e+02
1.061532688140869141e+01 1.016929992675781250e+03 3.321833038330078125e+01 9.837116699218750000e+02
1.063573551177978516e+01 1.016604492187500000e+03 3.313207626342773438e+01 9.834724121093750000e+02
1.065614414215087891e+01 1.015986145019531250e+03 3.304615783691406250e+01 9.829400024414062500e+02
1.067655372619628906e+01 1.018875610351562500e+03 3.298298645019531250e+01 9.858925781250000000e+02
1.069696235656738281e+01 1.015219726562500000e+03 3.287530136108398438e+01 9.823444213867187500e+02
1.071737098693847656e+01 1.014785583496093750e+03 3.276802444458007812e+01 9.820175170898437500e+02
1.073777961730957031e+01 1.014291320800781250e+03 3.266115570068359375e+01 9.816301879882812500e+02
1.075818920135498047e+01 1.013812194824218750e+03 3.255469131469726562e+01 9.812575073242187500e+02
1.077859783172607422e+01 1.013303771972656250e+03 3.244863128662109375e+01 9.808551635742187500e+02
1.079900646209716797e+01 1.012837768554687500e+03 3.232080078125000000e+01 9.805169677734375000e+02
1.081941509246826172e+01 1.012387023925781250e+03 3.221557998657226562e+01 9.801714477539062500e+02
1.083982276916503906e+01 1.011976440429687500e+03 3.208868026733398438e+01 9.798877563476562500e+02
1.086023139953613281e+01 1.011404968261718750e+03 3.198429107666015625e+01 9.794206542968750000e+02
1.088064002990722656e+01 1.011046691894531250e+03 3.185829353332519531e+01 9.791883544921875000e+02
1.090104866027832031e+01 1.010439392089843750e+03 3.173277091979980469e+01 9.787066040039062500e+02
1.092145824432373047e+01 1.010019531250000000e+03 3.160771369934082031e+01 9.784118041992187500e+02
1.094186687469482422e+01 1.009599304199218750e+03 3.148312187194824219e+01 9.781162109375000000e+02
1.096227550506591797e+01 1.009122009277343750e+03 3.135899162292480469e+01 9.777630615234375000e+02
1.098268413543701172e+01 1.008591613769531250e+03 3.123532867431640625e+01 9.773563232421875000e+02
1.100309371948242188e+01 1.008121582031250000e+03 3.111212158203125000e+01 9.770095214843750000e+02
1.102350234985351562e+01 1.007686767578125000e+03 3.096765518188476562e+01 9.767191162109375000e+02
1.104391098022460938e+01 1.007231079101562500e+03 3.086707687377929688e+01 9.763639526367187500e+02
1.106431770324707031e+01 1.006897888183593750e+03 3.074523735046386719e+01 9.761526489257812500e+02
1.108472728729248047e+01 1.006353149414062500e+03 3.062383842468261719e+01 9.757293701171875000e+02
1.110513591766357422e+01 1.005970092773437500e+03 3.050288772583007812e+01 9.754672851562500000e+02
1.112554454803466797e+01 1.005633972167968750e+03 3.040390014648437500e+01 9.752300415039062500e+02
1.114595317840576172e+01 1.005222900390625000e+03 3.030527305603027344e+01 9.749176025390625000e+02
1.116636276245117188e+01 1.004728820800781250e+03 3.018556785583496094e+01 9.745432739257812500e+02
1.118677139282226562e+01 1.004325378417968750e+03 3.008769798278808594e+01 9.742376708984375000e+02
1.120718002319335938e+01 1.003787658691406250e+03 2.999018669128417969e+01 9.737974853515625000e+02
1.122758865356445312e+01 1.003524719238281250e+03 2.989302635192871094e+01 9.736317138671875000e+02
1.124799728393554688e+01 1.003129516601562500e+03 2.981750488281250000e+01 9.733120117187500000e+02
1.126840686798095703e+01 1.002571777343750000e+03 2.972101402282714844e+01 9.728508300781250000e+02
1.128881549835205078e+01 1.002106628417968750e+03 2.962486839294433594e+01 9.724817504882812500e+02
1.130922222137451172e+01 1.001803833007812500e+03 2.955024337768554688e+01 9.722536621093750000e+02
1.132963180541992188e+01 1.001476196289062500e+03 2.947588157653808594e+01 9.720003051757812500e+02
1.135004043579101562e+01 1.000973083496093750e+03 2.940179252624511719e+01 9.715712280273437500e+02
1.137044906616210938e+01 1.000506408691406250e+03 2.930690765380859375e+01 9.711994628906250000e+02
1.139085769653320312e+01 1.000115783691406250e+03 2.923338317871093750e+01 9.708823852539062500e+02
1.141126728057861328e+01 9.996950683593750000e+02 2.911816406250000000e+01 9.705769042968750000e+02
1.143167591094970703e+01 9.991173706054687500e+02 2.902430152893066406e+01 9.700930786132812500e+02
1.145208454132080078e+01 9.986952514648437500e+02 2.893076705932617188e+01 9.697644653320312500e+02
1.147249317169189453e+01 9.982297973632812500e+02 2.883756637573242188e+01 9.693922729492187500e+02
1.149290180206298828e+01 9.976975097656250000e+02 2.874469947814941406e+01 9.689527587890625000e+02
1.161535358428955078e+01 9.994346923828125000e+02 2.976070022583007812e+01 9.696740112304687500e+02
1.163576221466064453e+01 9.941243896484375000e+02 2.793915939331054688e+01 9.661852416992187500e+02
1.165617179870605469e+01 9.937423095703125000e+02 2.782862854003906250e+01 9.659136962890625000e+02
1.173780632019042969e+01 9.925648803710937500e+02 2.736994743347167969e+01 9.651950073242187500e+02
1.179903125762939453e+01 9.915858154296875000e+02 2.706561470031738281e+01 9.645202026367187500e+02
1.181944084167480469e+01 9.973858642578125000e+02 2.813285255432128906e+01 9.692530517578125000e+02
1.183984947204589844e+01 9.895060424804687500e+02 2.685098838806152344e+01 9.626550903320312500e+02
1.188066673278808594e+01 9.886325683593750000e+02 2.663784408569335938e+01 9.619946899414062500e+02
1.202352714538574219e+01 3.064623046875000000e+03 2.104512451171875000e+03 9.601107177734375000e+02
1.204393577575683594e+01 1.004447998046875000e+03 2.703204345703125000e+01 9.774159545898437500e+02
1.206434535980224609e+01 9.873938598632812500e+02 2.633149909973144531e+01 9.610623779296875000e+02
1.214597988128662109e+01 1.430617919921875000e+03 4.751963195800781250e+02 9.554218750000000000e+02
1.216638946533203125e+01 9.833695068359375000e+02 2.628773117065429688e+01 9.570817260742187500e+02
1.218679809570312500e+01 9.874201049804687500e+02 2.634192848205566406e+01 9.610781860351562500e+02
1.220720672607421875e+01 9.829564819335937500e+02 2.631749916076660156e+01 9.566389770507812500e+02
1.222761440277099609e+01 9.861680908203125000e+02 2.670428848266601562e+01 9.594637451171875000e+02
1.224802303314208984e+01 9.821068115234375000e+02 2.630797958374023438e+01 9.557988281250000000e+02
1.226843166351318359e+01 9.818048095703125000e+02 2.628372764587402344e+01 9.555211181640625000e+02
1.228884029388427734e+01 9.815557861328125000e+02 2.629851722717285156e+01 9.552572021484375000e+02
1.232965850830078125e+01 9.806636962890625000e+02 2.625028800964355469e+01 9.544134521484375000e+02
1.235006713867187500e+01 9.804038085937500000e+02 2.620690917968750000e+01 9.541968994140625000e+02
1.239088439941406250e+01 9.795369262695312500e+02 2.617853736877441406e+01 9.533583984375000000e+02
1.245211124420166016e+01 9.784292602539062500e+02 2.606904220581054688e+01 9.523602294921875000e+02
1.247251892089843750e+01 9.787803955078125000e+02 2.602639007568359375e+01 9.527540283203125000e+02
1.251333618164062500e+01 9.769750976562500000e+02 2.594149208068847656e+01 9.510335693359375000e+02
1.253374481201171875e+01 9.764340820312500000e+02 2.591835021972656250e+01 9.505157470703125000e+02
1.255415344238281250e+01 9.763950805664062500e+02 2.583808326721191406e+01 9.505569458007812500e+02
1.257456302642822266e+01 9.760230102539062500e+02 2.575806999206542969e+01 9.502648925781250000e+02
1.259497165679931641e+01 9.757144165039062500e+02 2.569732475280761719e+01 9.500170288085937500e+02
1.265619850158691406e+01 9.739375000000000000e+02 2.549735069274902344e+01 9.484401855468750000e+02
1.271742343902587891e+01 9.727511596679687500e+02 2.528047943115234375e+01 9.474707031250000000e+02
1.273783206939697266e+01 9.721674804687500000e+02 2.518359375000000000e+01 9.469838867187500000e+02
1.275824069976806641e+01 9.717690429687500000e+02 2.514330673217773438e+01 9.466257324218750000e+02
1.279905796051025391e+01 9.769737548828125000e+02 2.517534637451171875e+01 9.517984008789062500e+02
1.290110301971435547e+01 9.695387573242187500e+02 2.464220809936523438e+01 9.448965454101562500e+02
1.292150974273681641e+01 9.690908203125000000e+02 2.454771423339843750e+01 9.445430908203125000e+02
1.296232795715332031e+01 9.684146728515625000e+02 2.445194435119628906e+01 9.439627075195312500e+02
1.302355384826660156e+01 9.676485595703125000e+02 2.431860733032226562e+01 9.433298950195312500e+02
1.304396247863769531e+01 9.714246826171875000e+02 2.725368881225585938e+01 9.441710205078125000e+02
1.308478069305419922e+01 9.662722167968750000e+02 2.420481681823730469e+01 9.420673828125000000e+02
1.310518932342529297e+01 9.661343383789062500e+02 2.416712188720703125e+01 9.419672241210937500e+02
1.316641426086425781e+01 9.649381103515625000e+02 2.405474281311035156e+01 9.408833618164062500e+02
1.318682289123535156e+01 9.645405273437500000e+02 2.401751327514648438e+01 9.405230712890625000e+02
1.328886699676513672e+01 9.629546508789062500e+02 2.386911392211914062e+01 9.390856323242187500e+02
1.330927658081054688e+01 9.624951171875000000e+02 2.385050010681152344e+01 9.386446533203125000e+02
1.332968521118164062e+01 9.622393798828125000e+02 2.383194351196289062e+01 9.384074707031250000e+02
1.335009384155273438e+01 9.617379150390625000e+02 2.381344032287597656e+01 9.379244384765625000e+02
1.337050247192382812e+01 9.613647460937500000e+02 2.374128150939941406e+01 9.376234741210937500e+02
1.339091014862060547e+01 9.610851440429687500e+02 2.370510101318359375e+01 9.373799438476562500e+02
1.347254562377929688e+01 9.594864501953125000e+02 2.350815582275390625e+01 9.359782714843750000e+02
1.349295425415039062e+01 9.589986572265625000e+02 2.347259902954101562e+01 9.355260009765625000e+02
1.351336288452148438e+01 9.581354980468750000e+02 2.340172004699707031e+01 9.347337646484375000e+02
1.353377151489257812e+01 9.585772094726562500e+02 2.336643028259277344e+01 9.352107543945312500e+02
1.355418109893798828e+01 9.574340820312500000e+02 2.329592323303222656e+01 9.341381835937500000e+02
1.357458972930908203e+01 9.575847778320312500e+02 2.326089859008789062e+01 9.343239135742187500e+02
1.359499835968017578e+01 9.578132324218750000e+02 2.356054496765136719e+01 9.342526855468750000e+02
1.361540508270263672e+01 9.469398803710937500e+02 2.308567428588867188e+01 9.238541870117187500e+02
1.363581562042236328e+01 9.569996337890625000e+02 2.305111885070800781e+01 9.339486083984375000e+02
1.365622234344482422e+01 9.565377807617187500e+02 2.298161315917968750e+01 9.335561523437500000e+02
1.367663288116455078e+01 9.559816284179687500e+02 2.287730216979980469e+01 9.331043090820312500e+02
1.369704055786132812e+01 9.554441528320312500e+02 2.280825805664062500e+01 9.326358642578125000e+02
1.371745109558105469e+01 9.549495849609375000e+02 2.273941993713378906e+01 9.322101440429687500e+02
1.373785781860351562e+01 9.545449829101562500e+02 2.267079162597656250e+01 9.318742065429687500e+02
1.375826835632324219e+01 9.540491333007812500e+02 2.258495903015136719e+01 9.314641723632812500e+02
1.377867507934570312e+01 9.535984497070312500e+02 2.251676368713378906e+01 9.310817260742187500e+02
1.379908561706542969e+01 9.533161010742187500e+02 2.243141365051269531e+01 9.308847045898437500e+02
1.381949329376220703e+01 9.626271972656250000e+02 2.267545127868652344e+01 9.399516601562500000e+02
1.383990383148193359e+01 9.524226074218750000e+02 2.227876853942871094e+01 9.301438598632812500e+02
1.386031055450439453e+01 9.519359130859375000e+02 2.219415092468261719e+01 9.297417602539062500e+02
1.388071823120117188e+01 9.514265136718750000e+02 2.212703132629394531e+01 9.292994995117187500e+02
1.390112876892089844e+01 9.510429077148437500e+02 2.206010055541992188e+01 9.289828491210937500e+02
1.392153549194335938e+01 9.506025390625000000e+02 2.199337196350097656e+01 9.286091918945312500e+02
1.394194602966308594e+01 9.502251586914062500e+02 2.192683219909667969e+01 9.282982788085937500e+02
1.396235370635986328e+01 9.497844848632812500e+02 2.186049270629882812e+01 9.279240112304687500e+02
1.398276424407958984e+01 9.493076782226562500e+02 2.179434204101562500e+01 9.275133056640625000e+02
1.400317096710205078e+01 9.489126586914062500e+02 2.172838973999023438e+01 9.271842651367187500e+02
1.402358150482177734e+01 9.484370117187500000e+02 2.167969322204589844e+01 9.267573242187500000e+02
1.404398918151855469e+01 9.480170288085937500e+02 2.161410140991210938e+01 9.264028930664062500e+02
1.406439971923828125e+01 9.475987548828125000e+02 2.156571197509765625e+01 9.260330200195312500e+02
1.408480644226074219e+01 9.470996704101562500e+02 2.150047492980957031e+01 9.255991821289062500e+02
1.410521411895751953e+01 9.468330078125000000e+02 2.145239830017089844e+01 9.253805541992187500e+02
1.412562465667724609e+01 9.463759155273437500e+02 2.140445137023925781e+01 9.249714965820312500e+02
1.414603137969970703e+01 9.460297241210937500e+02 2.135664939880371094e+01 9.246730346679687500e+02
1.416644191741943359e+01 9.455925903320312500e+02 2.132588005065917969e+01 9.242666625976562500e+02
1.418684959411621094e+01 9.450555419921875000e+02 2.127833175659179688e+01 9.237772216796875000e+02
1.420725917816162109e+01 9.447006835937500000e+02 2.123091125488281250e+01 9.234697265625000000e+02
1.422766685485839844e+01 9.444061889648437500e+02 2.118363380432128906e+01 9.232225341796875000e+02
1.424807739257812500e+01 9.439783935546875000e+02 2.113648796081542969e+01 9.228419189453125000e+02
1.426848411560058594e+01 9.435177612304687500e+02 2.108947753906250000e+01 9.224282836914062500e+02
1.428889465332031250e+01 9.430937500000000000e+02 2.105935287475585938e+01 9.220343627929687500e+02
1.430930233001708984e+01 9.427570800781250000e+02 2.099585914611816406e+01 9.217612304687500000e+02
1.432970905303955078e+01 9.424185180664062500e+02 2.094925308227539062e+01 9.214692993164062500e+02
1.435011959075927734e+01 9.420089111328125000e+02 2.090277481079101562e+01 9.211061401367187500e+02
1.437052726745605469e+01 9.415855712890625000e+02 2.085643386840820312e+01 9.207291259765625000e+02
1.439093780517578125e+01 9.411845703125000000e+02 2.081021881103515625e+01 9.203743896484375000e+02
1.441134452819824219e+01 9.407489624023437500e+02 2.076413726806640625e+01 9.199848632812500000e+02
1.443175506591796875e+01 9.404447021484375000e+02 2.070159530639648438e+01 9.197431030273437500e+02
1.445216274261474609e+01 9.400628662109375000e+02 2.065579795837402344e+01 9.194070434570312500e+02
1.447257328033447266e+01 9.397011718750000000e+02 2.059358596801757812e+01 9.191075439453125000e+02
1.449298000335693359e+01 9.392135620117187500e+02 2.053155517578125000e+01 9.186820068359375000e+02
1.451339054107666016e+01 9.387783813476562500e+02 2.046969223022460938e+01 9.183086547851562500e+02
1.453379821777343750e+01 9.384639892578125000e+02 2.040800666809082031e+01 9.180559692382812500e+02
1.455420494079589844e+01 9.380817260742187500e+02 2.034649467468261719e+01 9.177352294921875000e+02
1.457461547851562500e+01 9.376438598632812500e+02 2.028515052795410156e+01 9.173587036132812500e+02
1.459502315521240234e+01 9.372204589843750000e+02 2.022398376464843750e+01 9.169965209960937500e+02
1.461543273925781250e+01 9.368128662109375000e+02 2.014660263061523438e+01 9.166662597656250000e+02
1.463584041595458984e+01 9.363945922851562500e+02 2.008579826354980469e+01 9.163088378906250000e+02
1.465625095367431641e+01 9.360304565429687500e+02 2.002515792846679688e+01 9.160053100585937500e+02
1.467665767669677734e+01 9.355665893554687500e+02 1.994838523864746094e+01 9.156182250976562500e+02
1.469706821441650391e+01 9.350496826171875000e+02 1.988810348510742188e+01 9.151616210937500000e+02
1.471747589111328125e+01 9.347105102539062500e+02 1.981172943115234375e+01 9.148987426757812500e+02
1.473788642883300781e+01 9.342066040039062500e+02 1.975180435180664062e+01 9.144547729492187500e+02
1.475829315185546875e+01 9.337830200195312500e+02 1.969204902648925781e+01 9.140909423828125000e+02
1.477870082855224609e+01 9.333347778320312500e+02 1.963246345520019531e+01 9.137023315429687500e+02
1.479911136627197266e+01 9.330383300781250000e+02 1.957303428649902344e+01 9.134653320312500000e+02
1.481951808929443359e+01 9.326268310546875000e+02 1.951377296447753906e+01 9.131130371093750000e+02
1.483992862701416016e+01 9.321255493164062500e+02 1.945467185974121094e+01 9.126708374023437500e+02
1.486033630371093750e+01 9.316649169921875000e+02 1.939573478698730469e+01 9.122691650390625000e+02
1.488074684143066406e+01 9.312051391601562500e+02 1.933695793151855469e+01 9.118682250976562500e+02
1.490115356445312500e+01 9.308863525390625000e+02 1.929440879821777344e+01 9.115919189453125000e+02
1.492156410217285156e+01 9.304776611328125000e+02 1.925197410583496094e+01 9.112257080078125000e+02
1.494197177886962891e+01 9.300446166992187500e+02 1.920966148376464844e+01 9.108350219726562500e+02
1.496238231658935547e+01 9.295552368164062500e+02 1.916745567321777344e+01 9.103877563476562500e+02
1.498278903961181641e+01 9.293676147460937500e+02 1.910939407348632812e+01 9.102582397460937500e+02
1.500319957733154297e+01 9.289099121093750000e+02 1.908339881896972656e+01 9.098265380859375000e+02
1.502360725402832031e+01 9.284766235351562500e+02 1.905747604370117188e+01 9.094191894531250000e+02
1.504401397705078125e+01 9.281643676757812500e+02 1.903162384033203125e+01 9.091327514648437500e+02
1.506442451477050781e+01 9.278253173828125000e+02 1.900583839416503906e+01 9.088194580078125000e+02
1.508483123779296875e+01 9.273311767578125000e+02 1.898012733459472656e+01 9.083510742187500000e+02
1.510524177551269531e+01 9.271159667968750000e+02 1.895448112487792969e+01 9.081614990234375000e+02
1.512564945220947266e+01 9.266889648437500000e+02 1.894473648071289062e+01 9.077442016601562500e+02
1.514605998992919922e+01 9.264202880859375000e+02 1.891920661926269531e+01 9.075010986328125000e+02
1.516646671295166016e+01 9.260752563476562500e+02 1.890953063964843750e+01 9.071657714843750000e+02
1.518687725067138672e+01 9.257296142578125000e+02 1.889988327026367188e+01 9.068297119140625000e+02
1.520728492736816406e+01 9.254291381835937500e+02 1.889026069641113281e+01 9.065388793945312500e+02
1.522769546508789062e+01 9.250664672851562500e+02 1.888066101074218750e+01 9.061858520507812500e+02
1.524810218811035156e+01 9.247341308593750000e+02 1.887109375000000000e+01 9.058630371093750000e+02
1.526850986480712891e+01 9.243765869140625000e+02 1.887722969055175781e+01 9.054993896484375000e+02
1.528892040252685547e+01 9.241322631835937500e+02 1.886768722534179688e+01 9.052645874023437500e+02
1.530932712554931641e+01 9.238520507812500000e+02 1.887380981445312500e+01 9.049782714843750000e+02
1.532973766326904297e+01 9.234201049804687500e+02 1.886429405212402344e+01 9.045557250976562500e+02
1.535014533996582031e+01 9.232456054687500000e+02 1.885481262207031250e+01 9.043908081054687500e+02
1.537055587768554688e+01 9.228670654296875000e+02 1.884535026550292969e+01 9.040217285156250000e+02
1.539096260070800781e+01 9.225670166015625000e+02 1.883591461181640625e+01 9.037310791015625000e+02
1.541137313842773438e+01 9.221806030273437500e+02 1.882650375366210938e+01 9.033540649414062500e+02
1.543178081512451172e+01 9.219885864257812500e+02 1.881712150573730469e+01 9.031714477539062500e+02
1.545219039916992188e+01 9.217195434570312500e+02 1.879226684570312500e+01 9.029273071289062500e+02
1.547259807586669922e+01 9.213231811523437500e+02 1.878295135498046875e+01 9.025403442382812500e+02
1.549300575256347656e+01 9.210263061523437500e+02 1.877366256713867188e+01 9.022526245117187500e+02
1.551341533660888672e+01 9.207886962890625000e+02 1.876439285278320312e+01 9.020242919921875000e+02
1.553382301330566406e+01 9.204623413085937500e+02 1.873974227905273438e+01 9.017226562500000000e+02
1.555423355102539062e+01 9.201162109375000000e+02 1.871515083312988281e+01 9.014010620117187500e+02
1.557464027404785156e+01 9.198347167968750000e+02 1.869062995910644531e+01 9.011440429687500000e+02
1.559505081176757812e+01 9.195228271484375000e+02 1.866616821289062500e+01 9.008566284179687500e+02
1.561545848846435547e+01 9.191154785156250000e+02 1.864177322387695312e+01 9.004737548828125000e+02
1.563586902618408203e+01 9.188883666992187500e+02 1.861743927001953125e+01 9.002709350585937500e+02
1.565627574920654297e+01 9.184890747070312500e+02 1.859317207336425781e+01 8.998959350585937500e+02
1.567668342590332031e+01 9.181555175781250000e+02 1.855369949340820312e+01 8.996018676757812500e+02
1.569709396362304688e+01 9.179225463867187500e+02 1.852957344055175781e+01 8.993929443359375000e+02
1.571750068664550781e+01 9.174940795898437500e+02 1.849028396606445312e+01 8.990037841796875000e+02
1.573791122436523438e+01 9.170966186523437500e+02 1.845109367370605469e+01 8.986455688476562500e+02
1.575831890106201172e+01 9.168658447265625000e+02 1.842720031738281250e+01 8.984387207031250000e+02
1.577872943878173828e+01 9.164573364257812500e+02 1.838819122314453125e+01 8.980691528320312500e+02
1.579913616180419922e+01 9.160223388671875000e+02 1.834928512573242188e+01 8.976730346679687500e+02
1.581954383850097656e+01 9.156665039062500000e+02 1.832561492919921875e+01 8.973409423828125000e+02
1.583995437622070312e+01 9.153549194335937500e+02 1.827177619934082031e+01 8.970831298828125000e+02
1.586036109924316406e+01 9.149729003906250000e+02 1.824826812744140625e+01 8.967247314453125000e+02
1.588077163696289062e+01 9.145687866210937500e+02 1.820973968505859375e+01 8.963590698242187500e+02
1.590117931365966797e+01 9.142966918945312500e+02 1.817131423950195312e+01 8.961253662109375000e+02
1.592158889770507812e+01 9.138718872070312500e+02 1.813298416137695312e+01 8.957388916015625000e+02
1.594199657440185547e+01 9.134845581054687500e+02 1.809475708007812500e+01 8.953898315429687500e+02
1.596240711212158203e+01 9.131882934570312500e+02 1.807161903381347656e+01 8.951166381835937500e+02
1.598281383514404297e+01 9.127116088867187500e+02 1.803356742858886719e+01 8.946780395507812500e+02
1.600322532653808594e+01 9.123676757812500000e+02 1.801056671142578125e+01 8.943571166992187500e+02
1.602363204956054688e+01 9.120805664062500000e+02 1.797268867492675781e+01 8.941079101562500000e+02
1.604404258728027344e+01 9.117689208984375000e+02 1.794982528686523438e+01 8.938190917968750000e+02
1.606444931030273438e+01 9.113083496093750000e+02 1.792702293395996094e+01 8.933812866210937500e+02
1.608485603332519531e+01 9.110504150390625000e+02 1.790427780151367188e+01 8.931461181640625000e+02
1.610526657104492188e+01 9.106757202148437500e+02 1.788158798217773438e+01 8.927941284179687500e+02
1.612567520141601562e+01 9.101888427734375000e+02 1.785895919799804688e+01 8.923298950195312500e+02
1.614608573913574219e+01 9.099526977539062500e+02 1.783638191223144531e+01 8.921163940429687500e+02
1.616649246215820312e+01 9.095690307617187500e+02 1.781386756896972656e+01 8.917551269531250000e+02
1.618690299987792969e+01 9.092604980468750000e+02 1.780619621276855469e+01 8.914542846679687500e+02
1.620730972290039062e+01 9.089862670898437500e+02 1.778377532958984375e+01 8.912025146484375000e+02
1.622772026062011719e+01 9.086274414062500000e+02 1.777616119384765625e+01 8.908513183593750000e+02
1.624812698364257812e+01 9.083343505859375000e+02 1.776856613159179688e+01 8.905657958984375000e+02
1.626853752136230469e+01 9.079432373046875000e+02 1.774627304077148438e+01 8.901968994140625000e+02
1.628894615173339844e+01 9.076370239257812500e+02 1.775343322753906250e+01 8.898836059570312500e+02
1.630935287475585938e+01 9.073273315429687500e+02 1.773122024536132812e+01 8.895961303710937500e+02
1.632976341247558594e+01 9.071202392578125000e+02 1.773837852478027344e+01 8.893818359375000000e+02
1.635017013549804688e+01 9.067839965820312500e+02 1.773087882995605469e+01 8.890531616210937500e+02
1.637058067321777344e+01 9.065030517578125000e+02 1.772339630126953125e+01 8.887796020507812500e+02
1.639098739624023438e+01 9.062362060546875000e+02 1.771593475341796875e+01 8.885203247070312500e+02
1.641139793395996094e+01 9.059440917968750000e+02 1.770848655700683594e+01 8.882355957031250000e+02
1.643180465698242188e+01 9.057506713867187500e+02 1.771563339233398438e+01 8.880350341796875000e+02
1.645221519470214844e+01 9.054240722656250000e+02 1.770820617675781250e+01 8.877158813476562500e+02
1.647262382507324219e+01 9.050939941406250000e+02 1.770080184936523438e+01 8.873931884765625000e+02
1.649303436279296875e+01 9.048082275390625000e+02 1.769341087341308594e+01 8.871148071289062500e+02
1.651344108581542969e+01 9.045145263671875000e+02 1.768604278564453125e+01 8.868284912109375000e+02
1.653384780883789062e+01 9.041979370117187500e+02 1.767868995666503906e+01 8.865193481445312500e+02
1.655425834655761719e+01 9.039953613281250000e+02 1.767135429382324219e+01 8.863239746093750000e+02
1.657466506958007812e+01 9.036841430664062500e+02 1.766404342651367188e+01 8.860201416015625000e+02
1.659507560729980469e+01 9.034214477539062500e+02 1.765674209594726562e+01 8.857647094726562500e+02
1.661548423767089844e+01 9.031327514648437500e+02 1.764946365356445312e+01 8.854833374023437500e+02
1.663589477539062500e+01 9.028071899414062500e+02 1.762780952453613281e+01 8.851793823242187500e+02
1.665630149841308594e+01 9.026333007812500000e+02 1.762058258056640625e+01 8.850126953125000000e+02
1.667671203613281250e+01 9.022727050781250000e+02 1.759901809692382812e+01 8.846737060546875000e+02
1.669711875915527344e+01 9.019432373046875000e+02 1.757750701904296875e+01 8.843657226562500000e+02
1.671752929687500000e+01 9.017323608398437500e+02 1.757036781311035156e+01 8.841620483398437500e+02
1.673793601989746094e+01 9.014171752929687500e+02 1.754894638061523438e+01 8.838682250976562500e+02
1.675834465026855469e+01 9.011814575195312500e+02 1.752757835388183594e+01 8.836538696289062500e+02
1.677875518798828125e+01 9.008338012695312500e+02 1.750625610351562500e+01 8.833275756835937500e+02
1.679916191101074219e+01 9.004648437500000000e+02 1.747073745727539062e+01 8.829940795898437500e+02
1.681957244873046875e+01 9.002655639648437500e+02 1.744953727722167969e+01 8.828160400390625000e+02
1.683997917175292969e+01 8.997954101562500000e+02 1.742839050292968750e+01 8.823670654296875000e+02
1.686038970947265625e+01 8.994826049804687500e+02 1.740729331970214844e+01 8.820752563476562500e+02
1.688079643249511719e+01 8.992019653320312500e+02 1.737206840515136719e+01 8.818298950195312500e+02
1.690120697021484375e+01 8.988773193359375000e+02 1.735108947753906250e+01 8.815262451171875000e+02
1.692161369323730469e+01 8.986241455078125000e+02 1.731601905822753906e+01 8.813081054687500000e+02
1.694202423095703125e+01 8.982794189453125000e+02 1.729515838623046875e+01 8.809842529296875000e+02
1.696243286132812500e+01 8.979614257812500000e+02 1.727434921264648438e+01 8.806870727539062500e+02
1.698283958435058594e+01 8.975734863281250000e+02 1.725359153747558594e+01 8.803198852539062500e+02
1.700325012207031250e+01 8.972431640625000000e+02 1.721880149841308594e+01 8.800244140625000000e+02
1.702365684509277344e+01 8.969202880859375000e+02 1.719816207885742188e+01 8.797221679687500000e+02
1.704406738281250000e+01 8.966724853515625000e+02 1.716352081298828125e+01 8.795090332031250000e+02
1.706447410583496094e+01 8.962481689453125000e+02 1.715702438354492188e+01 8.790911254882812500e+02
1.708488464355468750e+01 8.959736328125000000e+02 1.713652801513671875e+01 8.788370971679687500e+02
1.710529327392578125e+01 8.956485595703125000e+02 1.711608314514160156e+01 8.785324707031250000e+02
1.712570381164550781e+01 8.953206176757812500e+02 1.709568405151367188e+01 8.782249145507812500e+02
1.714611053466796875e+01 8.950106811523437500e+02 1.708929634094238281e+01 8.779213867187500000e+02
1.716652107238769531e+01 8.946757812500000000e+02 1.706897926330566406e+01 8.776068115234375000e+02
1.718692779541015625e+01 8.944235229492187500e+02 1.706264114379882812e+01 8.773609008789062500e+02
1.720733833312988281e+01 8.941082153320312500e+02 1.705631256103515625e+01 8.770519409179687500e+02
1.722774505615234375e+01 8.936981811523437500e+02 1.703610992431640625e+01 8.766621093750000000e+02
1.724815368652343750e+01 8.934836425781250000e+02 1.702983283996582031e+01 8.764537963867187500e+02
1.726856231689453125e+01 8.931749877929687500e+02 1.703742980957031250e+01 8.761375732421875000e+02
1.728897094726562500e+01 8.927286987304687500e+02 1.703116607666015625e+01 8.756975097656250000e+02
1.730938148498535156e+01 8.925918579101562500e+02 1.702491188049316406e+01 8.755669555664062500e+02
1.732978820800781250e+01 8.922993774414062500e+02 1.703249359130859375e+01 8.752669067382812500e+02
1.735019874572753906e+01 8.921260986328125000e+02 1.704005241394042969e+01 8.750860595703125000e+02
1.737060546875000000e+01 8.917717285156250000e+02 1.704759597778320312e+01 8.747241821289062500e+02
1.739101600646972656e+01 8.915189819335937500e+02 1.704135513305664062e+01 8.744776000976562500e+02
1.741142272949218750e+01 8.912545166015625000e+02 1.704887771606445312e+01 8.742056884765625000e+02
1.743183326721191406e+01 8.909291992187500000e+02 1.707011604309082031e+01 8.738591308593750000e+02
1.745224189758300781e+01 8.907542724609375000e+02 1.707758712768554688e+01 8.736766967773437500e+02
1.747264862060546875e+01 8.905056152343750000e+02 1.708504486083984375e+01 8.734206542968750000e+02
1.749305915832519531e+01 8.902235107421875000e+02 1.709247970581054688e+01 8.731310424804687500e+02
1.751346588134765625e+01 8.899755249023437500e+02 1.709990119934082031e+01 8.728756103515625000e+02
1.753387641906738281e+01 8.897319946289062500e+02 1.712095451354980469e+01 8.726110839843750000e+02
1.755428314208984375e+01 8.895565185546875000e+02 1.712832641601562500e+01 8.724282226562500000e+02
1.757469367980957031e+01 8.893179931640625000e+02 1.714929771423339844e+01 8.721687011718750000e+02
1.759510231018066406e+01 8.890946044921875000e+02 1.715662002563476562e+01 8.719379272460937500e+02
1.761551284790039062e+01 8.887672119140625000e+02 1.716391944885253906e+01 8.716033325195312500e+02
1.763591957092285156e+01 8.885473632812500000e+02 1.717120742797851562e+01 8.713760986328125000e+02
1.765633010864257812e+01 8.883952636718750000e+02 1.717847251892089844e+01 8.712167968750000000e+02
1.767673683166503906e+01 8.881390380859375000e+02 1.718572807312011719e+01 8.709533081054687500e+02
1.769714355468750000e+01 8.879357299804687500e+02 1.719296455383300781e+01 8.707427978515625000e+02
1.771755409240722656e+01 8.876487426757812500e+02 1.720018196105957031e+01 8.704485473632812500e+02
1.773796081542968750e+01 8.873210449218750000e+02 1.720738410949707031e+01 8.701136474609375000e+02
1.775837135314941406e+01 8.871525268554687500e+02 1.721456718444824219e+01 8.699379272460937500e+02
1.777877998352050781e+01 8.869075927734375000e+02 1.720827484130859375e+01 8.696993408203125000e+02
1.779919052124023438e+01 8.866820068359375000e+02 1.721544075012207031e+01 8.694665527343750000e+02
1.781959724426269531e+01 8.864278564453125000e+02 1.720915985107421875e+01 8.692187500000000000e+02
1.784000778198242188e+01 8.861750488281250000e+02 1.721630859375000000e+01 8.689587402343750000e+02
1.786041450500488281e+01 8.859155273437500000e+02 1.721004104614257812e+01 8.687055053710937500e+02
1.788082504272460938e+01 8.856362304687500000e+02 1.720378303527832031e+01 8.684324340820312500e+02
1.790123176574707031e+01 8.853580322265625000e+02 1.719754409790039062e+01 8.681605224609375000e+02
1.792164039611816406e+01 8.850333251953125000e+02 1.719131851196289062e+01 8.678419189453125000e+02
1.794205093383789062e+01 8.848483886718750000e+02 1.718510437011718750e+01 8.676633300781250000e+02
1.796245765686035156e+01 8.845596313476562500e+02 1.717890930175781250e+01 8.673807373046875000e+02
1.798286819458007812e+01 8.842664184570312500e+02 1.717272377014160156e+01 8.670936889648437500e+02
1.800327491760253906e+01 8.839410400390625000e+02 1.716655349731445312e+01 8.667744750976562500e+02
1.802368545532226562e+01 8.836656494140625000e+02 1.716039848327636719e+01 8.665052490234375000e+02
1.804409217834472656e+01 8.834132690429687500e+02 1.714098930358886719e+01 8.662723388671875000e+02
1.806450271606445312e+01 8.830538330078125000e+02 1.713487243652343750e+01 8.659189453125000000e+02
1.808491134643554688e+01 8.828227539062500000e+02 1.712877655029296875e+01 8.656939697265625000e+02
1.810531997680664062e+01 8.824081420898437500e+02 1.712268638610839844e+01 8.652854614257812500e+02
1.812572860717773438e+01 8.822378540039062500e+02 1.711661911010742188e+01 8.651212158203125000e+02
1.814613533020019531e+01 8.819033813476562500e+02 1.709736824035644531e+01 8.648060302734375000e+02
1.816654586791992188e+01 8.815271606445312500e+02 1.709133720397949219e+01 8.644358520507812500e+02
1.818695259094238281e+01 8.813277587890625000e+02 1.708531951904296875e+01 8.642424316406250000e+02
1.820736312866210938e+01 8.809156494140625000e+02 1.709246444702148438e+01 8.638231201171875000e+02
1.822776985168457031e+01 8.806918945312500000e+02 1.707332801818847656e+01 8.636185302734375000e+02
1.824818038940429688e+01 8.803381958007812500e+02 1.708047103881835938e+01 8.632576904296875000e+02
1.826858901977539062e+01 8.800712890625000000e+02 1.707449340820312500e+01 8.629967651367187500e+02
1.828899955749511719e+01 8.797584838867187500e+02 1.708161735534667969e+01 8.626768188476562500e+02
1.830940628051757812e+01 8.794752807617187500e+02 1.707565307617187500e+01 8.623995971679687500e+02
1.832981681823730469e+01 8.791968383789062500e+02 1.708275794982910156e+01 8.621140747070312500e+02
1.835022354125976562e+01 8.788851928710937500e+02 1.708985137939453125e+01 8.617953491210937500e+02
1.837063026428222656e+01 8.785281982421875000e+02 1.709693145751953125e+01 8.614312744140625000e+02
1.839104080200195312e+01 8.783781738281250000e+02 1.710399055480957031e+01 8.612741699218750000e+02
1.841144943237304688e+01 8.779687500000000000e+02 1.712404060363769531e+01 8.608447265625000000e+02
1.843185997009277344e+01 8.777979125976562500e+02 1.713105392456054688e+01 8.606669311523437500e+02
1.845226669311523438e+01 8.775571899414062500e+02 1.715102767944335938e+01 8.604061889648437500e+02
1.847267723083496094e+01 8.772385253906250000e+02 1.717095565795898438e+01 8.600676269531250000e+02
1.849308395385742188e+01 8.770623168945312500e+02 1.719083976745605469e+01 8.598713989257812500e+02
1.851349449157714844e+01 8.767274780273437500e+02 1.721068000793457031e+01 8.595168457031250000e+02
1.853390121459960938e+01 8.765938720703125000e+02 1.723048019409179688e+01 8.593634033203125000e+02
1.855431175231933594e+01 8.762863769531250000e+02 1.726313591003417969e+01 8.590233154296875000e+02
1.857471847534179688e+01 8.761520996093750000e+02 1.729572105407714844e+01 8.588564453125000000e+02
1.859512901306152344e+01 8.759432373046875000e+02 1.732823181152343750e+01 8.586149902343750000e+02
1.861553764343261719e+01 8.756972656250000000e+02 1.736067581176757812e+01 8.583366088867187500e+02
1.863594436645507812e+01 8.755799560546875000e+02 1.740589332580566406e+01 8.581740722656250000e+02
1.865635490417480469e+01 8.753031005859375000e+02 1.745100784301757812e+01 8.578520507812500000e+02
1.867676162719726562e+01 8.751038818359375000e+02 1.749602890014648438e+01 8.576078491210937500e+02
1.869717216491699219e+01 8.749963378906250000e+02 1.754094696044921875e+01 8.574553222656250000e+02
1.871757888793945312e+01 8.747424926757812500e+02 1.759856033325195312e+01 8.571439819335937500e+02
1.873798942565917969e+01 8.746612548828125000e+02 1.764327049255371094e+01 8.570180053710937500e+02
1.875839805603027344e+01 8.744823608398437500e+02 1.766236114501953125e+01 8.568200073242187500e+02
1.877880859375000000e+01 8.743156738281250000e+02 1.766866111755371094e+01 8.566470336914062500e+02
1.879921531677246094e+01 8.740563354492187500e+02 1.762401008605957031e+01 8.564323730468750000e+02
1.881962585449218750e+01 8.736994628906250000e+02 1.756673622131347656e+01 8.561327514648437500e+02
1.884003257751464844e+01 8.734807128906250000e+02 1.748417663574218750e+01 8.559964599609375000e+02
1.886043930053710938e+01 8.732129516601562500e+02 1.742718124389648438e+01 8.557857055664062500e+02
1.888084983825683594e+01 8.729476928710937500e+02 1.738298416137695312e+01 8.555646362304687500e+02
1.890125846862792969e+01 8.728206787109375000e+02 1.736421585083007812e+01 8.554564819335937500e+02
1.892166900634765625e+01 8.725444335937500000e+02 1.734548568725585938e+01 8.551989135742187500e+02
1.894207572937011719e+01 8.724535522460937500e+02 1.735207366943359375e+01 8.551015014648437500e+02
1.896248626708984375e+01 8.722903442382812500e+02 1.735864448547363281e+01 8.549317016601562500e+02
1.898289299011230469e+01 8.721642456054687500e+02 1.737781715393066406e+01 8.547863769531250000e+02
1.900330352783203125e+01 8.720743408203125000e+02 1.739694404602050781e+01 8.546773681640625000e+02
1.902371025085449219e+01 8.719987182617187500e+02 1.740345191955566406e+01 8.545952758789062500e+02
1.904412078857421875e+01 8.719439086914062500e+02 1.740993881225585938e+01 8.545339355468750000e+02
1.906452751159667969e+01 8.720642089843750000e+02 1.740386009216308594e+01 8.546603393554687500e+02
1.908493614196777344e+01 8.719154663085937500e+02 1.737270545959472656e+01 8.545427856445312500e+02
1.910534667968750000e+01 8.718921508789062500e+02 1.731655502319335938e+01 8.545756225585937500e+02
1.912575340270996094e+01 8.716149291992187500e+02 1.722298049926757812e+01 8.543919067382812500e+02
1.914616394042968750e+01 8.713977661132812500e+02 1.706708335876464844e+01 8.543306884765625000e+02
1.916657066345214844e+01 8.707808227539062500e+02 1.684907150268554688e+01 8.539317626953125000e+02
1.918698120117187500e+01 8.698690795898437500e+02 1.660656547546386719e+01 8.532625122070312500e+02
1.920738792419433594e+01 8.689519042968750000e+02 1.637704277038574219e+01 8.525749511718750000e+02
1.922779846191406250e+01 8.679479980468750000e+02 1.619780349731445312e+01 8.517501831054687500e+02
1.924820709228515625e+01 8.671109008789062500e+02 1.604382133483886719e+01 8.510670776367187500e+02
1.926861763000488281e+01 8.663703002929687500e+02 1.591501235961914062e+01 8.504552612304687500e+02
1.928902435302734375e+01 8.656356201171875000e+02 1.579888916015625000e+01 8.498367309570312500e+02
1.930943107604980469e+01 8.650881347656250000e+02 1.570780563354492188e+01 8.493802490234375000e+02
1.932984161376953125e+01 8.645111083984375000e+02 1.566645145416259766e+01 8.488446655273437500e+02
1.935024833679199219e+01 8.642034912109375000e+02 1.569941520690917969e+01 8.485040893554687500e+02
1.937065887451171875e+01 8.639992675781250000e+02 1.579409885406494141e+01 8.482051391601562500e+02
1.939106750488281250e+01 8.639049682617187500e+02 1.593796730041503906e+01 8.479669799804687500e+02
1.941147613525390625e+01 8.639144897460937500e+02 1.613085937500000000e+01 8.477836303710937500e+02
1.943188476562500000e+01 8.637099609375000000e+02 1.633567237854003906e+01 8.473743286132812500e+02
1.945229530334472656e+01 8.632444458007812500e+02 1.629391860961914062e+01 8.469505004882812500e+02
1.947270202636718750e+01 8.622470092773437500e+02 1.596950149536132812e+01 8.462774658203125000e+02
1.949311256408691406e+01 8.614772338867187500e+02 1.564576053619384766e+01 8.458314819335937500e+02
1.951351928710937500e+01 8.616622924804687500e+02 1.598516750335693359e+01 8.456771240234375000e+02
1.953392601013183594e+01 8.616218872070312500e+02 1.633612060546875000e+01 8.452857666015625000e+02
1.955433654785156250e+01 8.610147094726562500e+02 1.625785827636718750e+01 8.447568359375000000e+02
1.957474517822265625e+01 8.604373168945312500e+02 1.608192634582519531e+01 8.443554077148437500e+02
1.959515571594238281e+01 8.597584838867187500e+02 1.590635585784912109e+01 8.438521118164062500e+02
1.961556243896484375e+01 8.593668823242187500e+02 1.573115444183349609e+01 8.436356811523437500e+02
1.963597297668457031e+01 8.587926025390625000e+02 1.562946128845214844e+01 8.431631469726562500e+02
1.965637969970703125e+01 8.585839233398437500e+02 1.557669830322265625e+01 8.430072021484375000e+02
1.967679023742675781e+01 8.581875000000000000e+02 1.554837512969970703e+01 8.426390991210937500e+02
1.969719696044921875e+01 8.582921142578125000e+02 1.573887538909912109e+01 8.425532226562500000e+02
1.971760749816894531e+01 8.587228393554687500e+02 1.617180061340332031e+01 8.425510253906250000e+02
1.973801612854003906e+01 8.595198364257812500e+02 1.685853004455566406e+01 8.426613159179687500e+02
1.975842666625976562e+01 8.597557373046875000e+02 1.722882461547851562e+01 8.425269775390625000e+02
1.977883338928222656e+01 8.591260986328125000e+02 1.702949714660644531e+01 8.420966796875000000e+02
1.979924011230468750e+01 8.583067016601562500e+02 1.670967102050781250e+01 8.415969848632812500e+02
1.981965065002441406e+01 8.577126464843750000e+02 1.647504997253417969e+01 8.412375488281250000e+02
1.984005737304687500e+01 8.571875610351562500e+02 1.634951019287109375e+01 8.408380737304687500e+02
1.986046791076660156e+01 8.567738037109375000e+02 1.627243995666503906e+01 8.405013427734375000e+02
1.988087463378906250e+01 8.564016723632812500e+02 1.621961402893066406e+01 8.401820678710937500e+02
1.990128517150878906e+01 8.559030761718750000e+02 1.616689109802246094e+01 8.397361450195312500e+02
1.992169380187988281e+01 8.556189575195312500e+02 1.607823181152343750e+01 8.395407104492187500e+02
1.994210433959960938e+01 8.551345214843750000e+02 1.592972850799560547e+01 8.392048339843750000e+02
1.996251106262207031e+01 8.546475219726562500e+02 1.570957756042480469e+01 8.389379272460937500e+02
1.998292160034179688e+01 8.541661987304687500e+02 1.550185585021972656e+01 8.386643676757812500e+02
2.000332832336425781e+01 8.541977539062500000e+02 1.564161968231201172e+01 8.385560913085937500e+02
2.002373504638671875e+01 8.549713134765625000e+02 1.627126693725585938e+01 8.387000732421875000e+02
2.004414558410644531e+01 8.556165161132812500e+02 1.693546295166015625e+01 8.386810302734375000e+02
2.006455421447753906e+01 8.563001098632812500e+02 1.752672386169433594e+01 8.387733764648437500e+02
2.008496475219726562e+01 8.565397949218750000e+02 1.792607498168945312e+01 8.386137695312500000e+02
2.010537147521972656e+01 8.562752685546875000e+02 1.800313186645507812e+01 8.382720947265625000e+02
2.012578201293945312e+01 8.554602661132812500e+02 1.765182113647460938e+01 8.378084106445312500e+02
2.014618873596191406e+01 8.543070068359375000e+02 1.711110305786132812e+01 8.371958618164062500e+02
2.016659927368164062e+01 8.532704467773437500e+02 1.661895561218261719e+01 8.366514892578125000e+02
2.018700599670410156e+01 8.523377685546875000e+02 1.627011299133300781e+01 8.360676269531250000e+02
2.020741653442382812e+01 8.515804443359375000e+02 1.601674652099609375e+01 8.355635986328125000e+02
2.022782516479492188e+01 8.510838623046875000e+02 1.584673500061035156e+01 8.352371215820312500e+02
2.024823188781738281e+01 8.504628295898437500e+02 1.574800395965576172e+01 8.347148437500000000e+02
2.026864242553710938e+01 8.501146240234375000e+02 1.569671344757080078e+01 8.344179077148437500e+02
2.028904914855957031e+01 8.499462890625000000e+02 1.568092441558837891e+01 8.342653198242187500e+02
2.030945968627929688e+01 8.497230224609375000e+02 1.575946331024169922e+01 8.339635620117187500e+02
2.032986640930175781e+01 8.497006225585937500e+02 1.590849876403808594e+01 8.337921752929687500e+02
2.035027694702148438e+01 8.493233032226562500e+02 1.588078022003173828e+01 8.334425659179687500e+02
2.037068367004394531e+01 8.487946166992187500e+02 1.564158821105957031e+01 8.331530761718750000e+02
2.039109420776367188e+01 8.482226562500000000e+02 1.540287208557128906e+01 8.328198242187500000e+02
2.041150283813476562e+01 8.477806396484375000e+02 1.521154785156250000e+01 8.325690917968750000e+02
2.043191337585449219e+01 8.473883666992187500e+02 1.502060317993164062e+01 8.323677978515625000e+02
2.045232009887695312e+01 8.470597534179687500e+02 1.490027236938476562e+01 8.321594848632812500e+02
2.047272682189941406e+01 8.468887939453125000e+02 1.492049980163574219e+01 8.319683227539062500e+02
2.049313735961914062e+01 8.468432617187500000e+02 1.509254550933837891e+01 8.317506713867187500e+02
2.051354408264160156e+01 8.470048217773437500e+02 1.539261817932128906e+01 8.316121826171875000e+02
2.053395462036132812e+01 8.473834228515625000e+02 1.585530853271484375e+01 8.315281372070312500e+02
2.055436325073242188e+01 8.479583740234375000e+02 1.649178504943847656e+01 8.314666137695312500e+02
2.057477378845214844e+01 8.473059692382812500e+02 1.635907173156738281e+01 8.309468994140625000e+02
2.059518051147460938e+01 8.464653930664062500e+02 1.604064750671386719e+01 8.304247436523437500e+02
2.061559104919433594e+01 8.460426025390625000e+02 1.595509243011474609e+01 8.300875244140625000e+02
2.063599777221679688e+01 8.458602905273437500e+02 1.596251678466796875e+01 8.298977661132812500e+02
2.065640830993652344e+01 8.455757446289062500e+02 1.599310111999511719e+01 8.295825805664062500e+02
2.067681503295898438e+01 8.453165283203125000e+02 1.597731685638427734e+01 8.293392333984375000e+02
2.069722366333007812e+01 8.448251953125000000e+02 1.589216518402099609e+01 8.289329833984375000e+02
2.071763229370117188e+01 8.441402587890625000e+02 1.576095771789550781e+01 8.283793334960937500e+02
2.073804092407226562e+01 8.434624633789062500e+02 1.559538173675537109e+01 8.278670654296875000e+02
2.075845146179199219e+01 8.427639770507812500e+02 1.540706348419189453e+01 8.273569335937500000e+02
2.077885818481445312e+01 8.419063720703125000e+02 1.513847446441650391e+01 8.267678833007812500e+02
2.079926872253417969e+01 8.412669677734375000e+02 1.495097446441650391e+01 8.263159790039062500e+02
2.081967544555664062e+01 8.409142456054687500e+02 1.502830600738525391e+01 8.258859252929687500e+02
2.084008598327636719e+01 8.408027954101562500e+02 1.519738006591796875e+01 8.256054077148437500e+02
2.086049270629882812e+01 8.406712036132812500e+02 1.538907718658447266e+01 8.252821044921875000e+02
2.088090324401855469e+01 8.406056518554687500e+02 1.554600429534912109e+01 8.250596313476562500e+02
2.090131187438964844e+01 8.403995971679687500e+02 1.556518554687500000e+01 8.248344116210937500e+02
2.092171859741210938e+01 8.399722900390625000e+02 1.545846557617187500e+01 8.245137939453125000e+02
2.094212913513183594e+01 8.397111206054687500e+02 1.539767551422119141e+01 8.243134765625000000e+02
2.096253585815429688e+01 8.394420166015625000e+02 1.545120620727539062e+01 8.239907836914062500e+02
2.098294639587402344e+01 8.395593261718750000e+02 1.558449172973632812e+01 8.239747924804687500e+02
2.100335311889648438e+01 8.394351196289062500e+02 1.572891807556152344e+01 8.237061767578125000e+02
2.102376365661621094e+01 8.394131469726562500e+02 1.588444805145263672e+01 8.235287475585937500e+02
2.104417228698730469e+01 8.394699707031250000e+02 1.599417686462402344e+01 8.234757690429687500e+02
2.106458282470703125e+01 8.393800048828125000e+02 1.613778305053710938e+01 8.232423095703125000e+02
2.108498954772949219e+01 8.393218994140625000e+02 1.623570060729980469e+01 8.230861816406250000e+02
2.110540008544921875e+01 8.390917358398437500e+02 1.627671241760253906e+01 8.228150024414062500e+02
2.112580680847167969e+01 8.387126464843750000e+02 1.622699546813964844e+01 8.224856567382812500e+02
2.114621734619140625e+01 8.382160034179687500e+02 1.610944557189941406e+01 8.221065673828125000e+02
2.116662406921386719e+01 8.377605590820312500e+02 1.605998420715332031e+01 8.217005615234375000e+02
2.118703079223632812e+01 8.375967407226562500e+02 1.614620590209960938e+01 8.214506225585937500e+02
2.120744132995605469e+01 8.375710449218750000e+02 1.633385276794433594e+01 8.212371826171875000e+02
2.122784996032714844e+01 8.377504272460937500e+02 1.652114105224609375e+01 8.212293090820312500e+02
2.124826049804687500e+01 8.378542480468750000e+02 1.675313186645507812e+01 8.211011352539062500e+02
2.126866722106933594e+01 8.381054687500000000e+02 1.700719070434570312e+01 8.210982666015625000e+02
2.128907775878906250e+01 8.382089843750000000e+02 1.712582397460937500e+01 8.210831298828125000e+02
2.130948448181152344e+01 8.378779907226562500e+02 1.708695602416992188e+01 8.207910766601562500e+02
2.132989501953125000e+01 8.375279541015625000e+02 1.704815864562988281e+01 8.204797363281250000e+02
2.135030174255371094e+01 8.372889404296875000e+02 1.700943756103515625e+01 8.202794799804687500e+02
2.137071228027343750e+01 8.370263671875000000e+02 1.690357589721679688e+01 8.201228027343750000e+02
2.139112091064453125e+01 8.366080322265625000e+02 1.669720077514648438e+01 8.199108276367187500e+02
2.141152763366699219e+01 8.358977050781250000e+02 1.640177726745605469e+01 8.194959716796875000e+02
2.143193817138671875e+01 8.347389526367187500e+02 1.586117267608642578e+01 8.188777465820312500e+02
2.145234489440917969e+01 8.333978881835937500e+02 1.514305400848388672e+01 8.182548217773437500e+02
2.147275543212890625e+01 8.320416259765625000e+02 1.452663516998291016e+01 8.175150146484375000e+02
2.149316215515136719e+01 8.313373413085937500e+02 1.416756343841552734e+01 8.171697387695312500e+02
2.151357269287109375e+01 8.308682250976562500e+02 1.405397510528564453e+01 8.168142089843750000e+02
2.153398132324218750e+01 8.306013183593750000e+02 1.399618911743164062e+01 8.166051635742187500e+02
2.155438995361328125e+01 8.304833984375000000e+02 1.402736186981201172e+01 8.164559936523437500e+02
2.157479858398437500e+01 8.305156250000000000e+02 1.424710750579833984e+01 8.162685546875000000e+02
2.159520912170410156e+01 8.304836425781250000e+02 1.433341026306152344e+01 8.161502075195312500e+02
2.161561584472656250e+01 8.298615722656250000e+02 1.422020435333251953e+01 8.156413574218750000e+02
2.163602256774902344e+01 8.283541259765625000e+02 1.381953334808349609e+01 8.145346679687500000e+02
2.165643310546875000e+01 8.279036865234375000e+02 1.378440093994140625e+01 8.141193237304687500e+02
2.167683982849121094e+01 8.285172119140625000e+02 1.421317005157470703e+01 8.143040771484375000e+02
2.169725036621093750e+01 8.288526000976562500e+02 1.424393272399902344e+01 8.146087036132812500e+02
2.171765899658203125e+01 8.278773193359375000e+02 1.385577011108398438e+01 8.140215454101562500e+02
2.173806953430175781e+01 8.269209594726562500e+02 1.350137233734130859e+01 8.134195556640625000e+02
2.175847625732421875e+01 8.264736938476562500e+02 1.334568119049072266e+01 8.131279907226562500e+02
2.177888679504394531e+01 8.258971557617187500e+02 1.328920555114746094e+01 8.126079711914062500e+02
2.179929351806640625e+01 8.255793457031250000e+02 1.333167266845703125e+01 8.122476806640625000e+02
2.181970405578613281e+01 8.253905639648437500e+02 1.342891597747802734e+01 8.119616699218750000e+02
2.184011077880859375e+01 8.252221679687500000e+02 1.354790115356445312e+01 8.116743164062500000e+02
2.186051940917968750e+01 8.250815429687500000e+02 1.367761516571044922e+01 8.114039306640625000e+02
2.188092994689941406e+01 8.249443969726562500e+02 1.382896804809570312e+01 8.111154174804687500e+02
2.190133666992187500e+01 8.249940185546875000e+02 1.396910667419433594e+01 8.110249023437500000e+02
2.192174720764160156e+01 8.247203979492187500e+02 1.403254222869873047e+01 8.106878662109375000e+02
2.194215393066406250e+01 8.244348754882812500e+02 1.409586334228515625e+01 8.103390502929687500e+02
2.196256446838378906e+01 8.244745483398437500e+02 1.422446060180664062e+01 8.102500610351562500e+02
2.198297119140625000e+01 8.243560180664062500e+02 1.426570701599121094e+01 8.100903320312500000e+02
2.200338172912597656e+01 8.242068481445312500e+02 1.431775093078613281e+01 8.098890380859375000e+02
2.202378845214843750e+01 8.241772460937500000e+02 1.448926925659179688e+01 8.096879272460937500e+02
2.204419898986816406e+01 8.240337524414062500e+02 1.463875007629394531e+01 8.093949584960937500e+02
2.206460762023925781e+01 8.240076904296875000e+02 1.473370552062988281e+01 8.092740478515625000e+02
2.208501434326171875e+01 8.236306152343750000e+02 1.469841098785400391e+01 8.089322509765625000e+02
2.210542488098144531e+01 8.233850097656250000e+02 1.469566917419433594e+01 8.086893310546875000e+02
2.212583160400390625e+01 8.229916381835937500e+02 1.475785255432128906e+01 8.082337646484375000e+02
2.214624214172363281e+01 8.227844848632812500e+02 1.486315536499023438e+01 8.079213256835937500e+02
2.216664886474609375e+01 8.226316528320312500e+02 1.498986816406250000e+01 8.076417846679687500e+02
2.218705940246582031e+01 8.225066528320312500e+02 1.514871406555175781e+01 8.073579101562500000e+02
2.220746803283691406e+01 8.225191040039062500e+02 1.533960819244384766e+01 8.071795043945312500e+02
2.222787857055664062e+01 8.224792480468750000e+02 1.543322086334228516e+01 8.070460205078125000e+02
2.224828529357910156e+01 8.224006958007812500e+02 1.552666473388671875e+01 8.068740234375000000e+02
2.226869583129882812e+01 8.222938232421875000e+02 1.568443584442138672e+01 8.066094970703125000e+02
2.228910255432128906e+01 8.224251708984375000e+02 1.591710281372070312e+01 8.065080566406250000e+02
2.230951309204101562e+01 8.225518798828125000e+02 1.611715126037597656e+01 8.064346923828125000e+02
2.232991981506347656e+01 8.223765258789062500e+02 1.619890594482421875e+01 8.061776123046875000e+02
2.235032844543457031e+01 8.221959228515625000e+02 1.625909042358398438e+01 8.059368286132812500e+02
2.237073898315429688e+01 8.223819580078125000e+02 1.647968101501464844e+01 8.059022827148437500e+02
2.239114570617675781e+01 8.224231567382812500e+02 1.673194503784179688e+01 8.056912231445312500e+02
2.241155624389648438e+01 8.225569458007812500e+02 1.689829444885253906e+01 8.056586303710937500e+02
2.243196296691894531e+01 8.223245239257812500e+02 1.696829605102539062e+01 8.053562011718750000e+02
2.245237350463867188e+01 8.221611328125000000e+02 1.697419738769531250e+01 8.051868896484375000e+02
2.247278022766113281e+01 8.219088134765625000e+02 1.688421630859375000e+01 8.050246582031250000e+02
2.249319076538085938e+01 8.212910156250000000e+02 1.665603637695312500e+01 8.046349487304687500e+02
2.251359748840332031e+01 8.203714599609375000e+02 1.615181350708007812e+01 8.042196044921875000e+02
2.253400802612304688e+01 8.191500244140625000e+02 1.558475875854492188e+01 8.035652465820312500e+02
2.255441665649414062e+01 8.186783447265625000e+02 1.558127021789550781e+01 8.030971679687500000e+02
2.257482337951660156e+01 8.182817993164062500e+02 1.549295425415039062e+01 8.027888793945312500e+02
2.259523391723632812e+01 8.180192871093750000e+02 1.554253005981445312e+01 8.024766845703125000e+02
2.261564064025878906e+01 8.182271728515625000e+02 1.566611289978027344e+01 8.025610351562500000e+02
2.263605117797851562e+01 8.174199218750000000e+02 1.518665599822998047e+01 8.022332763671875000e+02
2.265645790100097656e+01 8.162622070312500000e+02 1.440164947509765625e+01 8.018605346679687500e+02
2.267686843872070312e+01 8.158222045898437500e+02 1.423033809661865234e+01 8.015918579101562500e+02
2.269727706909179688e+01 8.154278564453125000e+02 1.437574958801269531e+01 8.010520629882812500e+02
2.271768760681152344e+01 8.155513916015625000e+02 1.467896366119384766e+01 8.008724365234375000e+02
2.273809432983398438e+01 8.155926513671875000e+02 1.517114448547363281e+01 8.004215087890625000e+02
2.275850486755371094e+01 8.146538085937500000e+02 1.475782394409179688e+01 7.998959960937500000e+02
2.277891159057617188e+01 8.150899047851562500e+02 1.490224456787109375e+01 8.001876831054687500e+02
2.279931831359863281e+01 8.159743652343750000e+02 1.569740009307861328e+01 8.002769775390625000e+02
2.281972885131835938e+01 8.154330444335937500e+02 1.544207763671875000e+01 7.999909667968750000e+02
2.284013748168945312e+01 8.142419433593750000e+02 1.467363548278808594e+01 7.995682983398437500e+02
2.286054801940917969e+01 8.131659545898437500e+02 1.395892238616943359e+01 7.992070312500000000e+02
2.288095474243164062e+01 8.137661132812500000e+02 1.428127384185791016e+01 7.994848632812500000e+02
2.290136528015136719e+01 8.128837280273437500e+02 1.394449710845947266e+01 7.989392700195312500e+02
2.292177200317382812e+01 8.117784423828125000e+02 1.355610466003417969e+01 7.982223510742187500e+02
2.294218254089355469e+01 8.111202392578125000e+02 1.321013927459716797e+01 7.979101562500000000e+02
2.296258926391601562e+01 8.101667480468750000e+02 1.273968696594238281e+01 7.974271240234375000e+02
2.298299980163574219e+01 8.094440917968750000e+02 1.242630863189697266e+01 7.970177612304687500e+02
2.300340652465820312e+01 8.088092651367187500e+02 1.222796154022216797e+01 7.965812377929687500e+02
2.302381515502929688e+01 8.085349121093750000e+02 1.231070327758789062e+01 7.962241821289062500e+02
2.304422569274902344e+01 8.082814941406250000e+02 1.238290500640869141e+01 7.958985595703125000e+02
2.306463241577148438e+01 8.082620239257812500e+02 1.256915283203125000e+01 7.956928100585937500e+02
2.308504295349121094e+01 8.083084716796875000e+02 1.273433017730712891e+01 7.955742187500000000e+02
2.310544967651367188e+01 8.082183837890625000e+02 1.278524684906005859e+01 7.954331054687500000e+02
2.312586021423339844e+01 8.078692626953125000e+02 1.280501842498779297e+01 7.950643310546875000e+02
2.314626693725585938e+01 8.076328735351562500e+02 1.291783905029296875e+01 7.947150268554687500e+02
2.316667747497558594e+01 8.074984130859375000e+02 1.306146049499511719e+01 7.944369506835937500e+02
2.318708610534667969e+01 8.074819946289062500e+02 1.325645065307617188e+01 7.942255249023437500e+02
2.320749664306640625e+01 8.071988525390625000e+02 1.335826015472412109e+01 7.938406372070312500e+02
2.322790336608886719e+01 8.073295288085937500e+02 1.360418033599853516e+01 7.937253417968750000e+02
2.324831008911132812e+01 8.074448242187500000e+02 1.391144847869873047e+01 7.935333862304687500e+02
2.326872062683105469e+01 8.073080444335937500e+02 1.408443164825439453e+01 7.932236938476562500e+02
2.328912734985351562e+01 8.073892822265625000e+02 1.429823017120361328e+01 7.930910644531250000e+02
2.330953788757324219e+01 8.073475341796875000e+02 1.442949199676513672e+01 7.929179687500000000e+02
2.332994651794433594e+01 8.071444091796875000e+02 1.457078552246093750e+01 7.925736083984375000e+02
2.335035514831542969e+01 8.070984497070312500e+02 1.484511184692382812e+01 7.922533569335937500e+02
2.337076377868652344e+01 8.070646972656250000e+02 1.500628376007080078e+01 7.920584106445312500e+02
2.339117431640625000e+01 8.074366455078125000e+02 1.532068443298339844e+01 7.921159667968750000e+02
2.341158103942871094e+01 8.076267089843750000e+02 1.569589328765869141e+01 7.919307861328125000e+02
2.343199157714843750e+01 8.079747314453125000e+02 1.599893188476562500e+01 7.919757690429687500e+02
2.345239830017089844e+01 8.080667724609375000e+02 1.628102684020996094e+01 7.917857666015625000e+02
2.347280502319335938e+01 8.082415771484375000e+02 1.660342979431152344e+01 7.916381835937500000e+02
2.349321556091308594e+01 8.085026245117187500e+02 1.695583915710449219e+01 7.915467529296875000e+02
2.351362419128417969e+01 8.085841674804687500e+02 1.727709579467773438e+01 7.913070678710937500e+02
2.353403472900390625e+01 8.086312866210937500e+02 1.747572517395019531e+01 7.911555175781250000e+02
2.355444145202636719e+01 8.084295043945312500e+02 1.755205345153808594e+01 7.908775024414062500e+02
2.357485198974609375e+01 8.083725585937500000e+02 1.778056716918945312e+01 7.905919799804687500e+02
2.359525871276855469e+01 8.086547241210937500e+02 1.818116378784179688e+01 7.904735717773437500e+02
2.361566925048828125e+01 8.093995361328125000e+02 1.898654365539550781e+01 7.904129638671875000e+02
2.363607597351074219e+01 8.098181152343750000e+02 1.942592239379882812e+01 7.903922119140625000e+02
2.365648651123046875e+01 8.096768188476562500e+02 1.960143089294433594e+01 7.900753784179687500e+02
2.367689514160156250e+01 8.092379760742187500e+02 1.951375961303710938e+01 7.897241821289062500e+02
2.369730567932128906e+01 8.099314575195312500e+02 2.011318016052246094e+01 7.898182983398437500e+02
2.371771240234375000e+01 8.084530029296875000e+02 1.919756317138671875e+01 7.892554321289062500e+02
2.373811912536621094e+01 8.059256591796875000e+02 1.749691772460937500e+01 7.884287109375000000e+02
2.375852966308593750e+01 8.022591552734375000e+02 1.519463157653808594e+01 7.870645141601562500e+02
2.377893638610839844e+01 8.018475952148437500e+02 1.510105323791503906e+01 7.867465209960937500e+02
2.379934692382812500e+01 8.013499755859375000e+02 1.481651592254638672e+01 7.865334472656250000e+02
2.381975364685058594e+01 8.006644287109375000e+02 1.480382347106933594e+01 7.858606567382812500e+02
2.384016418457031250e+01 8.010595092773437500e+02 1.497189617156982422e+01 7.860875854492187500e+02
2.386057281494140625e+01 8.014392089843750000e+02 1.535037517547607422e+01 7.860888671875000000e+02
2.388098335266113281e+01 8.003646240234375000e+02 1.485608673095703125e+01 7.855085449218750000e+02
2.390139007568359375e+01 8.021871337890625000e+02 1.642589569091796875e+01 7.857612304687500000e+02
2.392180061340332031e+01 8.041793212890625000e+02 1.797301101684570312e+01 7.862062988281250000e+02
2.394220733642578125e+01 8.050825195312500000e+02 1.905755043029785156e+01 7.860249023437500000e+02
2.396261405944824219e+01 8.054741821289062500e+02 1.955082321166992188e+01 7.859232788085937500e+02
2.398302459716796875e+01 8.052253417968750000e+02 1.942438507080078125e+01 7.858009643554687500e+02
2.400343322753906250e+01 8.039171752929687500e+02 1.895907592773437500e+01 7.849580688476562500e+02
2.402384376525878906e+01 8.010156250000000000e+02 1.705963134765625000e+01 7.839559936523437500e+02
2.404425048828125000e+01 8.020819091796875000e+02 1.772218132019042969e+01 7.843597412109375000e+02
2.406466102600097656e+01 8.013654174804687500e+02 1.737887001037597656e+01 7.839865112304687500e+02
2.408506774902343750e+01 8.014746093750000000e+02 1.733432579040527344e+01 7.841402587890625000e+02
2.410547828674316406e+01 8.018771362304687500e+02 1.729978942871093750e+01 7.845773315429687500e+02
2.412588500976562500e+01 8.016063842773437500e+02 1.695771026611328125e+01 7.846486816406250000e+02
2.414629554748535156e+01 8.014007568359375000e+02 1.664595031738281250e+01 7.847548217773437500e+02
2.416670417785644531e+01 8.006379394531250000e+02 1.599791908264160156e+01 7.846400146484375000e+02
2.418711090087890625e+01 7.993983154296875000e+02 1.532129001617431641e+01 7.840770263671875000e+02
2.420752143859863281e+01 7.981911621093750000e+02 1.432934951782226562e+01 7.838618164062500000e+02
2.422792816162109375e+01 7.967308349609375000e+02 1.353669548034667969e+01 7.831940917968750000e+02
2.424833869934082031e+01 7.957696533203125000e+02 1.304155158996582031e+01 7.827281494140625000e+02
2.426874542236328125e+01 7.949988403320312500e+02 1.264588069915771484e+01 7.823529663085937500e+02
2.428915596008300781e+01 7.949982299804687500e+02 1.269439029693603516e+01 7.823038330078125000e+02
2.430956268310546875e+01 7.953724365234375000e+02 1.328443813323974609e+01 7.820880126953125000e+02
2.432997322082519531e+01 7.956369018554687500e+02 1.374558258056640625e+01 7.818912963867187500e+02
2.435038185119628906e+01 7.952982177734375000e+02 1.386186695098876953e+01 7.814362792968750000e+02
