## NTRMN  = 59
## NTRANS = 111
-1.196487247943878174e-01 0.000000000000000000e+00 0.000000000000000000e+00 0.000000000000000000e+00
-9.923987835645675659e-02 0.000000000000000000e+00 0.000000000000000000e+00 0.000000000000000000e+00
-7.883103936910629272e-02 0.000000000000000000e+00 0.000000000000000000e+00 0.000000000000000000e+00
-5.842219665646553040e-02 0.000000000000000000e+00 0.000000000000000000e+00 0.000000000000000000e+00
-3.801335394382476807e-02 0.000000000000000000e+00 0.000000000000000000e+00 0.000000000000000000e+00
-1.760451123118400574e-02 0.000000000000000000e+00 0.000000000000000000e+00 0.000000000000000000e+00
2.321236208081245422e-02 0.000000000000000000e+00 0.000000000000000000e+00 0.000000000000000000e+00
4.362120479345321655e-02 0.000000000000000000e+00 0.000000000000000000e+00 0.000000000000000000e+00
6.403004378080368042e-02 0.000000000000000000e+00 0.000000000000000000e+00 0.000000000000000000e+00
1.048477292060852051e-01 0.000000000000000000e+00 0.000000000000000000e+00 0.000000000000000000e+00
1.252557635307312012e-01 0.000000000000000000e+00 0.000000000000000000e+00 0.000000000000000000e+00
1.456646025180816650e-01 0.000000000000000000e+00 0.000000000000000000e+00 0.000000000000000000e+00
1.660734415054321289e-01 0.000000000000000000e+00 0.000000000000000000e+00 0.000000000000000000e+00
2.068911343812942505e-01 0.000000000000000000e+00 0.000000000000000000e+00 0.000000000000000000e+00
2.272991687059402466e-01 0.000000000000000000e+00 0.000000000000000000e+00 0.000000000000000000e+00
2.477080076932907104e-01 0.000000000000000000e+00 0.000000000000000000e+00 0.000000000000000000e+00
2.681168317794799805e-01 0.000000000000000000e+00 0.000000000000000000e+00 0.000000000000000000e+00
2.885257005691528320e-01 0.000000000000000000e+00 0.000000000000000000e+00 0.000000000000000000e+00
3.089345395565032959e-01 0.000000000000000000e+00 0.000000000000000000e+00 0.000000000000000000e+00
3.293433785438537598e-01 0.000000000000000000e+00 0.000000000000000000e+00 0.000000000000000000e+00
3.905690908432006836e-01 1.715589721679687500e+03 1.715589721679687500e+03 0.000000000000000000e+00
4.109779298305511475e-01 1.636802246093750000e+03 1.636802246093750000e+03 0.000000000000000000e+00
4.313867688179016113e-01 1.506091674804687500e+03 1.506091674804687500e+03 0.000000000000000000e+00
4.517956078052520752e-01 1.398847412109375000e+03 1.398847412109375000e+03 0.000000000000000000e+00
4.722036421298980713e-01 1.318112304687500000e+03 1.318112304687500000e+03 0.000000000000000000e+00
4.926124811172485352e-01 1.254755859375000000e+03 1.254755859375000000e+03 0.000000000000000000e+00
5.130213499069213867e-01 1.196440185546875000e+03 1.196440185546875000e+03 0.000000000000000000e+00
5.334301590919494629e-01 1.138547851562500000e+03 1.138547851562500000e+03 0.000000000000000000e+00
5.538390278816223145e-01 1.081031982421875000e+03 1.081031982421875000e+03 0.000000000000000000e+00
5.742470622062683105e-01 1.025938354492187500e+03 1.025938354492187500e+03 0.000000000000000000e+00
5.946558713912963867e-01 9.754299926757812500e+02 9.754299926757812500e+02 0.000000000000000000e+00
6.150647401809692383e-01 9.302196655273437500e+02 9.302196655273437500e+02 0.000000000000000000e+00
6.354735493659973145e-01 8.901734008789062500e+02 8.901734008789062500e+02 0.000000000000000000e+00
6.558824181556701660e-01 8.544445190429687500e+02 8.544445190429687500e+02 0.000000000000000000e+00
6.762912869453430176e-01 8.219338378906250000e+02 8.219338378906250000e+02 0.000000000000000000e+00
6.966992616653442383e-01 7.927031860351562500e+02 7.927031860351562500e+02 0.000000000000000000e+00
7.171081304550170898e-01 7.661370239257812500e+02 7.661370239257812500e+02 0.000000000000000000e+00
7.375169992446899414e-01 7.429886474609375000e+02 7.429886474609375000e+02 0.000000000000000000e+00
7.579258084297180176e-01 7.226661987304687500e+02 7.226661987304687500e+02 0.000000000000000000e+00
7.783346772193908691e-01 7.058699951171875000e+02 7.058699951171875000e+02 0.000000000000000000e+00
7.987434864044189453e-01 6.923298339843750000e+02 6.923298339843750000e+02 0.000000000000000000e+00
8.191515207290649414e-01 6.809262695312500000e+02 6.809262695312500000e+02 0.000000000000000000e+00
8.395603895187377930e-01 6.715021362304687500e+02 6.715021362304687500e+02 0.000000000000000000e+00
8.599691987037658691e-01 6.633603515625000000e+02 6.633603515625000000e+02 0.000000000000000000e+00
8.803780674934387207e-01 6.561400146484375000e+02 6.561400146484375000e+02 0.000000000000000000e+00
9.007868766784667969e-01 6.497782592773437500e+02 6.497782592773437500e+02 0.000000000000000000e+00
9.211949110031127930e-01 6.439588623046875000e+02 6.439588623046875000e+02 0.000000000000000000e+00
9.416037797927856445e-01 6.394082641601562500e+02 6.394082641601562500e+02 0.000000000000000000e+00
9.620125889778137207e-01 6.360459594726562500e+02 6.360459594726562500e+02 0.000000000000000000e+00
9.824214577674865723e-01 6.345291137695312500e+02 6.345291137695312500e+02 0.000000000000000000e+00
1.002830266952514648e+00 6.345062866210937500e+02 6.345062866210937500e+02 0.000000000000000000e+00
1.023239135742187500e+00 6.363560180664062500e+02 6.363560180664062500e+02 0.000000000000000000e+00
1.043647170066833496e+00 6.397395629882812500e+02 6.397395629882812500e+02 0.000000000000000000e+00
1.064056038856506348e+00 6.447926635742187500e+02 6.447926635742187500e+02 0.000000000000000000e+00
1.084464907646179199e+00 6.514215698242187500e+02 6.514215698242187500e+02 0.000000000000000000e+00
1.104873657226562500e+00 6.595388793945312500e+02 6.595388793945312500e+02 0.000000000000000000e+00
1.125282526016235352e+00 6.703401489257812500e+02 6.703401489257812500e+02 0.000000000000000000e+00
1.145691394805908203e+00 6.857713623046875000e+02 6.857713623046875000e+02 0.000000000000000000e+00
1.166099429130554199e+00 7.162651367187500000e+02 7.162651367187500000e+02 0.000000000000000000e+00
1.186508297920227051e+00 7.039448242187500000e+02 7.039448242187500000e+02 0.000000000000000000e+00
1.206917047500610352e+00 7.069173583984375000e+02 7.069173583984375000e+02 0.000000000000000000e+00
1.227325916290283203e+00 6.571272583007812500e+02 6.571272583007812500e+02 0.000000000000000000e+00
1.247734785079956055e+00 7.300300903320312500e+02 7.300300903320312500e+02 0.000000000000000000e+00
1.268142819404602051e+00 7.543375244140625000e+02 7.543375244140625000e+02 0.000000000000000000e+00
1.288551688194274902e+00 7.832622070312500000e+02 7.832622070312500000e+02 0.000000000000000000e+00
1.308960556983947754e+00 7.436168212890625000e+02 7.436168212890625000e+02 0.000000000000000000e+00
1.329369306564331055e+00 5.793137207031250000e+02 5.793137207031250000e+02 0.000000000000000000e+00
1.349778175354003906e+00 5.647016601562500000e+02 5.647016601562500000e+02 0.000000000000000000e+00
1.411003947257995605e+00 6.386792602539062500e+02 6.372440795898437500e+02 1.435196995735168457e+00
1.431412696838378906e+00 6.462431030273437500e+02 6.448823852539062500e+02 1.360688924789428711e+00
1.451821565628051758e+00 6.371967163085937500e+02 6.358170166015625000e+02 1.379680633544921875e+00
1.472230434417724609e+00 6.633235473632812500e+02 6.619630126953125000e+02 1.360554695129394531e+00
1.492639303207397461e+00 6.199354248046875000e+02 6.184299926757812500e+02 1.505410194396972656e+00
1.574273824691772461e+00 4.759236145019531250e+02 4.563458862304687500e+02 1.957772064208984375e+01
1.594682693481445312e+00 4.210245971679687500e+02 3.997655029296875000e+02 2.125909423828125000e+01
1.655908346176147461e+00 4.610787658691406250e+02 3.849845275878906250e+02 7.609426879882812500e+01
1.676317214965820312e+00 4.488233032226562500e+02 3.674447021484375000e+02 8.137861633300781250e+01
1.696726083755493164e+00 4.587811584472656250e+02 3.696561584472656250e+02 8.912499237060546875e+01
1.717134952545166016e+00 4.350788879394531250e+02 3.359859008789062500e+02 9.909298706054687500e+01
1.819178342819213867e+00 5.258946533203125000e+02 2.958212890625000000e+02 2.300733337402343750e+02
1.839587211608886719e+00 5.324248657226562500e+02 2.916284179687500000e+02 2.407964477539062500e+02
1.859995245933532715e+00 5.476167602539062500e+02 2.899731445312500000e+02 2.576435852050781250e+02
1.880403995513916016e+00 5.611338500976562500e+02 2.852982177734375000e+02 2.758356933593750000e+02
1.900812864303588867e+00 5.680496826171875000e+02 2.785827026367187500e+02 2.894669799804687500e+02
1.921221733093261719e+00 5.688787841796875000e+02 2.731312866210937500e+02 2.957474060058593750e+02
1.941630601882934570e+00 5.591513061523437500e+02 2.629859924316406250e+02 2.961653442382812500e+02
1.962038636207580566e+00 5.481097412109375000e+02 2.547600708007812500e+02 2.933497314453125000e+02
1.982447385787963867e+00 5.416889648437500000e+02 2.498430175781250000e+02 2.918459777832031250e+02
2.002856254577636719e+00 5.463491210937500000e+02 2.521976470947265625e+02 2.941514892578125000e+02
2.064081907272338867e+00 5.380945434570312500e+02 2.350905609130859375e+02 3.030039978027343750e+02
2.084490776062011719e+00 5.385182495117187500e+02 2.311810302734375000e+02 3.073371887207031250e+02
2.104899644851684570e+00 5.363902587890625000e+02 2.260962677001953125e+02 3.102939758300781250e+02
2.125308513641357422e+00 5.333152465820312500e+02 2.199827575683593750e+02 3.133324890136718750e+02
2.145717382431030273e+00 5.293527221679687500e+02 2.136508636474609375e+02 3.157018737792968750e+02
2.166126251220703125e+00 5.251815185546875000e+02 2.074382934570312500e+02 3.177432556152343750e+02
2.186535120010375977e+00 5.217492065429687500e+02 2.012321929931640625e+02 3.205170593261718750e+02
2.206943988800048828e+00 5.201475219726562500e+02 1.942731170654296875e+02 3.258743896484375000e+02
2.227352619171142578e+00 5.195079345703125000e+02 1.852919921875000000e+02 3.342159423828125000e+02
2.288577556610107422e+00 5.129005737304687500e+02 1.725943908691406250e+02 3.403061828613281250e+02
2.329395294189453125e+00 4.992170410156250000e+02 1.548739776611328125e+02 3.443430480957031250e+02
2.431439638137817383e+00 4.829253845214843750e+02 1.531000366210937500e+02 3.298253479003906250e+02
2.472257137298583984e+00 4.616307067871093750e+02 1.602554321289062500e+02 3.013752746582031250e+02
2.492664337158203125e+00 4.607594299316406250e+02 1.589434356689453125e+02 3.018160095214843750e+02
2.553890943527221680e+00 4.668253784179687500e+02 1.515709838867187500e+02 3.152543945312500000e+02
2.594708681106567383e+00 4.668900451660156250e+02 1.491865997314453125e+02 3.177034912109375000e+02
2.615117549896240234e+00 4.594720764160156250e+02 1.444522094726562500e+02 3.150198669433593750e+02
2.717159986495971680e+00 4.603557434082031250e+02 1.390273284912109375e+02 3.213284301757812500e+02
2.757977724075317383e+00 4.605610351562500000e+02 1.371433258056640625e+02 3.234177246093750000e+02
2.778386592864990234e+00 4.593818359375000000e+02 1.343265533447265625e+02 3.250552368164062500e+02
2.798795461654663086e+00 4.580252990722656250e+02 1.309520721435546875e+02 3.270732421875000000e+02
2.819204330444335938e+00 4.572370605468750000e+02 1.289002075195312500e+02 3.283368835449218750e+02
2.839613199234008789e+00 4.529021606445312500e+02 1.260347824096679688e+02 3.268674316406250000e+02
2.860022068023681641e+00 4.550119018554687500e+02 1.261398468017578125e+02 3.288720703125000000e+02
2.880430698394775391e+00 4.505389709472656250e+02 1.244981079101562500e+02 3.260408325195312500e+02
2.900839567184448242e+00 4.606143188476562500e+02 1.270057296752929688e+02 3.336086120605468750e+02
2.921248435974121094e+00 4.584874572753906250e+02 1.285768585205078125e+02 3.299106140136718750e+02
3.023291110992431641e+00 4.389644775390625000e+02 1.268501281738281250e+02 3.121142578125000000e+02
3.043699979782104492e+00 4.389203796386718750e+02 1.261568832397460938e+02 3.127635192871093750e+02
3.064108848571777344e+00 4.398615722656250000e+02 1.255509796142578125e+02 3.143106079101562500e+02
3.309013366699218750e+00 4.378893737792968750e+02 1.188632125854492188e+02 3.190261535644531250e+02
3.329421997070312500e+00 4.412013854980468750e+02 1.164808578491210938e+02 3.247205505371093750e+02
3.431464672088623047e+00 4.180441589355468750e+02 1.035989379882812500e+02 3.144451904296875000e+02
3.615144252777099609e+00 4.062306213378906250e+02 9.595137023925781250e+01 3.102792358398437500e+02
3.635553121566772461e+00 4.068993530273437500e+02 9.798077392578125000e+01 3.089186401367187500e+02
3.860048770904541016e+00 3.951921691894531250e+02 8.942951202392578125e+01 3.057626647949218750e+02
3.900864839553833008e+00 3.945210571289062500e+02 8.959843444824218750e+01 3.049226074218750000e+02
3.921273708343505859e+00 3.918067321777343750e+02 8.827739715576171875e+01 3.035292968750000000e+02
4.023317813873291016e+00 3.908630676269531250e+02 8.157583618164062500e+01 3.092872314453125000e+02
4.043726921081542969e+00 3.890774230957031250e+02 8.045370483398437500e+01 3.086237487792968750e+02
4.145769119262695312e+00 3.880094299316406250e+02 8.338164520263671875e+01 3.046278381347656250e+02
4.288630962371826172e+00 3.812341003417968750e+02 7.731067657470703125e+01 3.039234313964843750e+02
4.390673637390136719e+00 3.823667907714843750e+02 7.513226318359375000e+01 3.072345275878906250e+02
4.411082744598388672e+00 3.840050048828125000e+02 7.559870147705078125e+01 3.084063110351562500e+02
4.431491374969482422e+00 3.830416870117187500e+02 7.471033477783203125e+01 3.083314208984375000e+02
4.451900482177734375e+00 3.834531250000000000e+02 7.469047546386718750e+01 3.087626953125000000e+02
4.472309112548828125e+00 3.831062011718750000e+02 7.434963989257812500e+01 3.087565917968750000e+02
4.492718219757080078e+00 3.830605468750000000e+02 7.433158874511718750e+01 3.087289428710937500e+02
4.615169525146484375e+00 3.786244812011718750e+02 7.329306793212890625e+01 3.053314208984375000e+02
4.778439998626708984e+00 3.728375549316406250e+02 6.833396148681640625e+01 3.045036315917968750e+02
4.941709518432617188e+00 3.734440002441406250e+02 6.583406066894531250e+01 3.076099243164062500e+02
4.982526779174804688e+00 3.730301208496093750e+02 6.471818542480468750e+01 3.083119506835937500e+02
5.002935886383056641e+00 3.727006835937500000e+02 6.426277923583984375e+01 3.084378967285156250e+02
5.023344516754150391e+00 3.708405151367187500e+02 6.400169372558593750e+01 3.068388061523437500e+02
5.043751716613769531e+00 3.711263122558593750e+02 6.379019546508789062e+01 3.073360900878906250e+02
5.084569454193115234e+00 3.701755065917968750e+02 6.257187652587890625e+01 3.076036682128906250e+02
5.104978561401367188e+00 3.693672180175781250e+02 6.232172775268554688e+01 3.070455017089843750e+02
5.125387191772460938e+00 3.688730163574218750e+02 6.160649490356445312e+01 3.072665100097656250e+02
5.145796298980712891e+00 3.680960998535156250e+02 6.196694183349609375e+01 3.061291198730468750e+02
5.166204929351806641e+00 3.693493652343750000e+02 6.144411087036132812e+01 3.079052429199218750e+02
5.186613559722900391e+00 3.672096862792968750e+02 6.111003112792968750e+01 3.060996704101562500e+02
5.207022666931152344e+00 3.665195617675781250e+02 6.031880950927734375e+01 3.062007446289062500e+02
5.227431297302246094e+00 3.668267517089843750e+02 6.012911224365234375e+01 3.066976318359375000e+02
5.288656234741210938e+00 3.667860412597656250e+02 5.902563476562500000e+01 3.077603454589843750e+02
5.309065341949462891e+00 3.665736083984375000e+02 5.875363540649414062e+01 3.078199462890625000e+02
5.329473972320556641e+00 3.661561889648437500e+02 5.812438201904296875e+01 3.080317993164062500e+02
5.349883079528808594e+00 3.660585021972656250e+02 5.754467010498046875e+01 3.085138244628906250e+02
5.370291709899902344e+00 3.658814086914062500e+02 5.737055969238281250e+01 3.085108642578125000e+02
5.390700340270996094e+00 3.656677856445312500e+02 5.733098602294921875e+01 3.083367919921875000e+02
5.492744922637939453e+00 3.653122253417968750e+02 5.513273239135742188e+01 3.101794433593750000e+02
5.594787597656250000e+00 3.649932250976562500e+02 5.387044143676757812e+01 3.111227416992187500e+02
5.615196228027343750e+00 3.645292968750000000e+02 5.358937835693359375e+01 3.109399414062500000e+02
5.656013965606689453e+00 3.644933471679687500e+02 5.345659255981445312e+01 3.110367736816406250e+02
5.676422595977783203e+00 3.643225402832031250e+02 5.330657577514648438e+01 3.110159606933593750e+02
5.696831703186035156e+00 3.641482849121093750e+02 5.311560440063476562e+01 3.110326232910156250e+02
5.798874378204345703e+00 3.632414855957031250e+02 5.234605789184570312e+01 3.108954162597656250e+02
5.819283008575439453e+00 3.625974426269531250e+02 5.232702255249023438e+01 3.102703857421875000e+02
5.839691638946533203e+00 3.623136901855468750e+02 5.210315704345703125e+01 3.102105407714843750e+02
5.880509376525878906e+00 3.616926269531250000e+02 5.174149703979492188e+01 3.099511413574218750e+02
5.900918483734130859e+00 3.613247680664062500e+02 5.148141098022460938e+01 3.098433532714843750e+02
5.921327114105224609e+00 3.616621398925781250e+02 5.122310638427734375e+01 3.104390563964843750e+02
5.962143421173095703e+00 3.607695922851562500e+02 5.079214096069335938e+01 3.099775390625000000e+02
5.982552051544189453e+00 3.606441650390625000e+02 5.061886596679687500e+01 3.100252990722656250e+02
6.002961158752441406e+00 3.602463684082031250e+02 5.064616775512695312e+01 3.096002197265625000e+02
6.023369789123535156e+00 3.600599975585937500e+02 5.031558990478515625e+01 3.097444152832031250e+02
6.105005264282226562e+00 3.607254943847656250e+02 4.925065612792968750e+01 3.114748840332031250e+02
6.125413894653320312e+00 3.604950866699218750e+02 4.896931838989257812e+01 3.115257568359375000e+02
6.145823001861572266e+00 3.603692016601562500e+02 4.849508285522460938e+01 3.118741149902343750e+02
6.166231632232666016e+00 3.652426757812500000e+02 5.000396347045898438e+01 3.152387084960937500e+02
6.186640739440917969e+00 3.595798339843750000e+02 4.774948120117187500e+01 3.118303833007812500e+02
6.207047939300537109e+00 3.605694274902343750e+02 4.763106155395507812e+01 3.129384155273437500e+02
6.227456569671630859e+00 3.594194030761718750e+02 4.724431610107421875e+01 3.121750488281250000e+02
6.288682937622070312e+00 3.589021301269531250e+02 4.617527389526367188e+01 3.127268676757812500e+02
6.309092044830322266e+00 3.588958740234375000e+02 4.606385040283203125e+01 3.128320312500000000e+02
6.329500675201416016e+00 3.584127502441406250e+02 4.580185317993164062e+01 3.126109313964843750e+02
6.349909782409667969e+00 3.579659423828125000e+02 4.546614837646484375e+01 3.124998168945312500e+02
6.451952457427978516e+00 3.563966674804687500e+02 4.463575363159179688e+01 3.117608337402343750e+02
6.513178825378417969e+00 3.561618652343750000e+02 4.447344589233398438e+01 3.116884460449218750e+02
6.533587455749511719e+00 3.559605102539062500e+02 4.433452606201171875e+01 3.116260070800781250e+02
6.594814300537109375e+00 3.562919006347656250e+02 4.392292022705078125e+01 3.123689880371093750e+02
6.635632038116455078e+00 3.551880798339843750e+02 4.376096725463867188e+01 3.114271545410156250e+02
6.656040668487548828e+00 3.550623474121093750e+02 4.369872283935546875e+01 3.113636169433593750e+02
6.676447868347167969e+00 3.540049133300781250e+02 4.356515121459960938e+01 3.104397888183593750e+02
6.696856975555419922e+00 3.548494262695312500e+02 4.343238449096679688e+01 3.114169921875000000e+02
6.717265605926513672e+00 3.545202636718750000e+02 4.326478576660156250e+01 3.112554931640625000e+02
6.778491973876953125e+00 3.547869873046875000e+02 4.312121200561523438e+01 3.116657714843750000e+02
6.798901081085205078e+00 3.581047058105468750e+02 4.313261413574218750e+01 3.149720153808593750e+02
6.941761016845703125e+00 3.564898681640625000e+02 4.203803634643554688e+01 3.144518127441406250e+02
6.962170124053955078e+00 3.539727478027343750e+02 4.188042449951171875e+01 3.120923767089843750e+02
6.982578754425048828e+00 3.528156127929687500e+02 4.151802444458007812e+01 3.112976379394531250e+02
7.002987861633300781e+00 3.535863647460937500e+02 4.139702606201171875e+01 3.121893310546875000e+02
7.023396492004394531e+00 3.536202392578125000e+02 4.127673339843750000e+01 3.123434753417968750e+02
7.043805599212646484e+00 3.541148071289062500e+02 4.105517959594726562e+01 3.130596008300781250e+02
7.064214229583740234e+00 3.528530883789062500e+02 4.056380844116210938e+01 3.122893066406250000e+02
7.105031967163085938e+00 3.527680358886718750e+02 4.033077239990234375e+01 3.124372863769531250e+02
7.125439167022705078e+00 3.523659667968750000e+02 3.998008728027343750e+01 3.123858337402343750e+02
7.145847797393798828e+00 3.514602966308593750e+02 3.986590194702148438e+01 3.115944213867187500e+02
7.166256904602050781e+00 3.500881042480468750e+02 3.941831207275390625e+01 3.106697387695312500e+02
7.186665534973144531e+00 3.516871337890625000e+02 3.930636978149414062e+01 3.123807678222656250e+02
7.207074642181396484e+00 3.512286071777343750e+02 3.882968902587890625e+01 3.123989562988281250e+02
7.227483272552490234e+00 3.507162780761718750e+02 3.845506286621093750e+01 3.122612304687500000e+02
7.247892379760742188e+00 3.503716735839843750e+02 3.824769210815429688e+01 3.121240234375000000e+02
7.268301010131835938e+00 3.492450256347656250e+02 3.787680435180664062e+01 3.113682556152343750e+02
7.288710117340087891e+00 3.498055114746093750e+02 3.777074813842773438e+01 3.120347595214843750e+02
7.309118747711181641e+00 3.496698303222656250e+02 3.753427124023437500e+01 3.121354980468750000e+02
7.329527378082275391e+00 3.493802490234375000e+02 3.733177566528320312e+01 3.120484924316406250e+02
7.349936485290527344e+00 3.491749877929687500e+02 3.713040161132812500e+01 3.120446166992187500e+02
7.370343685150146484e+00 3.488859863281250000e+02 3.696263504028320312e+01 3.119233093261718750e+02
7.390752315521240234e+00 3.486719970703125000e+02 3.682817459106445312e+01 3.118438110351562500e+02
7.411161422729492188e+00 3.485117187500000000e+02 3.659755325317382812e+01 3.119141845703125000e+02
7.431570053100585938e+00 3.482261352539062500e+02 3.649705123901367188e+01 3.117290344238281250e+02
7.492796897888183594e+00 3.477565612792968750e+02 3.648635864257812500e+01 3.112702026367187500e+02
7.513205528259277344e+00 3.513062744140625000e+02 3.616421127319335938e+01 3.151420593261718750e+02
7.533614635467529297e+00 3.469013061523437500e+02 3.593913650512695312e+01 3.109621582031250000e+02
7.554023265838623047e+00 3.464524841308593750e+02 3.577865600585937500e+01 3.106738281250000000e+02
7.574431896209716797e+00 3.462840881347656250e+02 3.568225097656250000e+01 3.106018066406250000e+02
7.594839096069335938e+00 3.461873474121093750e+02 3.561789703369140625e+01 3.105694274902343750e+02
7.615248203277587891e+00 3.463264770507812500e+02 3.555387878417968750e+01 3.107726135253906250e+02
7.635656833648681641e+00 3.454537658691406250e+02 3.545884704589843750e+01 3.099949035644531250e+02
7.656065940856933594e+00 3.460374145507812500e+02 3.539559173583984375e+01 3.106418457031250000e+02
7.676474571228027344e+00 3.458886718750000000e+02 3.530148696899414062e+01 3.105871582031250000e+02
7.696883678436279297e+00 3.460473022460937500e+02 3.523898696899414062e+01 3.108082885742187500e+02
7.717292308807373047e+00 3.458444824218750000e+02 3.520783233642578125e+01 3.106366577148437500e+02
7.737701416015625000e+00 3.456686096191406250e+02 3.514591217041015625e+01 3.105226745605468750e+02
7.758110046386718750e+00 3.455489196777343750e+02 3.502259445190429688e+01 3.105263061523437500e+02
7.778518676757812500e+00 3.457540588378906250e+02 3.496148300170898438e+01 3.107926330566406250e+02
7.798927783966064453e+00 3.453626708984375000e+02 3.486999130249023438e+01 3.104927368164062500e+02
7.819334983825683594e+00 3.453512268066406250e+02 3.480960083007812500e+01 3.105415954589843750e+02
7.839743614196777344e+00 3.452946472167968750e+02 3.468844985961914062e+01 3.106062316894531250e+02
7.860152721405029297e+00 3.453013610839843750e+02 3.465929031372070312e+01 3.106419982910156250e+02
7.880561351776123047e+00 3.451916809082031250e+02 3.444802093505859375e+01 3.107437133789062500e+02
7.900970458984375000e+00 3.452439575195312500e+02 3.441963958740234375e+01 3.108243103027343750e+02
7.962196826934814453e+00 3.452219238281250000e+02 3.415496444702148438e+01 3.110669555664062500e+02
7.982605457305908203e+00 3.453360290527343750e+02 3.403765106201171875e+01 3.112984008789062500e+02
8.003014564514160156e+00 3.494910278320312500e+02 3.395085144042968750e+01 3.155401306152343750e+02
8.023423194885253906e+00 3.537226562500000000e+02 3.535631561279296875e+01 3.183663635253906250e+02
8.043831825256347656e+00 3.458882446289062500e+02 3.339167785644531250e+01 3.124965820312500000e+02
8.064239501953125000e+00 3.447426757812500000e+02 3.330717849731445312e+01 3.114354858398437500e+02
8.084648132324218750e+00 3.446791076660156250e+02 3.319348907470703125e+01 3.114856262207031250e+02
8.145874977111816406e+00 3.445950012207031250e+02 3.285583496093750000e+01 3.117391357421875000e+02
8.166283607482910156e+00 3.444394836425781250e+02 3.265645980834960938e+01 3.117829895019531250e+02
8.186692237854003906e+00 3.441937866210937500e+02 3.245808792114257812e+01 3.117357177734375000e+02
8.207100868225097656e+00 3.439664916992187500e+02 3.223152923583984375e+01 3.117349548339843750e+02
8.349961280822753906e+00 3.432576599121093750e+02 3.153672599792480469e+01 3.117209472656250000e+02
8.390779495239257812e+00 3.431152954101562500e+02 3.138331222534179688e+01 3.117319946289062500e+02
8.411188125610351562e+00 3.422088928222656250e+02 3.122178268432617188e+01 3.109871215820312500e+02
8.452005386352539062e+00 3.429174499511718750e+02 3.107100105285644531e+01 3.118464355468750000e+02
8.472414970397949219e+00 3.430292663574218750e+02 3.116568756103515625e+01 3.118635559082031250e+02
8.574457168579101562e+00 3.428507385253906250e+02 3.093438911437988281e+01 3.119163513183593750e+02
8.594865798950195312e+00 3.426425476074218750e+02 3.080522727966308594e+01 3.118372802734375000e+02
8.615275382995605469e+00 3.426202087402343750e+02 3.078782653808593750e+01 3.118323974609375000e+02
8.635684013366699219e+00 3.425497131347656250e+02 3.077050781250000000e+01 3.117792358398437500e+02
8.656092643737792969e+00 3.424054565429687500e+02 3.072561073303222656e+01 3.116798400878906250e+02
8.676501274108886719e+00 3.422312927246093750e+02 3.068093299865722656e+01 3.115503234863281250e+02
8.696909904479980469e+00 3.422295532226562500e+02 3.066398239135742188e+01 3.115655822753906250e+02
8.717319488525390625e+00 3.422481689453125000e+02 3.061965751647949219e+01 3.116285400390625000e+02
8.737728118896484375e+00 3.445866088867187500e+02 3.054813766479492188e+01 3.140385131835937500e+02
8.758134841918945312e+00 3.424018859863281250e+02 3.061362457275390625e+01 3.117882080078125000e+02
8.778544425964355469e+00 3.423953552246093750e+02 3.062426376342773438e+01 3.117711181640625000e+02
8.798953056335449219e+00 3.423935852050781250e+02 3.058043861389160156e+01 3.118131713867187500e+02
8.880588531494140625e+00 3.422824707031250000e+02 3.062280845642089844e+01 3.116596679687500000e+02
8.941814422607421875e+00 3.421701049804687500e+02 3.041312789916992188e+01 3.117569885253906250e+02
8.982630729675292969e+00 3.423986816406250000e+02 3.038153457641601562e+01 3.120171203613281250e+02
9.003039360046386719e+00 3.417528991699218750e+02 3.031266403198242188e+01 3.114402770996093750e+02
9.043857574462890625e+00 3.423672485351562500e+02 3.036114311218261719e+01 3.120061035156250000e+02
9.064266204833984375e+00 3.418936462402343750e+02 3.029278182983398438e+01 3.116007995605468750e+02
9.207128524780273438e+00 3.413300170898437500e+02 2.974474525451660156e+01 3.115852661132812500e+02
9.227535247802734375e+00 3.412658386230468750e+02 2.967896270751953125e+01 3.115868530273437500e+02
9.247943878173828125e+00 3.410735473632812500e+02 2.956169128417968750e+01 3.115118713378906250e+02
9.268353462219238281e+00 3.408357849121093750e+02 2.944494247436523438e+01 3.113908691406250000e+02
9.288762092590332031e+00 3.409034729003906250e+02 2.940601730346679688e+01 3.114974365234375000e+02
9.329579353332519531e+00 3.406550903320312500e+02 2.922604751586914062e+01 3.114290466308593750e+02
9.452031135559082031e+00 3.410282897949218750e+02 2.932863426208496094e+01 3.116996459960937500e+02
9.472439765930175781e+00 3.398174438476562500e+02 2.888635826110839844e+01 3.109310913085937500e+02
9.492848396301269531e+00 3.398141174316406250e+02 2.887468910217285156e+01 3.109394226074218750e+02
9.513257980346679688e+00 3.400106506347656250e+02 2.881274414062500000e+01 3.111979064941406250e+02
9.533666610717773438e+00 3.396938476562500000e+02 2.872595596313476562e+01 3.109679260253906250e+02
9.554075241088867188e+00 3.395690612792968750e+02 2.858942222595214844e+01 3.109796447753906250e+02
9.574483871459960938e+00 3.396902770996093750e+02 2.855348396301269531e+01 3.111368713378906250e+02
9.594892501831054688e+00 3.397463989257812500e+02 2.851770019531250000e+01 3.112287292480468750e+02
9.615302085876464844e+00 3.398212280273437500e+02 2.845717239379882812e+01 3.113640747070312500e+02
9.635710716247558594e+00 3.397698669433593750e+02 2.842174148559570312e+01 3.113481445312500000e+02
9.656119346618652344e+00 3.397333068847656250e+02 2.836167144775390625e+01 3.113716125488281250e+02
9.676527023315429688e+00 3.396259155273437500e+02 2.830185890197753906e+01 3.113240356445312500e+02
9.696935653686523438e+00 3.395394897460937500e+02 2.826697731018066406e+01 3.112724914550781250e+02
9.717344284057617188e+00 3.397424011230468750e+02 2.823224830627441406e+01 3.115101318359375000e+02
9.737752914428710938e+00 3.396454772949218750e+02 2.817307662963867188e+01 3.114723815917968750e+02
9.758161544799804688e+00 3.394472656250000000e+02 2.813868522644042969e+01 3.113085937500000000e+02
9.778571128845214844e+00 3.393351745605468750e+02 2.805547523498535156e+01 3.112796325683593750e+02
9.798979759216308594e+00 3.392912902832031250e+02 2.802147293090820312e+01 3.112698059082031250e+02
9.819388389587402344e+00 3.391595458984375000e+02 2.796323204040527344e+01 3.111962890625000000e+02
9.839797019958496094e+00 3.390713806152343750e+02 2.792956161499023438e+01 3.111418151855468750e+02
9.860206604003906250e+00 3.388756103515625000e+02 2.784747314453125000e+01 3.110281372070312500e+02
9.880615234375000000e+00 3.387456054687500000e+02 2.778995513916015625e+01 3.109556579589843750e+02
9.901023864746093750e+00 3.385227661132812500e+02 2.770849418640136719e+01 3.108142395019531250e+02
9.921431541442871094e+00 3.384476318359375000e+02 2.769975662231445312e+01 3.107478027343750000e+02
9.941840171813964844e+00 3.382874755859375000e+02 2.764289474487304688e+01 3.106446228027343750e+02
9.962248802185058594e+00 3.380975036621093750e+02 2.756223487854003906e+01 3.105352783203125000e+02
9.982657432556152344e+00 3.379353942871093750e+02 2.750588607788085938e+01 3.104295043945312500e+02
1.000306606292724609e+01 3.377595214843750000e+02 2.744976615905761719e+01 3.103097229003906250e+02
1.002347564697265625e+01 3.376079406738281250e+02 2.739387702941894531e+01 3.102140197753906250e+02
1.004388427734375000e+01 3.374656372070312500e+02 2.733821105957031250e+01 3.101274414062500000e+02
1.006429290771484375e+01 3.372779235839843750e+02 2.725899124145507812e+01 3.100189514160156250e+02
1.008470153808593750e+01 3.371517944335937500e+02 2.720382499694824219e+01 3.099479675292968750e+02
1.010511112213134766e+01 3.369027709960937500e+02 2.712519073486328125e+01 3.097775268554687500e+02
1.012551975250244141e+01 3.367789916992187500e+02 2.707051658630371094e+01 3.097084350585937500e+02
1.014592647552490234e+01 3.365966186523437500e+02 2.699247550964355469e+01 3.096041870117187500e+02
1.016633605957031250e+01 3.364700927734375000e+02 2.693828964233398438e+01 3.095318298339843750e+02
1.018674468994140625e+01 3.362682800292968750e+02 2.686081695556640625e+01 3.094074401855468750e+02
1.020715332031250000e+01 3.361011047363281250e+02 2.678365516662597656e+01 3.093174133300781250e+02
1.022756195068359375e+01 3.359546203613281250e+02 2.673020935058593750e+01 3.092243957519531250e+02
1.024797058105468750e+01 3.357744140625000000e+02 2.665361785888671875e+01 3.091207885742187500e+02
1.026838016510009766e+01 3.356156921386718750e+02 2.660064125061035156e+01 3.090150756835937500e+02
1.030919742584228516e+01 3.354582824707031250e+02 2.642565727233886719e+01 3.090326232910156250e+02
1.032960605621337891e+01 3.352845458984375000e+02 2.637344741821289062e+01 3.089111022949218750e+02
1.035001564025878906e+01 3.358038940429687500e+02 2.632144165039062500e+01 3.094824218750000000e+02
1.037042236328125000e+01 3.349411621093750000e+02 2.626964569091796875e+01 3.086715393066406250e+02
1.039083099365234375e+01 3.347879638671875000e+02 2.619501113891601562e+01 3.085929870605468750e+02
1.041123962402343750e+01 3.356107177734375000e+02 2.690244674682617188e+01 3.087082824707031250e+02
1.043164920806884766e+01 3.345207824707031250e+02 2.604661560058593750e+01 3.084741821289062500e+02
1.045205783843994141e+01 3.344442443847656250e+02 2.601866149902343750e+01 3.084256286621093750e+02
1.047246646881103516e+01 3.343488769531250000e+02 2.596795654296875000e+01 3.083809204101562500e+02
1.049287509918212891e+01 3.341625671386718750e+02 2.589463043212890625e+01 3.082679443359375000e+02
1.051328468322753906e+01 3.339231262207031250e+02 2.586713600158691406e+01 3.080559997558593750e+02
1.053369331359863281e+01 3.358106079101562500e+02 2.586246871948242188e+01 3.099481811523437500e+02
1.055410194396972656e+01 3.337799682617187500e+02 2.574441146850585938e+01 3.080355834960937500e+02
1.057451057434082031e+01 3.335777587890625000e+02 2.569472503662109375e+01 3.078830261230468750e+02
1.059491920471191406e+01 3.334338989257812500e+02 2.562263488769531250e+01 3.078112487792968750e+02
1.061532688140869141e+01 3.332488708496093750e+02 2.557337760925292969e+01 3.076754760742187500e+02
1.063573551177978516e+01 3.331530761718750000e+02 2.552430343627929688e+01 3.076288146972656250e+02
1.065614414215087891e+01 3.329857482910156250e+02 2.547541999816894531e+01 3.075103454589843750e+02
1.067655372619628906e+01 3.341842651367187500e+02 2.542672157287597656e+01 3.087575683593750000e+02
1.069696235656738281e+01 3.327304382324218750e+02 2.537821006774902344e+01 3.073522338867187500e+02
1.071737098693847656e+01 3.326277465820312500e+02 2.532988166809082031e+01 3.072978820800781250e+02
1.073777961730957031e+01 3.324863586425781250e+02 2.528174018859863281e+01 3.072046508789062500e+02
1.075818920135498047e+01 3.323480529785156250e+02 2.521152687072753906e+01 3.071365356445312500e+02
1.077859783172607422e+01 3.321840515136718750e+02 2.514157867431640625e+01 3.070424804687500000e+02
1.079900646209716797e+01 3.320705871582031250e+02 2.509406471252441406e+01 3.069765319824218750e+02
1.081941509246826172e+01 3.319549865722656250e+02 2.502460479736328125e+01 3.069304199218750000e+02
1.083982276916503906e+01 3.318352355957031250e+02 2.497749328613281250e+01 3.068577270507812500e+02
1.086023139953613281e+01 3.316894226074218750e+02 2.490851211547851562e+01 3.067809143066406250e+02
1.088064002990722656e+01 3.315813903808593750e+02 2.486179161071777344e+01 3.067196044921875000e+02
1.090104866027832031e+01 3.314485778808593750e+02 2.477132415771484375e+01 3.066772460937500000e+02
1.092145824432373047e+01 3.313073730468750000e+02 2.472503471374511719e+01 3.065823059082031250e+02
1.094186687469482422e+01 3.311835937500000000e+02 2.465703773498535156e+01 3.065265808105468750e+02
1.096227550506591797e+01 3.310618591308593750e+02 2.456745529174804688e+01 3.064943847656250000e+02
1.098268413543701172e+01 3.309313659667968750e+02 2.452180480957031250e+01 3.064096069335937500e+02
1.100309371948242188e+01 3.308129577636718750e+02 2.443280792236328125e+01 3.063801574707031250e+02
1.102350234985351562e+01 3.307110900878906250e+02 2.436585426330566406e+01 3.063452453613281250e+02
1.104391098022460938e+01 3.305814514160156250e+02 2.427747344970703125e+01 3.063039855957031250e+02
1.106431770324707031e+01 3.304873657226562500e+02 2.423269844055175781e+01 3.062546691894531250e+02
1.108472728729248047e+01 3.303422546386718750e+02 2.412329101562500000e+01 3.062189941406250000e+02
1.110513591766357422e+01 3.302099304199218750e+02 2.403584480285644531e+01 3.061741333007812500e+02
1.112554454803466797e+01 3.301533813476562500e+02 2.397023582458496094e+01 3.061831665039062500e+02
1.114595317840576172e+01 3.300707702636718750e+02 2.390486717224121094e+01 3.061659240722656250e+02
1.116636276245117188e+01 3.299120483398437500e+02 2.381829643249511719e+01 3.060937194824218750e+02
1.118677139282226562e+01 3.298368530273437500e+02 2.375344467163085938e+01 3.060834045410156250e+02
1.120718002319335938e+01 3.296695861816406250e+02 2.366747093200683594e+01 3.060021362304687500e+02
1.122758865356445312e+01 3.296186828613281250e+02 2.360312461853027344e+01 3.060155944824218750e+02
1.124799728393554688e+01 3.295039367675781250e+02 2.351773452758789062e+01 3.059861755371093750e+02
1.126840686798095703e+01 3.293663024902343750e+02 2.345389175415039062e+01 3.059124450683593750e+02
1.128881549835205078e+01 3.292355957031250000e+02 2.339028739929199219e+01 3.058453063964843750e+02
1.130922222137451172e+01 3.291201782226562500e+02 2.330574226379394531e+01 3.058144836425781250e+02
1.132963180541992188e+01 3.290311279296875000e+02 2.324263191223144531e+01 3.057884826660156250e+02
1.135004043579101562e+01 3.288921203613281250e+02 2.317974853515625000e+01 3.057123718261718750e+02
1.137044906616210938e+01 3.287780151367187500e+02 2.311709022521972656e+01 3.056609191894531250e+02
1.139085769653320312e+01 3.286889953613281250e+02 2.307567024230957031e+01 3.056133728027343750e+02
1.141126728057861328e+01 3.285413818359375000e+02 2.301342010498046875e+01 3.055280151367187500e+02
1.143167591094970703e+01 3.284502258300781250e+02 2.295139503479003906e+01 3.054988403320312500e+02
1.145208454132080078e+01 3.283108520507812500e+02 2.288958740234375000e+01 3.054212646484375000e+02
1.147249317169189453e+01 3.281519470214843750e+02 2.284886741638183594e+01 3.053031005859375000e+02
1.149290180206298828e+01 3.280396728515625000e+02 2.278746414184570312e+01 3.052521972656250000e+02
1.161535358428955078e+01 3.282602233886718750e+02 2.246479606628417969e+01 3.057954101562500000e+02
1.163576221466064453e+01 3.268890380859375000e+02 2.242539215087890625e+01 3.044635925292968750e+02
1.165617179870605469e+01 3.268278503417968750e+02 2.236558914184570312e+01 3.044622192382812500e+02
1.173780632019042969e+01 3.268677978515625000e+02 2.218964576721191406e+01 3.046781311035156250e+02
1.179903125762939453e+01 3.267724609375000000e+02 2.203392410278320312e+01 3.047385559082031250e+02
1.181944084167480469e+01 3.283208312988281250e+02 2.240095901489257812e+01 3.059198608398437500e+02
1.183984947204589844e+01 3.256084899902343750e+02 2.187708663940429688e+01 3.037313842773437500e+02
1.188066673278808594e+01 3.254492797851562500e+02 2.178177642822265625e+01 3.036675109863281250e+02
1.202352714538574219e+01 3.228913574218750000e+02 2.152297019958496094e+01 3.013683776855468750e+02
1.204393577575683594e+01 3.296812133789062500e+02 2.255982971191406250e+01 3.071213989257812500e+02
1.206434535980224609e+01 3.261515197753906250e+02 2.141046333312988281e+01 3.047410583496093750e+02
1.214597988128662109e+01 3.234609069824218750e+02 2.118772315979003906e+01 3.022732543945312500e+02
1.216638946533203125e+01 3.238585205078125000e+02 2.115218162536621094e+01 3.027062988281250000e+02
1.218679809570312500e+01 3.245978088378906250e+02 2.113640213012695312e+01 3.034613647460937500e+02
1.220720672607421875e+01 3.237161560058593750e+02 2.106184387207031250e+01 3.026543273925781250e+02
1.222761440277099609e+01 3.239457092285156250e+02 2.102669143676757812e+01 3.029190063476562500e+02
1.224802303314208984e+01 3.235260620117187500e+02 2.101120185852050781e+01 3.025148620605468750e+02
1.226843166351318359e+01 3.234568176269531250e+02 2.097624969482421875e+01 3.024806213378906250e+02
1.228884029388427734e+01 3.233789672851562500e+02 2.096089172363281250e+01 3.024181213378906250e+02
1.232965850830078125e+01 3.230910339355468750e+02 2.091091728210449219e+01 3.021801452636718750e+02
1.235006713867187500e+01 3.229466857910156250e+02 2.085697555541992188e+01 3.020896911621093750e+02
1.239088439941406250e+01 3.228229370117187500e+02 2.082690811157226562e+01 3.019959716796875000e+02
1.245211124420166016e+01 3.225265808105468750e+02 2.074372863769531250e+01 3.017828369140625000e+02
1.247251892089843750e+01 3.230344238281250000e+02 2.072898483276367188e+01 3.023054199218750000e+02
1.251333618164062500e+01 3.220647583007812500e+02 2.064223480224609375e+01 3.014225463867187500e+02
1.253374481201171875e+01 3.219649353027343750e+02 2.062772369384765625e+01 3.013372192382812500e+02
1.255415344238281250e+01 3.219742126464843750e+02 2.053698539733886719e+01 3.014372253417968750e+02
1.257456302642822266e+01 3.218823852539062500e+02 2.048461341857910156e+01 3.013977661132812500e+02
1.259497165679931641e+01 3.217748413085937500e+02 2.045141983032226562e+01 3.013233947753906250e+02
1.265619850158691406e+01 3.213476562500000000e+02 2.039031219482421875e+01 3.009573364257812500e+02
1.271742343902587891e+01 3.210091857910156250e+02 2.027332687377929688e+01 3.007358703613281250e+02
1.273783206939697266e+01 3.207871704101562500e+02 2.020325660705566406e+01 3.005839233398437500e+02
1.275824069976806641e+01 3.207089233398437500e+02 2.017093658447265625e+01 3.005380249023437500e+02
1.279905796051025391e+01 3.225482177734375000e+02 2.023753738403320312e+01 3.023106689453125000e+02
1.290110301971435547e+01 3.202178955078125000e+02 1.983623695373535156e+01 3.003815917968750000e+02
1.292150974273681641e+01 3.200766601562500000e+02 1.976785850524902344e+01 3.003087768554687500e+02
1.296232795715332031e+01 3.198275146484375000e+02 1.965020370483398438e+01 3.001773376464843750e+02
1.302355384826660156e+01 3.197297058105468750e+02 1.948429679870605469e+01 3.002454223632812500e+02
1.304396247863769531e+01 3.194699096679687500e+02 1.938040161132812500e+01 3.000895080566406250e+02
1.308478069305419922e+01 3.193560485839843750e+02 1.931994628906250000e+01 3.000361022949218750e+02
1.310518932342529297e+01 3.192728271484375000e+02 1.927158927917480469e+01 3.000012512207031250e+02
1.316641426086425781e+01 3.189523620605468750e+02 1.910924720764160156e+01 2.998431396484375000e+02
1.318682289123535156e+01 3.188984375000000000e+02 1.909782791137695312e+01 2.998005981445312500e+02
1.328886699676513672e+01 3.184242553710937500e+02 1.886110496520996094e+01 2.995631103515625000e+02
1.330927658081054688e+01 3.183718872070312500e+02 1.885016822814941406e+01 2.995217285156250000e+02
1.332968521118164062e+01 3.182809753417968750e+02 1.880334854125976562e+01 2.994776306152343750e+02
1.335009384155273438e+01 3.181741333007812500e+02 1.879253387451171875e+01 2.993815917968750000e+02
1.337050247192382812e+01 3.180637207031250000e+02 1.871013450622558594e+01 2.993535766601562500e+02
1.339091014862060547e+01 3.179492797851562500e+02 1.866374588012695312e+01 2.992855529785156250e+02
1.347254562377929688e+01 3.174313049316406250e+02 1.862172889709472656e+01 2.988095703125000000e+02
1.349295425415039062e+01 3.173070983886718750e+02 1.857582283020019531e+01 2.987312927246093750e+02
1.351336288452148438e+01 3.169740600585937500e+02 1.853005218505859375e+01 2.984440002441406250e+02
1.353377151489257812e+01 3.171703186035156250e+02 1.850210952758789062e+01 2.986682128906250000e+02
1.355418109893798828e+01 3.167804565429687500e+02 1.842126464843750000e+01 2.983591918945312500e+02
1.357458972930908203e+01 3.169004211425781250e+02 1.839356803894042969e+01 2.985068664550781250e+02
1.359499835968017578e+01 3.185187683105468750e+02 1.850682640075683594e+01 3.000119323730468750e+02
1.361540508270263672e+01 3.127083129882812500e+02 1.830326652526855469e+01 2.944050292968750000e+02
1.363581562042236328e+01 3.165058593750000000e+02 1.827586936950683594e+01 2.982299499511718750e+02
1.365622234344482422e+01 3.163552551269531250e+02 1.824855804443359375e+01 2.981066589355468750e+02
1.367663288116455078e+01 3.162798156738281250e+02 1.820382118225097656e+01 2.980759887695312500e+02
1.369704055786132812e+01 3.162705383300781250e+02 1.815922164916992188e+01 2.981112976074218750e+02
1.371745109558105469e+01 3.162157897949218750e+02 1.813220214843750000e+01 2.980836486816406250e+02
1.373785781860351562e+01 3.161385498046875000e+02 1.810526847839355469e+01 2.980332641601562500e+02
1.375826835632324219e+01 3.160282897949218750e+02 1.806100654602050781e+01 2.979673156738281250e+02
1.377867507934570312e+01 3.158761291503906250e+02 1.801688385009765625e+01 2.978592224121093750e+02
1.379908561706542969e+01 3.157897949218750000e+02 1.797288894653320312e+01 2.978168640136718750e+02
1.381949329376220703e+01 3.167779235839843750e+02 1.844870567321777344e+01 2.983291931152343750e+02
1.383990383148193359e+01 3.155541687011718750e+02 1.788528633117675781e+01 2.976688537597656250e+02
1.386031055450439453e+01 3.154199523925781250e+02 1.784168052673339844e+01 2.975782775878906250e+02
1.388071823120117188e+01 3.153270263671875000e+02 1.781545066833496094e+01 2.975115356445312500e+02
1.390112876892089844e+01 3.152104492187500000e+02 1.775485038757324219e+01 2.974556274414062500e+02
1.392153549194335938e+01 3.150894775390625000e+02 1.772882461547851562e+01 2.973606567382812500e+02
1.394194602966308594e+01 3.150155334472656250e+02 1.770287132263183594e+01 2.973126831054687500e+02
1.396235370635986328e+01 3.148627319335937500e+02 1.764270401000976562e+01 2.972200622558593750e+02
1.398276424407958984e+01 3.147285156250000000e+02 1.759983062744140625e+01 2.971286621093750000e+02
1.400317096710205078e+01 3.146141052246093750e+02 1.755708503723144531e+01 2.970570373535156250e+02
1.402358150482177734e+01 3.144772644042968750e+02 1.751446151733398438e+01 2.969627990722656250e+02
1.404398918151855469e+01 3.143520507812500000e+02 1.747196578979492188e+01 2.968800964355468750e+02
1.406439971923828125e+01 3.142372741699218750e+02 1.742959022521972656e+01 2.968076782226562500e+02
1.408480644226074219e+01 3.141067199707031250e+02 1.738734054565429688e+01 2.967193908691406250e+02
1.410521411895751953e+01 3.140326843261718750e+02 1.736218452453613281e+01 2.966705017089843750e+02
1.412562465667724609e+01 3.138903198242187500e+02 1.732014846801757812e+01 2.965701293945312500e+02
1.414603137969970703e+01 3.137658691406250000e+02 1.727824020385742188e+01 2.964876708984375000e+02
1.416644191741943359e+01 3.136625061035156250e+02 1.725334739685058594e+01 2.964091186523437500e+02
1.418684959411621094e+01 3.135093994140625000e+02 1.721165466308593750e+01 2.962977600097656250e+02
1.420725917816162109e+01 3.133940124511718750e+02 1.718692779541015625e+01 2.962070922851562500e+02
1.422766685485839844e+01 3.133022766113281250e+02 1.716227531433105469e+01 2.961399536132812500e+02
1.424807739257812500e+01 3.131625976562500000e+02 1.712089157104492188e+01 2.960417480468750000e+02
1.426848411560058594e+01 3.130482177734375000e+02 1.709640312194824219e+01 2.959517822265625000e+02
1.428889465332031250e+01 3.129119262695312500e+02 1.707198333740234375e+01 2.958399353027343750e+02
1.430930233001708984e+01 3.128227233886718750e+02 1.704763412475585938e+01 2.957750549316406250e+02
1.432970905303955078e+01 3.127178955078125000e+02 1.702335739135742188e+01 2.956945495605468750e+02
1.435011959075927734e+01 3.126077270507812500e+02 1.699914550781250000e+01 2.956085815429687500e+02
1.437052726745605469e+01 3.124658203125000000e+02 1.697500610351562500e+01 2.954908142089843750e+02
1.439093780517578125e+01 3.123428955078125000e+02 1.695092964172363281e+01 2.953919677734375000e+02
1.441134452819824219e+01 3.122274475097656250e+02 1.692692565917968750e+01 2.953005371093750000e+02
1.443175506591796875e+01 3.121379089355468750e+02 1.690298652648925781e+01 2.952349243164062500e+02
1.445216274261474609e+01 3.120584716796875000e+02 1.689568138122558594e+01 2.951627807617187500e+02
1.447257328033447266e+01 3.119287719726562500e+02 1.687185287475585938e+01 2.950568847656250000e+02
1.449298000335693359e+01 3.118445129394531250e+02 1.684809684753417969e+01 2.949963684082031250e+02
1.451339054107666016e+01 3.117262573242187500e+02 1.684089851379394531e+01 2.948853454589843750e+02
1.453379821777343750e+01 3.116121215820312500e+02 1.681725311279296875e+01 2.947949218750000000e+02
1.455420494079589844e+01 3.115209045410156250e+02 1.679367256164550781e+01 2.947272338867187500e+02
1.457461547851562500e+01 3.114100646972656250e+02 1.678657722473144531e+01 2.946234741210937500e+02
1.459502315521240234e+01 3.113141479492187500e+02 1.676310539245605469e+01 2.945510253906250000e+02
1.461543273925781250e+01 3.112045898437500000e+02 1.673969650268554688e+01 2.944649353027343750e+02
1.463584041595458984e+01 3.111250305175781250e+02 1.673271369934082031e+01 2.943923645019531250e+02
1.465625095367431641e+01 3.110399169921875000e+02 1.670940971374511719e+01 2.943305053710937500e+02
1.467665767669677734e+01 3.109243164062500000e+02 1.668617820739746094e+01 2.942381286621093750e+02
1.469706821441650391e+01 3.108491516113281250e+02 1.667929458618164062e+01 2.941697998046875000e+02
1.471747589111328125e+01 3.107172546386718750e+02 1.665616607666015625e+01 2.940610656738281250e+02
1.473788642883300781e+01 3.106016845703125000e+02 1.663309860229492188e+01 2.939685668945312500e+02
1.475829315185546875e+01 3.105254211425781250e+02 1.662631797790527344e+01 2.938990783691406250e+02
1.477870082855224609e+01 3.104060058593750000e+02 1.660336112976074219e+01 2.938026733398437500e+02
1.479911136627197266e+01 3.103064270019531250e+02 1.658046150207519531e+01 2.937259826660156250e+02
1.481951808929443359e+01 3.102104187011718750e+02 1.657378387451171875e+01 2.936366577148437500e+02
1.483992862701416016e+01 3.101143798828125000e+02 1.655098915100097656e+01 2.935634155273437500e+02
1.486033630371093750e+01 3.100126037597656250e+02 1.652825927734375000e+01 2.934843444824218750e+02
1.488074684143066406e+01 3.099279479980468750e+02 1.652167510986328125e+01 2.934062805175781250e+02
1.490115356445312500e+01 3.098163146972656250e+02 1.649904823303222656e+01 2.933172607421875000e+02
1.492156410217285156e+01 3.097392883300781250e+02 1.649252510070800781e+01 2.932467346191406250e+02
1.494197177886962891e+01 3.096309814453125000e+02 1.647000122070312500e+01 2.931609497070312500e+02
1.496238231658935547e+01 3.095149230957031250e+02 1.646353340148925781e+01 2.930514221191406250e+02
1.498278903961181641e+01 3.094683837890625000e+02 1.644111061096191406e+01 2.930272521972656250e+02
1.500319957733154297e+01 3.093691101074218750e+02 1.643470001220703125e+01 2.929344177246093750e+02
1.502360725402832031e+01 3.092457580566406250e+02 1.641237449645996094e+01 2.928333740234375000e+02
1.504401397705078125e+01 3.091656799316406250e+02 1.640602302551269531e+01 2.927596435546875000e+02
1.506442451477050781e+01 3.090848083496093750e+02 1.639968490600585938e+01 2.926851501464843750e+02
1.508483123779296875e+01 3.089844970703125000e+02 1.639337158203125000e+01 2.925911560058593750e+02
1.510524177551269531e+01 3.089260864257812500e+02 1.638706779479980469e+01 2.925389709472656250e+02
1.512564945220947266e+01 3.088125000000000000e+02 1.638078498840332031e+01 2.924317321777343750e+02
1.514605998992919922e+01 3.087188110351562500e+02 1.635871124267578125e+01 2.923600463867187500e+02
1.516646671295166016e+01 3.086405334472656250e+02 1.635248565673828125e+01 2.922880554199218750e+02
1.518687725067138672e+01 3.085498352050781250e+02 1.634626960754394531e+01 2.922035522460937500e+02
1.520728492736816406e+01 3.084680175781250000e+02 1.635581779479980469e+01 2.921122436523437500e+02
1.522769546508789062e+01 3.083692626953125000e+02 1.634961509704589844e+01 2.920196228027343750e+02
1.524810218811035156e+01 3.082961730957031250e+02 1.634343528747558594e+01 2.919527282714843750e+02
1.526850986480712891e+01 3.082006530761718750e+02 1.633727073669433594e+01 2.918633728027343750e+02
1.528892040252685547e+01 3.081318359375000000e+02 1.634677696228027344e+01 2.917850341796875000e+02
1.530932712554931641e+01 3.080518493652343750e+02 1.634062004089355469e+01 2.917111816406250000e+02
1.532973766326904297e+01 3.079483032226562500e+02 1.635009765625000000e+01 2.915981750488281250e+02
1.535014533996582031e+01 3.078981933593750000e+02 1.634395599365234375e+01 2.915542907714843750e+02
1.537055587768554688e+01 3.077935791015625000e+02 1.635340118408203125e+01 2.914401550292968750e+02
1.539096260070800781e+01 3.077313232421875000e+02 1.636282920837402344e+01 2.913684692382812500e+02
1.541137313842773438e+01 3.076499023437500000e+02 1.637222290039062500e+01 2.912776489257812500e+02
1.543178081512451172e+01 3.075861511230468750e+02 1.636608505249023438e+01 2.912200927734375000e+02
1.545219039916992188e+01 3.075252380371093750e+02 1.637545394897460938e+01 2.911497497558593750e+02
1.547259807586669922e+01 3.074257812500000000e+02 1.638479995727539062e+01 2.910410156250000000e+02
1.549300575256347656e+01 3.073668212890625000e+02 1.639411926269531250e+01 2.909727478027343750e+02
1.551341533660888672e+01 3.072856750488281250e+02 1.640341186523437500e+01 2.908822937011718750e+02
1.553382301330566406e+01 3.072371215820312500e+02 1.641268730163574219e+01 2.908244323730468750e+02
1.555423355102539062e+01 3.071638183593750000e+02 1.640653991699218750e+01 2.907572631835937500e+02
1.557464027404785156e+01 3.070905456542968750e+02 1.641578483581542969e+01 2.906748046875000000e+02
1.559505081176757812e+01 3.070384521484375000e+02 1.642500114440917969e+01 2.906134338378906250e+02
1.561545848846435547e+01 3.069529418945312500e+02 1.643419647216796875e+01 2.905187072753906250e+02
1.563586902618408203e+01 3.069100341796875000e+02 1.644336509704589844e+01 2.904666748046875000e+02
1.565627574920654297e+01 3.068082885742187500e+02 1.643722152709960938e+01 2.903710632324218750e+02
1.567668342590332031e+01 3.067279968261718750e+02 1.644636535644531250e+01 2.902815856933593750e+02
1.569709396362304688e+01 3.066964111328125000e+02 1.644022941589355469e+01 2.902561645507812500e+02
1.571750068664550781e+01 3.066098937988281250e+02 1.644934844970703125e+01 2.901605529785156250e+02
1.573791122436523438e+01 3.065467529296875000e+02 1.645843696594238281e+01 2.900883178710937500e+02
1.575831890106201172e+01 3.064801635742187500e+02 1.645231246948242188e+01 2.900278320312500000e+02
1.577872943878173828e+01 3.063942260742187500e+02 1.644620323181152344e+01 2.899480285644531250e+02
1.579913616180419922e+01 3.063093872070312500e+02 1.645526313781738281e+01 2.898541564941406250e+02
1.581954383850097656e+01 3.062277832031250000e+02 1.644917106628417969e+01 2.897785949707031250e+02
1.583995437622070312e+01 3.061495666503906250e+02 1.644308853149414062e+01 2.897064819335937500e+02
1.586036109924316406e+01 3.060931091308593750e+02 1.645211982727050781e+01 2.896409606933593750e+02
1.588077163696289062e+01 3.060154724121093750e+02 1.644604873657226562e+01 2.895693969726562500e+02
1.590117931365966797e+01 3.059441528320312500e+02 1.643999671936035156e+01 2.895041503906250000e+02
1.592158889770507812e+01 3.058546447753906250e+02 1.643395805358886719e+01 2.894207153320312500e+02
1.594199657440185547e+01 3.057705078125000000e+02 1.642793464660644531e+01 2.893425598144531250e+02
1.596240711212158203e+01 3.056640319824218750e+02 1.640692901611328125e+01 2.892571105957031250e+02
1.598281383514404297e+01 3.055979614257812500e+02 1.640095901489257812e+01 2.891970214843750000e+02
1.600322532653808594e+01 3.055075988769531250e+02 1.639500045776367188e+01 2.891126098632812500e+02
1.602363204956054688e+01 3.054402160644531250e+02 1.638906097412109375e+01 2.890511779785156250e+02
1.604404258728027344e+01 3.053677062988281250e+02 1.636821174621582031e+01 2.889995117187500000e+02
1.606444931030273438e+01 3.052500000000000000e+02 1.636232185363769531e+01 2.888876342773437500e+02
1.608485603332519531e+01 3.051646423339843750e+02 1.635644340515136719e+01 2.888081970214843750e+02
1.610526657104492188e+01 3.050820007324218750e+02 1.633571434020996094e+01 2.887462768554687500e+02
1.612567520141601562e+01 3.049721069335937500e+02 1.632988739013671875e+01 2.886422424316406250e+02
1.614608573913574219e+01 3.049051513671875000e+02 1.632406997680664062e+01 2.885810852050781250e+02
1.616649246215820312e+01 3.047862854003906250e+02 1.630346488952636719e+01 2.884828186035156250e+02
1.618690299987792969e+01 3.047319335937500000e+02 1.629769897460937500e+01 2.884342041015625000e+02
1.620730972290039062e+01 3.046669616699218750e+02 1.629194641113281250e+01 2.883750000000000000e+02
1.622772026062011719e+01 3.045726928710937500e+02 1.628620719909667969e+01 2.882864379882812500e+02
1.624812698364257812e+01 3.044987182617187500e+02 1.626575088500976562e+01 2.882329711914062500e+02
1.626853752136230469e+01 3.043995361328125000e+02 1.626006126403808594e+01 2.881395263671875000e+02
1.628894615173339844e+01 3.043186950683593750e+02 1.625438499450683594e+01 2.880643615722656250e+02
1.630935287475585938e+01 3.042372131347656250e+02 1.624872589111328125e+01 2.879885253906250000e+02
1.632976341247558594e+01 3.041641845703125000e+02 1.624307823181152344e+01 2.879211425781250000e+02
1.635017013549804688e+01 3.040728759765625000e+02 1.622280311584472656e+01 2.878500366210937500e+02
1.637058067321777344e+01 3.039694519042968750e+02 1.621719932556152344e+01 2.877522277832031250e+02
1.639098739624023438e+01 3.039225769042968750e+02 1.621161270141601562e+01 2.877109985351562500e+02
1.641139793395996094e+01 3.038703002929687500e+02 1.622062492370605469e+01 2.876496887207031250e+02
1.643180465698242188e+01 3.037926635742187500e+02 1.621504974365234375e+01 2.875776062011718750e+02
1.645221519470214844e+01 3.037258300781250000e+02 1.620948219299316406e+01 2.875163574218750000e+02
1.647262382507324219e+01 3.036310729980468750e+02 1.620393562316894531e+01 2.874271545410156250e+02
1.649303436279296875e+01 3.035721435546875000e+02 1.621291160583496094e+01 2.873592224121093750e+02
1.651344108581542969e+01 3.035223388671875000e+02 1.622186851501464844e+01 2.873004455566406250e+02
1.653384780883789062e+01 3.034316406250000000e+02 1.621632575988769531e+01 2.872153320312500000e+02
1.655425834655761719e+01 3.033763122558593750e+02 1.621079444885253906e+01 2.871655578613281250e+02
1.657466506958007812e+01 3.033252258300781250e+02 1.621972084045410156e+01 2.871054687500000000e+02
1.659507560729980469e+01 3.032337951660156250e+02 1.621419715881347656e+01 2.870196228027343750e+02
1.661548423767089844e+01 3.031780090332031250e+02 1.620869064331054688e+01 2.869692993164062500e+02
1.663589477539062500e+01 3.031250000000000000e+02 1.621758460998535156e+01 2.869073791503906250e+02
1.665630149841308594e+01 3.030671081542968750e+02 1.621208763122558594e+01 2.868550720214843750e+02
1.667671203613281250e+01 3.029949035644531250e+02 1.620660018920898438e+01 2.867882995605468750e+02
1.669711875915527344e+01 3.029202880859375000e+02 1.621546745300292969e+01 2.867048645019531250e+02
1.671752929687500000e+01 3.028687744140625000e+02 1.620998764038085938e+01 2.866588439941406250e+02
1.673793601989746094e+01 3.028247985839843750e+02 1.620452880859375000e+01 2.866202697753906250e+02
1.675834465026855469e+01 3.027763671875000000e+02 1.619908142089843750e+01 2.865773010253906250e+02
1.677875518798828125e+01 3.026983642578125000e+02 1.619364356994628906e+01 2.865047302246093750e+02
1.679916191101074219e+01 3.026448669433593750e+02 1.620247077941894531e+01 2.864423828125000000e+02
1.681957244873046875e+01 3.025887756347656250e+02 1.619704246520996094e+01 2.863916625976562500e+02
1.683997917175292969e+01 3.024969787597656250e+02 1.619163131713867188e+01 2.863053283691406250e+02
1.686038970947265625e+01 3.024324645996093750e+02 1.618622779846191406e+01 2.862462463378906250e+02
1.688079643249511719e+01 3.023633728027343750e+02 1.618084144592285156e+01 2.861825256347656250e+02
1.690120697021484375e+01 3.023052368164062500e+02 1.617546463012695312e+01 2.861298522949218750e+02
1.692161369323730469e+01 3.022484436035156250e+02 1.615595817565917969e+01 2.860925292968750000e+02
1.694202423095703125e+01 3.021662292480468750e+02 1.615062522888183594e+01 2.860156555175781250e+02
1.696243286132812500e+01 3.021066894531250000e+02 1.614530754089355469e+01 2.859613647460937500e+02
1.698283958435058594e+01 3.020314636230468750e+02 1.614000129699707031e+01 2.858915405273437500e+02
1.700325012207031250e+01 3.019441223144531250e+02 1.612062644958496094e+01 2.858234863281250000e+02
1.702365684509277344e+01 3.018848876953125000e+02 1.611536598205566406e+01 2.857695007324218750e+02
1.704406738281250000e+01 3.018220520019531250e+02 1.611011123657226562e+01 2.857119750976562500e+02
1.706447410583496094e+01 3.017445983886718750e+02 1.609084701538085938e+01 2.856537170410156250e+02
1.708488464355468750e+01 3.016441650390625000e+02 1.607162284851074219e+01 2.855725402832031250e+02
1.710529327392578125e+01 3.015969543457031250e+02 1.606644439697265625e+01 2.855304870605468750e+02
1.712570381164550781e+01 3.015020751953125000e+02 1.604729652404785156e+01 2.854547729492187500e+02
1.714611053466796875e+01 3.014404602050781250e+02 1.602819633483886719e+01 2.854122619628906250e+02
1.716652107238769531e+01 3.013594055175781250e+02 1.602308654785156250e+01 2.853363342285156250e+02
1.718692779541015625e+01 3.012618713378906250e+02 1.600406074523925781e+01 2.852578125000000000e+02
1.720733833312988281e+01 3.011875000000000000e+02 1.598507785797119141e+01 2.852024536132812500e+02
1.722774505615234375e+01 3.010963134765625000e+02 1.598003768920898438e+01 2.851163330078125000e+02
1.724815368652343750e+01 3.010216064453125000e+02 1.596113014221191406e+01 2.850605468750000000e+02
1.726856231689453125e+01 3.009584045410156250e+02 1.595612812042236328e+01 2.850022888183593750e+02
1.728897094726562500e+01 3.007914428710937500e+02 1.593729400634765625e+01 2.848541259765625000e+02
1.730938148498535156e+01 3.007933349609375000e+02 1.593233013153076172e+01 2.848610229492187500e+02
1.732978820800781250e+01 3.007081909179687500e+02 1.591356945037841797e+01 2.847946166992187500e+02
1.735019874572753906e+01 3.006509704589843750e+02 1.590864753723144531e+01 2.847423400878906250e+02
1.737060546875000000e+01 3.005601501464843750e+02 1.588995838165283203e+01 2.846701354980468750e+02
1.739101600646972656e+01 3.004663696289062500e+02 1.588507461547851562e+01 2.845813293457031250e+02
1.741142272949218750e+01 3.003724975585937500e+02 1.586645603179931641e+01 2.845060424804687500e+02
1.743183326721191406e+01 3.003005065917968750e+02 1.586161136627197266e+01 2.844388732910156250e+02
1.745224189758300781e+01 3.002429809570312500e+02 1.585678100585937500e+01 2.843861999511718750e+02
1.747264862060546875e+01 3.001767578125000000e+02 1.585196113586425781e+01 2.843247680664062500e+02
1.749305915832519531e+01 3.000969543457031250e+02 1.584715175628662109e+01 2.842497863769531250e+02
1.751346588134765625e+01 3.000183715820312500e+02 1.584235572814941406e+01 2.841760253906250000e+02
1.753387641906738281e+01 2.999513549804687500e+02 1.583756637573242188e+01 2.841137390136718750e+02
1.755428314208984375e+01 2.998841552734375000e+02 1.583279228210449219e+01 2.840513610839843750e+02
1.757469367980957031e+01 2.998217163085937500e+02 1.582802581787109375e+01 2.839937133789062500e+02
1.759510231018066406e+01 2.997351684570312500e+02 1.582327270507812500e+01 2.839118957519531250e+02
1.761551284790039062e+01 2.996721801757812500e+02 1.581853008270263672e+01 2.838536682128906250e+02
1.763591957092285156e+01 2.996286315917968750e+02 1.582737350463867188e+01 2.838012390136718750e+02
1.765633010864257812e+01 2.995672912597656250e+02 1.582263660430908203e+01 2.837446289062500000e+02
1.767673683166503906e+01 2.995040893554687500e+02 1.581791210174560547e+01 2.836861572265625000e+02
1.769714355468750000e+01 2.994417724609375000e+02 1.582672500610351562e+01 2.836150817871093750e+02
1.771755409240722656e+01 2.993791503906250000e+02 1.582200527191162109e+01 2.835571289062500000e+02
1.773796081542968750e+01 2.993179321289062500e+02 1.581729793548583984e+01 2.835006103515625000e+02
1.775837135314941406e+01 2.992799072265625000e+02 1.582607936859130859e+01 2.834538574218750000e+02
1.777877998352050781e+01 2.992252197265625000e+02 1.582137870788574219e+01 2.834038696289062500e+02
1.779919052124023438e+01 2.991560363769531250e+02 1.583013629913330078e+01 2.833258972167968750e+02
1.781959724426269531e+01 2.991143493652343750e+02 1.582544136047363281e+01 2.832888793945312500e+02
1.784000778198242188e+01 2.990650024414062500e+02 1.583417224884033203e+01 2.832308349609375000e+02
1.786041450500488281e+01 2.990087890625000000e+02 1.582948398590087891e+01 2.831793518066406250e+02
1.788082504272460938e+01 2.989648437500000000e+02 1.583819007873535156e+01 2.831267089843750000e+02
1.790123176574707031e+01 2.988839416503906250e+02 1.583350849151611328e+01 2.830504455566406250e+02
1.792164039611816406e+01 2.988283996582031250e+02 1.584219455718994141e+01 2.829861450195312500e+02
1.794205093383789062e+01 2.987778015136718750e+02 1.583751583099365234e+01 2.829403076171875000e+02
1.796245765686035156e+01 2.987292785644531250e+02 1.583284950256347656e+01 2.828963623046875000e+02
1.798286819458007812e+01 2.986680908203125000e+02 1.584150505065917969e+01 2.828265991210937500e+02
1.800327491760253906e+01 2.985918579101562500e+02 1.583684444427490234e+01 2.827550048828125000e+02
1.802368545532226562e+01 2.985351562500000000e+02 1.583219337463378906e+01 2.827029418945312500e+02
1.804409217834472656e+01 2.984857788085937500e+02 1.582755279541015625e+01 2.826582336425781250e+02
1.806450271606445312e+01 2.984140319824218750e+02 1.582292175292968750e+01 2.825911254882812500e+02
1.808491134643554688e+01 2.983747253417968750e+02 1.584477901458740234e+01 2.825299377441406250e+02
1.810531997680664062e+01 2.982680969238281250e+02 1.581369495391845703e+01 2.824544067382812500e+02
1.812572860717773438e+01 2.982214965820312500e+02 1.580909919738769531e+01 2.824124450683593750e+02
1.814613533020019531e+01 2.981426086425781250e+02 1.580451011657714844e+01 2.823380737304687500e+02
1.816654586791992188e+01 2.980661621093750000e+02 1.579993247985839844e+01 2.822662353515625000e+02
1.818695259094238281e+01 2.980132446289062500e+02 1.579536628723144531e+01 2.822178955078125000e+02
1.820736312866210938e+01 2.979137878417968750e+02 1.579080677032470703e+01 2.821230163574218750e+02
1.822776985168457031e+01 2.978018188476562500e+02 1.578626251220703125e+01 2.820155029296875000e+02
1.824818038940429688e+01 2.977862243652343750e+02 1.578172397613525391e+01 2.820044860839843750e+02
1.826858901977539062e+01 2.976906433105468750e+02 1.576409530639648438e+01 2.819265441894531250e+02
1.828899955749511719e+01 2.976169433593750000e+02 1.575959205627441406e+01 2.818573913574218750e+02
1.830940628051757812e+01 2.975594787597656250e+02 1.575510215759277344e+01 2.818043823242187500e+02
1.832981681823730469e+01 2.974678955078125000e+02 1.573755836486816406e+01 2.817303466796875000e+02
1.835022354125976562e+01 2.974061279296875000e+02 1.573310089111328125e+01 2.816730346679687500e+02
1.837063026428222656e+01 2.973191528320312500e+02 1.572865581512451172e+01 2.815903930664062500e+02
1.839104080200195312e+01 2.972402038574218750e+02 1.571119976043701172e+01 2.815290832519531250e+02
1.841144943237304688e+01 2.971309204101562500e+02 1.570678710937500000e+01 2.814241027832031250e+02
1.843185997009277344e+01 2.970805053710937500e+02 1.570238304138183594e+01 2.813781127929687500e+02
1.845226669311523438e+01 2.969875488281250000e+02 1.568501663208007812e+01 2.813025512695312500e+02
1.847267723083496094e+01 2.969147644042968750e+02 1.568064594268798828e+01 2.812340698242187500e+02
1.849308395385742188e+01 2.968425903320312500e+02 1.567628574371337891e+01 2.811663208007812500e+02
1.851349449157714844e+01 2.967680053710937500e+02 1.565900325775146484e+01 2.811090087890625000e+02
1.853390121459960938e+01 2.966995849609375000e+02 1.565467929840087891e+01 2.810448913574218750e+02
1.855431175231933594e+01 2.966234130859375000e+02 1.563745880126953125e+01 2.809859619140625000e+02
1.857471847534179688e+01 2.965408935546875000e+02 1.562027931213378906e+01 2.809205932617187500e+02
1.859512901306152344e+01 2.964674072265625000e+02 1.561600780487060547e+01 2.808513793945312500e+02
1.861553764343261719e+01 2.963869628906250000e+02 1.559888839721679688e+01 2.807880859375000000e+02
1.863594436645507812e+01 2.962809448242187500e+02 1.556896018981933594e+01 2.807120361328125000e+02
1.865635490417480469e+01 2.961802673339843750e+02 1.552626419067382812e+01 2.806539916992187500e+02
1.867676162719726562e+01 2.960677795410156250e+02 1.547084712982177734e+01 2.805968933105468750e+02
1.869717216491699219e+01 2.959347534179687500e+02 1.538994121551513672e+01 2.805448608398437500e+02
1.871757888793945312e+01 2.957680053710937500e+02 1.528363513946533203e+01 2.804843444824218750e+02
1.873798942565917969e+01 2.955407714843750000e+02 1.511367702484130859e+01 2.804270935058593750e+02
1.875839805603027344e+01 2.952723999023437500e+02 1.490580749511718750e+01 2.803665771484375000e+02
1.877880859375000000e+01 2.949382019042968750e+02 1.464739608764648438e+01 2.802907409667968750e+02
1.879921531677246094e+01 2.946325683593750000e+02 1.440228176116943359e+01 2.802302551269531250e+02
1.881962585449218750e+01 2.943376770019531250e+02 1.422129821777343750e+01 2.801163635253906250e+02
1.884003257751464844e+01 2.942093200683593750e+02 1.414236068725585938e+01 2.800669250488281250e+02
1.886043930053710938e+01 2.942174072265625000e+02 1.416513824462890625e+01 2.800522460937500000e+02
1.888084983825683594e+01 2.942698364257812500e+02 1.423857784271240234e+01 2.800312805175781250e+02
1.890125846862792969e+01 2.943704528808593750e+02 1.433719253540039062e+01 2.800332336425781250e+02
1.892166900634765625e+01 2.944307250976562500e+02 1.443559265136718750e+01 2.799951782226562500e+02
1.894207572937011719e+01 2.945421142578125000e+02 1.453378295898437500e+01 2.800083923339843750e+02
1.896248626708984375e+01 2.946249084472656250e+02 1.460651016235351562e+01 2.800183410644531250e+02
1.898289299011230469e+01 2.947294921875000000e+02 1.466647338867187500e+01 2.800629882812500000e+02
1.900330352783203125e+01 2.948125610351562500e+02 1.472630596160888672e+01 2.800862426757812500e+02
1.902371025085449219e+01 2.949032592773437500e+02 1.476084327697753906e+01 2.801423950195312500e+02
1.904412078857421875e+01 2.950298767089843750e+02 1.479530620574951172e+01 2.802345275878906250e+02
1.906452751159667969e+01 2.951374816894531250e+02 1.480458164215087891e+01 2.803328552246093750e+02
1.908493614196777344e+01 2.952681884765625000e+02 1.481383800506591797e+01 2.804544067382812500e+02
1.910534667968750000e+01 2.954006958007812500e+02 1.479801177978515625e+01 2.806026916503906250e+02
1.912575340270996094e+01 2.954980468750000000e+02 1.478222274780273438e+01 2.807158203125000000e+02
1.914616394042968750e+01 2.955403442382812500e+02 1.474145793914794922e+01 2.807989196777343750e+02
1.916657066345214844e+01 2.954663696289062500e+02 1.468829250335693359e+01 2.807780151367187500e+02
1.918698120117187500e+01 2.952373962402343750e+02 1.462276077270507812e+01 2.806146545410156250e+02
1.920738792419433594e+01 2.949421997070312500e+02 1.455737018585205078e+01 2.803848571777343750e+02
1.922779846191406250e+01 2.945640258789062500e+02 1.450456619262695312e+01 2.800594787597656250e+02
1.924820709228515625e+01 2.941766052246093750e+02 1.441456604003906250e+01 2.797619934082031250e+02
1.926861763000488281e+01 2.938702697753906250e+02 1.432475376129150391e+01 2.795455322265625000e+02
1.928902435302734375e+01 2.935238037109375000e+02 1.419790267944335938e+01 2.793259277343750000e+02
1.930943107604980469e+01 2.931658935546875000e+02 1.403412532806396484e+01 2.791317443847656250e+02
1.932984161376953125e+01 2.927585144042968750e+02 1.384592342376708984e+01 2.789125976562500000e+02
1.935024833679199219e+01 2.924213867187500000e+02 1.365811920166015625e+01 2.787632446289062500e+02
1.937065887451171875e+01 2.921535949707031250e+02 1.352014350891113281e+01 2.786335144042968750e+02
1.939106750488281250e+01 2.919588317871093750e+02 1.340715026855468750e+01 2.785516967773437500e+02
1.941147613525390625e+01 2.918016967773437500e+02 1.329439449310302734e+01 2.785072326660156250e+02
1.943188476562500000e+01 2.917612304687500000e+02 1.328043270111083984e+01 2.784807434082031250e+02
1.945229530334472656e+01 2.919892578125000000e+02 1.358646965026855469e+01 2.784027709960937500e+02
1.947270202636718750e+01 2.918647155761718750e+02 1.367058181762695312e+01 2.781941223144531250e+02
1.949311256408691406e+01 2.912989807128906250e+02 1.325100040435791016e+01 2.780479736328125000e+02
1.951351928710937500e+01 2.905497131347656250e+02 1.256240463256835938e+01 2.779873352050781250e+02
1.953392601013183594e+01 2.906764526367187500e+02 1.281889343261718750e+01 2.778576049804687500e+02
1.955433654785156250e+01 2.910077209472656250e+02 1.327072238922119141e+01 2.777370300292968750e+02
1.957474517822265625e+01 2.910883789062500000e+02 1.348925113677978516e+01 2.775991516113281250e+02
1.959515571594238281e+01 2.910675048828125000e+02 1.358515167236328125e+01 2.774823608398437500e+02
1.961556243896484375e+01 2.910027465820312500e+02 1.359542560577392578e+01 2.774073486328125000e+02
1.963597297668457031e+01 2.907662963867187500e+02 1.350814723968505859e+01 2.772581481933593750e+02
1.965637969970703125e+01 2.904465637207031250e+02 1.334797573089599609e+01 2.770985717773437500e+02
1.967679023742675781e+01 2.903089599609375000e+02 1.337062931060791016e+01 2.769383239746093750e+02
1.969719696044921875e+01 2.900931091308593750e+02 1.325954723358154297e+01 2.768335266113281250e+02
1.971760749816894531e+01 2.893854064941406250e+02 1.261449146270751953e+01 2.767709655761718750e+02
1.973801612854003906e+01 2.884773254394531250e+02 1.172334957122802734e+01 2.767539062500000000e+02
1.975842666625976562e+01 2.882506408691406250e+02 1.150163364410400391e+01 2.767490234375000000e+02
1.977883338928222656e+01 2.887017211914062500e+02 1.200053119659423828e+01 2.767011718750000000e+02
1.979924011230468750e+01 2.891183166503906250e+02 1.247784423828125000e+01 2.766404418945312500e+02
1.981965065002441406e+01 2.894367370605468750e+02 1.286358547210693359e+01 2.765731811523437500e+02
1.984005737304687500e+01 2.896661071777343750e+02 1.316407012939453125e+01 2.765020141601562500e+02
1.986046791076660156e+01 2.896666564941406250e+02 1.325902557373046875e+01 2.764076538085937500e+02
1.988087463378906250e+01 2.894924316406250000e+02 1.320929145812988281e+01 2.762831115722656250e+02
1.990128517150878906e+01 2.892230224609375000e+02 1.305139732360839844e+01 2.761716613769531250e+02
1.992169380187988281e+01 2.888563537597656250e+02 1.277366161346435547e+01 2.760826416015625000e+02
1.994210433959960938e+01 2.883691101074218750e+02 1.240045928955078125e+01 2.759686584472656250e+02
1.996251106262207031e+01 2.878168029785156250e+02 1.197285652160644531e+01 2.758439331054687500e+02
1.998292160034179688e+01 2.872081298828125000e+02 1.153534507751464844e+01 2.756727905273437500e+02
2.000332832336425781e+01 2.871555786132812500e+02 1.160854625701904297e+01 2.755470275878906250e+02
2.002373504638671875e+01 2.873995056152343750e+02 1.190277385711669922e+01 2.754967651367187500e+02
2.004414558410644531e+01 2.872276000976562500e+02 1.178555393218994141e+01 2.754420166015625000e+02
2.006455421447753906e+01 2.866423034667968750e+02 1.124144172668457031e+01 2.754008483886718750e+02
2.008496475219726562e+01 2.857879638671875000e+02 1.040999507904052734e+01 2.753779602050781250e+02
2.010537147521972656e+01 2.849886169433593750e+02 9.695734977722167969e+00 2.752928771972656250e+02
2.012578201293945312e+01 2.848314819335937500e+02 9.644270896911621094e+00 2.751872253417968750e+02
2.014618873596191406e+01 2.852300720214843750e+02 1.020368289947509766e+01 2.750263366699218750e+02
2.016659927368164062e+01 2.857509155273437500e+02 1.087473297119140625e+01 2.748761596679687500e+02
2.018700599670410156e+01 2.860972900390625000e+02 1.136773300170898438e+01 2.747295532226562500e+02
2.020741653442382812e+01 2.862575988769531250e+02 1.165597343444824219e+01 2.746015930175781250e+02
2.022782516479492188e+01 2.863332519531250000e+02 1.182291984558105469e+01 2.745103149414062500e+02
2.024823188781738281e+01 2.863889465332031250e+02 1.196469974517822266e+01 2.744243469238281250e+02
2.026864242553710938e+01 2.864940185546875000e+02 1.212981414794921875e+01 2.743642272949218750e+02
2.028904914855957031e+01 2.867024841308593750e+02 1.234179687500000000e+01 2.743606567382812500e+02
2.030945968627929688e+01 2.868240356445312500e+02 1.250620079040527344e+01 2.743178710937500000e+02
2.032986640930175781e+01 2.865058898925781250e+02 1.223459053039550781e+01 2.742713012695312500e+02
2.035027694702148438e+01 2.855174865722656250e+02 1.138004970550537109e+01 2.741374206542968750e+02
2.037068367004394531e+01 2.845957031250000000e+02 1.056718063354492188e+01 2.740285339355468750e+02
2.039109420776367188e+01 2.843119812011718750e+02 1.033589076995849609e+01 2.739761047363281250e+02
2.041150283813476562e+01 2.845010375976562500e+02 1.052962779998779297e+01 2.739714355468750000e+02
2.043191337585449219e+01 2.848252868652343750e+02 1.089403915405273438e+01 2.739312438964843750e+02
2.045232009887695312e+01 2.853360290527343750e+02 1.146841049194335938e+01 2.738676147460937500e+02
2.047272682189941406e+01 2.859170227050781250e+02 1.213752269744873047e+01 2.737794799804687500e+02
2.049313735961914062e+01 2.863460998535156250e+02 1.266278457641601562e+01 2.736833190917968750e+02
2.051354408264160156e+01 2.864223937988281250e+02 1.280189704895019531e+01 2.736204833984375000e+02
2.053395462036132812e+01 2.857756652832031250e+02 1.219459819793701172e+01 2.735810546875000000e+02
2.055436325073242188e+01 2.851456909179687500e+02 1.162577533721923828e+01 2.735199890136718750e+02
2.057477378845214844e+01 2.848710021972656250e+02 1.161540699005126953e+01 2.732555847167968750e+02
2.059518051147460938e+01 2.861642456054687500e+02 1.304174327850341797e+01 2.731224975585937500e+02
2.061559104919433594e+01 2.867351684570312500e+02 1.369072341918945312e+01 2.730444335937500000e+02
2.063599777221679688e+01 2.869773254394531250e+02 1.397880363464355469e+01 2.729984436035156250e+02
2.065640830993652344e+01 2.870508422851562500e+02 1.409247112274169922e+01 2.729582824707031250e+02
2.067681503295898438e+01 2.869777221679687500e+02 1.407856273651123047e+01 2.728991394042968750e+02
2.069722366333007812e+01 2.867201538085937500e+02 1.393745231628417969e+01 2.727826843261718750e+02
2.071763229370117188e+01 2.864960021972656250e+02 1.385439109802246094e+01 2.726416320800781250e+02
2.073804092407226562e+01 2.864125671386718750e+02 1.389847469329833984e+01 2.725141296386718750e+02
2.075845146179199219e+01 2.862668151855468750e+02 1.387327671051025391e+01 2.723935852050781250e+02
2.077885818481445312e+01 2.859167175292968750e+02 1.364075565338134766e+01 2.722760009765625000e+02
2.079926872253417969e+01 2.857386779785156250e+02 1.360435104370117188e+01 2.721342773437500000e+02
2.081967544555664062e+01 2.856549072265625000e+02 1.361401271820068359e+01 2.720408325195312500e+02
2.084008598327636719e+01 2.854306945800781250e+02 1.347432136535644531e+01 2.719563293457031250e+02
2.086049270629882812e+01 2.849815063476562500e+02 1.311686515808105469e+01 2.718646545410156250e+02
2.088090324401855469e+01 2.844273681640625000e+02 1.262252998352050781e+01 2.718048095703125000e+02
2.090131187438964844e+01 2.838833312988281250e+02 1.212916278839111328e+01 2.717541503906250000e+02
2.092171859741210938e+01 2.834392089843750000e+02 1.179694938659667969e+01 2.716422424316406250e+02
2.094212913513183594e+01 2.831544189453125000e+02 1.164827919006347656e+01 2.715061645507812500e+02
2.096253585815429688e+01 2.834664611816406250e+02 1.205947780609130859e+01 2.714069824218750000e+02
2.098294639587402344e+01 2.839043273925781250e+02 1.253832817077636719e+01 2.713660278320312500e+02
2.100335311889648438e+01 2.841415405273437500e+02 1.282248687744140625e+01 2.713190307617187500e+02
2.102376365661621094e+01 2.842241516113281250e+02 1.293529319763183594e+01 2.712889099121093750e+02
2.104417228698730469e+01 2.844188842773437500e+02 1.317301368713378906e+01 2.712458801269531250e+02
2.106458282470703125e+01 2.843082580566406250e+02 1.316024971008300781e+01 2.711480407714843750e+02
2.108498954772949219e+01 2.841479797363281250e+02 1.303397560119628906e+01 2.711139526367187500e+02
2.110540008544921875e+01 2.841251220703125000e+02 1.305539894104003906e+01 2.710697021484375000e+02
2.112580680847167969e+01 2.840076904296875000e+02 1.302012538909912109e+01 2.709875183105468750e+02
2.114621734619140625e+01 2.838833312988281250e+02 1.297359561920166016e+01 2.709097290039062500e+02
2.116662406921386719e+01 2.838196105957031250e+02 1.300632572174072266e+01 2.708132934570312500e+02
2.118703079223632812e+01 2.837729797363281250e+02 1.306159210205078125e+01 2.707113952636718750e+02
2.120744132995605469e+01 2.837727661132812500e+02 1.312803745269775391e+01 2.706447448730468750e+02
2.122784996032714844e+01 2.838508300781250000e+02 1.323946762084960938e+01 2.706113586425781250e+02
2.124826049804687500e+01 2.839618835449218750e+02 1.340701293945312500e+01 2.705548400878906250e+02
2.126866722106933594e+01 2.839256591796875000e+02 1.336038208007812500e+01 2.705652465820312500e+02
2.128907775878906250e+01 2.836857299804687500e+02 1.307769680023193359e+01 2.706080932617187500e+02
2.130948448181152344e+01 2.835086364746093750e+02 1.294159793853759766e+01 2.705670166015625000e+02
2.132989501953125000e+01 2.835136718750000000e+02 1.301900100708007812e+01 2.704946899414062500e+02
2.135030174255371094e+01 2.836398315429687500e+02 1.312989521026611328e+01 2.705099182128906250e+02
2.137071228027343750e+01 2.838120422363281250e+02 1.324057579040527344e+01 2.705714721679687500e+02
2.139112091064453125e+01 2.838781127929687500e+02 1.320556068420410156e+01 2.706725158691406250e+02
2.141152763366699219e+01 2.834278564453125000e+02 1.273457717895507812e+01 2.706932067871093750e+02
2.143193817138671875e+01 2.829572753906250000e+02 1.232033443450927734e+01 2.706369628906250000e+02
2.145234489440917969e+01 2.833193359375000000e+02 1.272150421142578125e+01 2.705978393554687500e+02
2.147275543212890625e+01 2.833467712402343750e+02 1.280975055694580078e+01 2.705370178222656250e+02
2.149316215515136719e+01 2.830731201171875000e+02 1.273075962066650391e+01 2.703423767089843750e+02
2.151357269287109375e+01 2.828144531250000000e+02 1.271868133544921875e+01 2.700957946777343750e+02
2.153398132324218750e+01 2.825868530273437500e+02 1.263992691040039062e+01 2.699468994140625000e+02
2.155438995361328125e+01 2.825283813476562500e+02 1.275012779235839844e+01 2.697782287597656250e+02
2.157479858398437500e+01 2.825199279785156250e+02 1.289340972900390625e+01 2.696264953613281250e+02
2.159520912170410156e+01 2.823844604492187500e+02 1.292556571960449219e+01 2.694589233398437500e+02
2.161561584472656250e+01 2.816227416992187500e+02 1.238176631927490234e+01 2.692409667968750000e+02
2.163602256774902344e+01 2.805688781738281250e+02 1.152918815612792969e+01 2.690397033691406250e+02
2.165643310546875000e+01 2.808819274902343750e+02 1.188310527801513672e+01 2.689988098144531250e+02
2.167683982849121094e+01 2.810874023437500000e+02 1.208174705505371094e+01 2.690056152343750000e+02
2.169725036621093750e+01 2.810636596679687500e+02 1.215864849090576172e+01 2.689049987792968750e+02
2.171765899658203125e+01 2.810942077636718750e+02 1.235665893554687500e+01 2.687375183105468750e+02
2.173806953430175781e+01 2.809873352050781250e+02 1.232303047180175781e+01 2.686642761230468750e+02
2.175847625732421875e+01 2.800705261230468750e+02 1.138728713989257812e+01 2.686832275390625000e+02
2.177888679504394531e+01 2.798690185546875000e+02 1.123372077941894531e+01 2.686352539062500000e+02
2.179929351806640625e+01 2.801455078125000000e+02 1.159657859802246094e+01 2.685489501953125000e+02
2.181970405578613281e+01 2.803710632324218750e+02 1.190390014648437500e+01 2.684671325683593750e+02
2.184011077880859375e+01 2.805938720703125000e+02 1.221064853668212891e+01 2.683832092285156250e+02
2.186051940917968750e+01 2.806817932128906250e+02 1.236351203918457031e+01 2.683182373046875000e+02
2.188092994689941406e+01 2.806108398437500000e+02 1.237386226654052734e+01 2.682369689941406250e+02
2.190133666992187500e+01 2.806550292968750000e+02 1.244977664947509766e+01 2.682052307128906250e+02
2.192174720764160156e+01 2.807474670410156250e+02 1.265658950805664062e+01 2.680908813476562500e+02
2.194215393066406250e+01 2.808575439453125000e+02 1.281937885284423828e+01 2.680381774902343750e+02
2.196256446838378906e+01 2.808317260742187500e+02 1.286196517944335938e+01 2.679697875976562500e+02
2.198297119140625000e+01 2.805710754394531250e+02 1.265400886535644531e+01 2.679170837402343750e+02
2.200338172912597656e+01 2.806300964355468750e+02 1.284898567199707031e+01 2.677811584472656250e+02
2.202378845214843750e+01 2.806597290039062500e+02 1.295664787292480469e+01 2.677030639648437500e+02
2.204419898986816406e+01 2.805560302734375000e+02 1.296636962890625000e+01 2.675895996093750000e+02
2.206460762023925781e+01 2.802442932128906250e+02 1.266143989562988281e+01 2.675828857421875000e+02
2.208501434326171875e+01 2.800406494140625000e+02 1.238959026336669922e+01 2.676510620117187500e+02
2.210542488098144531e+01 2.799933776855468750e+02 1.237815093994140625e+01 2.676152038574218750e+02
2.212583160400390625e+01 2.799431762695312500e+02 1.244247150421142578e+01 2.675007324218750000e+02
2.214624214172363281e+01 2.798263244628906250e+02 1.253909778594970703e+01 2.672872619628906250e+02
2.216664886474609375e+01 2.796770935058593750e+02 1.263555145263671875e+01 2.670415344238281250e+02
2.218705940246582031e+01 2.796653137207031250e+02 1.282893276214599609e+01 2.668363952636718750e+02
2.220746803283691406e+01 2.797293701171875000e+02 1.298962020874023438e+01 2.667397155761718750e+02
2.222787857055664062e+01 2.797099304199218750e+02 1.292384243011474609e+01 2.667861328125000000e+02
2.224828529357910156e+01 2.796557922363281250e+02 1.293350791931152344e+01 2.667222595214843750e+02
2.226869583129882812e+01 2.795572814941406250e+02 1.296465396881103516e+01 2.665925903320312500e+02
2.228910255432128906e+01 2.795104370117187500e+02 1.301722526550292969e+01 2.664932250976562500e+02
2.230951309204101562e+01 2.792587280273437500e+02 1.279070854187011719e+01 2.664680175781250000e+02
2.232991981506347656e+01 2.792145080566406250e+02 1.276829719543457031e+01 2.664462585449218750e+02
2.235032844543457031e+01 2.792166442871093750e+02 1.284232616424560547e+01 2.663743286132812500e+02
2.237073898315429688e+01 2.792681884765625000e+02 1.296972370147705078e+01 2.662984619140625000e+02
2.239114570617675781e+01 2.792692565917968750e+02 1.306481552124023438e+01 2.662044677734375000e+02
2.241155624389648438e+01 2.793197021484375000e+02 1.313837051391601562e+01 2.661813049316406250e+02
2.243196296691894531e+01 2.795385131835937500e+02 1.338254165649414062e+01 2.661559753417968750e+02
2.245237350463867188e+01 2.796688537597656250e+02 1.346633815765380859e+01 2.662025146484375000e+02
2.247278022766113281e+01 2.796699523925781250e+02 1.337954235076904297e+01 2.662904052734375000e+02
2.249319076538085938e+01 2.796072082519531250e+02 1.320775890350341797e+01 2.663994140625000000e+02
2.251359748840332031e+01 2.796232910156250000e+02 1.303628730773925781e+01 2.665870056152343750e+02
2.253400802612304688e+01 2.793137207031250000e+02 1.262078475952148438e+01 2.666929321289062500e+02
2.255441665649414062e+01 2.793126831054687500e+02 1.270489120483398438e+01 2.666078491210937500e+02
2.257482337951660156e+01 2.789864807128906250e+02 1.248131942749023438e+01 2.665051574707031250e+02
2.259523391723632812e+01 2.785976257324218750e+02 1.240647792816162109e+01 2.661911315917968750e+02
2.261564064025878906e+01 2.785004272460937500e+02 1.231060028076171875e+01 2.661897888183593750e+02
2.263605117797851562e+01 2.782967834472656250e+02 1.218316650390625000e+01 2.661136169433593750e+02
2.265645790100097656e+01 2.782615051269531250e+02 1.214049625396728516e+01 2.661210327148437500e+02
2.267686843872070312e+01 2.783251953125000000e+02 1.231958866119384766e+01 2.660056457519531250e+02
2.269727706909179688e+01 2.783781127929687500e+02 1.263547134399414062e+01 2.657426452636718750e+02
2.271768760681152344e+01 2.786430969238281250e+02 1.301401329040527344e+01 2.656290588378906250e+02
2.273809432983398438e+01 2.788306884765625000e+02 1.343399047851562500e+01 2.653966979980468750e+02
2.275850486755371094e+01 2.788209228515625000e+02 1.344297885894775391e+01 2.653779602050781250e+02
2.277891159057617188e+01 2.783935241699218750e+02 1.309463787078857422e+01 2.652988891601562500e+02
2.279931831359863281e+01 2.776651611328125000e+02 1.271541786193847656e+01 2.649497375488281250e+02
2.281972885131835938e+01 2.774490051269531250e+02 1.256766796112060547e+01 2.648813476562500000e+02
2.284013748168945312e+01 2.777052307128906250e+02 1.279750633239746094e+01 2.649077148437500000e+02
2.286054801940917969e+01 2.777322692871093750e+02 1.281749629974365234e+01 2.649147949218750000e+02
2.288095474243164062e+01 2.777268066406250000e+02 1.269097805023193359e+01 2.650357971191406250e+02
2.290136528015136719e+01 2.774790344238281250e+02 1.267966651916503906e+01 2.647993469238281250e+02
2.292177200317382812e+01 2.774815673828125000e+02 1.298169422149658203e+01 2.644998779296875000e+02
2.294218254089355469e+01 2.772738647460937500e+02 1.283449554443359375e+01 2.644394226074218750e+02
2.296258926391601562e+01 2.771861267089843750e+02 1.297946739196777344e+01 2.642066040039062500e+02
2.298299980163574219e+01 2.767940673828125000e+02 1.261379623413085938e+01 2.641803283691406250e+02
2.300340652465820312e+01 2.760811462402343750e+02 1.212389469146728516e+01 2.639572143554687500e+02
2.302381515502929688e+01 2.762505187988281250e+02 1.236269092559814453e+01 2.638878173828125000e+02
2.304422569274902344e+01 2.765222473144531250e+02 1.273610782623291016e+01 2.637861328125000000e+02
2.306463241577148438e+01 2.765844116210937500e+02 1.276635742187500000e+01 2.638180847167968750e+02
2.308504295349121094e+01 2.764282226562500000e+02 1.249582099914550781e+01 2.639323730468750000e+02
2.310544967651367188e+01 2.761511230468750000e+02 1.209107303619384766e+01 2.640600280761718750e+02
2.312586021423339844e+01 2.755389404296875000e+02 1.166633415222167969e+01 2.638725891113281250e+02
2.314626693725585938e+01 2.752035827636718750e+02 1.148022460937500000e+01 2.637233276367187500e+02
2.316667747497558594e+01 2.752309875488281250e+02 1.165611267089843750e+01 2.635748596191406250e+02
2.318708610534667969e+01 2.753067626953125000e+02 1.192461109161376953e+01 2.633821411132812500e+02
2.320749664306640625e+01 2.751016235351562500e+02 1.181097126007080078e+01 2.632906188964843750e+02
2.322790336608886719e+01 2.749664306640625000e+02 1.179028892517089844e+01 2.631761169433593750e+02
2.324831008911132812e+01 2.751102905273437500e+02 1.203736782073974609e+01 2.630729370117187500e+02
2.326872062683105469e+01 2.751799621582031250e+02 1.225314712524414062e+01 2.629268493652343750e+02
2.328912734985351562e+01 2.752617492675781250e+02 1.238631820678710938e+01 2.628754272460937500e+02
2.330953788757324219e+01 2.750289916992187500e+02 1.223169040679931641e+01 2.627973022460937500e+02
2.332994651794433594e+01 2.748601989746093750e+02 1.209785747528076172e+01 2.627623596191406250e+02
2.335035514831542969e+01 2.749973754882812500e+02 1.238459491729736328e+01 2.626128540039062500e+02
2.337076377868652344e+01 2.749196166992187500e+02 1.249670028686523438e+01 2.624229125976562500e+02
2.339117431640625000e+01 2.750029907226562500e+02 1.253696727752685547e+01 2.624660339355468750e+02
2.341158103942871094e+01 2.751184692382812500e+02 1.275099563598632812e+01 2.623674621582031250e+02
2.343199157714843750e+01 2.751515197753906250e+02 1.280118846893310547e+01 2.623503723144531250e+02
2.345239830017089844e+01 2.750574035644531250e+02 1.279004859924316406e+01 2.622673339843750000e+02
2.347280502319335938e+01 2.750349426269531250e+02 1.288091564178466797e+01 2.621540222167968750e+02
2.349321556091308594e+01 2.750671081542968750e+02 1.298181438446044922e+01 2.620852966308593750e+02
2.351362419128417969e+01 2.751608276367187500e+02 1.310289859771728516e+01 2.620578918457031250e+02
2.353403472900390625e+01 2.752164916992187500e+02 1.319325733184814453e+01 2.620232238769531250e+02
2.355444145202636719e+01 2.752682800292968750e+02 1.329362201690673828e+01 2.619746398925781250e+02
2.357485198974609375e+01 2.755002441406250000e+02 1.357659435272216797e+01 2.619237060546875000e+02
2.359525871276855469e+01 2.756868286132812500e+02 1.379820346832275391e+01 2.618886718750000000e+02
2.361566925048828125e+01 2.758774719238281250e+02 1.413093566894531250e+01 2.617465209960937500e+02
2.363607597351074219e+01 2.760184020996093750e+02 1.422001838684082031e+01 2.617983398437500000e+02
2.365648651123046875e+01 2.758644104003906250e+02 1.411667156219482422e+01 2.617477111816406250e+02
2.367689514160156250e+01 2.756065368652343750e+02 1.397306632995605469e+01 2.616335144042968750e+02
2.369730567932128906e+01 2.763370361328125000e+02 1.454695034027099609e+01 2.617901000976562500e+02
2.371771240234375000e+01 2.764967651367187500e+02 1.458490085601806641e+01 2.619118347167968750e+02
2.373811912536621094e+01 2.765176696777343750e+02 1.441100597381591797e+01 2.621066284179687500e+02
2.375852966308593750e+01 2.753702392578125000e+02 1.353208923339843750e+01 2.618381652832031250e+02
2.377893638610839844e+01 2.753403015136718750e+02 1.352047729492187500e+01 2.618198242187500000e+02
2.379934692382812500e+01 2.750304565429687500e+02 1.355917453765869141e+01 2.614712829589843750e+02
2.381975364685058594e+01 2.747711791992187500e+02 1.346715736389160156e+01 2.613040161132812500e+02
2.384016418457031250e+01 2.752998657226562500e+02 1.379703903198242188e+01 2.615028381347656250e+02
2.386057281494140625e+01 2.750725097656250000e+02 1.356451416015625000e+01 2.615079650878906250e+02
2.388098335266113281e+01 2.742772827148437500e+02 1.330231285095214844e+01 2.609749450683593750e+02
2.390139007568359375e+01 2.741345520019531250e+02 1.329095458984375000e+01 2.608435974121093750e+02
2.392180061340332031e+01 2.744124145507812500e+02 1.345974445343017578e+01 2.609526672363281250e+02
2.394220733642578125e+01 2.739802551269531250e+02 1.314831066131591797e+01 2.608319396972656250e+02
2.396261405944824219e+01 2.745111083984375000e+02 1.391634941101074219e+01 2.605947875976562500e+02
2.398302459716796875e+01 2.744291687011718750e+02 1.394443225860595703e+01 2.604846801757812500e+02
2.400343322753906250e+01 2.742499389648437500e+02 1.418190765380859375e+01 2.600680236816406250e+02
2.402384376525878906e+01 2.741724243164062500e+02 1.417982292175292969e+01 2.599926452636718750e+02
2.404425048828125000e+01 2.753746337890625000e+02 1.505389595031738281e+01 2.603207397460937500e+02
2.406466102600097656e+01 2.762911071777343750e+02 1.588669490814208984e+01 2.604044189453125000e+02
2.408506774902343750e+01 2.759265747070312500e+02 1.535638523101806641e+01 2.605701904296875000e+02
2.410547828674316406e+01 2.759740295410156250e+02 1.492628383636474609e+01 2.610477600097656250e+02
2.412588500976562500e+01 2.764143066406250000e+02 1.491365718841552734e+01 2.615006103515625000e+02
2.414629554748535156e+01 2.767578430175781250e+02 1.510924816131591797e+01 2.616485900878906250e+02
2.416670417785644531e+01 2.750405273437500000e+02 1.317475795745849609e+01 2.618657531738281250e+02
2.418711090087890625e+01 2.743482360839843750e+02 1.268856239318847656e+01 2.616596984863281250e+02
2.420752143859863281e+01 2.739016113281250000e+02 1.217351818084716797e+01 2.617280883789062500e+02
2.422792816162109375e+01 2.738154602050781250e+02 1.216326427459716797e+01 2.616521606445312500e+02
2.424833869934082031e+01 2.728717956542968750e+02 1.141259193420410156e+01 2.614591979980468750e+02
2.426874542236328125e+01 2.725946655273437500e+02 1.125503158569335938e+01 2.613396301269531250e+02
2.428915596008300781e+01 2.725214843750000000e+02 1.125542926788330078e+01 2.612660522460937500e+02
2.430956268310546875e+01 2.723628845214843750e+02 1.138384819030761719e+01 2.609790344238281250e+02
2.432997322082519531e+01 2.717185974121093750e+02 1.086265087127685547e+01 2.608559875488281250e+02
2.435038185119628906e+01 2.715446472167968750e+02 1.104033851623535156e+01 2.605043334960937500e+02
