## NTRMN  = 1
## NTRANS = 56
2 +1.000000e+00
3 +1.030928e-10
4 +8.292614e-06
5 +2.115385e-10
6 +7.648674e-01
7 +1.000000e+00
8 +3.169919e-01
9 +1.722227e-01
10 +7.532272e-01
11 +0.000000e+00
12 +1.630976e-02
13 +7.562814e-02
14 +1.413909e-01
15 +6.729171e-10
16 +6.786697e-06
17 +6.058900e-02
18 +2.834355e-01
19 +1.000000e+00
20 +4.283448e-01
21 +1.353464e-01
22 +5.584329e-01
23 +7.523873e-01
24 +1.030783e-01
25 +9.107214e-04
26 +4.048097e-02
27 +8.515740e-02
28 +2.242909e-01
29 +1.325139e-07
30 +7.271011e-02
31 +5.424283e-04
32 +4.572921e-01
33 +5.348094e-01
34 +1.505667e-01
35 +1.257773e-01
36 +4.906639e-01
37 +1.443563e-07
38 +5.089840e-07
39 +3.664974e-02
40 +7.715133e-01
41 +1.091901e-01
42 +1.498256e-01
43 +2.870905e-04
44 +3.182039e-03
45 +2.085470e-02
46 +2.471197e-03
47 +1.004576e-08
48 +5.447916e-02
49 +1.327587e-04
50 +1.522931e-04
51 +8.344735e-04
52 +9.132336e-06
53 +1.412810e-06
54 +2.697252e-03
55 +2.658447e-04
56 +6.431979e-07
57 +3.628443e-06
