# NTRMN  = 4
# NTRANS = 56
5 +1.000000e+00
6 +2.456263e-03
7 +2.308081e-13
8 +5.103022e-02
9 +5.231770e-02
10 +1.185363e-01
11 +2.624660e-05
12 +3.332258e-01
13 +6.162365e-01
14 +4.321301e-01
15 +9.940685e-01
16 +2.020937e-10
17 +2.302429e-05
18 +7.140905e-09
19 +2.308123e-13
20 +7.691904e-08
21 +8.666149e-08
22 +1.831281e-09
23 +9.507946e-07
24 +4.388155e-03
25 +1.360609e-03
26 +1.947629e-06
27 +2.863100e-06
28 +2.006343e-06
29 +3.379416e-11
30 +1.288982e-01
31 +9.153749e-03
32 +3.671395e-03
33 +2.852364e-13
34 +3.918656e-03
35 +8.218818e-03
36 +4.028781e-04
37 +1.084028e-01
38 +2.027670e-11
39 +1.473289e-02
40 +1.788415e-13
41 +2.333504e-07
42 +1.587563e-07
43 +7.156051e-02
44 +1.926303e-01
45 +1.242928e-01
46 +1.973779e-07
47 +4.419687e-01
48 +8.391299e-10
49 +1.324140e-03
50 +5.424316e-04
51 +7.952137e-04
52 +7.162895e-19
53 +2.861591e-12
54 +1.027207e-12
55 +1.128894e-04
56 +2.147053e-12
57 +7.675454e-13
