# NTRMN  = 1
# NTRANS = 56
2 +1.000000e+00
3 +1.045082e-10
4 +8.365784e-06
5 +2.103252e-10
6 +7.644496e-01
7 +1.000000e+00
8 +3.153553e-01
9 +1.705074e-01
10 +7.533871e-01
11 +2.101897e-12
12 +1.634421e-02
13 +7.427129e-02
14 +1.410806e-01
15 +1.810559e-12
16 +6.623594e-06
17 +3.869227e-06
18 +3.843521e-06
19 +5.863602e-06
20 +2.484552e-06
21 +1.343885e-06
22 +1.557632e-07
23 +2.151798e-06
24 +4.394232e-08
25 +2.781435e-08
26 +3.643782e-07
27 +6.263031e-07
28 +8.326438e-07
29 +9.024577e-08
30 +1.747072e-07
31 +1.231152e-08
32 +4.592789e-01
33 +5.321745e-01
34 +1.485035e-01
35 +1.294646e-01
36 +4.877146e-01
37 +8.044372e-12
38 +3.936065e-07
39 +3.533981e-07
40 +4.678334e-06
41 +2.201107e-06
42 +4.728176e-06
43 +2.857696e-04
44 +3.164639e-03
45 +2.051035e-02
46 +5.360883e-06
47 +9.027869e-13
48 +1.383540e-05
49 +3.395065e-08
50 +1.561764e-04
51 +8.777103e-04
52 +9.477175e-13
53 +1.633386e-13
54 +2.704544e-03
55 +2.672994e-04
56 +4.496022e-09
57 +4.908249e-13
