13.385   0.15419   14.120   0.34700
13.521   0.78291   21.591   0.61217
13.670   1.3094    0        0
14.009   1.2031    0        0
14.068   1.3281    0        0
14.134   1.6159    0        0
14.221   1.2939    0        0
14.332   1.1007    0        0
14.640   1.0475    0        0
15.297   1.0699    0        0
15.557   1.1001    0        0
16.350   1.0731    0        0
17.610   1.0763    0        0
16.919   1.0577    0        0
18.389   1.1100    0        0
19.116   1.1513    0        0
20.017   1.2152    0        0
20.986   1.2602    0        0
21.989   1.2938    0        0
22.905   1.3198    0        0
23.751   1.3194    0        0
24.718   1.3265    0        0
25.805   1.3222    0        0
26.702   1.3141    0        0
27.650   1.2947    0        0
28.857   1.2638    0        0
