13.287   0.0656   13.592   0.44042
13.379   0.2782   15.551   0.29355
13.474   0.537    17.549   0.17187
13.524   0.6861   19.570   0.11003
13.870   0.7143   21.560   0.11434
13.990   0.8371    0         0 
14.109   0.9550    0         0
14.179   0.7206    0         0
14.161   0.5284    0         0
14.425   0.4402    0         0
14.907   0.3677    0         0
15.045   0.3031    0         0
15.317   0.3062    0         0
15.816   0.2210    0         0
16.893   0.1247    0         0
18.173   0.0772    0         0
19.781   0.0501    0         0
21.770   0.0339    0         0
23.778   0.0225    0         0
25.334   0.0222    0         0
