13.48868   0.01188
13.50505   0.07909
13.50215   0.17335
13.59167   0.25859
13.72124   0.23971
13.90547   0.24132
13.84133   0.52986
14.03356   0.27081
14.12741   0.21506
14.18402   0.17160
14.20313   0.14947
14.53558   0.12482
14.77517   0.12397
14.99663   0.11327
15.27135   0.16815
15.36389   0.15502
15.69597   0.14267
16.34162   0.12043
17.31906   0.09486
18.44395   0.06845
19.71616   0.04529
21.46731   0.02779
23.08917   0.02014
24.54510   0.01499
25.89037   0.01313
27.40143   0.01288
28.56242   0.01105

