13.291      0.31666  14.116      1.1538
13.376      1.2191   21.563      0.97694
13.488      1.8834   0           0
13.617      2.5331   0           0
14.054      2.9589   0           0
14.128      3.3271   0           0
14.232      2.7711   0           0
13.981      2.6196   0           0
14.324      2.4606   0           0
14.769      2.4315   0           0
15.165      2.4818   0           0
15.860      2.6115   0           0
16.585      2.5967   0           0
17.195      2.5747   0           0
17.986      2.5888   0           0
19.011      2.7182   0           0
19.905      2.8983   0           0
20.797      2.9845   0           0
21.721      3.0635   0           0
22.827      3.1135   0           0
23.882      3.1419   0           0
25.233      3.1196   0           0
26.436      3.0685   0           0
27.490      3.0535   0           0
28.496      3.0386   0           0
29.533      3.0020   0           0









