# NTRMN  = 3
# NTRANS = 56
1.142887115478515625e+01 0.000000000000000000e+00 0.000000000000000000e+00 0.000000000000000000e+00
1.144927978515625000e+01 0.000000000000000000e+00 0.000000000000000000e+00 0.000000000000000000e+00
1.146968936920166016e+01 0.000000000000000000e+00 0.000000000000000000e+00 0.000000000000000000e+00
1.149009799957275391e+01 0.000000000000000000e+00 0.000000000000000000e+00 0.000000000000000000e+00
1.151050662994384766e+01 0.000000000000000000e+00 0.000000000000000000e+00 0.000000000000000000e+00
1.153091526031494141e+01 0.000000000000000000e+00 0.000000000000000000e+00 0.000000000000000000e+00
1.157173252105712891e+01 0.000000000000000000e+00 0.000000000000000000e+00 0.000000000000000000e+00
1.159214115142822266e+01 0.000000000000000000e+00 0.000000000000000000e+00 0.000000000000000000e+00
1.161254978179931641e+01 0.000000000000000000e+00 0.000000000000000000e+00 0.000000000000000000e+00
1.165336799621582031e+01 0.000000000000000000e+00 0.000000000000000000e+00 0.000000000000000000e+00
1.167377567291259766e+01 0.000000000000000000e+00 0.000000000000000000e+00 0.000000000000000000e+00
1.169418430328369141e+01 0.000000000000000000e+00 0.000000000000000000e+00 0.000000000000000000e+00
1.171459388732910156e+01 0.000000000000000000e+00 0.000000000000000000e+00 0.000000000000000000e+00
1.175541114807128906e+01 8.251634836196899414e-01 8.251634836196899414e-01 0.000000000000000000e+00
1.177581882476806641e+01 8.238350152969360352e-01 8.238350152969360352e-01 0.000000000000000000e+00
1.179622840881347656e+01 7.179977297782897949e-01 7.179977297782897949e-01 0.000000000000000000e+00
1.181663703918457031e+01 7.166563868522644043e-01 7.166563868522644043e-01 0.000000000000000000e+00
1.183704566955566406e+01 6.199638843536376953e-01 6.199638843536376953e-01 0.000000000000000000e+00
1.185745429992675781e+01 5.582286119461059570e-01 5.582286119461059570e-01 0.000000000000000000e+00
1.187786388397216797e+01 5.193791389465332031e-01 5.193791389465332031e-01 0.000000000000000000e+00
1.193908882141113281e+01 2.904395163059234619e-01 2.904395163059234619e-01 0.000000000000000000e+00
1.195949840545654297e+01 2.628210783004760742e-01 2.628210783004760742e-01 0.000000000000000000e+00
1.197990703582763672e+01 2.586765289306640625e-01 2.586765289306640625e-01 0.000000000000000000e+00
1.200031566619873047e+01 2.685101926326751709e-01 2.685101926326751709e-01 0.000000000000000000e+00
1.202072334289550781e+01 2.847828269004821777e-01 2.847828269004821777e-01 0.000000000000000000e+00
1.204113292694091797e+01 3.026902079582214355e-01 3.026902079582214355e-01 0.000000000000000000e+00
1.206154155731201172e+01 3.206361830234527588e-01 3.206361830234527588e-01 0.000000000000000000e+00
1.208195018768310547e+01 3.393141329288482666e-01 3.393141329288482666e-01 0.000000000000000000e+00
1.210235881805419922e+01 3.597092926502227783e-01 3.597092926502227783e-01 0.000000000000000000e+00
1.212276744842529297e+01 3.827016949653625488e-01 3.827016949653625488e-01 0.000000000000000000e+00
1.214317607879638672e+01 4.081796705722808838e-01 4.081796705722808838e-01 0.000000000000000000e+00
1.216358470916748047e+01 4.355401992797851562e-01 4.355401992797851562e-01 0.000000000000000000e+00
1.218399333953857422e+01 4.640861749649047852e-01 4.640861749649047852e-01 0.000000000000000000e+00
1.220440292358398438e+01 4.932232201099395752e-01 4.932232201099395752e-01 0.000000000000000000e+00
1.222481155395507812e+01 5.226546525955200195e-01 5.226546525955200195e-01 0.000000000000000000e+00
1.224521923065185547e+01 5.522812604904174805e-01 5.522812604904174805e-01 0.000000000000000000e+00
1.226562786102294922e+01 5.822971463203430176e-01 5.822971463203430176e-01 0.000000000000000000e+00
1.228603744506835938e+01 6.129927039146423340e-01 6.129927039146423340e-01 0.000000000000000000e+00
1.230644607543945312e+01 6.443645358085632324e-01 6.443645358085632324e-01 0.000000000000000000e+00
1.232685470581054688e+01 6.765064597129821777e-01 6.765064597129821777e-01 0.000000000000000000e+00
1.234726333618164062e+01 7.093176245689392090e-01 7.093176245689392090e-01 0.000000000000000000e+00
1.236767196655273438e+01 7.426980137825012207e-01 7.426980137825012207e-01 0.000000000000000000e+00
1.238808059692382812e+01 7.765480875968933105e-01 7.765480875968933105e-01 0.000000000000000000e+00
1.240848922729492188e+01 8.107692003250122070e-01 8.107692003250122070e-01 0.000000000000000000e+00
1.242889785766601562e+01 8.450704813003540039e-01 8.450704813003540039e-01 0.000000000000000000e+00
1.244930744171142578e+01 8.790668845176696777e-01 8.790668845176696777e-01 0.000000000000000000e+00
1.246971511840820312e+01 9.123762845993041992e-01 9.123762845993041992e-01 0.000000000000000000e+00
1.249012374877929688e+01 9.446184635162353516e-01 9.446184635162353516e-01 0.000000000000000000e+00
1.251053237915039062e+01 9.749374985694885254e-01 9.749374985694885254e-01 0.000000000000000000e+00
1.253094196319580078e+01 1.002960920333862305e+00 1.002960920333862305e+00 0.000000000000000000e+00
1.255135059356689453e+01 1.028985857963562012e+00 1.028985857963562012e+00 0.000000000000000000e+00
1.257175922393798828e+01 1.051117897033691406e+00 1.051117897033691406e+00 0.000000000000000000e+00
1.259216690063476562e+01 1.069376111030578613e+00 1.069376111030578613e+00 0.000000000000000000e+00
1.261257648468017578e+01 1.082829952239990234e+00 1.082829952239990234e+00 0.000000000000000000e+00
1.263298511505126953e+01 1.092450380325317383e+00 1.092450380325317383e+00 0.000000000000000000e+00
1.265339374542236328e+01 1.095418095588684082e+00 1.095418095588684082e+00 0.000000000000000000e+00
1.267380237579345703e+01 1.092709779739379883e+00 1.092709779739379883e+00 0.000000000000000000e+00
1.269421100616455078e+01 1.079638004302978516e+00 1.079638004302978516e+00 0.000000000000000000e+00
1.271461963653564453e+01 1.042131900787353516e+00 1.042131900787353516e+00 0.000000000000000000e+00
1.273502826690673828e+01 7.949616312980651855e-01 7.949616312980651855e-01 0.000000000000000000e+00
1.275543689727783203e+01 7.718252539634704590e-01 7.718252539634704590e-01 0.000000000000000000e+00
1.277584648132324219e+01 7.706859707832336426e-01 7.706859707832336426e-01 0.000000000000000000e+00
1.279625511169433594e+01 7.695503234863281250e-01 7.695503234863281250e-01 0.000000000000000000e+00
1.281666278839111328e+01 7.684183716773986816e-01 7.684183716773986816e-01 0.000000000000000000e+00
1.283707141876220703e+01 7.671034336090087891e-01 7.671034336090087891e-01 0.000000000000000000e+00
1.285748100280761719e+01 6.049259901046752930e-01 6.049259901046752930e-01 0.000000000000000000e+00
1.287788963317871094e+01 6.040602326393127441e-01 6.040602326393127441e-01 0.000000000000000000e+00
1.289829826354980469e+01 7.720924615859985352e-01 7.720924615859985352e-01 0.000000000000000000e+00
1.295952415466308594e+01 8.752719163894653320e-01 7.683524489402770996e-01 1.069194898009300232e-01
1.297993278503417969e+01 9.096754789352416992e-01 8.029240965843200684e-01 1.067513749003410339e-01
1.300034141540527344e+01 1.676397204399108887e+00 1.569813370704650879e+00 1.065837889909744263e-01
1.302075004577636719e+01 1.638471484184265137e+00 1.592173099517822266e+00 4.629838094115257263e-02
1.304115962982177734e+01 1.568090677261352539e+00 1.518090605735778809e+00 5.000008270144462585e-02
1.312279415130615234e+01 1.159739375114440918e+00 1.110050320625305176e+00 4.968904331326484680e-02
1.314320278167724609e+01 1.052296876907348633e+00 1.002684950828552246e+00 4.961188510060310364e-02
1.320442867279052734e+01 1.060179710388183594e+00 9.980357885360717773e-01 6.214394792914390564e-02
1.322483730316162109e+01 9.336431622505187988e-01 8.816406130790710449e-01 5.200254917144775391e-02
1.324524593353271484e+01 9.375793337821960449e-01 8.801918029785156250e-01 5.738755688071250916e-02
1.326565456390380859e+01 7.197641134262084961e-01 6.624667048454284668e-01 5.729742348194122314e-02
1.336769866943359375e+01 1.096816301345825195e+00 5.481697916984558105e-01 5.486465692520141602e-01
1.338810729980468750e+01 1.125742435455322266e+00 5.772846341133117676e-01 5.484577417373657227e-01
1.340851497650146484e+01 1.185437202453613281e+00 6.062216758728027344e-01 5.792155265808105469e-01
1.342892456054687500e+01 1.204008102416992188e+00 6.221464276313781738e-01 5.818616151809692383e-01
1.344933319091796875e+01 1.215331435203552246e+00 6.169304847717285156e-01 5.984010100364685059e-01
1.346974182128906250e+01 1.288359045982360840e+00 6.646035909652709961e-01 6.237554550170898438e-01
1.349015045166015625e+01 1.291636824607849121e+00 6.636868715286254883e-01 6.279498934745788574e-01
1.351055908203125000e+01 1.292233943939208984e+00 6.626843214035034180e-01 6.295496225357055664e-01
1.353096771240234375e+01 1.328855752944946289e+00 6.804383993148803711e-01 6.484172940254211426e-01
1.355137634277343750e+01 1.314448952674865723e+00 6.795020103454589844e-01 6.349470019340515137e-01
1.361260223388671875e+01 1.512312531471252441e+00 7.965581417083740234e-01 7.157542705535888672e-01
1.363301086425781250e+01 1.567001581192016602e+00 8.201248645782470703e-01 7.468766570091247559e-01
1.365341949462890625e+01 1.609305858612060547e+00 8.393254280090332031e-01 7.699804306030273438e-01
1.367382907867431641e+01 1.633995294570922852e+00 8.446379303932189941e-01 7.893573045730590820e-01
1.369423770904541016e+01 1.659308075904846191e+00 8.418932557106018066e-01 8.174147605895996094e-01
1.371464633941650391e+01 1.682587862014770508e+00 8.359274864196777344e-01 8.466603755950927734e-01
1.373505496978759766e+01 1.700229883193969727e+00 8.280623555183410645e-01 8.721675872802734375e-01
1.375546360015869141e+01 1.714530706405639648e+00 8.193503022193908691e-01 8.951805233955383301e-01
1.377587318420410156e+01 1.727242946624755859e+00 8.185709118843078613e-01 9.086719751358032227e-01
1.383709812164306641e+01 1.763831257820129395e+00 8.039630651473999023e-01 9.598682522773742676e-01
1.387791538238525391e+01 1.831182241439819336e+00 8.151394724845886230e-01 1.016042709350585938e+00
1.397995948791503906e+01 1.597898483276367188e+00 6.990828514099121094e-01 8.988153934478759766e-01
1.402077770233154297e+01 1.848755598068237305e+00 8.502019047737121582e-01 9.985535144805908203e-01
1.404118442535400391e+01 1.769403338432312012e+00 8.754777312278747559e-01 8.939255475997924805e-01
1.410241127014160156e+01 1.804333686828613281e+00 8.288144469261169434e-01 9.755191206932067871e-01
1.414322853088378906e+01 1.833416819572448730e+00 8.409789800643920898e-01 9.924377202987670898e-01
1.416363716125488281e+01 1.774094343185424805e+00 7.808642983436584473e-01 9.932301044464111328e-01
1.426568031311035156e+01 1.736795663833618164e+00 7.451570034027099609e-01 9.916386604309082031e-01
1.430649757385253906e+01 1.753662586212158203e+00 7.203577160835266113e-01 1.033304810523986816e+00
1.432690715789794922e+01 1.810049057006835938e+00 7.222557067871093750e-01 1.087793350219726562e+00
1.434731578826904297e+01 1.866569399833679199e+00 7.421684861183166504e-01 1.124400854110717773e+00
1.436772441864013672e+01 1.913889765739440918e+00 7.796028852462768555e-01 1.134286880493164062e+00
1.438813304901123047e+01 1.913443684577941895e+00 7.733392715454101562e-01 1.140104413032531738e+00
1.440854167938232422e+01 1.986508607864379883e+00 7.981625199317932129e-01 1.188345789909362793e+00
1.442895126342773438e+01 1.992171525955200195e+00 8.038359284400939941e-01 1.188335418701171875e+00
1.444935989379882812e+01 2.005714654922485352e+00 7.959077954292297363e-01 1.209806799888610840e+00
1.446976852416992188e+01 2.041164398193359375e+00 8.244822621345520020e-01 1.216681957244873047e+00
1.457181072235107422e+01 2.155297517776489258e+00 8.649544119834899902e-01 1.290342807769775391e+00
1.459222030639648438e+01 2.137819290161132812e+00 9.014772176742553711e-01 1.236342191696166992e+00
1.461262893676757812e+01 2.093870639801025391e+00 8.363263607025146484e-01 1.257544040679931641e+00
1.485753345489501953e+01 2.437637567520141602e+00 8.225407600402832031e-01 1.615096688270568848e+00
1.487794208526611328e+01 2.518772363662719727e+00 8.978416323661804199e-01 1.620930671691894531e+00
1.497998523712158203e+01 2.529039621353149414e+00 8.557689189910888672e-01 1.673270344734191895e+00
1.516366481781005859e+01 2.526198863983154297e+00 8.256688714027404785e-01 1.700529932975769043e+00
1.518407344818115234e+01 2.506287336349487305e+00 8.442665934562683105e-01 1.662020683288574219e+00
1.540856838226318359e+01 2.635386466979980469e+00 8.537167906761169434e-01 1.781669855117797852e+00
1.544938468933105469e+01 2.720081806182861328e+00 8.878750205039978027e-01 1.832207322120666504e+00
1.546979331970214844e+01 2.738364934921264648e+00 8.975359797477722168e-01 1.840828895568847656e+00
1.557183837890625000e+01 2.836401700973510742e+00 8.970349431037902832e-01 1.939366579055786133e+00
1.559224700927734375e+01 2.842554569244384766e+00 8.835783004760742188e-01 1.958976864814758301e+00
1.569428920745849609e+01 2.897905588150024414e+00 9.197801351547241211e-01 1.978125691413879395e+00
1.583715152740478516e+01 3.064968824386596680e+00 9.379357695579528809e-01 2.127032995223999023e+00
1.593919372558593750e+01 3.067367553710937500e+00 9.356858730316162109e-01 2.131681680679321289e+00
1.595960235595703125e+01 3.062395811080932617e+00 9.254895448684692383e-01 2.136905908584594727e+00
1.598001194000244141e+01 3.086779832839965820e+00 9.385391473770141602e-01 2.148240327835083008e+00
1.600041961669921875e+01 3.095587491989135742e+00 9.463189244270324707e-01 2.149268150329589844e+00
1.602083015441894531e+01 3.096019983291625977e+00 9.466077089309692383e-01 2.149412631988525391e+00
1.604123878479003906e+01 3.099827051162719727e+00 9.476418495178222656e-01 2.152185201644897461e+00
1.616368865966796875e+01 3.143799781799316406e+00 9.552732110023498535e-01 2.188526630401611328e+00
1.632695960998535156e+01 3.213306665420532227e+00 9.471865892410278320e-01 2.266120195388793945e+00
1.649022865295410156e+01 3.306603431701660156e+00 9.690205454826354980e-01 2.337583303451538086e+00
1.653104782104492188e+01 3.313713788986206055e+00 9.774888753890991211e-01 2.336224794387817383e+00
1.655145645141601562e+01 3.333199024200439453e+00 9.791762232780456543e-01 2.354022741317749023e+00
1.657186508178710938e+01 3.350055217742919922e+00 9.779703617095947266e-01 2.372084379196166992e+00
1.659227180480957031e+01 3.358605623245239258e+00 9.803745150566101074e-01 2.378230571746826172e+00
1.663308906555175781e+01 3.379167079925537109e+00 9.858845472335815430e-01 2.393282413482666016e+00
1.665349769592285156e+01 3.389558076858520508e+00 9.846763610839843750e-01 2.404881715774536133e+00
1.667390823364257812e+01 3.383350610733032227e+00 9.834710955619812012e-01 2.399879217147827148e+00
1.669431686401367188e+01 3.414442300796508789e+00 9.865706562995910645e-01 2.427871465682983398e+00
1.671472549438476562e+01 3.429219722747802734e+00 9.882304668426513672e-01 2.440989494323730469e+00
1.673513412475585938e+01 3.438819885253906250e+00 9.877406358718872070e-01 2.451078891754150391e+00
1.675554275512695312e+01 3.467897653579711914e+00 9.986816644668579102e-01 2.469215869903564453e+00
1.677595138549804688e+01 3.471440553665161133e+00 9.874777793884277344e-01 2.483963012695312500e+00
1.683717727661132812e+01 3.505122900009155273e+00 9.924178123474121094e-01 2.512704610824584961e+00
1.685758590698242188e+01 3.520884990692138672e+00 9.897962808609008789e-01 2.531088352203369141e+00
1.687799453735351562e+01 3.545962333679199219e+00 9.992370605468750000e-01 2.546725749969482422e+00
1.689840316772460938e+01 3.536618232727050781e+00 9.874054789543151855e-01 2.549212694168090820e+00
1.691881179809570312e+01 3.558941841125488281e+00 9.897517561912536621e-01 2.569190502166748047e+00
1.693922042846679688e+01 3.561385869979858398e+00 9.913856983184814453e-01 2.569999933242797852e+00
1.704126548767089844e+01 3.613464355468750000e+00 1.007223248481750488e+00 2.606241226196289062e+00
1.714330673217773438e+01 3.641322851181030273e+00 1.019381284713745117e+00 2.621941804885864258e+00
1.716371536254882812e+01 3.645546913146972656e+00 1.018169164657592773e+00 2.627377986907958984e+00
1.720453453063964844e+01 3.620283126831054688e+00 1.015753507614135742e+00 2.604529380798339844e+00
1.722494316101074219e+01 3.612740993499755859e+00 1.001346945762634277e+00 2.611393928527832031e+00
1.724535179138183594e+01 3.593456268310546875e+00 9.953035116195678711e-01 2.598152160644531250e+00
1.734739494323730469e+01 3.560554504394531250e+00 9.790987968444824219e-01 2.581455707550048828e+00
1.736780357360839844e+01 3.549371242523193359e+00 9.717457890510559082e-01 2.577625036239624023e+00
1.738821220397949219e+01 3.558593511581420898e+00 9.754237532615661621e-01 2.583169460296630859e+00
1.742902946472167969e+01 3.565707921981811523e+00 9.745128750801086426e-01 2.591195821762084961e+00
1.744943809509277344e+01 3.571471929550170898e+00 9.754309654235839844e-01 2.596040964126586914e+00
1.746984672546386719e+01 3.567649602890014648e+00 9.770320653915405273e-01 2.590617179870605469e+00
1.751066398620605469e+01 3.602561235427856445e+00 9.850080609321594238e-01 2.617553472518920898e+00
1.753107261657714844e+01 3.617992639541625977e+00 9.893234372138977051e-01 2.628669261932373047e+00
1.755148124694824219e+01 3.624984979629516602e+00 9.854452013969421387e-01 2.639540195465087891e+00
1.757188987731933594e+01 3.637756347656250000e+00 9.870253205299377441e-01 2.650730848312377930e+00
1.765352439880371094e+01 3.694684743881225586e+00 1.000767827033996582e+00 2.693916797637939453e+00
1.767393493652343750e+01 3.705430507659912109e+00 1.002998352050781250e+00 2.702432394027709961e+00
1.769434356689453125e+01 3.715849876403808594e+00 1.009958982467651367e+00 2.705891132354736328e+00
1.771475219726562500e+01 3.736466646194458008e+00 1.008119821548461914e+00 2.728346347808837891e+00
1.773516082763671875e+01 3.742461681365966797e+00 1.006959795951843262e+00 2.735501766204833984e+00
1.775556755065917969e+01 3.747581720352172852e+00 1.005802392959594727e+00 2.741778850555419922e+00
1.777597618103027344e+01 3.760987997055053711e+00 1.007341027259826660e+00 2.753647089004516602e+00
1.783720397949218750e+01 3.754863500595092773e+00 1.003212332725524902e+00 2.751651287078857422e+00
1.785761260986328125e+01 3.773603200912475586e+00 9.980440735816955566e-01 2.775559425354003906e+00
1.787802124023437500e+01 3.779081106185913086e+00 1.000252246856689453e+00 2.778828382492065430e+00
1.789842987060546875e+01 3.784068107604980469e+00 9.950992465019226074e-01 2.788968801498413086e+00
1.800047302246093750e+01 3.802062749862670898e+00 1.004752278327941895e+00 2.797310590744018555e+00
1.806169891357421875e+01 3.790757417678833008e+00 9.933937788009643555e-01 2.797363519668579102e+00
1.808210754394531250e+01 3.807859420776367188e+00 9.942584037780761719e-01 2.813600540161132812e+00
1.814333343505859375e+01 3.800999402999877930e+00 9.915630221366882324e-01 2.809436321258544922e+00
1.818415260314941406e+01 3.787567377090454102e+00 9.886789321899414062e-01 2.798888444900512695e+00
1.820456123352050781e+01 3.788429260253906250e+00 9.869130849838256836e-01 2.801516532897949219e+00
1.822496795654296875e+01 3.820354938507080078e+00 9.884350299835205078e-01 2.831919670104980469e+00
1.824537658691406250e+01 3.792286634445190430e+00 9.886414408683776855e-01 2.803645133972167969e+00
1.826578521728515625e+01 3.787409543991088867e+00 9.855709075927734375e-01 2.801838874816894531e+00
1.832701301574707031e+01 3.787585020065307617e+00 9.822783470153808594e-01 2.805306434631347656e+00
1.834742164611816406e+01 3.793466567993164062e+00 9.818381071090698242e-01 2.811628580093383789e+00
1.849028205871582031e+01 3.819200754165649414e+00 9.742522239685058594e-01 2.844948291778564453e+00
1.851069068908691406e+01 3.817646980285644531e+00 9.699448943138122559e-01 2.847702026367187500e+00
1.853109931945800781e+01 3.830820322036743164e+00 9.721062779426574707e-01 2.858714342117309570e+00
1.855150794982910156e+01 3.823223590850830078e+00 9.716820716857910156e-01 2.851541996002197266e+00
1.857191658020019531e+01 3.830717325210571289e+00 9.680361747741699219e-01 2.862680673599243164e+00
1.859232521057128906e+01 3.839331865310668945e+00 9.701925516128540039e-01 2.869139432907104492e+00
1.861273384094238281e+01 3.841450452804565430e+00 9.697718024253845215e-01 2.871679067611694336e+00
1.865355110168457031e+01 3.858051061630249023e+00 9.676497578620910645e-01 2.890401601791381836e+00
1.867395973205566406e+01 3.859612703323364258e+00 9.691562056541442871e-01 2.890456676483154297e+00
1.869436836242675781e+01 3.863617658615112305e+00 9.745010137557983398e-01 2.889116287231445312e+00
1.871477699279785156e+01 3.860018730163574219e+00 9.696007966995239258e-01 2.890417814254760742e+00
1.873518562316894531e+01 3.866277217864990234e+00 9.685446023941040039e-01 2.897732734680175781e+00
1.875559425354003906e+01 3.863543272018432617e+00 9.655760526657104492e-01 2.897967100143432617e+00
1.877600288391113281e+01 3.866008758544921875e+00 9.658015370368957520e-01 2.900207042694091797e+00
1.879641151428222656e+01 3.870620250701904297e+00 9.666632413864135742e-01 2.903956890106201172e+00
1.881682205200195312e+01 3.869588613510131836e+00 9.675230979919433594e-01 2.902065515518188477e+00
1.883723068237304688e+01 3.876953840255737305e+00 9.702875018119812012e-01 2.906665802001953125e+00
1.885763931274414062e+01 3.876243114471435547e+00 9.679678678512573242e-01 2.908275365829467773e+00
1.887804794311523438e+01 3.873858928680419922e+00 9.643851518630981445e-01 2.909473896026611328e+00
1.889845657348632812e+01 3.872200965881347656e+00 9.652438163757324219e-01 2.906956672668457031e+00
1.891886329650878906e+01 3.878220319747924805e+00 9.661007523536682129e-01 2.912119626998901367e+00
1.893927192687988281e+01 3.879747867584228516e+00 9.675875902175903320e-01 2.912160873413085938e+00
1.895968055725097656e+01 3.882884263992309570e+00 9.652834534645080566e-01 2.917600870132446289e+00
1.898009109497070312e+01 3.873919248580932617e+00 9.623535275459289551e-01 2.911565780639648438e+00
1.904131698608398438e+01 3.859276771545410156e+00 9.611449837684631348e-01 2.898131608963012695e+00
1.906172561645507812e+01 3.859570741653442383e+00 9.613717794418334961e-01 2.898199319839477539e+00
1.908213424682617188e+01 3.867304801940917969e+00 9.647344350814819336e-01 2.902570247650146484e+00
1.910254287719726562e+01 3.862591028213500977e+00 9.599441289901733398e-01 2.902646780014038086e+00
1.912295150756835938e+01 3.870265245437622070e+00 9.595456123352050781e-01 2.910719633102416992e+00
1.914336013793945312e+01 3.871693611145019531e+00 9.603984355926513672e-01 2.911294937133789062e+00
1.916376876831054688e+01 3.868515253067016602e+00 9.593756794929504395e-01 2.909139394760131836e+00
1.918417739868164062e+01 3.858163595199584961e+00 9.533636569976806641e-01 2.904800176620483398e+00
1.920458602905273438e+01 3.868122816085815430e+00 9.523504972457885742e-01 2.915772438049316406e+00
1.922499465942382812e+01 3.866244316101074219e+00 9.494717121124267578e-01 2.916772842407226562e+00
1.924540328979492188e+01 3.865130424499511719e+00 9.447331428527832031e-01 2.920397758483886719e+00
1.926581192016601562e+01 3.860865354537963867e+00 9.406259655952453613e-01 2.920239210128784180e+00
1.928622055053710938e+01 3.863111257553100586e+00 9.396305680274963379e-01 2.923480510711669922e+00
1.930663108825683594e+01 3.857694864273071289e+00 9.361574053764343262e-01 2.921537876129150391e+00
1.932703971862792969e+01 3.856519222259521484e+00 9.333108663558959961e-01 2.923208475112915039e+00
1.934744834899902344e+01 3.855144500732421875e+00 9.310890436172485352e-01 2.924055576324462891e+00
1.936785507202148438e+01 3.847214460372924805e+00 9.276359677314758301e-01 2.919577836990356445e+00
1.938826370239257812e+01 3.848533868789672852e+00 9.229553341865539551e-01 2.925577878952026367e+00
1.940867233276367188e+01 3.849720001220703125e+00 9.219847917556762695e-01 2.927735328674316406e+00
1.942908096313476562e+01 3.847019433975219727e+00 9.216324090957641602e-01 2.925386905670166016e+00
1.944948959350585938e+01 3.849836587905883789e+00 9.182036519050598145e-01 2.931632995605468750e+00
1.951071739196777344e+01 3.844715833663940430e+00 9.110277891159057617e-01 2.933688163757324219e+00
1.953112602233886719e+01 3.844465255737304688e+00 9.094629883766174316e-01 2.935002326965332031e+00
1.955153465270996094e+01 3.853639841079711914e+00 9.030038118362426758e-01 2.950636148452758789e+00
1.957194328308105469e+01 3.858812570571899414e+00 9.020621776580810547e-01 2.956750392913818359e+00
1.959235191345214844e+01 3.856868743896484375e+00 9.011225104331970215e-01 2.955745697021484375e+00
1.961275863647460938e+01 3.842887401580810547e+00 9.001848697662353516e-01 2.942702770233154297e+00
1.963316917419433594e+01 3.847406148910522461e+00 8.980298042297363281e-01 2.949376583099365234e+00
1.969439506530761719e+01 3.853001356124877930e+00 8.879448175430297852e-01 2.965056657791137695e+00
1.971480369567871094e+01 3.841412782669067383e+00 8.845970034599304199e-01 2.956815958023071289e+00
1.973521232604980469e+01 3.844429969787597656e+00 8.848952651023864746e-01 2.959534883499145508e+00
1.975562095642089844e+01 3.852225065231323242e+00 8.833752870559692383e-01 2.968849897384643555e+00
1.989848136901855469e+01 3.859447002410888672e+00 8.662055134773254395e-01 2.993241310119628906e+00
1.993929862976074219e+01 3.860131263732910156e+00 8.614308238029479980e-01 2.998700141906738281e+00
1.995970916748046875e+01 3.861522436141967773e+00 8.605499863624572754e-01 3.000972509384155273e+00
2.000052642822265625e+01 3.852317571640014648e+00 8.623845577239990234e-01 2.989932537078857422e+00
2.002093505859375000e+01 3.851413965225219727e+00 8.609076142311096191e-01 2.990506887435913086e+00
2.012297821044921875e+01 3.819816827774047852e+00 8.571367859840393066e-01 2.962680101394653320e+00
2.014338684082031250e+01 3.820878505706787109e+00 8.562684059143066406e-01 2.964609861373901367e+00
2.016379547119140625e+01 3.814400911331176758e+00 8.524336218833923340e-01 2.961967468261718750e+00
2.018420410156250000e+01 3.818149328231811523e+00 8.533508181571960449e-01 2.964798688888549805e+00
2.020461273193359375e+01 3.806972026824951172e+00 8.495267033576965332e-01 2.957445621490478516e+00
2.022502136230468750e+01 3.806685924530029297e+00 8.486694693565368652e-01 2.958016395568847656e+00
2.024542999267578125e+01 3.802063465118408203e+00 8.489963412284851074e-01 2.953067064285278320e+00
2.026583862304687500e+01 3.798509120941162109e+00 8.469601869583129883e-01 2.951548814773559570e+00
2.028624725341796875e+01 3.862332105636596680e+00 8.596787452697753906e-01 3.002653360366821289e+00
2.030665588378906250e+01 3.789991378784179688e+00 8.464366197586059570e-01 2.943554878234863281e+00
2.032706451416015625e+01 3.784451007843017578e+00 8.432313799858093262e-01 2.941219329833984375e+00
2.034747314453125000e+01 3.778058052062988281e+00 8.400326371192932129e-01 2.938025236129760742e+00
2.042910766601562500e+01 3.766698598861694336e+00 8.360899090766906738e-01 2.930608987808227539e+00
2.049033546447753906e+01 3.761304140090942383e+00 8.300866484642028809e-01 2.931217432022094727e+00
2.053115081787109375e+01 3.748842000961303711e+00 8.243554234504699707e-01 2.924486637115478516e+00
2.055155944824218750e+01 3.791283130645751953e+00 8.171302676200866699e-01 2.974152803421020508e+00
2.059237670898437500e+01 3.784743309020996094e+00 8.155105710029602051e-01 2.969232797622680664e+00
2.061278724670410156e+01 3.741451501846313477e+00 8.123803734779357910e-01 2.929070711135864258e+00
2.075564765930175781e+01 3.736497879028320312e+00 8.027518987655639648e-01 2.933746099472045898e+00
2.077605628967285156e+01 3.733713388442993164e+00 8.008111119270324707e-01 2.932902574539184570e+00
2.079646492004394531e+01 3.739583730697631836e+00 8.006007671356201172e-01 2.938983201980590820e+00
2.081687355041503906e+01 3.747419595718383789e+00 7.998158931732177734e-01 2.947603464126586914e+00
2.083728218078613281e+01 3.741385936737060547e+00 7.978836894035339355e-01 2.943502187728881836e+00
2.087809944152832031e+01 3.746171951293945312e+00 7.934572696685791016e-01 2.952714920043945312e+00
2.100055122375488281e+01 3.744162321090698242e+00 7.916805148124694824e-01 2.952481508255004883e+00
2.102095985412597656e+01 3.746961116790771484e+00 7.909119129180908203e-01 2.956049203872680664e+00
2.104136848449707031e+01 3.748587369918823242e+00 7.907135486602783203e-01 2.957874059677124023e+00
2.106177711486816406e+01 3.751514911651611328e+00 7.905157208442687988e-01 2.960999488830566406e+00
2.108218574523925781e+01 3.749731302261352539e+00 7.914537787437438965e-01 2.958277463912963867e+00
2.110259437561035156e+01 3.749638319015502930e+00 7.901210784912109375e-01 2.959517717361450195e+00
2.112300491333007812e+01 3.748985528945922852e+00 7.910576462745666504e-01 2.957927465438842773e+00
2.114341354370117188e+01 3.750445604324340820e+00 7.897279262542724609e-01 2.960717439651489258e+00
2.116382217407226562e+01 3.748685359954833984e+00 7.889663577079772949e-01 2.959718704223632812e+00
2.118423080444335938e+01 3.748890638351440430e+00 7.887713313102722168e-01 2.960119485855102539e+00
2.120463943481445312e+01 3.749964475631713867e+00 7.874476909637451172e-01 2.962517023086547852e+00
2.122504615783691406e+01 3.751737117767333984e+00 7.883824110031127930e-01 2.963354110717773438e+00
2.124545478820800781e+01 3.748848438262939453e+00 7.870616912841796875e-01 2.961786746978759766e+00
2.126586532592773438e+01 3.740612030029296875e+00 7.834920287132263184e-01 2.957120180130004883e+00
2.128627395629882812e+01 3.743641376495361328e+00 7.861147522926330566e-01 2.957526445388793945e+00
2.130668258666992188e+01 3.746224641799926758e+00 7.859235405921936035e-01 2.960300445556640625e+00
2.132709121704101562e+01 3.747076034545898438e+00 7.840489745140075684e-01 2.963027000427246094e+00
2.134749984741210938e+01 3.747403383255004883e+00 7.861028909683227539e-01 2.961300134658813477e+00
2.136790847778320312e+01 3.746428012847900391e+00 7.842317819595336914e-01 2.962196350097656250e+00
2.138831710815429688e+01 3.742700576782226562e+00 7.857220172882080078e-01 2.956978559494018555e+00
2.140872573852539062e+01 3.745797395706176758e+00 7.832956314086914062e-01 2.962501764297485352e+00
2.142913436889648438e+01 3.739234209060668945e+00 7.831081748008728027e-01 2.956126213073730469e+00
2.144954490661621094e+01 3.738121271133422852e+00 7.806890010833740234e-01 2.957432031631469727e+00
2.146995162963867188e+01 3.736173629760742188e+00 7.805044651031494141e-01 2.955668926239013672e+00
2.149036026000976562e+01 3.727124214172363281e+00 7.814341783523559570e-01 2.945689916610717773e+00
2.151076889038085938e+01 3.728478670120239258e+00 7.767975926399230957e-01 2.951681137084960938e+00
2.153117752075195312e+01 3.728071451187133789e+00 7.771731615066528320e-01 2.950897932052612305e+00
2.155158615112304688e+01 3.721568346023559570e+00 7.742156386375427246e-01 2.947352647781372070e+00
2.157199478149414062e+01 3.717220544815063477e+00 7.740379571914672852e-01 2.943182945251464844e+00
2.159240341186523438e+01 3.710840463638305664e+00 7.749694585800170898e-01 2.935871124267578125e+00
2.161281394958496094e+01 3.701974868774414062e+00 7.714685797691345215e-01 2.930506229400634766e+00
2.163322257995605469e+01 3.699262142181396484e+00 7.685275673866271973e-01 2.930734634399414062e+00
2.165363121032714844e+01 3.696491241455078125e+00 7.672504186630249023e-01 2.929240703582763672e+00
2.167403984069824219e+01 3.685885190963745117e+00 7.632144093513488770e-01 2.922670841217041016e+00
2.169444656372070312e+01 3.677900314331054688e+00 7.630482316017150879e-01 2.914851903915405273e+00
2.171485519409179688e+01 3.667199373245239258e+00 7.612287402153015137e-01 2.905971288681030273e+00
2.173526382446289062e+01 3.669225931167602539e+00 7.610645890235900879e-01 2.908161401748657227e+00
2.175567245483398438e+01 3.661553859710693359e+00 7.575997114181518555e-01 2.903954267501831055e+00
2.177608299255371094e+01 3.654403209686279297e+00 7.546910643577575684e-01 2.899712085723876953e+00
2.179649162292480469e+01 3.642252206802368164e+00 7.506894469261169434e-01 2.891563177108764648e+00
2.181690025329589844e+01 3.628859519958496094e+00 7.510845661163330078e-01 2.877774715423583984e+00
2.185771751403808594e+01 3.617918729782104492e+00 7.491343021392822266e-01 2.868784666061401367e+00
2.187812614440917969e+01 3.611558675765991211e+00 7.484354972839355469e-01 2.863122940063476562e+00
2.189853477478027344e+01 3.610706567764282227e+00 7.477379441261291504e-01 2.862968683242797852e+00
2.191894340515136719e+01 3.604898214340209961e+00 7.464957237243652344e-01 2.858402490615844727e+00
2.193935203552246094e+01 3.600867033004760742e+00 7.468924522399902344e-01 2.853974342346191406e+00
2.195976066589355469e+01 3.601946115493774414e+00 7.451081275939941406e-01 2.856837987899780273e+00
2.198016929626464844e+01 3.589746475219726562e+00 7.438717484474182129e-01 2.845875024795532227e+00
2.200057792663574219e+01 3.589945316314697266e+00 7.442698478698730469e-01 2.845674991607666016e+00
2.202098655700683594e+01 3.581107378005981445e+00 7.430364489555358887e-01 2.838070631027221680e+00
2.204139518737792969e+01 3.581288576126098633e+00 7.423484921455383301e-01 2.838940143585205078e+00
2.206180381774902344e+01 3.575320005416870117e+00 7.422043085098266602e-01 2.833115816116333008e+00
2.208221244812011719e+01 3.572106838226318359e+00 7.420604228973388672e-01 2.830046653747558594e+00
2.210262298583984375e+01 3.566900253295898438e+00 7.419167757034301758e-01 2.824984073638916016e+00
2.212303161621093750e+01 3.567105293273925781e+00 7.417733073234558105e-01 2.825331926345825195e+00
2.214344024658203125e+01 3.566238641738891602e+00 7.421708106994628906e-01 2.824067831039428711e+00
2.216384696960449219e+01 3.558167457580566406e+00 7.404072880744934082e-01 2.817760467529296875e+00
2.218425559997558594e+01 3.558294057846069336e+00 7.408052682876586914e-01 2.817488431930541992e+00
2.220466423034667969e+01 3.553362846374511719e+00 7.406634688377380371e-01 2.812699317932128906e+00
2.222507286071777344e+01 3.548870801925659180e+00 7.389062047004699707e-01 2.809964656829833984e+00
2.224548149108886719e+01 3.551614761352539062e+00 7.403805255889892578e-01 2.811234235763549805e+00
2.226589202880859375e+01 3.546066045761108398e+00 7.380892038345336914e-01 2.807976961135864258e+00
2.228630065917968750e+01 3.543453454971313477e+00 7.384874820709228516e-01 2.804965734481811523e+00
2.230670928955078125e+01 3.540173292160034180e+00 7.378118634223937988e-01 2.802361249923706055e+00
2.232711791992187500e+01 3.540012121200561523e+00 7.376734614372253418e-01 2.802338838577270508e+00
2.234752655029296875e+01 3.542876243591308594e+00 7.391422390937805176e-01 2.803734064102172852e+00
2.236793518066406250e+01 3.538298606872558594e+00 7.363273501396179199e-01 2.801971197128295898e+00
2.238834190368652344e+01 3.536924600601196289e+00 7.356561422348022461e-01 2.801268339157104492e+00
2.240875053405761719e+01 3.532176017761230469e+00 7.344520688056945801e-01 2.797724246978759766e+00
2.242916107177734375e+01 3.535797357559204102e+00 7.353847026824951172e-01 2.800412416458129883e+00
2.244956970214843750e+01 3.536007404327392578e+00 7.347161769866943359e-01 2.801290988922119141e+00
2.246997833251953125e+01 3.531783103942871094e+00 7.345815896987915039e-01 2.797201633453369141e+00
2.249038696289062500e+01 3.534411907196044922e+00 7.339149713516235352e-01 2.800497293472290039e+00
2.251079559326171875e+01 3.534654378890991211e+00 7.337812781333923340e-01 2.800873041152954102e+00
2.253120422363281250e+01 3.534753561019897461e+00 7.325854301452636719e-01 2.802167892456054688e+00
2.255161285400390625e+01 3.532072067260742188e+00 7.319224476814270020e-01 2.800149440765380859e+00
2.257202148437500000e+01 3.533746719360351562e+00 7.317909002304077148e-01 2.801955223083496094e+00
2.259243011474609375e+01 3.530859708786010742e+00 7.300702333450317383e-01 2.800789594650268555e+00
2.261283874511718750e+01 3.532848119735717773e+00 7.309994101524353027e-01 2.801848888397216797e+00
2.263324737548828125e+01 3.539080619812011719e+00 7.308690547943115234e-01 2.808211803436279297e+00
2.265365600585937500e+01 3.535967111587524414e+00 7.296823263168334961e-01 2.806285142898559570e+00
2.267406463623046875e+01 3.538348913192749023e+00 7.290255427360534668e-01 2.809323310852050781e+00
2.269447326660156250e+01 3.540596723556518555e+00 7.283698916435241699e-01 2.812227010726928711e+00
2.271488189697265625e+01 3.541056394577026367e+00 7.287693619728088379e-01 2.812287092208862305e+00
2.273529052734375000e+01 3.545220851898193359e+00 7.281151413917541504e-01 2.817105770111083984e+00
2.275570106506347656e+01 3.547863960266113281e+00 7.285140752792358398e-01 2.819350004196166992e+00
2.277610969543457031e+01 3.547502040863037109e+00 7.273358106613159180e-01 2.820166587829589844e+00
2.279651832580566406e+01 3.551347970962524414e+00 7.266846299171447754e-01 2.824663400650024414e+00
2.281692695617675781e+01 3.558913230895996094e+00 7.276084423065185547e-01 2.831304550170898438e+00
2.283733558654785156e+01 3.559031009674072266e+00 7.280064821243286133e-01 2.831024408340454102e+00
2.285774230957031250e+01 3.559305429458618164e+00 7.263091802597045898e-01 2.832995891571044922e+00
2.287815093994140625e+01 3.562181472778320312e+00 7.267076373100280762e-01 2.835473775863647461e+00
2.289855957031250000e+01 3.562280893325805664e+00 7.255372405052185059e-01 2.836743831634521484e+00
2.291897010803222656e+01 3.564138412475585938e+00 7.264578938484191895e-01 2.837680816650390625e+00
2.293937873840332031e+01 3.566134691238403320e+00 7.268551588058471680e-01 2.839279890060424805e+00
2.295978736877441406e+01 3.565052986145019531e+00 7.262091040611267090e-01 2.838843822479248047e+00
2.298019599914550781e+01 3.568398714065551758e+00 7.266058325767517090e-01 2.841792821884155273e+00
2.300060462951660156e+01 3.562084436416625977e+00 7.254407405853271484e-01 2.836643934249877930e+00
2.302101325988769531e+01 3.571865320205688477e+00 7.273973226547241211e-01 2.844467878341674805e+00
2.304142189025878906e+01 3.569228649139404297e+00 7.262335419654846191e-01 2.842994689941406250e+00
2.316387367248535156e+01 3.580092191696166992e+00 7.265282869338989258e-01 2.853564023971557617e+00
2.318428230285644531e+01 3.549878835678100586e+00 7.253724932670593262e-01 2.824506521224975586e+00
2.320469093322753906e+01 3.542895555496215820e+00 7.247345447540283203e-01 2.818161010742187500e+00
2.328632736206054688e+01 3.528702259063720703e+00 7.211657762527465820e-01 2.807536602020263672e+00
2.334755134582519531e+01 3.513387680053710938e+00 7.197872996330261230e-01 2.793600559234619141e+00
2.336795997619628906e+01 3.514521598815917969e+00 7.176219820976257324e-01 2.796899080276489258e+00
2.338836860656738281e+01 3.498066663742065430e+00 7.180193066596984863e-01 2.780047416687011719e+00
2.342918777465820312e+01 3.498854637145996094e+00 7.193228602409362793e-01 2.779531955718994141e+00
2.357204818725585938e+01 3.470171689987182617e+00 7.063308954238891602e-01 2.763840913772583008e+00
2.359245681762695312e+01 3.506753683090209961e+00 7.057198882102966309e-01 2.801034212112426758e+00
2.361286544799804688e+01 3.463407754898071289e+00 7.005477547645568848e-01 2.762860059738159180e+00
2.369449996948242188e+01 3.435591936111450195e+00 6.981341242790222168e-01 2.737457752227783203e+00
2.371490859985351562e+01 3.445560216903686523e+00 6.995522975921630859e-01 2.746007919311523438e+00
2.373531723022460938e+01 3.448947906494140625e+00 6.999593377113342285e-01 2.748988628387451172e+00
2.375572776794433594e+01 3.446563959121704102e+00 7.003656625747680664e-01 2.746198892593383789e+00
2.377613449096679688e+01 3.458209514617919922e+00 7.012748718261718750e-01 2.756934404373168945e+00
2.379654312133789062e+01 3.449940204620361328e+00 7.006734609603881836e-01 2.749266862869262695e+00
2.381695175170898438e+01 3.441146135330200195e+00 7.000730037689208984e-01 2.741073369979858398e+00
2.383736038208007812e+01 3.441619634628295898e+00 6.999757885932922363e-01 2.741643905639648438e+00
2.387817764282226562e+01 3.436951398849487305e+00 6.987792253494262695e-01 2.738172769546508789e+00
2.389858627319335938e+01 3.441978454589843750e+00 7.006867527961730957e-01 2.741291522979736328e+00
2.393940544128417969e+01 3.447827339172363281e+00 7.029919624328613281e-01 2.744835615158081055e+00
2.400063133239746094e+01 3.447001695632934570e+00 7.031935453414916992e-01 2.743807792663574219e+00
2.402103805541992188e+01 3.445311546325683594e+00 7.025961279869079590e-01 2.742715835571289062e+00
2.406185722351074219e+01 3.443412065505981445e+00 7.028965950012207031e-01 2.740515708923339844e+00
2.408226585388183594e+01 3.446497678756713867e+00 7.057800889015197754e-01 2.740717649459838867e+00
2.410267448425292969e+01 3.443931818008422852e+00 7.036926746368408203e-01 2.740239143371582031e+00
2.412308311462402344e+01 3.449647188186645508e+00 7.050820589065551758e-01 2.744565010070800781e+00
2.414349174499511719e+01 3.446963310241699219e+00 7.059733867645263672e-01 2.740989685058593750e+00
2.420471763610839844e+01 3.450048923492431641e+00 7.056711316108703613e-01 2.744377851486206055e+00
2.426594352722167969e+01 3.444207191467285156e+00 7.038906812667846680e-01 2.740316390991210938e+00
2.428635215759277344e+01 3.453331470489501953e+00 7.057633996009826660e-01 2.747568368911743164e+00
2.430676078796386719e+01 3.450762033462524414e+00 7.051708102226257324e-01 2.745591402053833008e+00
2.434757804870605469e+01 3.450739622116088867e+00 7.015305757522583008e-01 2.749209403991699219e+00
2.444962310791015625e+01 3.440461397171020508e+00 7.025191187858581543e-01 2.737942457199096680e+00
2.447002983093261719e+01 3.441628456115722656e+00 7.014441490173339844e-01 2.740184307098388672e+00
2.451084709167480469e+01 3.442150354385375977e+00 7.002760171890258789e-01 2.741874217987060547e+00
2.457207489013671875e+01 3.426251888275146484e+00 6.970697045326232910e-01 2.729182481765747070e+00
2.459248352050781250e+01 3.445712566375732422e+00 6.955178380012512207e-01 2.750194549560546875e+00
2.463330078125000000e+01 3.415732860565185547e+00 6.943653821945190430e-01 2.721367597579956055e+00
2.465370941162109375e+01 3.408954858779907227e+00 6.942760348320007324e-01 2.714678764343261719e+00
2.471493530273437500e+01 3.410021305084228516e+00 6.925561428070068359e-01 2.717464685440063477e+00
2.473534393310546875e+01 3.412030696868896484e+00 6.939203739166259766e-01 2.718110322952270508e+00
2.483738708496093750e+01 3.395829916000366211e+00 6.925151348114013672e-01 2.703314542770385742e+00
2.485779571533203125e+01 3.400936126708984375e+00 6.938726305961608887e-01 2.707063674926757812e+00
2.487820434570312500e+01 3.403616905212402344e+00 6.957090497016906738e-01 2.707907199859619141e+00
2.489861488342285156e+01 3.406545162200927734e+00 6.941773295402526855e-01 2.712367773056030273e+00
2.491902351379394531e+01 3.402801990509033203e+00 6.945694684982299805e-01 2.708232402801513672e+00
2.493943023681640625e+01 3.406691551208496094e+00 6.959208846092224121e-01 2.710770368576049805e+00
2.502106475830078125e+01 3.401153326034545898e+00 6.993908882141113281e-01 2.701762437820434570e+00
2.504147338867187500e+01 3.397927045822143555e+00 6.992989182472229004e-01 2.698628425598144531e+00
2.506188392639160156e+01 3.394669055938720703e+00 6.987294554710388184e-01 2.695939540863037109e+00
2.508229255676269531e+01 3.405214786529541016e+00 7.005469202995300293e-01 2.704668283462524414e+00
2.510270118713378906e+01 3.399475812911987305e+00 7.018846869468688965e-01 2.697590827941894531e+00
2.512310981750488281e+01 3.406769037246704102e+00 7.027438282966613770e-01 2.704025030136108398e+00
2.514351844787597656e+01 3.428866863250732422e+00 7.045536637306213379e-01 2.724313259124755859e+00
2.516392517089843750e+01 3.411738634109497070e+00 7.039822936058044434e-01 2.707756042480468750e+00
2.518433380126953125e+01 3.410274505615234375e+00 7.053129076957702637e-01 2.704961299896240234e+00
2.520474243164062500e+01 3.413460493087768555e+00 7.066413164138793945e-01 2.706819295883178711e+00
2.522515296936035156e+01 3.420910596847534180e+00 7.074931859970092773e-01 2.713417530059814453e+00
2.524556159973144531e+01 3.423671722412109375e+00 7.092918753623962402e-01 2.714379310607910156e+00
2.526597023010253906e+01 3.425737142562866211e+00 7.096664309501647949e-01 2.716071128845214844e+00
2.528637886047363281e+01 3.432603359222412109e+00 7.109870314598083496e-01 2.721616268157958984e+00
2.530678749084472656e+01 3.434300661087036133e+00 7.118326425552368164e-01 2.722468137741088867e+00
2.532719612121582031e+01 3.441026210784912109e+00 7.136220335960388184e-01 2.727403879165649414e+00
2.534760475158691406e+01 3.443198204040527344e+00 7.139918208122253418e-01 2.729207038879394531e+00
2.536801338195800781e+01 3.454834461212158203e+00 7.153048515319824219e-01 2.739529848098754883e+00
2.538842201232910156e+01 3.451687574386596680e+00 7.156726717948913574e-01 2.736014604568481445e+00
2.540883064270019531e+01 3.454295873641967773e+00 7.174533009529113770e-01 2.736842393875122070e+00
2.542923927307128906e+01 3.458623409271240234e+00 7.173482179641723633e-01 2.741275310516357422e+00
2.544964790344238281e+01 3.463288068771362305e+00 7.181839346885681152e-01 2.745104312896728516e+00
2.547005653381347656e+01 3.464955806732177734e+00 7.185483574867248535e-01 2.746407032012939453e+00
2.549046516418457031e+01 3.468590259552001953e+00 7.189121246337890625e-01 2.749678134918212891e+00
2.551087379455566406e+01 3.472725152969360352e+00 7.197446227073669434e-01 2.752980947494506836e+00
2.553128242492675781e+01 3.476181745529174805e+00 7.201068997383117676e-01 2.756074666976928711e+00
2.555169296264648438e+01 3.476115942001342773e+00 7.218739986419677734e-01 2.754241466522216797e+00
2.557210159301757812e+01 3.480587482452392578e+00 7.217658758163452148e-01 2.758821725845336914e+00
2.559251022338867188e+01 3.485227346420288086e+00 7.230611443519592285e-01 2.762166738510131836e+00
2.561291885375976562e+01 3.491096973419189453e+00 7.234196662902832031e-01 2.767676830291748047e+00
2.563332557678222656e+01 3.486994028091430664e+00 7.228437066078186035e-01 2.764150381088256836e+00
2.565373420715332031e+01 3.483596086502075195e+00 7.227352261543273926e-01 2.760861158370971680e+00
2.567414283752441406e+01 3.485589027404785156e+00 7.235593199729919434e-01 2.762029647827148438e+00
2.569455146789550781e+01 3.485992193222045898e+00 7.239163517951965332e-01 2.762075901031494141e+00
2.571496200561523438e+01 3.485687255859375000e+00 7.238072156906127930e-01 2.761879920959472656e+00
2.573537063598632812e+01 3.484558343887329102e+00 7.241634130477905273e-01 2.760395288467407227e+00
2.575577926635742188e+01 3.484207630157470703e+00 7.249838113784790039e-01 2.759223937988281250e+00
2.577618789672851562e+01 3.480960369110107422e+00 7.239454388618469238e-01 2.757014751434326172e+00
2.579659652709960938e+01 3.478324174880981445e+00 7.233726978302001953e-01 2.754951238632202148e+00
2.581700515747070312e+01 3.475861549377441406e+00 7.232644557952880859e-01 2.752596855163574219e+00
2.583741378784179688e+01 3.470808744430541992e+00 7.236196994781494141e-01 2.747188806533813477e+00
2.585782241821289062e+01 3.469507217407226562e+00 7.225856781005859375e-01 2.746921539306640625e+00
2.587823104858398438e+01 3.467132329940795898e+00 7.224783897399902344e-01 2.744653940200805664e+00
2.589863967895507812e+01 3.464959144592285156e+00 7.232956290245056152e-01 2.741663455963134766e+00
2.591904830932617188e+01 3.456173896789550781e+00 7.213405966758728027e-01 2.734833478927612305e+00
2.593945693969726562e+01 3.453009843826293945e+00 7.189273238182067871e-01 2.734081983566284180e+00
2.595986557006835938e+01 3.449497699737548828e+00 7.192842364311218262e-01 2.730213880538940430e+00
2.598027420043945312e+01 3.445871829986572266e+00 7.191799283027648926e-01 2.726691722869873047e+00
2.600068283081054688e+01 3.441387653350830078e+00 7.181550860404968262e-01 2.723232746124267578e+00
2.602109146118164062e+01 3.430522680282592773e+00 7.157518267631530762e-01 2.714771032333374023e+00
2.604150009155273438e+01 3.432092428207397461e+00 7.165698409080505371e-01 2.715522050857543945e+00
2.606191062927246094e+01 3.427471399307250977e+00 7.155494093894958496e-01 2.711922407150268555e+00
2.608231925964355469e+01 3.422722578048706055e+00 7.149894833564758301e-01 2.707733392715454102e+00
2.610272598266601562e+01 3.418112516403198242e+00 7.130548357963562012e-01 2.705057621002197266e+00
2.612313461303710938e+01 3.412022352218627930e+00 7.124977111816406250e-01 2.699524641036987305e+00
2.614354324340820312e+01 3.407616853713989258e+00 7.105680108070373535e-01 2.697048664093017578e+00
2.616395187377929688e+01 3.405618429183959961e+00 7.090987563133239746e-01 2.696519613265991211e+00
2.618436050415039062e+01 3.400011062622070312e+00 7.085461020469665527e-01 2.691465139389038086e+00
2.620477104187011719e+01 3.395630836486816406e+00 7.075375318527221680e-01 2.688092947006225586e+00
2.622517967224121094e+01 3.391409397125244141e+00 7.051612138748168945e-01 2.686247825622558594e+00
2.624558830261230469e+01 3.388876438140869141e+00 7.046128511428833008e-01 2.684263944625854492e+00
2.626599693298339844e+01 3.383726596832275391e+00 7.026982903480529785e-01 2.681028366088867188e+00
2.628640556335449219e+01 3.379123449325561523e+00 7.012420296669006348e-01 2.677881479263305664e+00
2.630681419372558594e+01 3.378379106521606445e+00 6.993329524993896484e-01 2.679046154022216797e+00
2.632722091674804688e+01 3.375662565231323242e+00 6.983362436294555664e-01 2.677325963973999023e+00
2.634762954711914062e+01 3.372061014175415039e+00 6.959781646728515625e-01 2.676082611083984375e+00
2.636804008483886719e+01 3.370154619216918945e+00 6.945316195487976074e-01 2.675623416900634766e+00
2.638844871520996094e+01 3.368243217468261719e+00 6.930872201919555664e-01 2.675156116485595703e+00
2.640885734558105469e+01 3.365608453750610352e+00 6.911919116973876953e-01 2.674417018890380859e+00
2.642926597595214844e+01 3.363902568817138672e+00 6.897523999214172363e-01 2.674150466918945312e+00
2.644967460632324219e+01 3.363260984420776367e+00 6.878625750541687012e-01 2.675398349761962891e+00
2.647008323669433594e+01 3.361714124679565430e+00 6.864277720451354980e-01 2.675285816192626953e+00
2.649049186706542969e+01 3.360975980758666992e+00 6.845434308052062988e-01 2.676432847976684570e+00
2.651090049743652344e+01 3.362147808074951172e+00 6.835649609565734863e-01 2.678583145141601562e+00
2.653130912780761719e+01 3.360016822814941406e+00 6.821368336677551270e-01 2.677879810333251953e+00
2.655171966552734375e+01 3.361009836196899414e+00 6.802601218223571777e-01 2.680750370025634766e+00
2.657212638854980469e+01 3.359062194824218750e+00 6.783863306045532227e-01 2.680675745010375977e+00
2.659253501892089844e+01 3.361489295959472656e+00 6.783157587051391602e-01 2.683173656463623047e+00
2.661294364929199219e+01 3.362063169479370117e+00 6.773458719253540039e-01 2.684717416763305664e+00
2.663335227966308594e+01 3.361555099487304688e+00 6.741302609443664551e-01 2.687424898147583008e+00
2.665376091003417969e+01 3.363024234771728516e+00 6.740632057189941406e-01 2.688961029052734375e+00
2.667416954040527344e+01 3.363970041275024414e+00 6.730986833572387695e-01 2.690871715545654297e+00
2.669458007812500000e+01 3.364992141723632812e+00 6.721357107162475586e-01 2.692856550216674805e+00
2.671498870849609375e+01 3.364830970764160156e+00 6.716222167015075684e-01 2.693208456039428711e+00
2.673539733886718750e+01 3.367326498031616211e+00 6.697664260864257812e-01 2.697559833526611328e+00
2.675580596923828125e+01 3.367878437042236328e+00 6.688081622123718262e-01 2.699070453643798828e+00
2.677621459960937500e+01 3.368252515792846680e+00 6.669573783874511719e-01 2.701295137405395508e+00
2.679662132263183594e+01 3.370576620101928711e+00 6.668960452079772949e-01 2.703680515289306641e+00
2.681702995300292969e+01 3.371658325195312500e+00 6.663885116577148438e-01 2.705269575119018555e+00
2.683743858337402344e+01 3.371815443038940430e+00 6.658817529678344727e-01 2.705934047698974609e+00
2.685784912109375000e+01 3.372043848037719727e+00 6.653757691383361816e-01 2.706668138504028320e+00
2.687825775146484375e+01 3.375677347183227539e+00 6.648705601692199707e-01 2.710806846618652344e+00
2.689866638183593750e+01 3.375950336456298828e+00 6.639211773872375488e-01 2.712028741836547852e+00
2.691907501220703125e+01 3.374817371368408203e+00 6.629731655120849609e-01 2.711844444274902344e+00
2.693948364257812500e+01 3.374115705490112305e+00 6.629152297973632812e-01 2.711200952529907227e+00
2.695989227294921875e+01 3.373137712478637695e+00 6.619693636894226074e-01 2.711168050765991211e+00
2.698030090332031250e+01 3.373831987380981445e+00 6.619123220443725586e-01 2.711919546127319336e+00
2.700070953369140625e+01 3.374680995941162109e+00 6.618552207946777344e-01 2.712826251983642578e+00
2.702111816406250000e+01 3.372247695922851562e+00 6.609124541282653809e-01 2.711335420608520508e+00
2.704152679443359375e+01 3.370574235916137695e+00 6.599709987640380859e-01 2.710603713989257812e+00
2.706193542480468750e+01 3.369213342666625977e+00 6.594732999801635742e-01 2.709740161895751953e+00
2.708234405517578125e+01 3.368717670440673828e+00 6.589763164520263672e-01 2.709741115570068359e+00
2.710275268554687500e+01 3.367290735244750977e+00 6.584801077842712402e-01 2.708810567855834961e+00
2.712316131591796875e+01 3.365194559097290039e+00 6.584259271621704102e-01 2.706768274307250977e+00
2.714356994628906250e+01 3.363173961639404297e+00 6.570489406585693359e-01 2.706124544143676758e+00
2.716397857666015625e+01 3.361126184463500977e+00 6.561146378517150879e-01 2.705011844635009766e+00
2.718438720703125000e+01 3.359923839569091797e+00 6.569430232048034668e-01 2.702980995178222656e+00
2.720479774475097656e+01 3.355242252349853516e+00 6.551302075386047363e-01 2.700112342834472656e+00
2.722520446777343750e+01 3.353912591934204102e+00 6.559581160545349121e-01 2.697954416275024414e+00
2.724561500549316406e+01 3.352984666824340820e+00 6.550273895263671875e-01 2.697957038879394531e+00
2.726602172851562500e+01 3.349329233169555664e+00 6.540980935096740723e-01 2.695230960845947266e+00
2.728643226623535156e+01 3.347735166549682617e+00 6.540475487709045410e-01 2.693687438964843750e+00
2.730683898925781250e+01 3.343966007232666016e+00 6.522436738014221191e-01 2.691722393035888672e+00
2.732724952697753906e+01 3.340898990631103516e+00 6.526325941085815430e-01 2.688266754150390625e+00
2.734765815734863281e+01 3.338702440261840820e+00 6.517078876495361328e-01 2.686994552612304688e+00
2.736806488037109375e+01 3.335568428039550781e+00 6.503472328186035156e-01 2.685220956802368164e+00
2.738847541809082031e+01 3.331908464431762695e+00 6.502996087074279785e-01 2.681608915328979492e+00
2.740888214111328125e+01 3.328476667404174805e+00 6.489420533180236816e-01 2.679534673690795898e+00
2.742929267883300781e+01 3.326413869857788086e+00 6.484591364860534668e-01 2.677954912185668945e+00
2.744969940185546875e+01 3.323673486709594727e+00 6.484131217002868652e-01 2.675260543823242188e+00
2.747010993957519531e+01 3.320743799209594727e+00 6.466240882873535156e-01 2.674119710922241211e+00
2.749051666259765625e+01 3.317715167999267578e+00 6.457086801528930664e-01 2.672006368637084961e+00
2.751092720031738281e+01 3.314970970153808594e+00 6.452296376228332520e-01 2.669740915298461914e+00
2.753133583068847656e+01 3.311726570129394531e+00 6.438818573951721191e-01 2.667844533920288086e+00
2.755174636840820312e+01 3.307810544967651367e+00 6.429704427719116211e-01 2.664839982986450195e+00
2.757215309143066406e+01 3.306206226348876953e+00 6.424945592880249023e-01 2.663711547851562500e+00
2.759256362915039062e+01 3.304006814956665039e+00 6.415854692459106445e-01 2.662421464920043945e+00
2.761297035217285156e+01 3.303733587265014648e+00 6.406778097152709961e-01 2.663055658340454102e+00
2.763337707519531250e+01 3.300114870071411133e+00 6.402046680450439453e-01 2.659910202026367188e+00
2.765378761291503906e+01 3.298301696777343750e+00 6.388665437698364258e-01 2.659434795379638672e+00
2.767419624328613281e+01 3.295078039169311523e+00 6.383954286575317383e-01 2.656682968139648438e+00
2.769460678100585938e+01 3.289520502090454102e+00 6.361961364746093750e-01 2.653324365615844727e+00
2.771501350402832031e+01 3.292625427246093750e+00 6.370233297348022461e-01 2.655602216720581055e+00
2.773542404174804688e+01 3.288930416107177734e+00 6.361229419708251953e-01 2.652807235717773438e+00
2.775583076477050781e+01 3.288877010345458984e+00 6.356552839279174805e-01 2.653221368789672852e+00
2.777624130249023438e+01 3.287471532821655273e+00 6.347572207450866699e-01 2.652714490890502930e+00
2.779664802551269531e+01 3.288463354110717773e+00 6.347218155860900879e-01 2.653741598129272461e+00
2.781705856323242188e+01 3.286764383316040039e+00 6.342561244964599609e-01 2.652508497238159180e+00
2.783746528625488281e+01 3.286424875259399414e+00 6.337911486625671387e-01 2.652634143829345703e+00
2.785787391662597656e+01 3.286907434463500977e+00 6.333268880844116211e-01 2.653580427169799805e+00
2.787828445434570312e+01 3.285315513610839844e+00 6.332925558090209961e-01 2.652023077011108398e+00
2.789869117736816406e+01 3.284315347671508789e+00 6.324002742767333984e-01 2.651914834976196289e+00
2.791910171508789062e+01 3.285592555999755859e+00 6.327954530715942383e-01 2.652797222137451172e+00
2.793950843811035156e+01 3.284405231475830078e+00 6.323332190513610840e-01 2.652071952819824219e+00
2.795991897583007812e+01 3.286615848541259766e+00 6.322997212409973145e-01 2.654315710067749023e+00
2.798032569885253906e+01 3.287418603897094727e+00 6.322663426399230957e-01 2.655152082443237305e+00
2.800073623657226562e+01 3.289335966110229492e+00 6.326603889465332031e-01 2.656675338745117188e+00
2.802114486694335938e+01 3.290466070175170898e+00 6.330540180206298828e-01 2.657412767410278320e+00
2.804155540466308594e+01 3.290148973464965820e+00 6.330200433731079102e-01 2.657128572463989258e+00
2.806196212768554688e+01 3.292571067810058594e+00 6.329862475395202637e-01 2.659585237503051758e+00
2.808236885070800781e+01 3.294606685638427734e+00 6.333787441253662109e-01 2.661227941513061523e+00
2.810277938842773438e+01 3.295377969741821289e+00 6.333446502685546875e-01 2.662033319473266602e+00
2.812318611145019531e+01 3.299013614654541016e+00 6.341618895530700684e-01 2.664851903915405273e+00
2.814359664916992188e+01 3.298866271972656250e+00 6.341273188591003418e-01 2.664738655090332031e+00
2.816400527954101562e+01 3.301449060440063477e+00 6.345177888870239258e-01 2.666931390762329102e+00
2.818441581726074219e+01 3.303546190261840820e+00 6.349076628684997559e-01 2.668638467788696289e+00
2.820482254028320312e+01 3.306437969207763672e+00 6.352970004081726074e-01 2.671140670776367188e+00
2.822523307800292969e+01 3.306974649429321289e+00 6.356858015060424805e-01 2.671288728713989258e+00
2.824563980102539062e+01 3.309122085571289062e+00 6.360740661621093750e-01 2.673048257827758789e+00
2.826605033874511719e+01 3.310896396636962891e+00 6.364617347717285156e-01 2.674434661865234375e+00
2.828645706176757812e+01 3.311958789825439453e+00 6.364256739616394043e-01 2.675532817840576172e+00
2.830686378479003906e+01 3.314277410507202148e+00 6.368125677108764648e-01 2.677464246749877930e+00
2.832727432250976562e+01 3.316263437271118164e+00 6.376213431358337402e-01 2.678642272949218750e+00
2.834768295288085938e+01 3.317023277282714844e+00 6.375845670700073242e-01 2.679438591003417969e+00
2.836809349060058594e+01 3.318033218383789062e+00 6.375477910041809082e-01 2.680485725402832031e+00
2.838850021362304688e+01 3.318105459213256836e+00 6.379327178001403809e-01 2.680172204971313477e+00
2.840891075134277344e+01 3.321576595306396484e+00 6.383171081542968750e-01 2.683259963989257812e+00
2.842931747436523438e+01 3.319888591766357422e+00 6.382799148559570312e-01 2.681609153747558594e+00
2.844972801208496094e+01 3.317202806472778320e+00 6.382427215576171875e-01 2.678960323333740234e+00
2.847013473510742188e+01 3.321722269058227539e+00 6.377851963043212891e-01 2.683937072753906250e+00
2.849054527282714844e+01 3.323542594909667969e+00 6.390087604522705078e-01 2.684533596038818359e+00
2.851095390319824219e+01 3.319045543670654297e+00 6.377117633819580078e-01 2.681333780288696289e+00
2.853136062622070312e+01 3.319065809249877930e+00 6.376752257347106934e-01 2.681391000747680664e+00
2.855177116394042969e+01 3.317135334014892578e+00 6.376385092735290527e-01 2.679496765136718750e+00
2.857217788696289062e+01 3.318065404891967773e+00 6.376020908355712891e-01 2.680463314056396484e+00
2.859258842468261719e+01 3.308996677398681641e+00 6.346352100372314453e-01 2.674361467361450195e+00
2.861299514770507812e+01 3.312961816787719727e+00 6.362741589546203613e-01 2.676687955856323242e+00
2.863340568542480469e+01 3.313001632690429688e+00 6.362386941909790039e-01 2.676762580871582031e+00
2.865381431579589844e+01 3.307003974914550781e+00 6.357855796813964844e-01 2.671218156814575195e+00
2.867422294616699219e+01 3.303398132324218750e+00 6.353330016136169434e-01 2.668065071105957031e+00
2.869463157653808594e+01 3.303041458129882812e+00 6.348811388015747070e-01 2.668159723281860352e+00
2.871504211425781250e+01 3.298655033111572266e+00 6.340129971504211426e-01 2.664642095565795898e+00
2.873544883728027344e+01 3.294689655303955078e+00 6.339793205261230469e-01 2.660710334777832031e+00
2.875585937500000000e+01 3.291950464248657227e+00 6.326968073844909668e-01 2.659253358840942383e+00
2.877626609802246094e+01 3.287951231002807617e+00 6.322481632232666016e-01 2.655703544616699219e+00
2.879667282104492188e+01 3.280391216278076172e+00 6.313844323158264160e-01 2.649005889892578125e+00
2.881708335876464844e+01 3.277941226959228516e+00 6.305218338966369629e-01 2.647419452667236328e+00
2.883749198913574219e+01 3.272248983383178711e+00 6.296605467796325684e-01 2.642588615417480469e+00
2.885790252685546875e+01 3.267258882522583008e+00 6.288005113601684570e-01 2.638458490371704102e+00
2.887830924987792969e+01 3.267395734786987305e+00 6.291850805282592773e-01 2.638210296630859375e+00
2.889871978759765625e+01 3.257550477981567383e+00 6.279123425483703613e-01 2.629637956619262695e+00
2.891912651062011719e+01 3.253603219985961914e+00 6.270553469657897949e-01 2.626548051834106445e+00
2.893953704833984375e+01 3.248507261276245117e+00 6.261994838714599609e-01 2.622307538986206055e+00
2.895994377136230469e+01 3.243293762207031250e+00 6.249315738677978516e-01 2.618362426757812500e+00
2.898035430908203125e+01 3.238390207290649414e+00 6.249044537544250488e-01 2.613485336303710938e+00
2.900076293945312500e+01 3.232972621917724609e+00 6.240519881248474121e-01 2.608920574188232422e+00
2.902116966247558594e+01 3.228148698806762695e+00 6.232007741928100586e-01 2.604947805404663086e+00
2.904158020019531250e+01 3.222888946533203125e+00 6.227627992630004883e-01 2.600126028060913086e+00
2.906198692321777344e+01 3.218212842941284180e+00 6.219136118888854980e-01 2.596299171447753906e+00
2.908239746093750000e+01 3.212858200073242188e+00 6.206539869308471680e-01 2.592204332351684570e+00
2.910280418395996094e+01 3.208024024963378906e+00 6.198074817657470703e-01 2.588216543197631836e+00
2.912321472167968750e+01 3.205008029937744141e+00 6.206061244010925293e-01 2.584401845932006836e+00
2.914362144470214844e+01 3.199943780899047852e+00 6.193500757217407227e-01 2.580593824386596680e+00
2.916403198242187500e+01 3.195547580718994141e+00 6.189166307449340820e-01 2.576630830764770508e+00
2.918444061279296875e+01 3.190509557723999023e+00 6.176636219024658203e-01 2.572845935821533203e+00
2.920485115051269531e+01 3.188450336456298828e+00 6.180516481399536133e-01 2.570398330688476562e+00
2.922525787353515625e+01 3.184257984161376953e+00 6.176200509071350098e-01 2.566637516021728516e+00
2.924566459655761719e+01 3.181631088256835938e+00 6.171891093254089355e-01 2.564442396163940430e+00
2.926607513427734375e+01 3.179459333419799805e+00 6.167586445808410645e-01 2.562700271606445312e+00
2.928648185729980469e+01 3.176119565963745117e+00 6.163288950920104980e-01 2.559791088104248047e+00
2.930689239501953125e+01 3.173172712326049805e+00 6.163080930709838867e-01 2.556864500045776367e+00
2.932730102539062500e+01 3.173605203628540039e+00 6.154710650444030762e-01 2.558134555816650391e+00
2.934771156311035156e+01 3.170176029205322266e+00 6.150430440902709961e-01 2.555132627487182617e+00
2.936811828613281250e+01 3.168170928955078125e+00 6.150232553482055664e-01 2.553147315979003906e+00
2.938852882385253906e+01 3.165880680084228516e+00 6.154106855392456055e-01 2.550470113754272461e+00
2.940893554687500000e+01 3.164851903915405273e+00 6.153905987739562988e-01 2.549461841583251953e+00
2.942934608459472656e+01 3.163155555725097656e+00 6.149638295173645020e-01 2.548191547393798828e+00
2.944975280761718750e+01 3.163117647171020508e+00 6.149441599845886230e-01 2.548174142837524414e+00
2.947016143798828125e+01 3.161980390548706055e+00 6.149244904518127441e-01 2.547056198120117188e+00
2.949057197570800781e+01 3.162035465240478516e+00 6.149047613143920898e-01 2.547131061553955078e+00
2.951097869873046875e+01 3.162212371826171875e+00 6.148851513862609863e-01 2.547327518463134766e+00
2.953138923645019531e+01 3.162532329559326172e+00 6.144601702690124512e-01 2.548072099685668945e+00
2.955179595947265625e+01 3.162228107452392578e+00 6.152509450912475586e-01 2.546977281570434570e+00
2.957220649719238281e+01 3.162123203277587891e+00 6.152310967445373535e-01 2.546891927719116211e+00
2.959261322021484375e+01 3.162505388259887695e+00 6.152112483978271484e-01 2.547294378280639648e+00
2.961302375793457031e+01 3.163062810897827148e+00 6.151915192604064941e-01 2.547872066497802734e+00
2.963343048095703125e+01 3.164815425872802734e+00 6.155756711959838867e-01 2.549239635467529297e+00
2.965384101867675781e+01 3.163035631179809570e+00 6.151519417762756348e-01 2.547883272171020508e+00
2.967424964904785156e+01 3.165325403213500977e+00 6.159390211105346680e-01 2.549386262893676758e+00
2.969465637207031250e+01 3.164686679840087891e+00 6.159188151359558105e-01 2.548767566680908203e+00
2.971506690979003906e+01 3.165382623672485352e+00 6.158985495567321777e-01 2.549484491348266602e+00
2.973547363281250000e+01 3.165899753570556641e+00 6.162809133529663086e-01 2.549618721008300781e+00
2.975588417053222656e+01 3.165791034698486328e+00 6.162604689598083496e-01 2.549530267715454102e+00
2.977629089355468750e+01 3.165995836257934570e+00 6.166420578956604004e-01 2.549353361129760742e+00
2.979670143127441406e+01 3.166241884231567383e+00 6.170230507850646973e-01 2.549219131469726562e+00
2.981711006164550781e+01 3.165327310562133789e+00 6.170022487640380859e-01 2.548325300216674805e+00
2.983752059936523438e+01 3.164188623428344727e+00 6.169813275337219238e-01 2.547207117080688477e+00
2.985792732238769531e+01 3.163839578628540039e+00 6.173614263534545898e-01 2.546478033065795898e+00
2.987833786010742188e+01 3.162628173828125000e+00 6.177408695220947266e-01 2.544887065887451172e+00
2.989874458312988281e+01 3.160645008087158203e+00 6.169189810752868652e-01 2.543726205825805664e+00
2.991915130615234375e+01 3.158673524856567383e+00 6.176983118057250977e-01 2.540975570678710938e+00
2.993956184387207031e+01 3.157332658767700195e+00 6.180768609046936035e-01 2.539255619049072266e+00
2.995997047424316406e+01 3.154652357101440430e+00 6.184548735618591309e-01 2.536197423934936523e+00
2.998037910461425781e+01 3.153097867965698242e+00 6.184330582618713379e-01 2.534664869308471680e+00
3.000078773498535156e+01 3.150021314620971680e+00 6.188103556632995605e-01 2.531210422515869141e+00
3.002119827270507812e+01 3.145372390747070312e+00 6.191870570182800293e-01 2.526185274124145508e+00
3.004160499572753906e+01 3.143038988113403320e+00 6.191648840904235840e-01 2.523874759674072266e+00
3.006201553344726562e+01 3.140704154968261719e+00 6.195407509803771973e-01 2.521163463592529297e+00
3.008242225646972656e+01 3.134680747985839844e+00 6.195183992385864258e-01 2.515162467956542969e+00
3.010283279418945312e+01 3.130696535110473633e+00 6.194959878921508789e-01 2.511200428009033203e+00
3.012323951721191406e+01 3.126183509826660156e+00 6.198709607124328613e-01 2.506312370300292969e+00
3.014365005493164062e+01 3.121460914611816406e+00 6.202454566955566406e-01 2.501214981079101562e+00
3.016405868530273438e+01 3.117027997970581055e+00 6.194289922714233398e-01 2.497599124908447266e+00
3.018446540832519531e+01 3.112554788589477539e+00 6.198032498359680176e-01 2.492751836776733398e+00
3.020487594604492188e+01 3.105583190917968750e+00 6.193844676017761230e-01 2.486198663711547852e+00
3.022528266906738281e+01 3.099705696105957031e+00 6.189662814140319824e-01 2.480739116668701172e+00
3.024569320678710938e+01 3.093689680099487305e+00 6.185485720634460449e-01 2.475140571594238281e+00
3.026609992980957031e+01 3.087232351303100586e+00 6.177360415458679199e-01 2.469496488571166992e+00
3.028651046752929688e+01 3.080884456634521484e+00 6.165293455123901367e-01 2.464354991912841797e+00
3.030691909790039062e+01 3.073682546615600586e+00 6.141394376754760742e-01 2.459542751312255859e+00
3.032732963562011719e+01 3.067672252655029297e+00 6.121475100517272949e-01 2.455525159835815430e+00
3.034773635864257812e+01 3.057895421981811523e+00 6.089749336242675781e-01 2.448920488357543945e+00
3.036814689636230469e+01 3.051733493804931641e+00 6.073831915855407715e-01 2.444350481033325195e+00
3.038855361938476562e+01 3.043708086013793945e+00 6.057936549186706543e-01 2.437914609909057617e+00
3.040896034240722656e+01 3.040815353393554688e+00 6.061743497848510742e-01 2.434640645980834961e+00
3.042937088012695312e+01 3.037174463272094727e+00 6.061611175537109375e-01 2.431013345718383789e+00
3.044977760314941406e+01 3.031671285629272461e+00 6.077203750610351562e-01 2.423950910568237305e+00
3.047018814086914062e+01 3.029978513717651367e+00 6.084917187690734863e-01 2.421486616134643555e+00
3.049059677124023438e+01 3.026139259338378906e+00 6.088696122169494629e-01 2.417269229888916016e+00
3.051100730895996094e+01 3.026905298233032227e+00 6.092469096183776855e-01 2.417658805847167969e+00
3.053141403198242188e+01 3.022492647171020508e+00 6.107999086380004883e-01 2.411692857742309570e+00
3.055182456970214844e+01 3.018917560577392578e+00 6.111753582954406738e-01 2.407742023468017578e+00
3.057223129272460938e+01 3.017122507095336914e+00 6.119419336318969727e-01 2.405179977416992188e+00
3.059264183044433594e+01 3.015239953994750977e+00 6.123162508010864258e-01 2.402923822402954102e+00
3.061304855346679688e+01 3.013106346130371094e+00 6.130810379981994629e-01 2.400025367736816406e+00
3.063345718383789062e+01 3.011267423629760742e+00 6.130633354187011719e-01 2.398203849792480469e+00
3.065386772155761719e+01 3.010352849960327148e+00 6.134361028671264648e-01 2.396916627883911133e+00
3.067427444458007812e+01 3.009793519973754883e+00 6.138083934783935547e-01 2.395984888076782227e+00
3.069468498229980469e+01 3.009091138839721680e+00 6.141802072525024414e-01 2.394910812377929688e+00
3.071509170532226562e+01 3.008967161178588867e+00 6.145514845848083496e-01 2.394415616989135742e+00
3.073550224304199219e+01 3.008490085601806641e+00 6.145328283309936523e-01 2.393957138061523438e+00
3.075590896606445312e+01 3.008571386337280273e+00 6.149033904075622559e-01 2.393667697906494141e+00
3.077631950378417969e+01 3.007244110107421875e+00 6.137177944183349609e-01 2.393526554107666016e+00
3.079672813415527344e+01 3.007541656494140625e+00 6.140884160995483398e-01 2.393453121185302734e+00
3.081713676452636719e+01 3.007235050201416016e+00 6.144585609436035156e-01 2.392776727676391602e+00
3.083754539489746094e+01 3.006677865982055664e+00 6.140519380569458008e-01 2.392626047134399414e+00
3.085795211791992188e+01 3.006207466125488281e+00 6.132579445838928223e-01 2.392949104309082031e+00
3.087836265563964844e+01 3.004148960113525391e+00 6.113020181655883789e-01 2.392847061157226562e+00
3.089876937866210938e+01 3.001155138015747070e+00 6.077992916107177734e-01 2.393355607986450195e+00
3.091917991638183594e+01 2.998590946197509766e+00 6.031396389007568359e-01 2.395451545715332031e+00
3.093958663940429688e+01 2.996355772018432617e+00 5.973256826400756836e-01 2.399030685424804688e+00
3.095999717712402344e+01 2.996792554855346680e+00 5.903595089912414551e-01 2.406432628631591797e+00
3.098040580749511719e+01 3.001264095306396484e+00 5.841751694679260254e-01 2.417089223861694336e+00
3.100081634521484375e+01 3.013768196105957031e+00 5.880377292633056641e-01 2.425730705261230469e+00
3.102122306823730469e+01 3.019111156463623047e+00 5.961395502090454102e-01 2.422971487045288086e+00
3.104163360595703125e+01 3.011060714721679688e+00 5.957475900650024414e-01 2.415313243865966797e+00
3.106204032897949219e+01 2.996187210083007812e+00 5.784011483192443848e-01 2.417785644531250000e+00
3.108244705200195312e+01 2.999767541885375977e+00 5.714747905731201172e-01 2.428292512893676758e+00
3.110285758972167969e+01 3.005349874496459961e+00 5.764875411987304688e-01 2.428862333297729492e+00
3.112326622009277344e+01 3.012364149093627930e+00 5.830320715904235840e-01 2.429332017898559570e+00
3.114367675781250000e+01 3.017762660980224609e+00 5.880306959152221680e-01 2.429731845855712891e+00
3.116408348083496094e+01 3.026730537414550781e+00 5.937909483909606934e-01 2.432939767837524414e+00
3.118449401855468750e+01 3.034350872039794922e+00 5.995435714721679688e-01 2.434807777404785156e+00
3.120490074157714844e+01 3.039062261581420898e+00 6.014529466629028320e-01 2.437609672546386719e+00
3.122531127929687500e+01 3.041612863540649414e+00 5.995265245437622070e-01 2.442085981369018555e+00
3.124571800231933594e+01 3.044759988784790039e+00 5.899410843849182129e-01 2.454818725585937500e+00
3.126612854003906250e+01 3.025512456893920898e+00 5.673518776893615723e-01 2.458161115646362305e+00
3.128653526306152344e+01 3.006628036499023438e+00 5.470876693725585938e-01 2.459540128707885742e+00
3.130694580078125000e+01 3.002676486968994141e+00 5.352611541748046875e-01 2.467415809631347656e+00
3.132735443115234375e+01 3.013448238372802734e+00 5.437003374099731445e-01 2.469748258590698242e+00
3.134776115417480469e+01 3.018154382705688477e+00 5.551831126213073730e-01 2.462970972061157227e+00
3.136817169189453125e+01 3.020607233047485352e+00 5.643615126609802246e-01 2.456245422363281250e+00
3.138857841491699219e+01 3.026317119598388672e+00 5.704773068428039551e-01 2.455839395523071289e+00
3.140898895263671875e+01 3.021105766296386719e+00 5.731552839279174805e-01 2.447950363159179688e+00
3.142939567565917969e+01 3.024893283843994141e+00 5.727831125259399414e-01 2.452110290527343750e+00
3.144980621337890625e+01 3.030986070632934570e+00 5.716501474380493164e-01 2.459336280822753906e+00
3.147021484375000000e+01 3.041020154953002930e+00 5.686171054840087891e-01 2.472402811050415039e+00
3.149062538146972656e+01 3.060283660888671875e+00 5.644475221633911133e-01 2.495835542678833008e+00
3.151103210449218750e+01 3.097425937652587891e+00 5.587640404701232910e-01 2.538662195205688477e+00
3.153144264221191406e+01 3.065252542495727539e+00 5.587819814682006836e-01 2.506470203399658203e+00
3.155184936523437500e+01 3.030767917633056641e+00 5.849758386611938477e-01 2.445792436599731445e+00
3.157225608825683594e+01 3.008170843124389648e+00 5.743616223335266113e-01 2.433809041976928711e+00
3.159266662597656250e+01 3.012595415115356445e+00 5.501216650009155273e-01 2.462473630905151367e+00
3.161307525634765625e+01 3.022855520248413086e+00 5.206122398376464844e-01 2.502243041992187500e+00
3.163348579406738281e+01 3.036032199859619141e+00 4.900057017803192139e-01 2.546026468276977539e+00
3.165389251708984375e+01 3.056838750839233398e+00 4.692702889442443848e-01 2.587567806243896484e+00
3.167430305480957031e+01 3.076495170593261719e+00 4.701015651226043701e-01 2.606393814086914062e+00
3.169470977783203125e+01 3.083763122558593750e+00 4.883038699626922607e-01 2.595459461212158203e+00
3.171512031555175781e+01 3.076721429824829102e+00 5.106341242790222168e-01 2.566087484359741211e+00
3.173552703857421875e+01 3.060112476348876953e+00 5.284097194671630859e-01 2.531702995300292969e+00
3.175593757629394531e+01 3.043513536453247070e+00 5.401316285133361816e-01 2.503381729125976562e+00
3.177634429931640625e+01 3.033047676086425781e+00 5.473184585571289062e-01 2.485728979110717773e+00
3.179675292968750000e+01 3.025602817535400391e+00 5.526137351989746094e-01 2.472989082336425781e+00
3.181716346740722656e+01 3.026453256607055664e+00 5.552688837051391602e-01 2.471184492111206055e+00
3.183757019042968750e+01 3.035474538803100586e+00 5.556648373603820801e-01 2.479809999465942383e+00
3.185798072814941406e+01 3.058600902557373047e+00 5.515516400337219238e-01 2.507049083709716797e+00
3.187838745117187500e+01 3.100585222244262695e+00 5.365550518035888672e-01 2.564029932022094727e+00
3.189879798889160156e+01 3.179646730422973633e+00 5.106956958770751953e-01 2.668950796127319336e+00
3.191920471191406250e+01 3.140624523162841797e+00 5.028693079948425293e-01 2.637755632400512695e+00
3.193961524963378906e+01 3.086765766143798828e+00 5.344021916389465332e-01 2.552364110946655273e+00
3.196002388000488281e+01 3.008983373641967773e+00 5.591536164283752441e-01 2.449829816818237305e+00
3.198043441772460938e+01 2.971183538436889648e+00 5.730192661285400391e-01 2.398164272308349609e+00
3.200083923339843750e+01 2.961882591247558594e+00 5.827529430389404297e-01 2.379129648208618164e+00
3.202124786376953125e+01 2.967509746551513672e+00 5.898575782775878906e-01 2.377651929855346680e+00
3.204166030883789062e+01 2.973727226257324219e+00 5.894818305969238281e-01 2.384245395660400391e+00
3.206206512451171875e+01 2.986179351806640625e+00 5.812668204307556152e-01 2.404912948608398438e+00
3.208247756958007812e+01 2.997956275939941406e+00 5.603771805763244629e-01 2.437578916549682617e+00
3.210288238525390625e+01 2.995172739028930664e+00 5.287016034126281738e-01 2.466470718383789062e+00
3.212329483032226562e+01 3.016762018203735352e+00 5.406618714332580566e-01 2.476100444793701172e+00
3.214369964599609375e+01 3.016586303710937500e+00 5.701087117195129395e-01 2.446477413177490234e+00
3.216411209106445312e+01 2.986401081085205078e+00 5.853768587112426758e-01 2.401024580001831055e+00
3.218451690673828125e+01 2.955055475234985352e+00 5.913281440734863281e-01 2.363727092742919922e+00
3.220492935180664062e+01 2.927250623703002930e+00 5.902100205421447754e-01 2.337040185928344727e+00
3.222533798217773438e+01 2.908200502395629883e+00 5.838932991027832031e-01 2.324307203292846680e+00
3.224574279785156250e+01 2.918277025222778320e+00 5.757286548614501953e-01 2.342547893524169922e+00
3.226615524291992188e+01 2.911689758300781250e+00 5.731385946273803711e-01 2.338550806045532227e+00
3.228656005859375000e+01 2.898369789123535156e+00 5.753714442253112793e-01 2.322997808456420898e+00
3.230697250366210938e+01 2.894563436508178711e+00 5.761194229125976562e-01 2.318444252014160156e+00
3.232737731933593750e+01 2.897147655487060547e+00 5.698316097259521484e-01 2.327316045761108398e+00
3.234778976440429688e+01 2.881269454956054688e+00 5.587412714958190918e-01 2.322528123855590820e+00
3.236819839477539062e+01 2.847325325012207031e+00 5.558004975318908691e-01 2.291524410247802734e+00
3.238860702514648438e+01 2.846557617187500000e+00 5.428851246833801270e-01 2.303672552108764648e+00
3.240901565551757812e+01 2.867709159851074219e+00 5.296167731285095215e-01 2.338092565536499023e+00
3.242942428588867188e+01 2.897301197052001953e+00 5.185797214508056641e-01 2.378721237182617188e+00
3.244983291625976562e+01 2.946902513504028320e+00 5.112451314926147461e-01 2.435656785964965820e+00
3.247023773193359375e+01 3.006418228149414062e+00 5.050257444381713867e-01 2.501391887664794922e+00
3.249065017700195312e+01 2.987437248229980469e+00 5.209180116653442383e-01 2.466519355773925781e+00
3.251105880737304688e+01 2.904823780059814453e+00 5.607215166091918945e-01 2.344101905822753906e+00
3.253146743774414062e+01 2.876926660537719727e+00 5.765590071678161621e-01 2.300367593765258789e+00
3.255187606811523438e+01 2.853036165237426758e+00 5.798746347427368164e-01 2.273160934448242188e+00
3.257228469848632812e+01 2.837420225143432617e+00 5.776738524436950684e-01 2.259746074676513672e+00
3.259269332885742188e+01 2.835296869277954102e+00 5.751086473464965820e-01 2.260188341140747070e+00
3.261310195922851562e+01 2.845674514770507812e+00 5.659403204917907715e-01 2.279734134674072266e+00
3.263351058959960938e+01 2.866041183471679688e+00 5.641192793846130371e-01 2.301922321319580078e+00
3.265391921997070312e+01 2.881046772003173828e+00 5.674322843551635742e-01 2.313614368438720703e+00
3.267432785034179688e+01 2.898619651794433594e+00 5.674442052841186523e-01 2.331175565719604492e+00
3.269473648071289062e+01 2.908204555511474609e+00 5.626967549324035645e-01 2.345508098602294922e+00
3.271514511108398438e+01 2.908793687820434570e+00 5.579553246498107910e-01 2.350838422775268555e+00
3.273555374145507812e+01 2.907737970352172852e+00 5.510258674621582031e-01 2.356712102890014648e+00
3.275596237182617188e+01 2.930453062057495117e+00 5.404508709907531738e-01 2.390001773834228516e+00
3.277637100219726562e+01 2.978178024291992188e+00 5.339061021804809570e-01 2.444272041320800781e+00
3.279677963256835938e+01 2.996668815612792969e+00 5.346687436103820801e-01 2.461999416351318359e+00
3.281718826293945312e+01 3.004900693893432617e+00 5.201116204261779785e-01 2.484789609909057617e+00
3.283759689331054688e+01 3.047235965728759766e+00 4.873471260070800781e-01 2.559888601303100586e+00
3.285800552368164062e+01 3.134509563446044922e+00 4.684661030769348145e-01 2.666043043136596680e+00
3.287841796875000000e+01 3.059114694595336914e+00 4.834656119346618652e-01 2.575649261474609375e+00
3.289882278442382812e+01 3.071659088134765625e+00 5.122721195220947266e-01 2.559387445449829102e+00
3.291923522949218750e+01 3.008439779281616211e+00 5.348615050315856934e-01 2.473578214645385742e+00
3.293964004516601562e+01 2.959509134292602539e+00 5.443414449691772461e-01 2.415168046951293945e+00
3.296004867553710938e+01 2.930589914321899414e+00 5.410991311073303223e-01 2.389490842819213867e+00
3.298045730590820312e+01 2.944211006164550781e+00 5.483857989311218262e-01 2.395825147628784180e+00
3.300086593627929688e+01 2.920321941375732422e+00 5.640056133270263672e-01 2.356315851211547852e+00
3.302127456665039062e+01 2.887885332107543945e+00 5.676442980766296387e-01 2.320241451263427734e+00
3.304168319702148438e+01 2.866952419281005859e+00 5.651201605796813965e-01 2.301831960678100586e+00
3.306209564208984375e+01 2.851008892059326172e+00 5.582547187805175781e-01 2.292754173278808594e+00
3.308250045776367188e+01 2.846431970596313477e+00 5.510360002517700195e-01 2.295396089553833008e+00
3.310291290283203125e+01 2.876622200012207031e+00 5.467187762260437012e-01 2.329903125762939453e+00
3.312331771850585938e+01 2.946966171264648438e+00 5.467433333396911621e-01 2.400222539901733398e+00
3.314373016357421875e+01 2.880738496780395508e+00 5.254604220390319824e-01 2.355278015136718750e+00
3.316413497924804688e+01 2.811672210693359375e+00 4.987899959087371826e-01 2.312881946563720703e+00
3.318454360961914062e+01 2.797044992446899414e+00 5.042544603347778320e-01 2.292790174484252930e+00
3.320495605468750000e+01 2.831688165664672852e+00 5.158401727676391602e-01 2.315847635269165039e+00
3.322536087036132812e+01 2.820886850357055664e+00 4.942683279514312744e-01 2.326618432998657227e+00
3.324577331542968750e+01 2.801527738571166992e+00 5.098063349723815918e-01 2.291721820831298828e+00
3.326617813110351562e+01 2.801986455917358398e+00 5.210075974464416504e-01 2.280978918075561523e+00
3.328659057617187500e+01 2.817292690277099609e+00 5.088216066360473633e-01 2.308471202850341797e+00
3.330699539184570312e+01 2.859390497207641602e+00 5.085098743438720703e-01 2.350880384445190430e+00
3.332740783691406250e+01 2.766614437103271484e+00 5.139448046684265137e-01 2.252669811248779297e+00
3.334781646728515625e+01 2.803992033004760742e+00 5.337305068969726562e-01 2.270261764526367188e+00
3.336822509765625000e+01 2.892941713333129883e+00 5.531331300735473633e-01 2.339808464050292969e+00
3.338863372802734375e+01 2.938162803649902344e+00 5.714366436004638672e-01 2.366725921630859375e+00
3.340903854370117188e+01 2.872434139251708984e+00 5.628473162651062012e-01 2.309587001800537109e+00
3.342945098876953125e+01 2.813364982604980469e+00 5.535523295402526855e-01 2.259812831878662109e+00
3.344985580444335938e+01 2.847958803176879883e+00 5.618026256561279297e-01 2.286156892776489258e+00
3.347026824951171875e+01 2.878682613372802734e+00 5.739766955375671387e-01 2.304705858230590820e+00
3.349067306518554688e+01 2.860165596008300781e+00 5.736269354820251465e-01 2.286538839340209961e+00
3.351108551025390625e+01 2.798763275146484375e+00 5.607761740684509277e-01 2.237987041473388672e+00
3.353149414062500000e+01 2.752415657043457031e+00 5.504398941993713379e-01 2.201975584030151367e+00
3.355190277099609375e+01 2.745328664779663086e+00 5.611642003059387207e-01 2.184164285659790039e+00
3.357231140136718750e+01 2.825492382049560547e+00 5.640318989753723145e-01 2.261460542678833008e+00
3.359272003173828125e+01 2.871592283248901367e+00 5.715280771255493164e-01 2.300064325332641602e+00
3.361312866210937500e+01 2.794032573699951172e+00 5.644152164459228516e-01 2.229617595672607422e+00
3.363353347778320312e+01 2.784178972244262695e+00 5.690551400184631348e-01 2.215124130249023438e+00
3.365394592285156250e+01 2.795741558074951172e+00 5.747563242912292480e-01 2.220985174179077148e+00
3.367435455322265625e+01 2.779624938964843750e+00 5.740525722503662109e-01 2.205572366714477539e+00
3.369476318359375000e+01 2.760379076004028320e+00 5.708629488945007324e-01 2.189516305923461914e+00
3.371517181396484375e+01 2.744792461395263672e+00 5.644821524620056152e-01 2.180310249328613281e+00
3.373558044433593750e+01 2.721172094345092773e+00 5.549156665802001953e-01 2.166256427764892578e+00
3.375598907470703125e+01 2.714347600936889648e+00 5.396873950958251953e-01 2.174660205841064453e+00
3.377639770507812500e+01 2.740783452987670898e+00 5.453855991363525391e-01 2.195397377014160156e+00
3.379680633544921875e+01 2.717657804489135742e+00 5.510770678520202637e-01 2.166580438613891602e+00
3.381721496582031250e+01 2.718614101409912109e+00 5.436654686927795410e-01 2.174948692321777344e+00
3.383762359619140625e+01 2.711807012557983398e+00 5.387390255928039551e-01 2.173067808151245117e+00
3.385803222656250000e+01 2.699782609939575195e+00 5.271015763282775879e-01 2.172680854797363281e+00
3.387844085693359375e+01 2.678154468536376953e+00 5.264307856559753418e-01 2.151723623275756836e+00
3.389884948730468750e+01 2.673722028732299805e+00 5.271731019020080566e-01 2.146548748016357422e+00
3.391925811767578125e+01 2.671269655227661133e+00 5.303847789764404297e-01 2.140884876251220703e+00
3.393966674804687500e+01 2.680404663085937500e+00 5.297131538391113281e-01 2.150691509246826172e+00
3.396007537841796875e+01 2.679736137390136719e+00 5.290423631668090820e-01 2.150693655014038086e+00
3.398048400878906250e+01 2.677590370178222656e+00 5.283724069595336914e-01 2.149217605590820312e+00
3.400089263916015625e+01 2.663457155227661133e+00 5.227746367454528809e-01 2.140682697296142578e+00
3.402130126953125000e+01 2.660259485244750977e+00 5.207019448280334473e-01 2.139557361602783203e+00
3.404171371459960938e+01 2.651203632354736328e+00 5.196865200996398926e-01 2.131516933441162109e+00
3.406211853027343750e+01 2.650948047637939453e+00 5.211321711540222168e-01 2.129815816879272461e+00
3.408253097534179688e+01 2.666198968887329102e+00 5.278440117835998535e-01 2.138354539871215820e+00
3.410293579101562500e+01 2.662325620651245117e+00 5.166476368904113770e-01 2.145677804946899414e+00
3.412334442138671875e+01 2.623933553695678711e+00 5.079200863838195801e-01 2.116013288497924805e+00
3.414375305175781250e+01 2.632460355758666992e+00 5.135760307312011719e-01 2.118884325027465820e+00
3.416416168212890625e+01 2.656913518905639648e+00 5.209770798683166504e-01 2.135936498641967773e+00
3.418457412719726562e+01 2.691327571868896484e+00 5.350219607353210449e-01 2.156306028366088867e+00
3.420497894287109375e+01 2.744609832763671875e+00 5.511497855186462402e-01 2.193460226058959961e+00
3.422539138793945312e+01 2.738422393798828125e+00 5.585150718688964844e-01 2.179907321929931641e+00
3.424579620361328125e+01 2.740236043930053711e+00 5.609784126281738281e-01 2.179257631301879883e+00
3.426620864868164062e+01 2.751929044723510742e+00 5.543566346168518066e-01 2.197571992874145508e+00
3.428661346435546875e+01 2.773855209350585938e+00 5.456482172012329102e-01 2.228206872940063477e+00
3.430702590942382812e+01 2.745702028274536133e+00 5.432302355766296387e-01 2.202471494674682617e+00
3.432743072509765625e+01 2.716733932495117188e+00 5.174530744552612305e-01 2.199280738830566406e+00
3.434783935546875000e+01 2.716427326202392578e+00 5.140092968940734863e-01 2.202418327331542969e+00
3.436825180053710938e+01 2.738956212997436523e+00 5.248488187789916992e-01 2.214107036590576172e+00
3.438865661621093750e+01 2.745847463607788086e+00 5.395042300224304199e-01 2.206343412399291992e+00
3.440906906127929688e+01 2.776809453964233398e+00 5.353577733039855957e-01 2.241451263427734375e+00
3.442947387695312500e+01 2.743836879730224609e+00 5.100093483924865723e-01 2.233827829360961914e+00
3.444988632202148438e+01 2.755065679550170898e+00 5.187408328056335449e-01 2.236324787139892578e+00
3.447029113769531250e+01 2.774306058883666992e+00 5.267675518989562988e-01 2.247538805007934570e+00
3.449070358276367188e+01 2.715192079544067383e+00 4.900168776512145996e-01 2.225175380706787109e+00
3.451111221313476562e+01 2.763558149337768555e+00 4.796690046787261963e-01 2.283889532089233398e+00
3.453152084350585938e+01 2.793453216552734375e+00 4.689866602420806885e-01 2.324466705322265625e+00
3.455192947387695312e+01 2.777974843978881836e+00 4.860308170318603516e-01 2.291944265365600586e+00
3.457233428955078125e+01 2.760169506072998047e+00 4.857439100742340088e-01 2.274425506591796875e+00
3.459274673461914062e+01 2.780999660491943359e+00 4.999898672103881836e-01 2.281009912490844727e+00
3.461315155029296875e+01 2.735163211822509766e+00 4.730677306652069092e-01 2.262095212936401367e+00
3.463356399536132812e+01 2.663762807846069336e+00 4.503245949745178223e-01 2.213438272476196289e+00
3.465397262573242188e+01 2.680446624755859375e+00 4.662933051586151123e-01 2.214153051376342773e+00
3.467438125610351562e+01 2.658067703247070312e+00 4.846595823764801025e-01 2.173408031463623047e+00
3.469478988647460938e+01 2.670217990875244141e+00 5.140441656112670898e-01 2.156173706054687500e+00
3.471519851684570312e+01 2.653685092926025391e+00 5.292576551437377930e-01 2.124427556991577148e+00
3.473560714721679688e+01 2.669817686080932617e+00 5.458316206932067871e-01 2.123986005783081055e+00
3.475601577758789062e+01 2.650478363037109375e+00 5.534320473670959473e-01 2.097045898437500000e+00
3.477642440795898438e+01 2.627085208892822266e+00 5.599910020828247070e-01 2.067094087600708008e+00
3.479682922363281250e+01 2.608209609985351562e+00 5.613824725151062012e-01 2.046826839447021484e+00
3.481724166870117188e+01 2.585695981979370117e+00 5.610533952713012695e-01 2.024642467498779297e+00
3.483765029907226562e+01 2.565594196319580078e+00 5.545403361320495605e-01 2.011053800582885742e+00
3.485805892944335938e+01 2.526433229446411133e+00 5.284620523452758789e-01 1.997971296310424805e+00
3.487846755981445312e+01 2.553442955017089844e+00 5.302119255065917969e-01 2.023231029510498047e+00
3.489887619018554688e+01 2.526922941207885742e+00 5.244141817092895508e-01 2.002508640289306641e+00
3.491928482055664062e+01 2.556633472442626953e+00 5.237649679183959961e-01 2.032868385314941406e+00
3.493969345092773438e+01 2.583770036697387695e+00 5.217460989952087402e-01 2.062024116516113281e+00
3.496010208129882812e+01 2.589878320693969727e+00 5.272619724273681641e-01 2.062616348266601562e+00
3.498051071166992188e+01 2.605434656143188477e+00 5.337978601455688477e-01 2.071636915206909180e+00
3.500091934204101562e+01 2.604337453842163086e+00 5.304088592529296875e-01 2.073928594589233398e+00
3.502132797241210938e+01 2.611793994903564453e+00 5.307832956314086914e-01 2.081010818481445312e+00
3.504173660278320312e+01 2.628989934921264648e+00 5.342315435409545898e-01 2.094758272171020508e+00
3.506214523315429688e+01 2.647074460983276367e+00 5.366516709327697754e-01 2.110422372817993164e+00
3.508255386352539062e+01 2.632618427276611328e+00 5.407748222351074219e-01 2.091843605041503906e+00
3.510296249389648438e+01 2.674007177352905273e+00 5.428473353385925293e-01 2.131159305572509766e+00
3.512337112426757812e+01 2.709063768386840820e+00 5.493476390838623047e-01 2.159715652465820312e+00
3.514377975463867188e+01 2.731160163879394531e+00 5.548185706138610840e-01 2.176342010498046875e+00
3.516418838500976562e+01 2.707381248474121094e+00 5.606236457824707031e-01 2.146757841110229492e+00
3.518459701538085938e+01 2.697743892669677734e+00 5.514533519744873047e-01 2.146290302276611328e+00
3.520500946044921875e+01 2.679381847381591797e+00 5.545336604118347168e-01 2.124848127365112305e+00
3.522541427612304688e+01 2.665882587432861328e+00 5.535327792167663574e-01 2.112349987030029297e+00
3.524582672119140625e+01 2.665917396545410156e+00 5.647587180137634277e-01 2.101158618927001953e+00
3.526623153686523438e+01 2.662728786468505859e+00 5.539103150367736816e-01 2.108818769454956055e+00
3.528664016723632812e+01 2.681245565414428711e+00 5.427353382110595703e-01 2.138510465621948242e+00
3.530704879760742188e+01 2.666180133819580078e+00 5.007229447364807129e-01 2.165456771850585938e+00
3.532745742797851562e+01 2.627142667770385742e+00 5.065323710441589355e-01 2.120610475540161133e+00
3.534786987304687500e+01 2.668160915374755859e+00 5.441655516624450684e-01 2.123995304107666016e+00
3.536827468872070312e+01 2.650976657867431641e+00 5.225307345390319824e-01 2.128445863723754883e+00
3.538868713378906250e+01 2.681559562683105469e+00 5.239204764366149902e-01 2.157638788223266602e+00
3.540909194946289062e+01 2.658165216445922852e+00 5.057026147842407227e-01 2.152462720870971680e+00
3.542950439453125000e+01 2.659891843795776367e+00 4.888570308685302734e-01 2.171035051345825195e+00
3.544990921020507812e+01 2.654899120330810547e+00 5.125485658645629883e-01 2.142350673675537109e+00
3.547032165527343750e+01 2.587440490722656250e+00 5.007802248001098633e-01 2.086660385131835938e+00
3.549073028564453125e+01 2.593544244766235352e+00 5.055511593818664551e-01 2.087993383407592773e+00
3.551113510131835938e+01 2.639444589614868164e+00 5.345853567123413086e-01 2.104859113693237305e+00
3.553154754638671875e+01 2.735410213470458984e+00 5.393313169479370117e-01 2.196078538894653320e+00
3.555195236206054688e+01 2.724571943283081055e+00 5.578757524490356445e-01 2.166696310043334961e+00
3.557236480712890625e+01 2.720167398452758789e+00 5.656312704086303711e-01 2.154535770416259766e+00
3.559276962280273438e+01 2.730351448059082031e+00 5.918740034103393555e-01 2.138477325439453125e+00
3.561318206787109375e+01 2.743594169616699219e+00 5.636385679244995117e-01 2.179955959320068359e+00
3.563358688354492188e+01 2.716748476028442383e+00 5.633157491683959961e-01 2.153432607650756836e+00
3.565399932861328125e+01 2.716000080108642578e+00 5.381504297256469727e-01 2.177849531173706055e+00
3.567440795898437500e+01 2.730498790740966797e+00 5.375070571899414062e-01 2.192991971969604492e+00
3.569481658935546875e+01 2.620365381240844727e+00 4.510197341442108154e-01 2.169345855712890625e+00
3.571522521972656250e+01 2.476453304290771484e+00 4.437240958213806152e-01 2.032729148864746094e+00
3.573563003540039062e+01 2.495682716369628906e+00 4.434706866741180420e-01 2.052212238311767578e+00
3.575604248046875000e+01 2.489213943481445312e+00 4.315010607242584229e-01 2.057713031768798828e+00
3.577644729614257812e+01 2.448240995407104492e+00 3.911070823669433594e-01 2.057133913040161133e+00
3.579685974121093750e+01 2.488302469253540039e+00 4.052622020244598389e-01 2.083040237426757812e+00
3.581726837158203125e+01 2.425252676010131836e+00 3.986817896366119385e-01 2.026570558547973633e+00
3.583767700195312500e+01 2.442353010177612305e+00 4.101445376873016357e-01 2.032208442687988281e+00
3.585808563232421875e+01 2.455727100372314453e+00 4.222618341445922852e-01 2.033465147018432617e+00
3.587849426269531250e+01 2.494131565093994141e+00 4.140148758888244629e-01 2.080116748809814453e+00
3.589890289306640625e+01 2.463652372360229492e+00 4.137795269489288330e-01 2.049872875213623047e+00
