# NTRMN  = 1
# NTRANS = 56
1.142887115478515625e+01 0.000000000000000000e+00 0.000000000000000000e+00 0.000000000000000000e+00
1.144927978515625000e+01 0.000000000000000000e+00 0.000000000000000000e+00 0.000000000000000000e+00
1.146968936920166016e+01 0.000000000000000000e+00 0.000000000000000000e+00 0.000000000000000000e+00
1.149009799957275391e+01 0.000000000000000000e+00 0.000000000000000000e+00 0.000000000000000000e+00
1.151050662994384766e+01 0.000000000000000000e+00 0.000000000000000000e+00 0.000000000000000000e+00
1.153091526031494141e+01 0.000000000000000000e+00 0.000000000000000000e+00 0.000000000000000000e+00
1.157173252105712891e+01 1.000348687171936035e+00 1.000348687171936035e+00 0.000000000000000000e+00
1.159214115142822266e+01 1.847247600555419922e+00 1.847247600555419922e+00 0.000000000000000000e+00
1.161254978179931641e+01 1.844001054763793945e+00 1.844001054763793945e+00 0.000000000000000000e+00
1.165336799621582031e+01 1.786185264587402344e+00 1.786185264587402344e+00 0.000000000000000000e+00
1.167377567291259766e+01 1.783062696456909180e+00 1.783062696456909180e+00 0.000000000000000000e+00
1.169418430328369141e+01 1.779950857162475586e+00 1.779950857162475586e+00 0.000000000000000000e+00
1.171459388732910156e+01 1.604171633720397949e+00 1.604171633720397949e+00 0.000000000000000000e+00
1.175541114807128906e+01 2.023334264755249023e+00 1.748279690742492676e+00 2.750544846057891846e-01
1.177581882476806641e+01 2.098128080368041992e+00 1.823516488075256348e+00 2.746116816997528076e-01
1.179622840881347656e+01 2.271765232086181641e+00 2.032432794570922852e+00 2.393325418233871460e-01
1.181663703918457031e+01 2.173604249954223633e+00 1.934718847274780273e+00 2.388854324817657471e-01
1.183704566955566406e+01 2.138037681579589844e+00 1.931383132934570312e+00 2.066546082496643066e-01
1.185745429992675781e+01 2.114135026931762695e+00 1.928058862686157227e+00 1.860761940479278564e-01
1.187786388397216797e+01 2.097872495651245117e+00 1.924746036529541016e+00 1.731263697147369385e-01
1.193908882141113281e+01 2.011688709259033203e+00 1.914875626564025879e+00 9.681316465139389038e-02
1.195949840545654297e+01 2.032242774963378906e+00 1.944635748863220215e+00 8.760701864957809448e-02
1.197990703582763672e+01 2.166428327560424805e+00 2.080202817916870117e+00 8.622550219297409058e-02
1.200031566619873047e+01 2.341717243194580078e+00 2.252213954925537109e+00 8.950339257717132568e-02
1.202072334289550781e+01 2.521556138992309570e+00 2.426628589630126953e+00 9.492760151624679565e-02
1.204113292694091797e+01 2.694390296936035156e+00 2.593493461608886719e+00 1.008967235684394836e-01
1.206154155731201172e+01 2.860718011856079102e+00 2.753839254379272461e+00 1.068787276744842529e-01
1.208195018768310547e+01 3.027738571166992188e+00 2.914633989334106445e+00 1.131046935915946960e-01
1.210235881805419922e+01 3.202701807022094727e+00 3.082798719406127930e+00 1.199030876159667969e-01
1.212276744842529297e+01 3.391787767410278320e+00 3.264220476150512695e+00 1.275672316551208496e-01
1.214317607879638672e+01 3.595878124237060547e+00 3.459818124771118164e+00 1.360598802566528320e-01
1.216358470916748047e+01 3.815683603286743164e+00 3.670503616333007812e+00 1.451800614595413208e-01
1.218399333953857422e+01 4.048932552337646484e+00 3.894237041473388672e+00 1.546953916549682617e-01
1.220440292358398438e+01 4.294379711151123047e+00 4.129971981048583984e+00 1.644077152013778687e-01
1.222481155395507812e+01 4.547950267791748047e+00 4.373732089996337891e+00 1.742182075977325439e-01
1.224521923065185547e+01 4.804683685302734375e+00 4.620589733123779297e+00 1.840937286615371704e-01
1.226562786102294922e+01 5.062676906585693359e+00 4.868577957153320312e+00 1.940990239381790161e-01
1.228603744506835938e+01 5.315201282501220703e+00 5.110870361328125000e+00 2.043308764696121216e-01
1.230644607543945312e+01 5.558393955230712891e+00 5.343605995178222656e+00 2.147881686687469482e-01
1.232685470581054688e+01 5.788449287414550781e+00 5.562947273254394531e+00 2.255021333694458008e-01
1.234726333618164062e+01 6.003461360931396484e+00 5.767022132873535156e+00 2.364391982555389404e-01
1.236767196655273438e+01 6.201538085937500000e+00 5.953971862792968750e+00 2.475659996271133423e-01
1.238808059692382812e+01 6.381762027740478516e+00 6.122912883758544922e+00 2.588493525981903076e-01
1.240848922729492188e+01 6.546120643615722656e+00 6.275864124298095703e+00 2.702563703060150146e-01
1.242889785766601562e+01 6.695558071136474609e+00 6.413867950439453125e+00 2.816901504993438721e-01
1.244930744171142578e+01 6.830980777740478516e+00 6.537958621978759766e+00 2.930222749710083008e-01
1.246971511840820312e+01 6.954249382019042969e+00 6.650124073028564453e+00 3.041253983974456787e-01
1.249012374877929688e+01 7.067212581634521484e+00 6.752339839935302734e+00 3.148728013038635254e-01
1.251053237915039062e+01 7.166763782501220703e+00 6.841784477233886719e+00 3.249791562557220459e-01
1.253094196319580078e+01 7.255705833435058594e+00 6.921385765075683594e+00 3.343202471733093262e-01
1.255135059356689453e+01 7.329418182373046875e+00 6.986423015594482422e+00 3.429952263832092285e-01
1.257175922393798828e+01 7.387340545654296875e+00 7.036967754364013672e+00 3.503726124763488770e-01
1.259216690063476562e+01 7.423846244812011719e+00 7.067387580871582031e+00 3.564586937427520752e-01
1.261257648468017578e+01 7.435874938964843750e+00 7.074931621551513672e+00 3.609432876110076904e-01
1.263298511505126953e+01 7.416282176971435547e+00 7.052132129669189453e+00 3.641501367092132568e-01
1.265339374542236328e+01 7.358599662780761719e+00 6.993460178375244141e+00 3.651393651962280273e-01
1.267380237579345703e+01 7.250102519989013672e+00 6.885866165161132812e+00 3.642365634441375732e-01
1.269421100616455078e+01 7.067778587341308594e+00 6.707899093627929688e+00 3.598793148994445801e-01
1.271461963653564453e+01 6.709371089935302734e+00 6.361993789672851562e+00 3.473772406578063965e-01
1.273502826690673828e+01 4.857305049896240234e+00 4.592318058013916016e+00 2.649871706962585449e-01
1.275543689727783203e+01 4.261382102966308594e+00 4.004106998443603516e+00 2.572750747203826904e-01
1.277584648132324219e+01 4.254605770111083984e+00 3.997710704803466797e+00 2.568952739238739014e-01
1.279625511169433594e+01 4.247851848602294922e+00 3.991334915161132812e+00 2.565167546272277832e-01
1.281666278839111328e+01 4.241118907928466797e+00 3.984979391098022461e+00 2.561394274234771729e-01
1.283707141876220703e+01 4.124319076538085938e+00 3.868618011474609375e+00 2.557011246681213379e-01
1.285748100280761719e+01 3.089423656463623047e+00 2.887781620025634766e+00 2.016419917345046997e-01
1.287788963317871094e+01 3.084558486938476562e+00 2.883205175399780273e+00 2.013534009456634521e-01
1.289829826354980469e+01 3.857059478759765625e+00 3.599695444107055664e+00 2.573641240596771240e-01
1.295952415466308594e+01 6.359051704406738281e+00 3.582689046859741211e+00 2.776362419128417969e+00
1.297993278503417969e+01 6.360979080200195312e+00 3.577055931091308594e+00 2.783923387527465820e+00
1.300034141540527344e+01 9.754035949707031250e+00 6.718433380126953125e+00 3.035603046417236328e+00
1.302075004577636719e+01 8.329946517944335938e+00 6.707902908325195312e+00 1.622043251991271973e+00
1.304115962982177734e+01 8.259937286376953125e+00 6.575333595275878906e+00 1.684603571891784668e+00
1.312279415130615234e+01 5.971783161163330078e+00 3.472441911697387695e+00 2.499341249465942383e+00
1.314320278167724609e+01 6.103030204772949219e+00 3.385997056961059570e+00 2.717033386230468750e+00
1.320442867279052734e+01 6.811090469360351562e+00 3.460038423538208008e+00 3.351052284240722656e+00
1.322483730316162109e+01 6.922876358032226562e+00 3.492712497711181641e+00 3.430163860321044922e+00
1.324524593353271484e+01 7.339213848114013672e+00 3.698793649673461914e+00 3.640419960021972656e+00
1.326565456390380859e+01 7.358343124389648438e+00 3.797769784927368164e+00 3.560574054718017578e+00
1.336769866943359375e+01 8.109291076660156250e+00 3.936221122741699219e+00 4.173069953918457031e+00
1.338810729980468750e+01 8.323254585266113281e+00 4.078631877899169922e+00 4.244621753692626953e+00
1.340851497650146484e+01 8.522451400756835938e+00 4.153658390045166016e+00 4.368793487548828125e+00
1.342892456054687500e+01 8.702928543090820312e+00 4.197260379791259766e+00 4.505668640136718750e+00
1.344933319091796875e+01 8.945826530456542969e+00 4.240729331970214844e+00 4.705096721649169922e+00
1.346974182128906250e+01 9.199439048767089844e+00 4.396922588348388672e+00 4.802515983581542969e+00
1.349015045166015625e+01 9.499166488647460938e+00 4.688396930694580078e+00 4.810770988464355469e+00
1.351055908203125000e+01 9.225569725036621094e+00 4.576774597167968750e+00 4.648796081542968750e+00
1.353096771240234375e+01 9.120582580566406250e+00 4.471679687500000000e+00 4.648903369903564453e+00
1.355137634277343750e+01 8.810099601745605469e+00 4.364252567291259766e+00 4.445847034454345703e+00
1.361260223388671875e+01 9.098966598510742188e+00 4.607533931732177734e+00 4.491432189941406250e+00
1.363301086425781250e+01 9.136314392089843750e+00 4.578686714172363281e+00 4.557626724243164062e+00
1.365341949462890625e+01 9.266126632690429688e+00 4.564829349517822266e+00 4.701296806335449219e+00
1.367382907867431641e+01 9.313601493835449219e+00 4.557140827178955078e+00 4.756460666656494141e+00
1.369423770904541016e+01 9.373868942260742188e+00 4.549475193023681641e+00 4.824394226074218750e+00
1.371464633941650391e+01 9.437980651855468750e+00 4.539213657379150391e+00 4.898765087127685547e+00
1.373505496978759766e+01 9.497682571411132812e+00 4.522011756896972656e+00 4.975670337677001953e+00
1.375546360015869141e+01 9.568131446838378906e+00 4.493547916412353516e+00 5.074583530426025391e+00
1.377587318420410156e+01 9.344430923461914062e+00 4.363510608673095703e+00 4.980919837951660156e+00
1.383709812164306641e+01 9.042449951171875000e+00 4.019815444946289062e+00 5.022634506225585938e+00
1.387791538238525391e+01 9.063844680786132812e+00 4.056291103363037109e+00 5.007554531097412109e+00
1.397995948791503906e+01 9.150355339050292969e+00 4.284397602081298828e+00 4.865958213806152344e+00
1.402077770233154297e+01 9.467120170593261719e+00 4.363271236419677734e+00 5.103847026824951172e+00
1.404118442535400391e+01 9.319362640380859375e+00 4.235027790069580078e+00 5.084333896636962891e+00
1.410241127014160156e+01 1.007048225402832031e+01 4.098663330078125000e+00 5.971818447113037109e+00
1.414322853088378906e+01 1.057005119323730469e+01 4.062291622161865234e+00 6.507755756378173828e+00
1.416363716125488281e+01 1.065442562103271484e+01 3.920378208160400391e+00 6.734048366546630859e+00
1.426568031311035156e+01 1.112386226654052734e+01 4.213690757751464844e+00 6.910171985626220703e+00
1.430649757385253906e+01 1.153838825225830078e+01 4.374019145965576172e+00 7.164371013641357422e+00
1.432690715789794922e+01 1.177898597717285156e+01 4.465537071228027344e+00 7.313448429107666016e+00
1.434731578826904297e+01 1.211672878265380859e+01 4.580988407135009766e+00 7.535737991333007812e+00
1.436772441864013672e+01 1.193385314941406250e+01 4.502835750579833984e+00 7.431015968322753906e+00
1.438813304901123047e+01 1.167346000671386719e+01 4.354193210601806641e+00 7.319263935089111328e+00
1.440854167938232422e+01 1.195088005065917969e+01 4.619673728942871094e+00 7.331207275390625000e+00
1.442895126342773438e+01 1.218787574768066406e+01 4.592400550842285156e+00 7.595474720001220703e+00
1.444935989379882812e+01 1.226184654235839844e+01 4.455858230590820312e+00 7.805986404418945312e+00
1.446976852416992188e+01 1.186764335632324219e+01 3.993779420852661133e+00 7.873866081237792969e+00
1.457181072235107422e+01 1.275777721405029297e+01 4.188416481018066406e+00 8.569360733032226562e+00
1.459222030639648438e+01 1.289700126647949219e+01 4.335949420928955078e+00 8.561052322387695312e+00
1.461262893676757812e+01 1.309207534790039062e+01 4.517473220825195312e+00 8.574603080749511719e+00
1.485753345489501953e+01 1.328674030303955078e+01 4.669388771057128906e+00 8.617353439331054688e+00
1.487794208526611328e+01 1.338400173187255859e+01 4.505298614501953125e+00 8.878705024719238281e+00
1.497998523712158203e+01 1.384108543395996094e+01 4.409087181091308594e+00 9.431999206542968750e+00
1.516366481781005859e+01 1.395752716064453125e+01 4.394358158111572266e+00 9.563169479370117188e+00
1.518407344818115234e+01 1.410566711425781250e+01 4.524827003479003906e+00 9.580839157104492188e+00
1.540856838226318359e+01 1.478342056274414062e+01 4.632908821105957031e+00 1.015051269531250000e+01
1.544938468933105469e+01 1.487351226806640625e+01 4.587354183197021484e+00 1.028615760803222656e+01
1.546979331970214844e+01 1.500376319885253906e+01 4.644748210906982422e+00 1.035901546478271484e+01
1.557183837890625000e+01 1.555103397369384766e+01 4.754977226257324219e+00 1.079605960845947266e+01
1.559224700927734375e+01 1.568536758422851562e+01 4.830125331878662109e+00 1.085524177551269531e+01
1.569428920745849609e+01 1.612581634521484375e+01 4.848294258117675781e+00 1.127751922607421875e+01
1.583715152740478516e+01 1.664318084716796875e+01 4.909614562988281250e+00 1.173356914520263672e+01
1.593919372558593750e+01 1.690236282348632812e+01 4.948020935058593750e+00 1.195434474945068359e+01
1.595960235595703125e+01 1.695570564270019531e+01 4.962693691253662109e+00 1.199301147460937500e+01
1.598001194000244141e+01 1.699809455871582031e+01 4.956355571746826172e+00 1.204174327850341797e+01
1.600041961669921875e+01 1.708025741577148438e+01 4.952277660369873047e+00 1.212797641754150391e+01
1.602083015441894531e+01 1.708887863159179688e+01 4.978095054626464844e+00 1.211078262329101562e+01
1.604123878479003906e+01 1.715754890441894531e+01 4.969523429870605469e+00 1.218802547454833984e+01
1.616368865966796875e+01 1.758571434020996094e+01 4.948907852172851562e+00 1.263680553436279297e+01
1.632695960998535156e+01 1.785482788085937500e+01 5.020382404327392578e+00 1.283444595336914062e+01
1.649022865295410156e+01 1.856196784973144531e+01 5.030922412872314453e+00 1.353104877471923828e+01
1.653104782104492188e+01 1.870397567749023438e+01 5.019224166870117188e+00 1.368475437164306641e+01
1.655145645141601562e+01 1.879457473754882812e+01 5.033284187316894531e+00 1.376129055023193359e+01
1.657186508178710938e+01 1.916440963745117188e+01 5.257493019104003906e+00 1.390691566467285156e+01
1.659227180480957031e+01 1.889259147644042969e+01 5.088713645935058594e+00 1.380387783050537109e+01
1.663308906555175781e+01 1.922211074829101562e+01 5.097095489501953125e+00 1.412501335144042969e+01
1.665349769592285156e+01 1.932108497619628906e+01 5.120316982269287109e+00 1.420076370239257812e+01
1.667390823364257812e+01 1.948855590820312500e+01 5.131995677947998047e+00 1.435656070709228516e+01
1.669431686401367188e+01 1.937458229064941406e+01 5.164439678192138672e+00 1.421014690399169922e+01
1.671472549438476562e+01 1.948993492126464844e+01 5.186061859130859375e+00 1.430387401580810547e+01
1.673513412475585938e+01 1.961735534667968750e+01 5.184029102325439453e+00 1.443331909179687500e+01
1.675554275512695312e+01 1.976127815246582031e+01 5.210575103759765625e+00 1.455070209503173828e+01
1.677595138549804688e+01 1.975662231445312500e+01 5.183545112609863281e+00 1.457307529449462891e+01
1.683717727661132812e+01 2.009527015686035156e+01 5.239340782165527344e+00 1.485593128204345703e+01
1.685758590698242188e+01 2.012164115905761719e+01 5.233707904815673828e+00 1.488793468475341797e+01
1.687799453735351562e+01 2.025750923156738281e+01 5.301134109497070312e+00 1.495637607574462891e+01
1.689840316772460938e+01 2.034650421142578125e+01 5.278439998626708984e+00 1.506806659698486328e+01
1.691881179809570312e+01 2.042345046997070312e+01 5.289051532745361328e+00 1.513439846038818359e+01
1.693922042846679688e+01 2.046467781066894531e+01 5.300345420837402344e+00 1.516432571411132812e+01
1.704126548767089844e+01 2.045163726806640625e+01 5.105652809143066406e+00 1.534599113464355469e+01
1.714330673217773438e+01 2.040241050720214844e+01 5.018009185791015625e+00 1.538439369201660156e+01
1.716371536254882812e+01 2.044066047668457031e+01 5.019713401794433594e+00 1.542095184326171875e+01
1.720453453063964844e+01 2.045569610595703125e+01 5.023805618286132812e+00 1.543189239501953125e+01
1.722494316101074219e+01 2.046994400024414062e+01 5.018548011779785156e+00 1.545138931274414062e+01
1.724535179138183594e+01 2.048288536071777344e+01 5.039678096771240234e+00 1.544320583343505859e+01
1.734739494323730469e+01 2.060004997253417969e+01 5.061092376708984375e+00 1.553895854949951172e+01
1.736780357360839844e+01 2.062653350830078125e+01 5.080645084381103516e+00 1.554589557647705078e+01
1.738821220397949219e+01 2.068244171142578125e+01 5.099462985992431641e+00 1.558297824859619141e+01
1.742902946472167969e+01 2.075141334533691406e+01 5.117051124572753906e+00 1.563436508178710938e+01
1.744943809509277344e+01 2.083572578430175781e+01 5.119297504425048828e+00 1.571642303466796875e+01
1.746984672546386719e+01 2.083296966552734375e+01 5.118798255920410156e+00 1.571417140960693359e+01
1.751066398620605469e+01 2.093216705322265625e+01 5.121904850006103516e+00 1.581026363372802734e+01
1.753107261657714844e+01 2.096629333496093750e+01 5.127549648284912109e+00 1.583874320983886719e+01
1.755148124694824219e+01 2.088898086547851562e+01 5.128406524658203125e+00 1.576057910919189453e+01
1.757188987731933594e+01 2.092995834350585938e+01 5.106102466583251953e+00 1.582385349273681641e+01
1.765352439880371094e+01 2.100921058654785156e+01 5.058081150054931641e+00 1.595113563537597656e+01
1.767393493652343750e+01 2.110354804992675781e+01 5.066462039947509766e+00 1.603708267211914062e+01
1.769434356689453125e+01 2.114244651794433594e+01 5.055883407592773438e+00 1.608656501770019531e+01
1.771475219726562500e+01 2.126865386962890625e+01 5.058166980743408203e+00 1.621049118041992188e+01
1.773516082763671875e+01 2.120322036743164062e+01 5.083391666412353516e+00 1.611982917785644531e+01
1.775556755065917969e+01 2.123640823364257812e+01 5.055302619934082031e+00 1.618110656738281250e+01
1.777597618103027344e+01 2.128635597229003906e+01 5.052865505218505859e+00 1.623349571228027344e+01
1.783720397949218750e+01 2.150710296630859375e+01 5.059008598327636719e+00 1.644809341430664062e+01
1.785761260986328125e+01 2.156452369689941406e+01 5.071993827819824219e+00 1.649252700805664062e+01
1.787802124023437500e+01 2.156093025207519531e+01 5.071560382843017578e+00 1.648936843872070312e+01
1.789842987060546875e+01 2.160970115661621094e+01 5.079152107238769531e+00 1.653054809570312500e+01
1.800047302246093750e+01 2.180682182312011719e+01 5.105550765991210938e+00 1.670127487182617188e+01
1.806169891357421875e+01 2.188229179382324219e+01 5.117402553558349609e+00 1.676488685607910156e+01
1.808210754394531250e+01 2.191510009765625000e+01 5.120893955230712891e+00 1.679420089721679688e+01
1.814333343505859375e+01 2.193903732299804688e+01 5.126043796539306641e+00 1.681299209594726562e+01
1.818415260314941406e+01 2.189704895019531250e+01 5.118487358093261719e+00 1.677856063842773438e+01
1.820456123352050781e+01 2.187953567504882812e+01 5.108146190643310547e+00 1.677138519287109375e+01
1.822496795654296875e+01 2.214139938354492188e+01 5.109650611877441406e+00 1.703174591064453125e+01
1.824537658691406250e+01 2.183272743225097656e+01 5.091470718383789062e+00 1.674126052856445312e+01
1.826578521728515625e+01 2.184649658203125000e+01 5.076607227325439453e+00 1.676989173889160156e+01
1.832701301574707031e+01 2.191234397888183594e+01 5.038095474243164062e+00 1.687424659729003906e+01
1.834742164611816406e+01 2.192089843750000000e+01 5.020748138427734375e+00 1.690015220642089844e+01
1.849028205871582031e+01 2.186255264282226562e+01 4.890680789947509766e+00 1.697187042236328125e+01
1.851069068908691406e+01 2.183263206481933594e+01 4.881409168243408203e+00 1.695121955871582031e+01
1.853109931945800781e+01 2.184131050109863281e+01 4.859239578247070312e+00 1.698206710815429688e+01
1.855150794982910156e+01 2.185655212402343750e+01 4.852602958679199219e+00 1.700394248962402344e+01
1.857191658020019531e+01 2.185626983642578125e+01 4.837603569030761719e+00 1.701866531372070312e+01
1.859232521057128906e+01 2.185624694824218750e+01 4.836155891418457031e+00 1.702008819580078125e+01
1.861273384094238281e+01 2.188465118408203125e+01 4.824422359466552734e+00 1.706023025512695312e+01
1.865355110168457031e+01 2.192643165588378906e+01 4.821565151214599609e+00 1.710486793518066406e+01
1.867395973205566406e+01 2.197096824645996094e+01 4.817577838897705078e+00 1.715338706970214844e+01
1.869436836242675781e+01 2.221672248840332031e+01 5.078673839569091797e+00 1.713804626464843750e+01
1.871477699279785156e+01 2.199486351013183594e+01 4.828176975250244141e+00 1.716668510437011719e+01
1.873518562316894531e+01 2.206077575683593750e+01 4.822917461395263672e+00 1.723786163330078125e+01
1.875559425354003906e+01 2.204812049865722656e+01 4.820860385894775391e+00 1.722726249694824219e+01
1.877600288391113281e+01 2.209139060974121094e+01 4.830282211303710938e+00 1.726111030578613281e+01
1.879641151428222656e+01 2.212729072570800781e+01 4.836500167846679688e+00 1.729079055786132812e+01
1.881682205200195312e+01 2.214140129089355469e+01 4.835071563720703125e+00 1.730633163452148438e+01
1.883723068237304688e+01 2.216800498962402344e+01 4.842541217803955078e+00 1.732546424865722656e+01
1.885763931274414062e+01 2.218528175354003906e+01 4.841743469238281250e+00 1.734353446960449219e+01
1.887804794311523438e+01 2.222104454040527344e+01 4.852360248565673828e+00 1.736867713928222656e+01
1.889845657348632812e+01 2.225676345825195312e+01 4.853453636169433594e+00 1.740330886840820312e+01
1.891886329650878906e+01 2.223585510253906250e+01 4.848851680755615234e+00 1.738699913024902344e+01
1.893927192687988281e+01 2.228845596313476562e+01 4.861321926116943359e+00 1.742713546752929688e+01
1.895968055725097656e+01 2.238328552246093750e+01 4.854825973510742188e+00 1.752845764160156250e+01
1.898009109497070312e+01 2.231719207763671875e+01 4.855912685394287109e+00 1.746127700805664062e+01
1.904131698608398438e+01 2.235592651367187500e+01 4.835898399353027344e+00 1.752003097534179688e+01
1.906172561645507812e+01 2.233671951293945312e+01 4.830092906951904297e+00 1.750662803649902344e+01
1.908213424682617188e+01 2.235669708251953125e+01 4.833081245422363281e+00 1.752361679077148438e+01
1.910254287719726562e+01 2.238120841979980469e+01 4.813506126403808594e+00 1.756769943237304688e+01
1.912295150756835938e+01 2.237252235412597656e+01 4.815879821777343750e+00 1.755664062500000000e+01
1.914336013793945312e+01 2.240403175354003906e+01 4.815122604370117188e+00 1.758891296386718750e+01
1.916376876831054688e+01 2.236151885986328125e+01 4.793130874633789062e+00 1.756839561462402344e+01
1.918417739868164062e+01 2.233732223510742188e+01 4.788655757904052734e+00 1.754866790771484375e+01
1.920458602905273438e+01 2.238994026184082031e+01 4.787929534912109375e+00 1.760201072692871094e+01
1.922499465942382812e+01 2.235132217407226562e+01 4.771017551422119141e+00 1.758030319213867188e+01
1.924540328979492188e+01 2.236363601684570312e+01 4.762226104736328125e+00 1.760140609741210938e+01
1.926581192016601562e+01 2.236578369140625000e+01 4.749726295471191406e+00 1.761605644226074219e+01
1.928622055053710938e+01 2.235016441345214844e+01 4.739735126495361328e+00 1.761042594909667969e+01
1.930663108825683594e+01 2.238228034973144531e+01 4.749603748321533203e+00 1.763267326354980469e+01
1.932703971862792969e+01 2.235964012145996094e+01 4.715480804443359375e+00 1.764415740966796875e+01
1.934744834899902344e+01 2.237752532958984375e+01 4.712981224060058594e+00 1.766454505920410156e+01
1.936785507202148438e+01 2.236932754516601562e+01 4.701217174530029297e+00 1.766811180114746094e+01
1.938826370239257812e+01 2.237288093566894531e+01 4.682068824768066406e+00 1.769081497192382812e+01
1.940867233276367188e+01 2.239427185058593750e+01 4.678995609283447266e+00 1.771527290344238281e+01
1.942908096313476562e+01 2.239503097534179688e+01 4.661143302917480469e+00 1.773388671875000000e+01
1.944948959350585938e+01 2.239021492004394531e+01 4.656867504119873047e+00 1.773334693908691406e+01
1.951071739196777344e+01 2.239631271362304688e+01 4.599309921264648438e+00 1.779700279235839844e+01
1.953112602233886719e+01 2.238887023925781250e+01 4.582859992980957031e+00 1.780601119995117188e+01
1.955153465270996094e+01 2.234401512145996094e+01 4.556648731231689453e+00 1.778736877441406250e+01
1.957194328308105469e+01 2.247512245178222656e+01 4.551285743713378906e+00 1.792383384704589844e+01
1.959235191345214844e+01 2.239221763610839844e+01 4.527606010437011719e+00 1.786461067199707031e+01
1.961275863647460938e+01 2.238180541992187500e+01 4.522284984588623047e+00 1.785951995849609375e+01
1.963316917419433594e+01 2.238340950012207031e+01 4.504780769348144531e+00 1.787862777709960938e+01
1.969439506530761719e+01 2.245014190673828125e+01 4.474974155426025391e+00 1.797517013549804688e+01
1.971480369567871094e+01 2.235178375244140625e+01 4.463663578033447266e+00 1.788812065124511719e+01
1.973521232604980469e+01 2.237929916381835938e+01 4.454195499420166016e+00 1.792510223388671875e+01
1.975562095642089844e+01 2.238708114624023438e+01 4.441717624664306641e+00 1.794536781311035156e+01
1.989848136901855469e+01 2.223465919494628906e+01 4.382157802581787109e+00 1.785250091552734375e+01
1.993929862976074219e+01 2.216087150573730469e+01 4.353977680206298828e+00 1.780690002441406250e+01
1.995970916748046875e+01 2.211743736267089844e+01 4.350125312805175781e+00 1.776731491088867188e+01
2.000052642822265625e+01 2.213728141784667969e+01 4.345436573028564453e+00 1.779183959960937500e+01
2.002093505859375000e+01 2.203404235839843750e+01 4.330245971679687500e+00 1.770380401611328125e+01
2.012297821044921875e+01 2.203327751159667969e+01 4.299364566802978516e+00 1.773391532897949219e+01
2.014338684082031250e+01 2.210083770751953125e+01 4.294414520263671875e+00 1.780642318725585938e+01
2.016379547119140625e+01 2.208577346801757812e+01 4.289474487304687500e+00 1.779629707336425781e+01
2.018420410156250000e+01 2.207844734191894531e+01 4.291067600250244141e+00 1.778738021850585938e+01
2.020461273193359375e+01 2.207684707641601562e+01 4.280808925628662109e+00 1.779604148864746094e+01
2.022502136230468750e+01 2.207981872558593750e+01 4.279448509216308594e+00 1.780037689208984375e+01
2.024542999267578125e+01 2.209081840515136719e+01 4.275725364685058594e+00 1.781508827209472656e+01
2.026583862304687500e+01 2.210787391662597656e+01 4.276144981384277344e+00 1.783172798156738281e+01
2.028624725341796875e+01 2.230152511596679688e+01 4.273022651672363281e+00 1.802850151062011719e+01
2.030665588378906250e+01 2.211597633361816406e+01 4.267549991607666016e+00 1.784842109680175781e+01
2.032706451416015625e+01 2.211757659912109375e+01 4.263853549957275391e+00 1.785372543334960938e+01
2.034747314453125000e+01 2.214238739013671875e+01 4.257812023162841797e+00 1.788457298278808594e+01
2.042910766601562500e+01 2.219049835205078125e+01 4.244313240051269531e+00 1.794618415832519531e+01
2.049033546447753906e+01 2.220879745483398438e+01 4.213522434234619141e+00 1.799526977539062500e+01
2.053115081787109375e+01 2.223761940002441406e+01 4.195817470550537109e+00 1.804179954528808594e+01
2.055155944824218750e+01 2.232783889770507812e+01 4.158453464508056641e+00 1.816938400268554688e+01
2.059237670898437500e+01 2.239999961853027344e+01 4.149629592895507812e+00 1.825036621093750000e+01
2.061278724670410156e+01 2.216288185119628906e+01 4.142036914825439453e+00 1.802084541320800781e+01
2.075564765930175781e+01 2.199472045898437500e+01 4.050667762756347656e+00 1.794404792785644531e+01
2.077605628967285156e+01 2.195322036743164062e+01 4.035742282867431641e+00 1.791747665405273438e+01
2.079646492004394531e+01 2.192211723327636719e+01 4.025451183319091797e+00 1.789666938781738281e+01
2.081687355041503906e+01 2.194616127014160156e+01 4.016903877258300781e+00 1.792925643920898438e+01
2.083728218078613281e+01 2.192617416381835938e+01 4.004353523254394531e+00 1.792182350158691406e+01
2.087809944152832031e+01 2.184057617187500000e+01 3.985058784484863281e+00 1.785551452636718750e+01
2.100055122375488281e+01 2.178703117370605469e+01 3.954982757568359375e+00 1.783204841613769531e+01
2.102095985412597656e+01 2.176054573059082031e+01 3.949434995651245117e+00 1.781111145019531250e+01
2.104136848449707031e+01 2.170411872863769531e+01 3.948448657989501953e+00 1.775567245483398438e+01
2.106177711486816406e+01 2.170225906372070312e+01 3.941212177276611328e+00 1.776105117797851562e+01
2.108218574523925781e+01 2.171134376525878906e+01 3.940803766250610352e+00 1.777053642272949219e+01
2.110259437561035156e+01 2.167023849487304688e+01 3.934723615646362305e+00 1.773551368713378906e+01
2.112300491333007812e+01 2.164842796325683594e+01 3.936588764190673828e+00 1.771183967590332031e+01
2.114341354370117188e+01 2.165291213989257812e+01 3.929958343505859375e+00 1.772295379638671875e+01
2.116382217407226562e+01 2.162500572204589844e+01 3.926168680191040039e+00 1.769883537292480469e+01
2.118423080444335938e+01 2.161590766906738281e+01 3.922950744628906250e+00 1.769295692443847656e+01
2.120463943481445312e+01 2.159365463256835938e+01 3.914659261703491211e+00 1.767899894714355469e+01
2.122504615783691406e+01 2.158319664001464844e+01 3.910331487655639648e+00 1.767286109924316406e+01
2.124545478820800781e+01 2.156281280517578125e+01 3.905448436737060547e+00 1.765736579895019531e+01
2.126586532592773438e+01 2.155028724670410156e+01 3.898323297500610352e+00 1.765196418762207031e+01
2.128627395629882812e+01 2.153134918212890625e+01 3.895148038864135742e+00 1.763619804382324219e+01
2.130668258666992188e+01 2.152104568481445312e+01 3.887484788894653320e+00 1.763356590270996094e+01
2.132709121704101562e+01 2.149721717834472656e+01 3.879274368286132812e+00 1.761794662475585938e+01
2.134749984741210938e+01 2.147568321228027344e+01 3.877248048782348633e+00 1.759843635559082031e+01
2.136790847778320312e+01 2.147558403015136719e+01 3.870183706283569336e+00 1.760540199279785156e+01
2.138831710815429688e+01 2.145362472534179688e+01 3.859775304794311523e+00 1.759384536743164062e+01
2.140872573852539062e+01 2.143790435791015625e+01 3.851063728332519531e+00 1.758684158325195312e+01
2.142913436889648438e+01 2.141451454162597656e+01 3.850747585296630859e+00 1.756376838684082031e+01
2.144954490661621094e+01 2.139004898071289062e+01 3.835922956466674805e+00 1.755412864685058594e+01
2.146995162963867188e+01 2.136633491516113281e+01 3.829489231109619141e+00 1.753684234619140625e+01
2.149036026000976562e+01 2.135513687133789062e+01 3.818611621856689453e+00 1.753652763366699219e+01
2.151076889038085938e+01 2.133198165893554688e+01 3.810537338256835938e+00 1.752144622802734375e+01
2.153117752075195312e+01 2.131801033020019531e+01 3.806925296783447266e+00 1.751108741760253906e+01
2.155158615112304688e+01 2.129966926574707031e+01 3.798321723937988281e+00 1.750134849548339844e+01
2.157199478149414062e+01 2.126214790344238281e+01 3.788069963455200195e+00 1.747407722473144531e+01
2.159240341186523438e+01 2.124046897888183594e+01 3.786706924438476562e+00 1.745376014709472656e+01
2.161281394958496094e+01 2.120590972900390625e+01 3.773162364959716797e+00 1.743274497985839844e+01
2.163322257995605469e+01 2.119051551818847656e+01 3.766836166381835938e+00 1.742367744445800781e+01
2.165363121032714844e+01 2.116475486755371094e+01 3.761074781417846680e+00 1.740367698669433594e+01
2.167403984069824219e+01 2.111986732482910156e+01 3.752563238143920898e+00 1.736730384826660156e+01
2.169444656372070312e+01 2.109353828430175781e+01 3.745171070098876953e+00 1.734836387634277344e+01
2.171485519409179688e+01 2.105687713623046875e+01 3.739446401596069336e+00 1.731742858886718750e+01
2.173526382446289062e+01 2.103322601318359375e+01 3.738137722015380859e+00 1.729509353637695312e+01
2.175567245483398438e+01 2.100118446350097656e+01 3.730229854583740234e+00 1.727095985412597656e+01
2.177608299255371094e+01 2.098346900939941406e+01 3.730581283569335938e+00 1.725288772583007812e+01
2.179649162292480469e+01 2.093091011047363281e+01 3.724342346191406250e+00 1.720656585693359375e+01
2.181690025329589844e+01 2.088278388977050781e+01 3.718663930892944336e+00 1.716412162780761719e+01
2.185771751403808594e+01 2.087219619750976562e+01 3.718291282653808594e+00 1.715390396118164062e+01
2.187812614440917969e+01 2.083257102966308594e+01 3.714822530746459961e+00 1.711774635314941406e+01
2.189853477478027344e+01 2.075513839721679688e+01 3.710267066955566406e+00 1.704487228393554688e+01
2.191894340515136719e+01 2.071878814697265625e+01 3.709543228149414062e+00 1.700924110412597656e+01
2.193935203552246094e+01 2.069844245910644531e+01 3.707183599472045898e+00 1.699126052856445312e+01
2.195976066589355469e+01 2.069321060180664062e+01 3.709734201431274414e+00 1.698347663879394531e+01
2.198016929626464844e+01 2.062107849121093750e+01 3.703566789627075195e+00 1.691751098632812500e+01
2.200057792663574219e+01 2.061080169677734375e+01 3.707203626632690430e+00 1.690360450744628906e+01
2.202098655700683594e+01 2.056831169128417969e+01 3.702681064605712891e+00 1.686563301086425781e+01
2.204139518737792969e+01 2.055282020568847656e+01 3.700338363647460938e+00 1.685248374938964844e+01
2.206180381774902344e+01 2.052466201782226562e+01 3.700170755386352539e+00 1.682449150085449219e+01
2.208221244812011719e+01 2.049126052856445312e+01 3.697834730148315430e+00 1.679342842102050781e+01
2.210262298583984375e+01 2.045240783691406250e+01 3.695503711700439453e+00 1.675690650939941406e+01
2.212303161621093750e+01 2.043243789672851562e+01 3.693176507949829102e+00 1.673926544189453125e+01
2.214344024658203125e+01 2.043857574462890625e+01 3.696799516677856445e+00 1.674177742004394531e+01
2.216384696960449219e+01 2.038979339599609375e+01 3.688535451889038086e+00 1.670126152038574219e+01
2.218425559997558594e+01 2.038309478759765625e+01 3.687839984893798828e+00 1.669525527954101562e+01
2.220466423034667969e+01 2.036375427246093750e+01 3.686606407165527344e+00 1.667715454101562500e+01
2.222507286071777344e+01 2.034598541259765625e+01 3.681066989898681641e+00 1.666491508483886719e+01
2.224548149108886719e+01 2.033591651916503906e+01 3.682532310485839844e+00 1.665338897705078125e+01
2.226589202880859375e+01 2.033051490783691406e+01 3.678619384765625000e+00 1.665189361572265625e+01
2.228630065917968750e+01 2.030334854125976562e+01 3.679547786712646484e+00 1.662380218505859375e+01
2.230670928955078125e+01 2.029646682739257812e+01 3.673498153686523438e+00 1.662296867370605469e+01
2.232711791992187500e+01 2.029253387451171875e+01 3.673356771469116211e+00 1.661917495727539062e+01
2.234752655029296875e+01 2.028364944458007812e+01 3.665716886520385742e+00 1.661792755126953125e+01
2.236793518066406250e+01 2.028151130676269531e+01 3.662372350692749023e+00 1.661913871765136719e+01
2.238834190368652344e+01 2.028897666931152344e+01 3.661172628402709961e+00 1.662780189514160156e+01
2.240875053405761719e+01 2.027982330322265625e+01 3.654099464416503906e+00 1.662572097778320312e+01
2.242916107177734375e+01 2.029129028320312500e+01 3.653442859649658203e+00 1.663785171508789062e+01
2.244956970214843750e+01 2.029173660278320312e+01 3.649054765701293945e+00 1.664268112182617188e+01
2.246997833251953125e+01 2.029656600952148438e+01 3.646806240081787109e+00 1.664976501464843750e+01
2.249038696289062500e+01 2.030840492248535156e+01 3.640835762023925781e+00 1.666757202148437500e+01
2.251079559326171875e+01 2.031106376647949219e+01 3.638066530227661133e+00 1.667300033569335938e+01
2.253120422363281250e+01 2.033216476440429688e+01 3.636896371841430664e+00 1.669527435302734375e+01
2.255161285400390625e+01 2.034049034118652344e+01 3.635196924209594727e+00 1.670529365539550781e+01
2.257202148437500000e+01 2.034697723388671875e+01 3.630319595336914062e+00 1.671665763854980469e+01
2.259243011474609375e+01 2.036245918273925781e+01 3.629159212112426758e+00 1.673330497741699219e+01
2.261283874511718750e+01 2.038086128234863281e+01 3.625354528427124023e+00 1.675551414489746094e+01
2.263324737548828125e+01 2.040247917175292969e+01 3.628431558609008789e+00 1.677404785156250000e+01
2.265365600585937500e+01 2.040510749816894531e+01 3.626219749450683594e+00 1.677888870239257812e+01
2.267406463623046875e+01 2.043171119689941406e+01 3.622955799102783203e+00 1.680875396728515625e+01
2.269447326660156250e+01 2.043157958984375000e+01 3.624971628189086914e+00 1.680660629272460938e+01
2.271488189697265625e+01 2.046282196044921875e+01 3.624876737594604492e+00 1.683794403076171875e+01
2.273529052734375000e+01 2.046758460998535156e+01 3.624781608581542969e+00 1.684280586242675781e+01
2.275570106506347656e+01 2.048847961425781250e+01 3.624686479568481445e+00 1.686379432678222656e+01
2.277610969543457031e+01 2.050215339660644531e+01 3.629847049713134766e+00 1.687230682373046875e+01
2.279651832580566406e+01 2.051015663146972656e+01 3.630798101425170898e+00 1.687935829162597656e+01
2.281692695617675781e+01 2.052438735961914062e+01 3.632271528244018555e+00 1.689211654663085938e+01
2.283733558654785156e+01 2.053143882751464844e+01 3.635839223861694336e+00 1.689560317993164062e+01
2.285774230957031250e+01 2.052618026733398438e+01 3.634687900543212891e+00 1.689148902893066406e+01
2.287815093994140625e+01 2.053654098510742188e+01 3.636154174804687500e+00 1.690038490295410156e+01
2.289855957031250000e+01 2.052691650390625000e+01 3.638663053512573242e+00 1.688825225830078125e+01
2.291897010803222656e+01 2.052184867858886719e+01 3.638556480407714844e+00 1.688328742980957031e+01
2.293937873840332031e+01 2.053335189819335938e+01 3.640015602111816406e+00 1.689333724975585938e+01
2.295978736877441406e+01 2.050514030456542969e+01 3.638865232467651367e+00 1.686627578735351562e+01
2.298019599914550781e+01 2.050547027587890625e+01 3.640321254730224609e+00 1.686514472961425781e+01
2.300060462951660156e+01 2.049036979675292969e+01 3.640733957290649414e+00 1.684963226318359375e+01
2.302101325988769531e+01 2.047653770446777344e+01 3.634386777877807617e+00 1.684215164184570312e+01
2.304142189025878906e+01 2.045167541503906250e+01 3.633245706558227539e+00 1.681842231750488281e+01
2.316387367248535156e+01 2.056480026245117188e+01 3.671396970748901367e+00 1.689340209960937500e+01
2.318428230285644531e+01 2.031923103332519531e+01 3.617569208145141602e+00 1.670165824890136719e+01
2.320469093322753906e+01 2.028483200073242188e+01 3.616966724395751953e+00 1.666786193847656250e+01
2.328632736206054688e+01 2.023488807678222656e+01 3.599660396575927734e+00 1.663522720336914062e+01
2.334755134582519531e+01 2.013566398620605469e+01 3.585094451904296875e+00 1.655056953430175781e+01
2.336795997619628906e+01 2.016033363342285156e+01 3.585548639297485352e+00 1.657478523254394531e+01
2.338836860656738281e+01 2.007539749145507812e+01 3.581396579742431641e+00 1.649400138854980469e+01
2.342918777465820312e+01 2.006454467773437500e+01 3.572091817855834961e+00 1.649245262145996094e+01
2.357204818725585938e+01 1.993290328979492188e+01 3.550950765609741211e+00 1.638195800781250000e+01
2.359245681762695312e+01 2.027031135559082031e+01 3.570202350616455078e+00 1.670010948181152344e+01
2.361286544799804688e+01 2.004975891113281250e+01 3.564074754714965820e+00 1.648568725585937500e+01
2.369449996948242188e+01 1.991208457946777344e+01 3.552300691604614258e+00 1.635978317260742188e+01
2.371490859985351562e+01 1.994508934020996094e+01 3.569937467575073242e+00 1.637515449523925781e+01
2.373531723022460938e+01 1.997328376770019531e+01 3.569389343261718750e+00 1.640389442443847656e+01
2.375572776794433594e+01 1.999744606018066406e+01 3.579422712326049805e+00 1.641801834106445312e+01
2.377613449096679688e+01 2.012586784362792969e+01 3.580881834030151367e+00 1.654498481750488281e+01
2.379654312133789062e+01 1.997067451477050781e+01 3.576301336288452148e+00 1.639437294006347656e+01
2.381695175170898438e+01 1.997890853881835938e+01 3.577759981155395508e+00 1.640115356445312500e+01
2.383736038208007812e+01 1.998179817199707031e+01 3.578713893890380859e+00 1.640308761596679688e+01
2.387817764282226562e+01 1.988007545471191406e+01 3.583624362945556641e+00 1.629645156860351562e+01
2.389858627319335938e+01 1.991123199462890625e+01 3.578560829162597656e+00 1.633266830444335938e+01
2.393940544128417969e+01 1.985029220581054688e+01 3.580459356307983398e+00 1.626982688903808594e+01
2.400063133239746094e+01 1.987039375305175781e+01 3.572821617126464844e+00 1.629757308959960938e+01
2.402103805541992188e+01 1.987665748596191406e+01 3.575765609741210938e+00 1.630088615417480469e+01
2.406185722351074219e+01 1.990529060363769531e+01 3.566217899322509766e+00 1.633907318115234375e+01
2.408226585388183594e+01 1.996101188659667969e+01 3.567171573638916016e+00 1.639383506774902344e+01
2.410267448425292969e+01 1.996220970153808594e+01 3.558192014694213867e+00 1.640401458740234375e+01
2.412308311462402344e+01 1.997796630859375000e+01 3.555181741714477539e+00 1.642278671264648438e+01
2.414349174499511719e+01 1.996559715270996094e+01 3.550193548202514648e+00 1.641540718078613281e+01
2.420471763610839844e+01 1.989480400085449219e+01 3.546652555465698242e+00 1.634815216064453125e+01
2.426594352722167969e+01 1.986414909362792969e+01 3.531785011291503906e+00 1.633236694335937500e+01
2.428635215759277344e+01 1.988056755065917969e+01 3.525859832763671875e+00 1.635470962524414062e+01
2.430676078796386719e+01 1.991377449035644531e+01 3.522899389266967773e+00 1.639087677001953125e+01
2.434757804870605469e+01 1.996014404296875000e+01 3.507652997970581055e+00 1.645248794555664062e+01
2.444962310791015625e+01 1.981195640563964844e+01 3.485180139541625977e+00 1.632677841186523438e+01
2.447002983093261719e+01 1.977815818786621094e+01 3.482273578643798828e+00 1.629588699340820312e+01
2.451084709167480469e+01 1.976101112365722656e+01 3.473544836044311523e+00 1.628746223449707031e+01
2.457207489013671875e+01 1.960348892211914062e+01 3.456121444702148438e+00 1.614736938476562500e+01
2.459248352050781250e+01 1.972575378417968750e+01 3.458607196807861328e+00 1.626714897155761719e+01
2.463330078125000000e+01 1.959316062927246094e+01 3.448988676071166992e+00 1.614417457580566406e+01
2.465370941162109375e+01 1.953663253784179688e+01 3.442249774932861328e+00 1.609437942504882812e+01
2.471493530273437500e+01 1.948185729980468750e+01 3.446798801422119141e+00 1.603506088256835938e+01
2.473534393310546875e+01 1.944882392883300781e+01 3.445890188217163086e+00 1.600292778015136719e+01
2.483738708496093750e+01 1.936141967773437500e+01 3.445708513259887695e+00 1.591571140289306641e+01
2.485779571533203125e+01 1.935321426391601562e+01 3.448176383972167969e+00 1.590504074096679688e+01
2.487820434570312500e+01 1.933170700073242188e+01 3.450158596038818359e+00 1.588154792785644531e+01
2.489861488342285156e+01 1.931676864624023438e+01 3.452138185501098633e+00 1.586463260650634766e+01
2.491902351379394531e+01 1.932587242126464844e+01 3.452672958374023438e+00 1.587319755554199219e+01
2.493943023681640625e+01 1.932383918762207031e+01 3.455127239227294922e+00 1.586871433258056641e+01
2.502106475830078125e+01 1.933540534973144531e+01 3.463468313217163086e+00 1.587193870544433594e+01
2.504147338867187500e+01 1.933311462402343750e+01 3.468292951583862305e+00 1.586481761932373047e+01
2.506188392639160156e+01 1.929639434814453125e+01 3.465946435928344727e+00 1.583045482635498047e+01
2.508229255676269531e+01 1.933374404907226562e+01 3.470284223556518555e+00 1.586345767974853516e+01
2.510270118713378906e+01 1.928738021850585938e+01 3.467939615249633789e+00 1.581944274902343750e+01
2.512310981750488281e+01 1.931768798828125000e+01 3.469410419464111328e+00 1.584827995300292969e+01
2.514351844787597656e+01 1.939004707336425781e+01 3.473258972167968750e+00 1.591678524017333984e+01
2.516392517089843750e+01 1.934288978576660156e+01 3.470918178558349609e+00 1.587196922302246094e+01
2.518433380126953125e+01 1.935077476501464844e+01 3.477610826492309570e+00 1.587316608428955078e+01
2.520474243164062500e+01 1.935174560546875000e+01 3.477169513702392578e+00 1.587457370758056641e+01
2.522515296936035156e+01 1.936065483093261719e+01 3.480999469757080078e+00 1.587965202331542969e+01
2.524556159973144531e+01 1.937509346008300781e+01 3.482926368713378906e+00 1.589216232299804688e+01
2.526597023010253906e+01 1.937805366516113281e+01 3.483903169631958008e+00 1.589415740966796875e+01
2.528637886047363281e+01 1.939179611206054688e+01 3.487244606018066406e+00 1.590455722808837891e+01
2.530678749084472656e+01 1.941248321533203125e+01 3.492000341415405273e+00 1.592048454284667969e+01
2.532719612121582031e+01 1.941664695739746094e+01 3.495330095291137695e+00 1.592131614685058594e+01
2.534760475158691406e+01 1.943381881713867188e+01 3.496293544769287109e+00 1.593752574920654297e+01
2.536801338195800781e+01 1.949061203002929688e+01 3.497727155685424805e+00 1.599288082122802734e+01
2.538842201232910156e+01 1.946254920959472656e+01 3.504816055297851562e+00 1.595772933959960938e+01
2.540883064270019531e+01 1.947654724121093750e+01 3.508596181869506836e+00 1.596796035766601562e+01
2.542923927307128906e+01 1.948712539672851562e+01 3.512370347976684570e+00 1.597475624084472656e+01
2.544964790344238281e+01 1.949985122680664062e+01 3.517078876495361328e+00 1.598276996612548828e+01
2.547005653381347656e+01 1.951000976562500000e+01 3.521780014038085938e+00 1.598822689056396484e+01
2.549046516418457031e+01 1.951549911499023438e+01 3.528820753097534180e+00 1.598668384552001953e+01
2.551087379455566406e+01 1.953651618957519531e+01 3.530220746994018555e+00 1.600629615783691406e+01
2.553128242492675781e+01 1.954379844665527344e+01 3.535368680953979492e+00 1.600842857360839844e+01
2.555169296264648438e+01 1.954718589782714844e+01 3.540508508682250977e+00 1.600667572021484375e+01
2.557210159301757812e+01 1.951927757263183594e+01 3.543767690658569336e+00 1.597550773620605469e+01
2.559251022338867188e+01 1.955225372314453125e+01 3.551231145858764648e+00 1.600102806091308594e+01
2.561291885375976562e+01 1.956047058105468750e+01 3.554009199142456055e+00 1.600646400451660156e+01
2.563332557678222656e+01 1.957371902465820312e+01 3.559118032455444336e+00 1.601460075378417969e+01
2.565373420715332031e+01 1.956584930419921875e+01 3.562818765640258789e+00 1.600303459167480469e+01
2.567414283752441406e+01 1.957023239135742188e+01 3.567912340164184570e+00 1.600232124328613281e+01
2.569455146789550781e+01 1.956425857543945312e+01 3.569736480712890625e+00 1.599452590942382812e+01
2.571496200561523438e+01 1.955540466308593750e+01 3.572023391723632812e+00 1.598337650299072266e+01
2.573537063598632812e+01 1.954842376708984375e+01 3.575702428817749023e+00 1.597272586822509766e+01
2.575577926635742188e+01 1.953852272033691406e+01 3.574263095855712891e+00 1.596426296234130859e+01
2.577618789672851562e+01 1.953084564208984375e+01 3.577469825744628906e+00 1.595338726043701172e+01
2.579659652709960938e+01 1.951386642456054688e+01 3.577887773513793945e+00 1.593598365783691406e+01
2.581700515747070312e+01 1.949521636962890625e+01 3.577841043472290039e+00 1.591738319396972656e+01
2.583741378784179688e+01 1.947974586486816406e+01 3.575941324234008789e+00 1.590380477905273438e+01
2.585782241821289062e+01 1.946977996826171875e+01 3.578673839569091797e+00 1.589110279083251953e+01
2.587823104858398438e+01 1.944257545471191406e+01 3.575389146804809570e+00 1.586718654632568359e+01
2.589863967895507812e+01 1.941585731506347656e+01 3.571647405624389648e+00 1.584420871734619141e+01
2.591904830932617188e+01 1.939308929443359375e+01 3.570220470428466797e+00 1.582286834716796875e+01
2.593945693969726562e+01 1.937458801269531250e+01 3.567411422729492188e+00 1.580717945098876953e+01
2.595986557006835938e+01 1.934572601318359375e+01 3.561840057373046875e+00 1.578388881683349609e+01
2.598027420043945312e+01 1.932504081726074219e+01 3.557199716567993164e+00 1.576784133911132812e+01
2.600068283081054688e+01 1.929749679565429688e+01 3.551645278930664062e+00 1.574584960937500000e+01
2.602109146118164062e+01 1.927311515808105469e+01 3.547019720077514648e+00 1.572609329223632812e+01
2.604150009155273438e+01 1.923451995849609375e+01 3.538724422454833984e+00 1.569579410552978516e+01
2.606191062927246094e+01 1.922376823425292969e+01 3.532278537750244141e+00 1.569148540496826172e+01
2.608231925964355469e+01 1.920044136047363281e+01 3.526761293411254883e+00 1.567367744445800781e+01
2.610272598266601562e+01 1.916930007934570312e+01 3.518043041229248047e+00 1.565125370025634766e+01
2.612313461303710938e+01 1.914977645874023438e+01 3.512087106704711914e+00 1.563768577575683594e+01
2.614354324340820312e+01 1.912117385864257812e+01 3.502477884292602539e+00 1.561869621276855469e+01
2.616395187377929688e+01 1.909174346923828125e+01 3.493798494338989258e+00 1.559794998168945312e+01
2.618436050415039062e+01 1.907100868225097656e+01 3.486504077911376953e+00 1.558450031280517578e+01
2.620477104187011719e+01 1.905172920227050781e+01 3.475566864013671875e+00 1.557616710662841797e+01
2.622517967224121094e+01 1.902805328369140625e+01 3.469667196273803711e+00 1.555838775634765625e+01
2.624558830261230469e+01 1.901202964782714844e+01 3.462864637374877930e+00 1.554916954040527344e+01
2.626599693298339844e+01 1.899441528320312500e+01 3.451971292495727539e+00 1.554244995117187500e+01
2.628640556335449219e+01 1.897200012207031250e+01 3.442460536956787109e+00 1.552954006195068359e+01
2.630681419372558594e+01 1.895667076110839844e+01 3.434329986572265625e+00 1.552233600616455078e+01
2.632722091674804688e+01 1.894352531433105469e+01 3.425302982330322266e+00 1.551821994781494141e+01
2.634762954711914062e+01 1.892940330505371094e+01 3.416743755340576172e+00 1.551266670227050781e+01
2.636804008483886719e+01 1.892024612426757812e+01 3.409560203552246094e+00 1.551068687438964844e+01
2.638844871520996094e+01 1.890957069396972656e+01 3.401026248931884766e+00 1.550854682922363281e+01
2.640885734558105469e+01 1.890048980712890625e+01 3.393412351608276367e+00 1.550707626342773438e+01
2.642926597595214844e+01 1.888908004760742188e+01 3.386263132095336914e+00 1.550281715393066406e+01
2.644967460632324219e+01 1.888269424438476562e+01 3.379124879837036133e+00 1.550357055664062500e+01
2.647008323669433594e+01 1.888288879394531250e+01 3.373354196548461914e+00 1.550952816009521484e+01
2.649049186706542969e+01 1.887764167785644531e+01 3.367140293121337891e+00 1.551050090789794922e+01
2.651090049743652344e+01 1.887067604064941406e+01 3.360033273696899414e+00 1.551064491271972656e+01
2.653130912780761719e+01 1.887289810180664062e+01 3.355643987655639648e+00 1.551724815368652344e+01
2.655171966552734375e+01 1.887553215026855469e+01 3.349909067153930664e+00 1.552562427520751953e+01
2.657212638854980469e+01 1.887413215637207031e+01 3.345985174179077148e+00 1.552814579010009766e+01
2.659253501892089844e+01 1.887789154052734375e+01 3.342066764831542969e+00 1.553582572937011719e+01
2.661294364929199219e+01 1.888406181335449219e+01 3.338154554367065430e+00 1.554590129852294922e+01
2.663335227966308594e+01 1.888349914550781250e+01 3.333349466323852539e+00 1.555014801025390625e+01
2.665376091003417969e+01 1.888488769531250000e+01 3.329449892044067383e+00 1.555543422698974609e+01
2.667416954040527344e+01 1.889957237243652344e+01 3.326004981994628906e+00 1.557357406616210938e+01
2.669458007812500000e+01 1.889787101745605469e+01 3.324807643890380859e+00 1.557305812835693359e+01
2.671498870849609375e+01 1.891243171691894531e+01 3.324059247970581055e+00 1.558837699890136719e+01
2.673539733886718750e+01 1.890708351135253906e+01 3.320178985595703125e+00 1.558691310882568359e+01
2.675580596923828125e+01 1.891053962707519531e+01 3.317646503448486328e+00 1.559290027618408203e+01
2.677621459960937500e+01 1.891722679138183594e+01 3.316458463668823242e+00 1.560076618194580078e+01
2.679662132263183594e+01 1.892413520812988281e+01 3.314379453659057617e+00 1.560975456237792969e+01
2.681702995300292969e+01 1.892362785339355469e+01 3.312303781509399414e+00 1.561132526397705078e+01
2.683743858337402344e+01 1.892781066894531250e+01 3.312014818191528320e+00 1.561580562591552734e+01
2.685784912109375000e+01 1.892864990234375000e+01 3.311726331710815430e+00 1.561691951751708984e+01
2.687825775146484375e+01 1.893002510070800781e+01 3.310102462768554688e+00 1.561991977691650391e+01
2.689866638183593750e+01 1.892683792114257812e+01 3.308035850524902344e+00 1.561880779266357422e+01
2.691907501220703125e+01 1.892545700073242188e+01 3.305972576141357422e+00 1.561948490142822266e+01
2.693948364257812500e+01 1.892691040039062500e+01 3.305245399475097656e+00 1.562166786193847656e+01
2.695989227294921875e+01 1.891576385498046875e+01 3.301411390304565430e+00 1.561435222625732422e+01
2.698030090332031250e+01 1.891715812683105469e+01 3.302019357681274414e+00 1.561514472961425781e+01
2.700070953369140625e+01 1.891128349304199219e+01 3.300853490829467773e+00 1.561043739318847656e+01
2.702111816406250000e+01 1.889917373657226562e+01 3.298360586166381836e+00 1.560081291198730469e+01
2.704152679443359375e+01 1.888754081726074219e+01 3.295871257781982422e+00 1.559167289733886719e+01
2.706193542480468750e+01 1.888160133361816406e+01 3.296039581298828125e+00 1.558556556701660156e+01
2.708234405517578125e+01 1.885906982421875000e+01 3.290019989013671875e+00 1.556905460357666016e+01
2.710275268554687500e+01 1.884124946594238281e+01 3.286659002304077148e+00 1.555459117889404297e+01
2.712316131591796875e+01 1.881857109069824219e+01 3.282420873641967773e+00 1.553615474700927734e+01
2.714356994628906250e+01 1.880816268920898438e+01 3.280393838882446289e+00 1.552777290344238281e+01
2.716397857666015625e+01 1.878086280822753906e+01 3.274844884872436523e+00 1.550602245330810547e+01
2.718438720703125000e+01 1.876102066040039062e+01 3.270625114440917969e+00 1.549039459228515625e+01
2.720479774475097656e+01 1.872715759277343750e+01 3.268171548843383789e+00 1.545898532867431641e+01
2.722520446777343750e+01 1.870202445983886719e+01 3.262204170227050781e+00 1.543982219696044922e+01
2.724561500549316406e+01 1.867083358764648438e+01 3.255806684494018555e+00 1.541502380371093750e+01
2.726602172851562500e+01 1.864591217041015625e+01 3.254247903823852539e+00 1.539166641235351562e+01
2.728643226623535156e+01 1.861573410034179688e+01 3.247865676879882812e+00 1.536786651611328125e+01
2.730683898925781250e+01 1.858134460449218750e+01 3.242808818817138672e+00 1.533853054046630859e+01
2.732724952697753906e+01 1.854742813110351562e+01 3.236882209777832031e+00 1.531055068969726562e+01
2.734765815734863281e+01 1.850955009460449219e+01 3.230527877807617188e+00 1.527902126312255859e+01
2.736806488037109375e+01 1.847849082946777344e+01 3.225057363510131836e+00 1.525343322753906250e+01
2.738847541809082031e+01 1.844053649902343750e+01 3.221343278884887695e+00 1.521919631958007812e+01
2.740888214111328125e+01 1.840762329101562500e+01 3.214577674865722656e+00 1.519304847717285156e+01
2.742929267883300781e+01 1.837216186523437500e+01 3.210003614425659180e+00 1.516216087341308594e+01
2.744969940185546875e+01 1.834190559387207031e+01 3.203692436218261719e+00 1.513821220397949219e+01
2.747010993957519531e+01 1.830179023742675781e+01 3.197826385498046875e+00 1.510396575927734375e+01
2.749051666259765625e+01 1.827364158630371094e+01 3.195452690124511719e+00 1.507818412780761719e+01
2.751092720031738281e+01 1.823827552795410156e+01 3.190906524658203125e+00 1.504736900329589844e+01
2.753133583068847656e+01 1.820796966552734375e+01 3.187237024307250977e+00 1.502073669433593750e+01
2.755174636840820312e+01 1.817542266845703125e+01 3.181834697723388672e+00 1.499358749389648438e+01
2.757215309143066406e+01 1.814434432983398438e+01 3.178177356719970703e+00 1.496616554260253906e+01
2.759256362915039062e+01 1.811982154846191406e+01 3.175826549530029297e+00 1.494399547576904297e+01
2.761297035217285156e+01 1.810691261291503906e+01 3.173045873641967773e+00 1.493386840820312500e+01
2.763337707519531250e+01 1.806746292114257812e+01 3.170269727706909180e+00 1.489719772338867188e+01
2.765378761291503906e+01 1.804842376708984375e+01 3.168362379074096680e+00 1.488006210327148438e+01
2.767419624328613281e+01 1.802832984924316406e+01 3.166891098022460938e+00 1.486143589019775391e+01
2.769460678100585938e+01 1.799525070190429688e+01 3.158938646316528320e+00 1.483631038665771484e+01
2.771501350402832031e+01 1.799031829833984375e+01 3.164818286895751953e+00 1.482549858093261719e+01
2.773542404174804688e+01 1.797215843200683594e+01 3.164215803146362305e+00 1.480794525146484375e+01
2.775583076477050781e+01 1.795818901062011719e+01 3.163182735443115234e+00 1.479500579833984375e+01
2.777624130249023438e+01 1.794646835327148438e+01 3.164736986160278320e+00 1.478173637390136719e+01
2.779664802551269531e+01 1.794095802307128906e+01 3.164566516876220703e+00 1.477638912200927734e+01
2.781705856323242188e+01 1.792608070373535156e+01 3.165256500244140625e+00 1.476082420349121094e+01
2.783746528625488281e+01 1.791664123535156250e+01 3.165516138076782227e+00 1.475112438201904297e+01
2.785787391662597656e+01 1.790876770019531250e+01 3.166204690933227539e+00 1.474256324768066406e+01
2.787828445434570312e+01 1.790089035034179688e+01 3.168609380722045898e+00 1.473227691650390625e+01
2.789869117736816406e+01 1.789578819274902344e+01 3.169295310974121094e+00 1.472649288177490234e+01
2.791910171508789062e+01 1.789530754089355469e+01 3.171694278717041016e+00 1.472361183166503906e+01
2.793950843811035156e+01 1.788792800903320312e+01 3.173233032226562500e+00 1.471469783782958984e+01
2.795991897583007812e+01 1.789463043212890625e+01 3.175625801086425781e+00 1.471900558471679688e+01
2.798032569885253906e+01 1.788968276977539062e+01 3.178015232086181641e+00 1.471166706085205078e+01
2.800073623657226562e+01 1.789410972595214844e+01 3.179118394851684570e+00 1.471499729156494141e+01
2.802114486694335938e+01 1.789207839965820312e+01 3.181502103805541992e+00 1.471057510375976562e+01
2.804155540466308594e+01 1.789599227905273438e+01 3.181747198104858398e+00 1.471424865722656250e+01
2.806196212768554688e+01 1.789234161376953125e+01 3.184978723526000977e+00 1.470736122131347656e+01
2.808236885070800781e+01 1.789184379577636719e+01 3.186074018478393555e+00 1.470576572418212891e+01
2.810277938842773438e+01 1.789110565185546875e+01 3.187167644500732422e+00 1.470394039154052734e+01
2.812318611145019531e+01 1.789654541015625000e+01 3.190387725830078125e+00 1.470615291595458984e+01
2.814359664916992188e+01 1.790050125122070312e+01 3.191051006317138672e+00 1.470945072174072266e+01
2.816400527954101562e+01 1.789683151245117188e+01 3.191288709640502930e+00 1.470554351806640625e+01
2.818441581726074219e+01 1.790298080444335938e+01 3.192375183105468750e+00 1.471060562133789062e+01
2.820482254028320312e+01 1.791363716125488281e+01 3.193460464477539062e+00 1.472017383575439453e+01
2.822523307800292969e+01 1.790547180175781250e+01 3.194543600082397461e+00 1.471092700958251953e+01
2.824563980102539062e+01 1.790396499633789062e+01 3.195202112197875977e+00 1.470876407623291016e+01
2.826605033874511719e+01 1.790504837036132812e+01 3.195859193801879883e+00 1.470919132232666016e+01
2.828645706176757812e+01 1.789610290527343750e+01 3.196515560150146484e+00 1.469958686828613281e+01
2.830686378479003906e+01 1.790391921997070312e+01 3.195056915283203125e+00 1.470886135101318359e+01
2.832727432250976562e+01 1.789963340759277344e+01 3.194867372512817383e+00 1.470476055145263672e+01
2.834768295288085938e+01 1.789514923095703125e+01 3.194256305694580078e+00 1.470089244842529297e+01
2.836809349060058594e+01 1.788916778564453125e+01 3.194489955902099609e+00 1.469468021392822266e+01
2.838850021362304688e+01 1.788107872009277344e+01 3.190085172653198242e+00 1.469098567962646484e+01
2.840891075134277344e+01 1.787292098999023438e+01 3.194955825805664062e+00 1.467796230316162109e+01
2.842931747436523438e+01 1.787192344665527344e+01 3.192241430282592773e+00 1.467968463897705078e+01
2.844972801208496094e+01 1.785501861572265625e+01 3.189951419830322266e+00 1.466507053375244141e+01
2.847013473510742188e+01 1.785175895690917969e+01 3.189766883850097656e+00 1.466198825836181641e+01
2.849054527282714844e+01 1.784292793273925781e+01 3.188742399215698242e+00 1.465418529510498047e+01
2.851095390319824219e+01 1.783216857910156250e+01 3.187299489974975586e+00 1.464486789703369141e+01
2.853136062622070312e+01 1.781685829162597656e+01 3.187536954879760742e+00 1.462932300567626953e+01
2.855177116394042969e+01 1.780076217651367188e+01 3.187354326248168945e+00 1.461341285705566406e+01
2.857217788696289062e+01 1.778501701354980469e+01 3.184240102767944336e+00 1.460077285766601562e+01
2.859258842468261719e+01 1.776222610473632812e+01 3.178199291229248047e+00 1.458402729034423828e+01
2.861299514770507812e+01 1.775057792663574219e+01 3.183462381362915039e+00 1.456711483001708984e+01
2.863340568542480469e+01 1.774227905273437500e+01 3.186209440231323242e+00 1.455606842041015625e+01
2.865381431579589844e+01 1.771096801757812500e+01 3.180598497390747070e+00 1.453036975860595703e+01
2.867422294616699219e+01 1.769316482543945312e+01 3.180004358291625977e+00 1.451315402984619141e+01
2.869463157653808594e+01 1.766824150085449219e+01 3.178159952163696289e+00 1.449008369445800781e+01
2.871504211425781250e+01 1.764660072326660156e+01 3.177985191345214844e+00 1.446861553192138672e+01
2.873544883728027344e+01 1.761866950988769531e+01 3.175311565399169922e+00 1.444335651397705078e+01
2.875585937500000000e+01 1.759785652160644531e+01 3.175138950347900391e+00 1.442271709442138672e+01
2.877626609802246094e+01 1.757020378112792969e+01 3.175799131393432617e+00 1.439440631866455078e+01
2.879667282104492188e+01 1.753606605529785156e+01 3.175626516342163086e+00 1.436043930053710938e+01
2.881708335876464844e+01 1.751831436157226562e+01 3.173377275466918945e+00 1.434493923187255859e+01
2.883749198913574219e+01 1.749321174621582031e+01 3.173207044601440430e+00 1.432000350952148438e+01
2.885790252685546875e+01 1.745889282226562500e+01 3.170962810516357422e+00 1.428792476654052734e+01
2.887830924987792969e+01 1.743020248413085938e+01 3.170379877090454102e+00 1.425981521606445312e+01
2.889871978759765625e+01 1.740132331848144531e+01 3.169797658920288086e+00 1.423152446746826172e+01
2.891912651062011719e+01 1.738105010986328125e+01 3.170457839965820312e+00 1.421059131622314453e+01
2.893953704833984375e+01 1.734824562072753906e+01 3.168635368347167969e+00 1.417961120605468750e+01
2.895994377136230469e+01 1.731984710693359375e+01 3.168469190597534180e+00 1.415137958526611328e+01
2.898035430908203125e+01 1.728658103942871094e+01 3.166237831115722656e+00 1.412034034729003906e+01
2.900076293945312500e+01 1.726108932495117188e+01 3.166073560714721680e+00 1.409501647949218750e+01
2.902116966247558594e+01 1.723037147521972656e+01 3.161784887313842773e+00 1.406858539581298828e+01
2.904158020019531250e+01 1.720446777343750000e+01 3.162859916687011719e+00 1.404160976409912109e+01
2.906198692321777344e+01 1.717714500427246094e+01 3.161874771118164062e+00 1.401526451110839844e+01
2.908239746093750000e+01 1.714640617370605469e+01 3.157597780227661133e+00 1.398880863189697266e+01
2.910280418395996094e+01 1.712175559997558594e+01 3.157851219177246094e+00 1.396390342712402344e+01
2.912321472167968750e+01 1.710112571716308594e+01 3.157693147659301758e+00 1.394343376159667969e+01
2.914362144470214844e+01 1.707411384582519531e+01 3.154660701751708984e+00 1.391945457458496094e+01
2.916403198242187500e+01 1.705037498474121094e+01 3.153273582458496094e+00 1.389710140228271484e+01
2.918444061279296875e+01 1.703298377990722656e+01 3.151068687438964844e+00 1.388191032409667969e+01
2.920485115051269531e+01 1.700847244262695312e+01 3.148866415023803711e+00 1.385960769653320312e+01
2.922525787353515625e+01 1.698780632019042969e+01 3.145029306411743164e+00 1.384277248382568359e+01
2.924566459655761719e+01 1.696815681457519531e+01 3.144881248474121094e+00 1.382327365875244141e+01
2.926607513427734375e+01 1.695035362243652344e+01 3.141052246093750000e+00 1.380929660797119141e+01
2.928648185729980469e+01 1.693222236633300781e+01 3.139680624008178711e+00 1.379253864288330078e+01
2.930689239501953125e+01 1.691681480407714844e+01 3.137494087219238281e+00 1.377931594848632812e+01
2.932730102539062500e+01 1.689907264709472656e+01 3.134494781494140625e+00 1.376457309722900391e+01
2.934771156311035156e+01 1.688552093505859375e+01 3.131499052047729492e+00 1.375401687622070312e+01
2.936811828613281250e+01 1.687411308288574219e+01 3.129730463027954102e+00 1.374437904357910156e+01
2.938852882385253906e+01 1.686539077758789062e+01 3.127556800842285156e+00 1.373783111572265625e+01
2.940893554687500000e+01 1.685473060607910156e+01 3.126200914382934570e+00 1.372852420806884766e+01
2.942934608459472656e+01 1.684522819519042969e+01 3.124032735824584961e+00 1.372119808197021484e+01
2.944975280761718750e+01 1.683613586425781250e+01 3.121867895126342773e+00 1.371426773071289062e+01
2.947016143798828125e+01 1.682896232604980469e+01 3.118893623352050781e+00 1.371006965637207031e+01
2.949057197570800781e+01 1.682542228698730469e+01 3.118764400482177734e+00 1.370665836334228516e+01
2.951097869873046875e+01 1.681645774841308594e+01 3.116202116012573242e+00 1.370025157928466797e+01
2.953138923645019531e+01 1.681465911865234375e+01 3.114453792572021484e+00 1.370020580291748047e+01
2.955179595947265625e+01 1.680712890625000000e+01 3.114733219146728516e+00 1.369239139556884766e+01
2.957220649719238281e+01 1.679967880249023438e+01 3.112988233566284180e+00 1.368668746948242188e+01
2.959261322021484375e+01 1.679796791076660156e+01 3.112459421157836914e+00 1.368550872802734375e+01
2.961302375793457031e+01 1.679545402526855469e+01 3.112739324569702148e+00 1.368271350860595703e+01
2.963343048095703125e+01 1.679092979431152344e+01 3.110999822616577148e+00 1.367992877960205078e+01
2.965384101867675781e+01 1.678638458251953125e+01 3.112087726593017578e+00 1.367429256439208984e+01
2.967424964904785156e+01 1.678222846984863281e+01 3.111964464187622070e+00 1.367026138305664062e+01
2.969465637207031250e+01 1.677416992187500000e+01 3.112647294998168945e+00 1.366152095794677734e+01
2.971506690979003906e+01 1.677172279357910156e+01 3.112523317337036133e+00 1.365919685363769531e+01
2.973547363281250000e+01 1.676951789855957031e+01 3.114009857177734375e+00 1.365550708770751953e+01
2.975588417053222656e+01 1.676470184326171875e+01 3.115092039108276367e+00 1.364960575103759766e+01
2.977629089355468750e+01 1.675648307800292969e+01 3.116172790527343750e+00 1.364031028747558594e+01
2.979670143127441406e+01 1.674918556213378906e+01 3.117653846740722656e+00 1.363152885437011719e+01
2.981711006164550781e+01 1.674069786071777344e+01 3.119534492492675781e+00 1.362115955352783203e+01
2.983752059936523438e+01 1.673156738281250000e+01 3.121010780334472656e+00 1.361055564880371094e+01
2.985792732238769531e+01 1.672254943847656250e+01 3.122886657714843750e+00 1.359966278076171875e+01
2.987833786010742188e+01 1.670987319946289062e+01 3.124759435653686523e+00 1.358511257171630859e+01
2.989874458312988281e+01 1.669632339477539062e+01 3.127430677413940430e+00 1.356889247894287109e+01
2.991915130615234375e+01 1.668442344665527344e+01 3.125297546386718750e+00 1.355912590026855469e+01
2.993956184387207031e+01 1.666816902160644531e+01 3.130762815475463867e+00 1.353740119934082031e+01
2.995997047424316406e+01 1.665082740783691406e+01 3.132225990295410156e+00 1.351859378814697266e+01
2.998037910461425781e+01 1.663292121887207031e+01 3.134485483169555664e+00 1.349843597412109375e+01
3.000078773498535156e+01 1.661603355407714844e+01 3.137140989303588867e+00 1.347889232635498047e+01
3.002119827270507812e+01 1.659681701660156250e+01 3.138596534729003906e+00 1.345822334289550781e+01
3.004160499572753906e+01 1.657898330688476562e+01 3.141245603561401367e+00 1.343774127960205078e+01
3.006201553344726562e+01 1.655856704711914062e+01 3.143094301223754883e+00 1.341547203063964844e+01
3.008242225646972656e+01 1.653352546691894531e+01 3.145737171173095703e+00 1.338779258728027344e+01
3.010283279418945312e+01 1.650992012023925781e+01 3.147182703018188477e+00 1.336273860931396484e+01
3.012323951721191406e+01 1.648353385925292969e+01 3.148626804351806641e+00 1.333490848541259766e+01
3.014365005493164062e+01 1.646838569641113281e+01 3.150068521499633789e+00 1.331831741333007812e+01
3.016405868530273438e+01 1.643139266967773438e+01 3.150715112686157227e+00 1.328067779541015625e+01
3.018446540832519531e+01 1.640618133544921875e+01 3.150964260101318359e+00 1.325521945953369141e+01
3.020487594604492188e+01 1.638209342956542969e+01 3.151608943939208984e+00 1.323048591613769531e+01
3.022528266906738281e+01 1.635658645629882812e+01 3.150273084640502930e+00 1.320631504058837891e+01
3.024569320678710938e+01 1.632598304748535156e+01 3.147355794906616211e+00 1.317862701416015625e+01
3.026609992980957031e+01 1.628751182556152344e+01 3.143651723861694336e+00 1.314385795593261719e+01
3.028651046752929688e+01 1.625630950927734375e+01 3.136395454406738281e+00 1.311991596221923828e+01
3.030691909790039062e+01 1.622381210327148438e+01 3.125989675521850586e+00 1.309782028198242188e+01
3.032732963562011719e+01 1.618949127197265625e+01 3.114019155502319336e+00 1.307546997070312500e+01
3.034773635864257812e+01 1.613576889038085938e+01 3.099698066711425781e+00 1.303606700897216797e+01
3.036814689636230469e+01 1.609069633483886719e+01 3.089337825775146484e+00 1.300135803222656250e+01
3.038855361938476562e+01 1.606205940246582031e+01 3.084111928939819336e+00 1.297794818878173828e+01
3.040896034240722656e+01 1.604293251037597656e+01 3.081255197525024414e+00 1.296167469024658203e+01
3.042937088012695312e+01 1.602049446105957031e+01 3.083122014999389648e+00 1.293736743927001953e+01
3.044977760314941406e+01 1.599776458740234375e+01 3.086558818817138672e+00 1.291120719909667969e+01
3.047018814086914062e+01 1.596559810638427734e+01 3.085669994354248047e+00 1.287992763519287109e+01
3.049059677124023438e+01 1.593703174591064453e+01 3.086352586746215820e+00 1.285067939758300781e+01
3.051100730895996094e+01 1.594107818603515625e+01 3.092133760452270508e+00 1.284894371032714844e+01
3.053141403198242188e+01 1.591667747497558594e+01 3.093987464904785156e+00 1.282269096374511719e+01
3.055182456970214844e+01 1.589652252197265625e+01 3.093879461288452148e+00 1.280264091491699219e+01
3.057223129272460938e+01 1.587429904937744141e+01 3.094163417816162109e+00 1.278013706207275391e+01
3.059264183044433594e+01 1.585734081268310547e+01 3.094055414199829102e+00 1.276328754425048828e+01
3.061304855346679688e+01 1.583866786956787109e+01 3.091992855072021484e+00 1.274667739868164062e+01
3.063345718383789062e+01 1.582074642181396484e+01 3.091886758804321289e+00 1.272885894775390625e+01
3.065386772155761719e+01 1.580358219146728516e+01 3.090999364852905273e+00 1.271258258819580078e+01
3.067427444458007812e+01 1.578737354278564453e+01 3.090113639831542969e+00 1.269726085662841797e+01
3.069468498229980469e+01 1.577212142944335938e+01 3.089228630065917969e+00 1.268289375305175781e+01
3.071509170532226562e+01 1.575416469573974609e+01 3.087955713272094727e+00 1.266620922088623047e+01
3.073550224304199219e+01 1.573957633972167969e+01 3.087073326110839844e+00 1.265250396728515625e+01
3.075590896606445312e+01 1.572282314300537109e+01 3.086581707000732422e+00 1.263624095916748047e+01
3.077631950378417969e+01 1.570403957366943359e+01 3.081812381744384766e+00 1.262222576141357422e+01
3.079672813415527344e+01 1.568694114685058594e+01 3.081324815750122070e+00 1.260561656951904297e+01
3.081713676452636719e+01 1.567375278472900391e+01 3.080060958862304688e+00 1.259368991851806641e+01
3.083754539489746094e+01 1.565547561645507812e+01 3.076469898223876953e+00 1.257900428771972656e+01
3.085795211791992188e+01 1.563935375213623047e+01 3.072108030319213867e+00 1.256724548339843750e+01
3.087836265563964844e+01 1.561499500274658203e+01 3.060774087905883789e+00 1.255422115325927734e+01
3.089876937866210938e+01 1.558922958374023438e+01 3.042870283126831055e+00 1.254636001586914062e+01
3.091917991638183594e+01 1.556285095214843750e+01 3.018408060073852539e+00 1.254444313049316406e+01
3.093958663940429688e+01 1.553928565979003906e+01 2.989723443984985352e+00 1.254956054687500000e+01
3.095999717712402344e+01 1.551192569732666016e+01 2.953730344772338867e+00 1.255819511413574219e+01
3.098040580749511719e+01 1.550415134429931641e+01 2.925512075424194336e+00 1.257863998413085938e+01
3.100081634521484375e+01 1.552794647216796875e+01 2.944821834564208984e+00 1.258312416076660156e+01
3.102122306823730469e+01 1.553506660461425781e+01 2.985714197158813477e+00 1.254935264587402344e+01
3.104163360595703125e+01 1.548757362365722656e+01 2.981437444686889648e+00 1.250613689422607422e+01
3.106204032897949219e+01 1.542523384094238281e+01 2.897015094757080078e+00 1.252821826934814453e+01
3.108244705200195312e+01 1.545255088806152344e+01 2.864690780639648438e+00 1.258786010742187500e+01
3.110285758972167969e+01 1.547016906738281250e+01 2.893982648849487305e+00 1.257618713378906250e+01
3.112326622009277344e+01 1.548750400543212891e+01 2.925544500350952148e+00 1.256195831298828125e+01
3.114367675781250000e+01 1.549986076354980469e+01 2.953989505767822266e+00 1.254587173461914062e+01
3.116408348083496094e+01 1.551466464996337891e+01 2.983933687210083008e+00 1.253073215484619141e+01
3.118449401855468750e+01 1.551815700531005859e+01 3.012686967849731445e+00 1.250546932220458984e+01
3.120490074157714844e+01 1.549599170684814453e+01 3.022608041763305664e+00 1.247338199615478516e+01
3.122531127929687500e+01 1.545404720306396484e+01 3.013732194900512695e+00 1.244031524658203125e+01
3.124571800231933594e+01 1.538587284088134766e+01 2.966943740844726562e+00 1.241892910003662109e+01
3.126612854003906250e+01 1.539497184753417969e+01 2.849009752273559570e+00 1.254596233367919922e+01
3.128653526306152344e+01 1.523356342315673828e+01 2.749593973159790039e+00 1.248396873474121094e+01
3.130694580078125000e+01 1.522005844116210938e+01 2.697716236114501953e+00 1.252234077453613281e+01
3.132735443115234375e+01 1.530084800720214844e+01 2.743718862533569336e+00 1.255712890625000000e+01
3.134776115417480469e+01 1.535546112060546875e+01 2.803407669067382812e+00 1.255205345153808594e+01
3.136817169189453125e+01 1.540212059020996094e+01 2.851189613342285156e+00 1.255093097686767578e+01
3.138857841491699219e+01 1.544545078277587891e+01 2.882511615753173828e+00 1.256293773651123047e+01
3.140898895263671875e+01 1.542588996887207031e+01 2.896263122558593750e+00 1.252962589263916016e+01
3.142939567565917969e+01 1.541953563690185547e+01 2.896667718887329102e+00 1.252286815643310547e+01
3.144980621337890625e+01 1.540083217620849609e+01 2.889840126037597656e+00 1.251099109649658203e+01
3.147021484375000000e+01 1.538539695739746094e+01 2.875034332275390625e+00 1.251036167144775391e+01
3.149062538146972656e+01 1.536892318725585938e+01 2.853785991668701172e+00 1.251513671875000000e+01
3.151103210449218750e+01 1.538176059722900391e+01 2.824208498001098633e+00 1.255755233764648438e+01
3.153144264221191406e+01 1.543038368225097656e+01 2.823519229888916016e+00 1.260686492919921875e+01
3.155184936523437500e+01 1.528758049011230469e+01 2.955228328704833984e+00 1.233235168457031250e+01
3.157225608825683594e+01 1.506929111480712891e+01 2.897967100143432617e+00 1.217132472991943359e+01
3.159266662597656250e+01 1.489588165283203125e+01 2.771825075149536133e+00 1.212405586242675781e+01
3.161307525634765625e+01 1.473366069793701172e+01 2.619720935821533203e+00 1.211394023895263672e+01
3.163348579406738281e+01 1.462136077880859375e+01 2.469326019287109375e+00 1.215203571319580078e+01
3.165389251708984375e+01 1.455858802795410156e+01 2.365258455276489258e+00 1.219332885742187500e+01
3.167430305480957031e+01 1.463955020904541016e+01 2.373937606811523438e+00 1.226561164855957031e+01
3.169470977783203125e+01 1.480467605590820312e+01 2.467955112457275391e+00 1.233672142028808594e+01
3.171512031555175781e+01 1.496240615844726562e+01 2.577325105667114258e+00 1.238508129119873047e+01
3.173552703857421875e+01 1.507262611389160156e+01 2.665055990219116211e+00 1.240756988525390625e+01
3.175593757629394531e+01 1.513302230834960938e+01 2.721766233444213867e+00 1.241125488281250000e+01
3.177634429931640625e+01 1.516852569580078125e+01 2.756179571151733398e+00 1.241234588623046875e+01
3.179675292968750000e+01 1.518677806854248047e+01 2.774362087249755859e+00 1.241241550445556641e+01
3.181716346740722656e+01 1.520421981811523438e+01 2.785373210906982422e+00 1.241884613037109375e+01
3.183757019042968750e+01 1.523387432098388672e+01 2.786595344543457031e+00 1.244727802276611328e+01
3.185798072814941406e+01 1.528429603576660156e+01 2.764145612716674805e+00 1.252014923095703125e+01
3.187838745117187500e+01 1.535571575164794922e+01 2.684652805328369141e+00 1.267106246948242188e+01
3.189879798889160156e+01 1.553604602813720703e+01 2.551977634429931641e+00 1.298406791687011719e+01
3.191920471191406250e+01 1.565818119049072266e+01 2.509096384048461914e+00 1.314908504486083984e+01
3.193961524963378906e+01 1.551897239685058594e+01 2.664890766143798828e+00 1.285408210754394531e+01
3.196002388000488281e+01 1.522238445281982422e+01 2.787903308868408203e+00 1.243448162078857422e+01
3.198043441772460938e+01 1.505960941314697266e+01 2.856113910675048828e+00 1.220349502563476562e+01
3.200083923339843750e+01 1.497261524200439453e+01 2.905909776687622070e+00 1.206670665740966797e+01
3.202124786376953125e+01 1.490009593963623047e+01 2.932466745376586914e+00 1.196762847900390625e+01
3.204166030883789062e+01 1.482067298889160156e+01 2.934708118438720703e+00 1.188596534729003906e+01
3.206206512451171875e+01 1.472198295593261719e+01 2.891027688980102539e+00 1.183095455169677734e+01
3.208247756958007812e+01 1.460316753387451172e+01 2.786216259002685547e+00 1.181695175170898438e+01
3.210288238525390625e+01 1.445985984802246094e+01 2.628221035003662109e+00 1.183163833618164062e+01
3.212329483032226562e+01 1.460889339447021484e+01 2.695111751556396484e+00 1.191378116607666016e+01
3.214369964599609375e+01 1.478177261352539062e+01 2.838627815246582031e+00 1.194314575195312500e+01
3.216411209106445312e+01 1.483912467956542969e+01 2.913115262985229492e+00 1.192601013183593750e+01
3.218451690673828125e+01 1.482010364532470703e+01 2.938789129257202148e+00 1.188131332397460938e+01
3.220492935180664062e+01 1.475475311279296875e+01 2.932094812393188477e+00 1.182265853881835938e+01
3.222533798217773438e+01 1.467106056213378906e+01 2.900894880294799805e+00 1.177016448974609375e+01
3.224574279785156250e+01 1.467032146453857422e+01 2.860454320907592773e+00 1.180986690521240234e+01
3.226615524291992188e+01 1.462360191345214844e+01 2.851596593856811523e+00 1.177200508117675781e+01
3.228656005859375000e+01 1.459618949890136719e+01 2.864994049072265625e+00 1.173119354248046875e+01
3.230697250366210938e+01 1.457281494140625000e+01 2.867630004882812500e+00 1.170518589019775391e+01
3.232737731933593750e+01 1.450531101226806641e+01 2.835088014602661133e+00 1.167022418975830078e+01
3.234778976440429688e+01 1.435599327087402344e+01 2.778535127639770508e+00 1.157745838165283203e+01
3.236819839477539062e+01 1.435795211791992188e+01 2.765319824218750000e+00 1.159263324737548828e+01
3.238860702514648438e+01 1.433559799194335938e+01 2.704077720642089844e+00 1.163152027130126953e+01
3.240901565551757812e+01 1.436878395080566406e+01 2.638112068176269531e+00 1.173067188262939453e+01
3.242942428588867188e+01 1.443360042572021484e+01 2.585516452789306641e+00 1.184808349609375000e+01
3.244983291625976562e+01 1.459267807006835938e+01 2.551430225372314453e+00 1.204124832153320312e+01
3.247023773193359375e+01 1.488261699676513672e+01 2.529920816421508789e+00 1.235269641876220703e+01
3.249065017700195312e+01 1.491993808746337891e+01 2.604958772659301758e+00 1.231497859954833984e+01
3.251105880737304688e+01 1.483924961090087891e+01 2.803607702255249023e+00 1.203564167022705078e+01
3.253146743774414062e+01 1.480026626586914062e+01 2.886842250823974609e+00 1.191342353820800781e+01
3.255187606811523438e+01 1.467946815490722656e+01 2.903785467147827148e+00 1.177568244934082031e+01
3.257228469848632812e+01 1.455533123016357422e+01 2.895718812942504883e+00 1.165961074829101562e+01
3.259269332885742188e+01 1.445074272155761719e+01 2.884357213973999023e+00 1.156638336181640625e+01
3.261310195922851562e+01 1.436493206024169922e+01 2.838510036468505859e+00 1.152642250061035156e+01
3.263351058959960938e+01 1.437825870513916016e+01 2.827932357788085938e+00 1.155032634735107422e+01
3.265391921997070312e+01 1.446062469482421875e+01 2.849624156951904297e+00 1.161100006103515625e+01
3.267432785034179688e+01 1.452880382537841797e+01 2.848210811614990234e+00 1.168059444427490234e+01
3.269473648071289062e+01 1.451294517517089844e+01 2.826297521591186523e+00 1.168664646148681641e+01
3.271514511108398438e+01 1.445576286315917969e+01 2.798557281494140625e+00 1.165720558166503906e+01
3.273555374145507812e+01 1.437538051605224609e+01 2.762807846069335938e+00 1.161257266998291016e+01
3.275596237182617188e+01 1.434524059295654297e+01 2.710293531417846680e+00 1.163494682312011719e+01
3.277637100219726562e+01 1.439246845245361328e+01 2.672817707061767578e+00 1.171965122222900391e+01
3.279677963256835938e+01 1.440816402435302734e+01 2.689402103424072266e+00 1.171876144409179688e+01
3.281718826293945312e+01 1.417354393005371094e+01 2.616606712341308594e+00 1.155693721771240234e+01
3.283759689331054688e+01 1.390030097961425781e+01 2.449493408203125000e+00 1.145080757141113281e+01
3.285800552368164062e+01 1.384048748016357422e+01 2.349980592727661133e+00 1.149050617218017578e+01
3.287841796875000000e+01 1.397248744964599609e+01 2.422060728073120117e+00 1.155042552947998047e+01
3.289882278442382812e+01 1.422902965545654297e+01 2.568273067474365234e+00 1.166075706481933594e+01
3.291923522949218750e+01 1.433195114135742188e+01 2.682307004928588867e+00 1.164964294433593750e+01
3.293964004516601562e+01 1.434493923187255859e+01 2.728247642517089844e+00 1.161669254302978516e+01
3.296004867553710938e+01 1.431247997283935547e+01 2.710579633712768555e+00 1.160190105438232422e+01
3.298045730590820312e+01 1.439760875701904297e+01 2.745558023452758789e+00 1.165205001831054688e+01
3.300086593627929688e+01 1.435232067108154297e+01 2.821841716766357422e+00 1.153047847747802734e+01
3.302127456665039062e+01 1.425705337524414062e+01 2.837134361267089844e+00 1.141991901397705078e+01
3.304168319702148438e+01 1.418464565277099609e+01 2.821978569030761719e+00 1.136266613006591797e+01
3.306209564208984375e+01 1.412611865997314453e+01 2.784757137298583984e+00 1.134136104583740234e+01
3.308250045776367188e+01 1.410542201995849609e+01 2.749029397964477539e+00 1.135639190673828125e+01
3.310291290283203125e+01 1.416389656066894531e+01 2.724192619323730469e+00 1.143970298767089844e+01
3.312331771850585938e+01 1.441543197631835938e+01 2.721791505813598633e+00 1.169363975524902344e+01
3.314373016357421875e+01 1.431140613555908203e+01 2.613940000534057617e+00 1.169746589660644531e+01
3.316413497924804688e+01 1.398865127563476562e+01 2.483483552932739258e+00 1.150516796112060547e+01
3.318454360961914062e+01 1.385332870483398438e+01 2.512254714965820312e+00 1.134107303619384766e+01
3.320495605468750000e+01 1.404053401947021484e+01 2.568746805191040039e+00 1.147178745269775391e+01
3.322536087036132812e+01 1.373472023010253906e+01 2.464136838912963867e+00 1.127058315277099609e+01
3.324577331542968750e+01 1.375972747802734375e+01 2.536430597305297852e+00 1.122329616546630859e+01
3.326617813110351562e+01 1.390108776092529297e+01 2.587047338485717773e+00 1.131404018402099609e+01
3.328659057617187500e+01 1.401340770721435547e+01 2.527926206588745117e+00 1.148548126220703125e+01
3.330699539184570312e+01 1.394918537139892578e+01 2.526018142700195312e+00 1.142316722869873047e+01
3.332740783691406250e+01 1.396724796295166016e+01 2.539914846420288086e+00 1.142733383178710938e+01
3.334781646728515625e+01 1.405324363708496094e+01 2.640655755996704102e+00 1.141258811950683594e+01
3.336822509765625000e+01 1.434111499786376953e+01 2.741631984710693359e+00 1.159948253631591797e+01
3.338863372802734375e+01 1.455259132385253906e+01 2.832805871963500977e+00 1.171978473663330078e+01
3.340903854370117188e+01 1.443226146697998047e+01 2.792382001876831055e+00 1.163988018035888672e+01
3.342945098876953125e+01 1.425185585021972656e+01 2.747710466384887695e+00 1.150414562225341797e+01
3.344985580444335938e+01 1.428824996948242188e+01 2.788974523544311523e+00 1.149927520751953125e+01
3.347026824951171875e+01 1.432112026214599609e+01 2.850214481353759766e+00 1.147090530395507812e+01
3.349067306518554688e+01 1.430231666564941406e+01 2.851694583892822266e+00 1.145062065124511719e+01
3.351108551025390625e+01 1.421468734741210938e+01 2.784950256347656250e+00 1.142973709106445312e+01
3.353149414062500000e+01 1.384406471252441406e+01 2.733637332916259766e+00 1.111042785644531250e+01
3.355190277099609375e+01 1.382475185394287109e+01 2.784773111343383789e+00 1.103997898101806641e+01
3.357231140136718750e+01 1.409638118743896484e+01 2.810176372528076172e+00 1.128620624542236328e+01
3.359272003173828125e+01 1.431944561004638672e+01 2.851583242416381836e+00 1.146786212921142578e+01
3.361312866210937500e+01 1.410724353790283203e+01 2.817447185516357422e+00 1.128979587554931641e+01
3.363353347778320312e+01 1.406123161315917969e+01 2.839581727981567383e+00 1.122164916992187500e+01
3.365394592285156250e+01 1.384540081024169922e+01 2.872003555297851562e+00 1.097339916229248047e+01
3.367435455322265625e+01 1.377765941619873047e+01 2.870263099670410156e+00 1.090739727020263672e+01
3.369476318359375000e+01 1.371068382263183594e+01 2.856446266174316406e+00 1.085423851013183594e+01
3.371517181396484375e+01 1.368967056274414062e+01 2.825250625610351562e+00 1.086441993713378906e+01
3.373558044433593750e+01 1.367663002014160156e+01 2.781319618225097656e+00 1.089531040191650391e+01
3.375598907470703125e+01 1.382696056365966797e+01 2.707301616668701172e+00 1.111966037750244141e+01
3.377639770507812500e+01 1.407169055938720703e+01 2.732598066329956055e+00 1.133909320831298828e+01
3.379680633544921875e+01 1.387413215637207031e+01 2.767781019210815430e+00 1.110635185241699219e+01
3.381721496582031250e+01 1.385039710998535156e+01 2.736732959747314453e+00 1.111366367340087891e+01
3.383762359619140625e+01 1.380972194671630859e+01 2.711381912231445312e+00 1.109834003448486328e+01
3.385803222656250000e+01 1.376236057281494141e+01 2.655305385589599609e+00 1.110705566406250000e+01
3.387844085693359375e+01 1.369576358795166016e+01 2.654412269592285156e+00 1.104135227203369141e+01
3.389884948730468750e+01 1.365602207183837891e+01 2.660582542419433594e+00 1.099543857574462891e+01
3.391925811767578125e+01 1.357671928405761719e+01 2.679095983505249023e+00 1.089762210845947266e+01
3.393966674804687500e+01 1.355171108245849609e+01 2.677132368087768555e+00 1.087457847595214844e+01
3.396007537841796875e+01 1.355294513702392578e+01 2.674818277359008789e+00 1.087812709808349609e+01
3.398048400878906250e+01 1.355723762512207031e+01 2.666871547698974609e+00 1.089036655426025391e+01
3.400089263916015625e+01 1.347227954864501953e+01 2.646260738372802734e+00 1.082601928710937500e+01
3.402130126953125000e+01 1.342547321319580078e+01 2.636229276657104492e+00 1.078924369812011719e+01
3.404171371459960938e+01 1.340149116516113281e+01 2.632890701293945312e+00 1.076860141754150391e+01
3.406211853027343750e+01 1.340835666656494141e+01 2.640450000762939453e+00 1.076790618896484375e+01
3.408253097534179688e+01 1.340292835235595703e+01 2.676446199417114258e+00 1.072648334503173828e+01
3.410293579101562500e+01 1.331011772155761719e+01 2.619740247726440430e+00 1.069037818908691406e+01
3.412334442138671875e+01 1.317815017700195312e+01 2.577133178710937500e+00 1.060101699829101562e+01
3.414375305175781250e+01 1.319063854217529297e+01 2.605741024017333984e+00 1.058489799499511719e+01
3.416416168212890625e+01 1.326630115509033203e+01 2.640621423721313477e+00 1.062567996978759766e+01
3.418457412719726562e+01 1.336324977874755859e+01 2.710124254226684570e+00 1.065312576293945312e+01
3.420497894287109375e+01 1.359019184112548828e+01 2.790042638778686523e+00 1.080014896392822266e+01
3.422539138793945312e+01 1.350838947296142578e+01 2.825100183486938477e+00 1.068328857421875000e+01
3.424579620361328125e+01 1.349610900878906250e+01 2.836698532104492188e+00 1.065940952301025391e+01
3.426620864868164062e+01 1.348381614685058594e+01 2.800776004791259766e+00 1.068303966522216797e+01
3.428661346435546875e+01 1.344502830505371094e+01 2.755471229553222656e+00 1.068955612182617188e+01
3.430702590942382812e+01 1.351838779449462891e+01 2.737782955169677734e+00 1.078060340881347656e+01
3.432743072509765625e+01 1.322789764404296875e+01 2.602607727050781250e+00 1.062528991699218750e+01
3.434783935546875000e+01 1.342493057250976562e+01 2.584334373474121094e+00 1.084059715270996094e+01
3.436825180053710938e+01 1.333629512786865234e+01 2.636433839797973633e+00 1.069986152648925781e+01
3.438865661621093750e+01 1.328888416290283203e+01 2.710051536560058594e+00 1.057883358001708984e+01
3.440906906127929688e+01 1.332053565979003906e+01 2.688616275787353516e+00 1.063191795349121094e+01
3.442947387695312500e+01 1.330657577514648438e+01 2.559085607528686523e+00 1.074748992919921875e+01
3.444988632202148438e+01 1.338606262207031250e+01 2.600305795669555664e+00 1.078575706481933594e+01
3.447029113769531250e+01 1.334063053131103516e+01 2.642171621322631836e+00 1.069845867156982422e+01
3.449070358276367188e+01 1.302128791809082031e+01 2.452513694763183594e+00 1.056877422332763672e+01
3.451111221313476562e+01 1.323873424530029297e+01 2.399038553237915039e+00 1.083969402313232422e+01
3.453152084350585938e+01 1.330609512329101562e+01 2.344586610794067383e+00 1.096150875091552734e+01
3.455192947387695312e+01 1.344085121154785156e+01 2.429114818572998047e+00 1.101173591613769531e+01
3.457233428955078125e+01 1.327717399597167969e+01 2.427334785461425781e+00 1.084983921051025391e+01
3.459274673461914062e+01 1.367791175842285156e+01 2.493375062942504883e+00 1.118453693389892578e+01
3.461315155029296875e+01 1.349466991424560547e+01 2.356347799301147461e+00 1.113832187652587891e+01
3.463356399536132812e+01 1.330379009246826172e+01 2.243328332901000977e+00 1.106046199798583984e+01
3.465397262573242188e+01 1.350988960266113281e+01 2.324903726577758789e+00 1.118498611450195312e+01
3.467438125610351562e+01 1.350984096527099609e+01 2.416738986968994141e+00 1.109310245513916016e+01
3.469478988647460938e+01 1.362848377227783203e+01 2.563320875167846680e+00 1.106516361236572266e+01
3.471519851684570312e+01 1.351948833465576172e+01 2.639392375946044922e+00 1.088009738922119141e+01
3.473560714721679688e+01 1.359968852996826172e+01 2.720887899398803711e+00 1.087880229949951172e+01
3.475601577758789062e+01 1.346930217742919922e+01 2.759239196777343750e+00 1.071006298065185547e+01
3.477642440795898438e+01 1.338734817504882812e+01 2.794792175292968750e+00 1.059255599975585938e+01
3.479682922363281250e+01 1.326849842071533203e+01 2.803472518920898438e+00 1.046502685546875000e+01
3.481724166870117188e+01 1.324544906616210938e+01 2.800110101699829102e+00 1.044533920288085938e+01
3.483765029907226562e+01 1.321584224700927734e+01 2.769952535629272461e+00 1.044588947296142578e+01
3.485805892944335938e+01 1.301620006561279297e+01 2.639563322067260742e+00 1.037663555145263672e+01
3.487846755981445312e+01 1.314414882659912109e+01 2.650716543197631836e+00 1.049343395233154297e+01
3.489887619018554688e+01 1.296656703948974609e+01 2.625843524932861328e+00 1.034072399139404297e+01
3.491928482055664062e+01 1.300011157989501953e+01 2.623281002044677734e+00 1.037683105468750000e+01
3.493969345092773438e+01 1.299041652679443359e+01 2.615239381790161133e+00 1.037517833709716797e+01
3.496010208129882812e+01 1.297024822235107422e+01 2.646580934524536133e+00 1.032366657257080078e+01
3.498051071166992188e+01 1.313683700561523438e+01 2.680623531341552734e+00 1.045621395111083984e+01
3.500091934204101562e+01 1.306316089630126953e+01 2.665039539337158203e+00 1.039811992645263672e+01
3.502132797241210938e+01 1.308258152008056641e+01 2.668612957000732422e+00 1.041397094726562500e+01
3.504173660278320312e+01 1.312323284149169922e+01 2.688578128814697266e+00 1.043465328216552734e+01
3.506214523315429688e+01 1.308556938171386719e+01 2.702375650405883789e+00 1.038319396972656250e+01
3.508255386352539062e+01 1.292791843414306641e+01 2.725709676742553711e+00 1.020220851898193359e+01
3.510296249389648438e+01 1.302888584136962891e+01 2.739128589630126953e+00 1.028975677490234375e+01
3.512337112426757812e+01 1.319090843200683594e+01 2.773660182952880859e+00 1.041724872589111328e+01
3.514377975463867188e+01 1.328468894958496094e+01 2.803043127059936523e+00 1.048164463043212891e+01
3.516418838500976562e+01 1.327091503143310547e+01 2.835114717483520508e+00 1.043580055236816406e+01
3.518459701538085938e+01 1.315700721740722656e+01 2.791626691818237305e+00 1.036538124084472656e+01
3.520500946044921875e+01 1.330153656005859375e+01 2.808027744293212891e+00 1.049350929260253906e+01
3.522541427612304688e+01 1.326312732696533203e+01 2.802323579788208008e+00 1.046080398559570312e+01
3.524582672119140625e+01 1.316646766662597656e+01 2.862847805023193359e+00 1.030361938476562500e+01
3.526623153686523438e+01 1.310564994812011719e+01 2.810280561447143555e+00 1.029536628723144531e+01
3.528664016723632812e+01 1.309449577331542969e+01 2.755399227142333984e+00 1.033909606933593750e+01
3.530704879760742188e+01 1.301578330993652344e+01 2.538532972335815430e+00 1.047725009918212891e+01
3.532745742797851562e+01 1.300739955902099609e+01 2.566204786300659180e+00 1.044119358062744141e+01
3.534786987304687500e+01 1.323222255706787109e+01 2.759769439697265625e+00 1.047245216369628906e+01
3.536827468872070312e+01 1.312230587005615234e+01 2.646834850311279297e+00 1.047547054290771484e+01
3.538868713378906250e+01 1.315991401672363281e+01 2.650043249130249023e+00 1.050986957550048828e+01
3.540909194946289062e+01 1.298846244812011719e+01 2.555555820465087891e+00 1.043290615081787109e+01
3.542950439453125000e+01 1.295583248138427734e+01 2.464555740356445312e+00 1.049127674102783203e+01
3.544990921020507812e+01 1.293894672393798828e+01 2.581650972366333008e+00 1.035729598999023438e+01
3.547032165527343750e+01 1.276564502716064453e+01 2.524148464202880859e+00 1.024149513244628906e+01
3.549073028564453125e+01 1.257998275756835938e+01 2.547654151916503906e+00 1.003232955932617188e+01
3.551113510131835938e+01 1.278029441833496094e+01 2.696521282196044922e+00 1.008377265930175781e+01
3.553154754638671875e+01 1.291721248626708984e+01 2.716531991958618164e+00 1.020068168640136719e+01
3.555195236206054688e+01 1.293964385986328125e+01 2.804528951644897461e+00 1.013511466979980469e+01
3.557236480712890625e+01 1.289734554290771484e+01 2.839933156967163086e+00 1.005741310119628906e+01
3.559276962280273438e+01 1.302956581115722656e+01 2.968113899230957031e+00 1.006145000457763672e+01
3.561318206787109375e+01 1.321591091156005859e+01 3.114632368087768555e+00 1.010128021240234375e+01
3.563358688354492188e+01 1.296409702301025391e+01 2.818258285522460938e+00 1.014583969116210938e+01
3.565399932861328125e+01 1.276410198211669922e+01 2.693102121353149414e+00 1.007099914550781250e+01
3.567440795898437500e+01 1.277611446380615234e+01 2.693574666976928711e+00 1.008254051208496094e+01
3.569481658935546875e+01 1.217509746551513672e+01 2.257445812225341797e+00 9.917652130126953125e+00
3.571522521972656250e+01 1.194673156738281250e+01 2.209906816482543945e+00 9.736824989318847656e+00
3.573563003540039062e+01 1.196561622619628906e+01 2.208979845046997070e+00 9.756635665893554688e+00
3.575604248046875000e+01 1.198554420471191406e+01 2.146458387374877930e+00 9.839086532592773438e+00
3.577644729614257812e+01 1.190947437286376953e+01 1.939476251602172852e+00 9.969999313354492188e+00
3.579685974121093750e+01 1.207783317565917969e+01 2.008589267730712891e+00 1.006924438476562500e+01
3.581726837158203125e+01 1.168142509460449219e+01 1.976699709892272949e+00 9.704725265502929688e+00
3.583767700195312500e+01 1.168690395355224609e+01 2.033688783645629883e+00 9.653214454650878906e+00
3.585808563232421875e+01 1.161548233032226562e+01 2.093283891677856445e+00 9.522197723388671875e+00
3.587849426269531250e+01 1.171642971038818359e+01 2.046054363250732422e+00 9.670372962951660156e+00
3.589890289306640625e+01 1.187137794494628906e+01 2.045224666595458984e+00 9.826153755187988281e+00
