# NTRMN  = 5
# NTRANS = 56
1.142887115478515625e+01 0.000000000000000000e+00 0.000000000000000000e+00 0.000000000000000000e+00
1.144927978515625000e+01 0.000000000000000000e+00 0.000000000000000000e+00 0.000000000000000000e+00
1.146968936920166016e+01 0.000000000000000000e+00 0.000000000000000000e+00 0.000000000000000000e+00
1.149009799957275391e+01 0.000000000000000000e+00 0.000000000000000000e+00 0.000000000000000000e+00
1.151050662994384766e+01 0.000000000000000000e+00 0.000000000000000000e+00 0.000000000000000000e+00
1.153091526031494141e+01 0.000000000000000000e+00 0.000000000000000000e+00 0.000000000000000000e+00
1.157173252105712891e+01 0.000000000000000000e+00 0.000000000000000000e+00 0.000000000000000000e+00
1.159214115142822266e+01 0.000000000000000000e+00 0.000000000000000000e+00 0.000000000000000000e+00
1.161254978179931641e+01 0.000000000000000000e+00 0.000000000000000000e+00 0.000000000000000000e+00
1.165336799621582031e+01 0.000000000000000000e+00 0.000000000000000000e+00 0.000000000000000000e+00
1.167377567291259766e+01 0.000000000000000000e+00 0.000000000000000000e+00 0.000000000000000000e+00
1.169418430328369141e+01 0.000000000000000000e+00 0.000000000000000000e+00 0.000000000000000000e+00
1.171459388732910156e+01 0.000000000000000000e+00 0.000000000000000000e+00 0.000000000000000000e+00
1.175541114807128906e+01 0.000000000000000000e+00 0.000000000000000000e+00 0.000000000000000000e+00
1.177581882476806641e+01 0.000000000000000000e+00 0.000000000000000000e+00 0.000000000000000000e+00
1.179622840881347656e+01 0.000000000000000000e+00 0.000000000000000000e+00 0.000000000000000000e+00
1.181663703918457031e+01 0.000000000000000000e+00 0.000000000000000000e+00 0.000000000000000000e+00
1.183704566955566406e+01 0.000000000000000000e+00 0.000000000000000000e+00 0.000000000000000000e+00
1.185745429992675781e+01 0.000000000000000000e+00 0.000000000000000000e+00 0.000000000000000000e+00
1.187786388397216797e+01 0.000000000000000000e+00 0.000000000000000000e+00 0.000000000000000000e+00
1.193908882141113281e+01 0.000000000000000000e+00 0.000000000000000000e+00 0.000000000000000000e+00
1.195949840545654297e+01 0.000000000000000000e+00 0.000000000000000000e+00 0.000000000000000000e+00
1.197990703582763672e+01 0.000000000000000000e+00 0.000000000000000000e+00 0.000000000000000000e+00
1.200031566619873047e+01 0.000000000000000000e+00 0.000000000000000000e+00 0.000000000000000000e+00
1.202072334289550781e+01 0.000000000000000000e+00 0.000000000000000000e+00 0.000000000000000000e+00
1.204113292694091797e+01 0.000000000000000000e+00 0.000000000000000000e+00 0.000000000000000000e+00
1.206154155731201172e+01 0.000000000000000000e+00 0.000000000000000000e+00 0.000000000000000000e+00
1.208195018768310547e+01 0.000000000000000000e+00 0.000000000000000000e+00 0.000000000000000000e+00
1.210235881805419922e+01 0.000000000000000000e+00 0.000000000000000000e+00 0.000000000000000000e+00
1.212276744842529297e+01 0.000000000000000000e+00 0.000000000000000000e+00 0.000000000000000000e+00
1.214317607879638672e+01 0.000000000000000000e+00 0.000000000000000000e+00 0.000000000000000000e+00
1.216358470916748047e+01 0.000000000000000000e+00 0.000000000000000000e+00 0.000000000000000000e+00
1.218399333953857422e+01 0.000000000000000000e+00 0.000000000000000000e+00 0.000000000000000000e+00
1.220440292358398438e+01 0.000000000000000000e+00 0.000000000000000000e+00 0.000000000000000000e+00
1.222481155395507812e+01 0.000000000000000000e+00 0.000000000000000000e+00 0.000000000000000000e+00
1.224521923065185547e+01 0.000000000000000000e+00 0.000000000000000000e+00 0.000000000000000000e+00
1.226562786102294922e+01 0.000000000000000000e+00 0.000000000000000000e+00 0.000000000000000000e+00
1.228603744506835938e+01 0.000000000000000000e+00 0.000000000000000000e+00 0.000000000000000000e+00
1.230644607543945312e+01 0.000000000000000000e+00 0.000000000000000000e+00 0.000000000000000000e+00
1.232685470581054688e+01 0.000000000000000000e+00 0.000000000000000000e+00 0.000000000000000000e+00
1.234726333618164062e+01 0.000000000000000000e+00 0.000000000000000000e+00 0.000000000000000000e+00
1.236767196655273438e+01 0.000000000000000000e+00 0.000000000000000000e+00 0.000000000000000000e+00
1.238808059692382812e+01 0.000000000000000000e+00 0.000000000000000000e+00 0.000000000000000000e+00
1.240848922729492188e+01 0.000000000000000000e+00 0.000000000000000000e+00 0.000000000000000000e+00
1.242889785766601562e+01 0.000000000000000000e+00 0.000000000000000000e+00 0.000000000000000000e+00
1.244930744171142578e+01 0.000000000000000000e+00 0.000000000000000000e+00 0.000000000000000000e+00
1.246971511840820312e+01 0.000000000000000000e+00 0.000000000000000000e+00 0.000000000000000000e+00
1.249012374877929688e+01 0.000000000000000000e+00 0.000000000000000000e+00 0.000000000000000000e+00
1.251053237915039062e+01 0.000000000000000000e+00 0.000000000000000000e+00 0.000000000000000000e+00
1.253094196319580078e+01 0.000000000000000000e+00 0.000000000000000000e+00 0.000000000000000000e+00
1.255135059356689453e+01 0.000000000000000000e+00 0.000000000000000000e+00 0.000000000000000000e+00
1.257175922393798828e+01 0.000000000000000000e+00 0.000000000000000000e+00 0.000000000000000000e+00
1.259216690063476562e+01 0.000000000000000000e+00 0.000000000000000000e+00 0.000000000000000000e+00
1.261257648468017578e+01 0.000000000000000000e+00 0.000000000000000000e+00 0.000000000000000000e+00
1.263298511505126953e+01 0.000000000000000000e+00 0.000000000000000000e+00 0.000000000000000000e+00
1.265339374542236328e+01 0.000000000000000000e+00 0.000000000000000000e+00 0.000000000000000000e+00
1.267380237579345703e+01 0.000000000000000000e+00 0.000000000000000000e+00 0.000000000000000000e+00
1.269421100616455078e+01 0.000000000000000000e+00 0.000000000000000000e+00 0.000000000000000000e+00
1.271461963653564453e+01 0.000000000000000000e+00 0.000000000000000000e+00 0.000000000000000000e+00
1.273502826690673828e+01 0.000000000000000000e+00 0.000000000000000000e+00 0.000000000000000000e+00
1.275543689727783203e+01 0.000000000000000000e+00 0.000000000000000000e+00 0.000000000000000000e+00
1.277584648132324219e+01 0.000000000000000000e+00 0.000000000000000000e+00 0.000000000000000000e+00
1.279625511169433594e+01 0.000000000000000000e+00 0.000000000000000000e+00 0.000000000000000000e+00
1.281666278839111328e+01 0.000000000000000000e+00 0.000000000000000000e+00 0.000000000000000000e+00
1.283707141876220703e+01 0.000000000000000000e+00 0.000000000000000000e+00 0.000000000000000000e+00
1.285748100280761719e+01 0.000000000000000000e+00 0.000000000000000000e+00 0.000000000000000000e+00
1.287788963317871094e+01 0.000000000000000000e+00 0.000000000000000000e+00 0.000000000000000000e+00
1.289829826354980469e+01 0.000000000000000000e+00 0.000000000000000000e+00 0.000000000000000000e+00
1.295952415466308594e+01 3.250189304351806641e+00 3.250189304351806641e+00 0.000000000000000000e+00
1.297993278503417969e+01 3.245078802108764648e+00 3.245078802108764648e+00 0.000000000000000000e+00
1.300034141540527344e+01 3.239984512329101562e+00 3.239984512329101562e+00 0.000000000000000000e+00
1.302075004577636719e+01 1.407400012016296387e+00 1.407400012016296387e+00 0.000000000000000000e+00
1.304115962982177734e+01 1.519926190376281738e+00 1.519926190376281738e+00 0.000000000000000000e+00
1.312279415130615234e+01 1.510470986366271973e+00 1.510470986366271973e+00 0.000000000000000000e+00
1.314320278167724609e+01 1.508125543594360352e+00 1.508125543594360352e+00 0.000000000000000000e+00
1.320442867279052734e+01 7.231906652450561523e-01 7.231906652450561523e-01 0.000000000000000000e+00
1.322483730316162109e+01 4.565235376358032227e-01 4.565235376358032227e-01 0.000000000000000000e+00
1.324524593353271484e+01 6.220986247062683105e-01 6.220986247062683105e-01 0.000000000000000000e+00
1.326565456390380859e+01 6.212317347526550293e-01 6.212317347526550293e-01 0.000000000000000000e+00
1.336769866943359375e+01 6.583051681518554688e-01 6.583051681518554688e-01 0.000000000000000000e+00
1.338810729980468750e+01 6.444274187088012695e-01 6.444274187088012695e-01 0.000000000000000000e+00
1.340851497650146484e+01 6.236289739608764648e-01 6.236289739608764648e-01 0.000000000000000000e+00
1.342892456054687500e+01 6.078851819038391113e-01 6.078851819038391113e-01 0.000000000000000000e+00
1.344933319091796875e+01 6.359758973121643066e-01 6.359758973121643066e-01 0.000000000000000000e+00
1.346974182128906250e+01 9.357233643531799316e-01 9.357233643531799316e-01 0.000000000000000000e+00
1.349015045166015625e+01 9.343077540397644043e-01 9.343077540397644043e-01 0.000000000000000000e+00
1.351055908203125000e+01 9.089760780334472656e-01 9.089760780334472656e-01 0.000000000000000000e+00
1.353096771240234375e+01 9.076050519943237305e-01 9.076050519943237305e-01 0.000000000000000000e+00
1.355137634277343750e+01 6.525621414184570312e-01 6.525621414184570312e-01 0.000000000000000000e+00
1.361260223388671875e+01 6.497150659561157227e-01 6.497150659561157227e-01 0.000000000000000000e+00
1.363301086425781250e+01 6.488301753997802734e-01 6.488301753997802734e-01 0.000000000000000000e+00
1.365341949462890625e+01 7.165914773941040039e-01 7.165914773941040039e-01 0.000000000000000000e+00
1.367382907867431641e+01 6.988024115562438965e-01 6.988024115562438965e-01 0.000000000000000000e+00
1.369423770904541016e+01 7.139310240745544434e-01 7.139310240745544434e-01 0.000000000000000000e+00
1.371464633941650391e+01 7.452479004859924316e-01 7.452479004859924316e-01 0.000000000000000000e+00
1.373505496978759766e+01 7.826591730117797852e-01 7.826591730117797852e-01 0.000000000000000000e+00
1.375546360015869141e+01 8.258765339851379395e-01 8.258765339851379395e-01 0.000000000000000000e+00
1.377587318420410156e+01 8.247398734092712402e-01 8.247398734092712402e-01 0.000000000000000000e+00
1.383709812164306641e+01 8.688993453979492188e-01 8.210042119026184082e-01 4.789514839649200439e-02
1.387791538238525391e+01 9.784886240959167480e-01 8.109133243560791016e-01 1.675752997398376465e-01
1.397995948791503906e+01 1.018200278282165527e+00 8.267415165901184082e-01 1.914587318897247314e-01
1.402077770233154297e+01 1.115432262420654297e+00 8.457625508308410645e-01 2.696697413921356201e-01
1.404118442535400391e+01 1.011070609092712402e+00 6.557132005691528320e-01 3.553574085235595703e-01
1.410241127014160156e+01 1.382859349250793457e+00 6.562614440917968750e-01 7.265978455543518066e-01
1.414322853088378906e+01 1.539951562881469727e+00 7.216491699218750000e-01 8.183023929595947266e-01
1.416363716125488281e+01 1.579263448715209961e+00 6.914536952972412109e-01 8.878098130226135254e-01
1.426568031311035156e+01 1.822679877281188965e+00 8.350188732147216797e-01 9.876609444618225098e-01
1.430649757385253906e+01 1.929959535598754883e+00 8.960547447204589844e-01 1.033904790878295898e+00
1.432690715789794922e+01 1.936257839202880859e+00 9.307031035423278809e-01 1.005554676055908203e+00
1.434731578826904297e+01 1.938533425331115723e+00 9.168651700019836426e-01 1.021668195724487305e+00
1.436772441864013672e+01 1.894816875457763672e+00 9.005671739578247070e-01 9.942498207092285156e-01
1.438813304901123047e+01 1.893095493316650391e+00 8.751645088195800781e-01 1.017930984497070312e+00
1.440854167938232422e+01 1.860912203788757324e+00 8.082143664360046387e-01 1.052698016166687012e+00
1.442895126342773438e+01 1.867581605911254883e+00 7.772073149681091309e-01 1.090374112129211426e+00
1.444935989379882812e+01 2.016277551651000977e+00 8.896805047988891602e-01 1.126597285270690918e+00
1.446976852416992188e+01 2.127758741378784180e+00 8.421018123626708984e-01 1.285657048225402832e+00
1.457181072235107422e+01 2.433377742767333984e+00 8.362048268318176270e-01 1.597172141075134277e+00
1.459222030639648438e+01 2.412330150604248047e+00 7.658864855766296387e-01 1.646443605422973633e+00
1.461262893676757812e+01 2.387684583663940430e+00 7.206659913063049316e-01 1.667018413543701172e+00
1.485753345489501953e+01 2.389413595199584961e+00 6.154151558876037598e-01 1.773998975753784180e+00
1.487794208526611328e+01 2.536217689514160156e+00 6.617961525917053223e-01 1.874421715736389160e+00
1.497998523712158203e+01 2.963249921798706055e+00 6.492177844047546387e-01 2.314032554626464844e+00
1.516366481781005859e+01 3.106310844421386719e+00 6.414326429367065430e-01 2.464878320693969727e+00
1.518407344818115234e+01 3.216554641723632812e+00 7.326437234878540039e-01 2.483910799026489258e+00
1.540856838226318359e+01 3.599255800247192383e+00 9.197458028793334961e-01 2.679510116577148438e+00
1.544938468933105469e+01 3.641185045242309570e+00 8.886498212814331055e-01 2.752535343170166016e+00
1.546979331970214844e+01 3.682878732681274414e+00 9.099158048629760742e-01 2.772962808609008789e+00
1.557183837890625000e+01 3.969067811965942383e+00 1.093045234680175781e+00 2.876022577285766602e+00
1.559224700927734375e+01 4.004737377166748047e+00 1.082402586936950684e+00 2.922334432601928711e+00
1.569428920745849609e+01 4.123531341552734375e+00 1.075364947319030762e+00 3.048166513442993164e+00
1.583715152740478516e+01 4.342883110046386719e+00 1.174498200416564941e+00 3.168384313583374023e+00
1.593919372558593750e+01 4.408936500549316406e+00 1.172986626625061035e+00 3.235949993133544922e+00
1.595960235595703125e+01 4.443052291870117188e+00 1.164736747741699219e+00 3.278316497802734375e+00
1.598001194000244141e+01 4.473235130310058594e+00 1.186469197273254395e+00 3.286766290664672852e+00
1.600041961669921875e+01 4.531478404998779297e+00 1.214130997657775879e+00 3.317348003387451172e+00
1.602083015441894531e+01 4.558586120605468750e+00 1.234250903129577637e+00 3.324335575103759766e+00
1.604123878479003906e+01 4.603978157043457031e+00 1.256558179855346680e+00 3.347421169281005859e+00
1.616368865966796875e+01 4.705202579498291016e+00 1.281102895736694336e+00 3.424100637435913086e+00
1.632695960998535156e+01 4.794199943542480469e+00 1.315944314002990723e+00 3.478256702423095703e+00
1.649022865295410156e+01 5.079609394073486328e+00 1.393647551536560059e+00 3.685962200164794922e+00
1.653104782104492188e+01 5.174632072448730469e+00 1.449579834938049316e+00 3.725053071975708008e+00
1.655145645141601562e+01 5.217972278594970703e+00 1.458639860153198242e+00 3.759330511093139648e+00
1.657186508178710938e+01 5.362873077392578125e+00 1.541350603103637695e+00 3.821521520614624023e+00
1.659227180480957031e+01 5.269720077514648438e+00 1.481022000312805176e+00 3.788699388504028320e+00
1.663308906555175781e+01 5.355411052703857422e+00 1.523443341255187988e+00 3.831967115402221680e+00
1.665349769592285156e+01 5.384477615356445312e+00 1.526607632637023926e+00 3.857869863510131836e+00
1.667390823364257812e+01 5.450073242187500000e+00 1.564939379692077637e+00 3.885134220123291016e+00
1.669431686401367188e+01 5.468887329101562500e+00 1.547969579696655273e+00 3.920918703079223633e+00
1.671472549438476562e+01 5.509271144866943359e+00 1.574723720550537109e+00 3.934548139572143555e+00
1.673513412475585938e+01 5.519144058227539062e+00 1.589969038963317871e+00 3.929175615310668945e+00
1.675554275512695312e+01 5.579297542572021484e+00 1.628036856651306152e+00 3.951260805130004883e+00
1.677595138549804688e+01 5.605074405670166016e+00 1.626769781112670898e+00 3.978303909301757812e+00
1.683717727661132812e+01 5.646647453308105469e+00 1.670617461204528809e+00 3.976030111312866211e+00
1.685758590698242188e+01 5.670003414154052734e+00 1.672145009040832520e+00 3.997859001159667969e+00
1.687799453735351562e+01 5.703945159912109375e+00 1.681469917297363281e+00 4.022475719451904297e+00
1.689840316772460938e+01 5.691788673400878906e+00 1.687230706214904785e+00 4.004556655883789062e+00
1.691881179809570312e+01 5.705403327941894531e+00 1.678828358650207520e+00 4.026575088500976562e+00
1.693922042846679688e+01 5.683361053466796875e+00 1.666206359863281250e+00 4.017154693603515625e+00
1.704126548767089844e+01 5.696613788604736328e+00 1.658336162567138672e+00 4.038278102874755859e+00
1.714330673217773438e+01 5.689726829528808594e+00 1.616347789764404297e+00 4.073379993438720703e+00
1.716371536254882812e+01 5.713208198547363281e+00 1.634649515151977539e+00 4.078557491302490234e+00
1.720453453063964844e+01 5.717153549194335938e+00 1.628684282302856445e+00 4.088469028472900391e+00
1.722494316101074219e+01 5.751147747039794922e+00 1.644126892089843750e+00 4.107019901275634766e+00
1.724535179138183594e+01 5.772421836853027344e+00 1.649816036224365234e+00 4.122605323791503906e+00
1.734739494323730469e+01 5.887713432312011719e+00 1.693240761756896973e+00 4.194472789764404297e+00
1.736780357360839844e+01 5.900018692016601562e+00 1.697453856468200684e+00 4.202564239501953125e+00
1.738821220397949219e+01 5.921557903289794922e+00 1.698214888572692871e+00 4.223342895507812500e+00
1.742902946472167969e+01 5.977670669555664062e+00 1.716213941574096680e+00 4.261457920074462891e+00
1.744943809509277344e+01 6.032578468322753906e+00 1.739587068557739258e+00 4.292991638183593750e+00
1.746984672546386719e+01 6.040825366973876953e+00 1.752628326416015625e+00 4.288196563720703125e+00
1.751066398620605469e+01 6.098035812377929688e+00 1.760847210884094238e+00 4.337189197540283203e+00
1.753107261657714844e+01 6.120193481445312500e+00 1.776549100875854492e+00 4.343644142150878906e+00
1.755148124694824219e+01 6.086835384368896484e+00 1.751978278160095215e+00 4.334856510162353516e+00
1.757188987731933594e+01 6.120805740356445312e+00 1.758117675781250000e+00 4.362687110900878906e+00
1.765352439880371094e+01 6.199255466461181641e+00 1.804907798767089844e+00 4.394346714019775391e+00
1.767393493652343750e+01 6.235120773315429688e+00 1.820431947708129883e+00 4.414688587188720703e+00
1.769434356689453125e+01 6.238082408905029297e+00 1.821038126945495605e+00 4.417044162750244141e+00
1.771475219726562500e+01 6.261900424957275391e+00 1.822994112968444824e+00 4.438907146453857422e+00
1.773516082763671875e+01 6.254507541656494141e+00 1.812797427177429199e+00 4.441709995269775391e+00
1.775556755065917969e+01 6.252623558044433594e+00 1.816781044006347656e+00 4.435842037200927734e+00
1.777597618103027344e+01 6.256907463073730469e+00 1.823448896408081055e+00 4.433458805084228516e+00
1.783720397949218750e+01 6.293174266815185547e+00 1.845373868942260742e+00 4.447800159454345703e+00
1.785761260986328125e+01 6.301780700683593750e+00 1.864043235778808594e+00 4.437738418579101562e+00
1.787802124023437500e+01 6.310202598571777344e+00 1.853881359100341797e+00 4.456321239471435547e+00
1.789842987060546875e+01 6.327551841735839844e+00 1.855111122131347656e+00 4.472440719604492188e+00
1.800047302246093750e+01 6.379992008209228516e+00 1.877177715301513672e+00 4.502813339233398438e+00
1.806169891357421875e+01 6.422156810760498047e+00 1.882743120193481445e+00 4.539413928985595703e+00
1.808210754394531250e+01 6.416451454162597656e+00 1.879294037818908691e+00 4.537157058715820312e+00
1.814333343505859375e+01 6.505010128021240234e+00 1.913195252418518066e+00 4.591814517974853516e+00
1.818415260314941406e+01 6.525995731353759766e+00 1.929964542388916016e+00 4.596031188964843750e+00
1.820456123352050781e+01 6.526632785797119141e+00 1.924513459205627441e+00 4.602118968963623047e+00
1.822496795654296875e+01 6.597559928894042969e+00 1.967018723487854004e+00 4.630540847778320312e+00
1.824537658691406250e+01 6.539360046386718750e+00 1.922176122665405273e+00 4.617183208465576172e+00
1.826578521728515625e+01 6.554167270660400391e+00 1.939032196998596191e+00 4.615135192871093750e+00
1.832701301574707031e+01 6.582165718078613281e+00 1.959985017776489258e+00 4.622180938720703125e+00
1.834742164611816406e+01 6.634961605072021484e+00 1.989119172096252441e+00 4.645841598510742188e+00
1.849028205871582031e+01 6.577550888061523438e+00 1.993818521499633789e+00 4.583732128143310547e+00
1.851069068908691406e+01 6.587341308593750000e+00 2.008432626724243164e+00 4.578907966613769531e+00
1.853109931945800781e+01 6.593895435333251953e+00 2.014617681503295898e+00 4.579277515411376953e+00
1.855150794982910156e+01 6.583538055419921875e+00 2.009820461273193359e+00 4.573717117309570312e+00
1.857191658020019531e+01 6.614938735961914062e+00 2.023724079132080078e+00 4.591215133666992188e+00
1.859232521057128906e+01 6.602332115173339844e+00 2.016352415084838867e+00 4.585978507995605469e+00
1.861273384094238281e+01 6.580109119415283203e+00 1.996778249740600586e+00 4.583331108093261719e+00
1.865355110168457031e+01 6.637818336486816406e+00 2.037326335906982422e+00 4.600493431091308594e+00
1.867395973205566406e+01 6.660979747772216797e+00 2.048560380935668945e+00 4.612419605255126953e+00
1.869436836242675781e+01 6.653723239898681641e+00 2.046323776245117188e+00 4.607399463653564453e+00
1.871477699279785156e+01 6.743784427642822266e+00 2.044732093811035156e+00 4.699052333831787109e+00
1.873518562316894531e+01 6.710074901580810547e+00 2.064865350723266602e+00 4.645209312438964844e+00
1.875559425354003906e+01 6.703869819641113281e+00 2.034538269042968750e+00 4.669331550598144531e+00
1.877600288391113281e+01 6.728991508483886719e+00 2.048901796340942383e+00 4.680090427398681641e+00
1.879641151428222656e+01 6.751714706420898438e+00 2.049224138259887695e+00 4.702491283416748047e+00
1.881682205200195312e+01 6.773334980010986328e+00 2.057179450988769531e+00 4.716154575347900391e+00
1.883723068237304688e+01 6.817562103271484375e+00 2.068929672241210938e+00 4.748632431030273438e+00
1.885763931274414062e+01 6.847810268402099609e+00 2.080654859542846680e+00 4.767155647277832031e+00
1.887804794311523438e+01 6.872744083404541016e+00 2.086014270782470703e+00 4.786730766296386719e+00
1.889845657348632812e+01 6.891178131103515625e+00 2.097695112228393555e+00 4.793482780456542969e+00
1.891886329650878906e+01 6.919214248657226562e+00 2.098595857620239258e+00 4.820618152618408203e+00
1.893927192687988281e+01 6.950549125671386719e+00 2.114662408828735352e+00 4.835886955261230469e+00
1.895968055725097656e+01 7.013210773468017578e+00 2.121224403381347656e+00 4.891985416412353516e+00
1.898009109497070312e+01 6.984553813934326172e+00 2.131556272506713867e+00 4.852997779846191406e+00
1.904131698608398438e+01 7.030730247497558594e+00 2.159904718399047852e+00 4.870824813842773438e+00
1.906172561645507812e+01 7.073312282562255859e+00 2.168267011642456055e+00 4.905045509338378906e+00
1.908213424682617188e+01 7.094343185424804688e+00 2.170338869094848633e+00 4.924004077911376953e+00
1.910254287719726562e+01 7.119839191436767578e+00 2.190577507019042969e+00 4.929261207580566406e+00
1.912295150756835938e+01 7.133995056152343750e+00 2.195124864578247070e+00 4.938870429992675781e+00
1.914336013793945312e+01 7.148339748382568359e+00 2.214043378829956055e+00 4.934297084808349609e+00
1.916376876831054688e+01 7.197375297546386719e+00 2.222303867340087891e+00 4.975070953369140625e+00
1.918417739868164062e+01 7.187768936157226562e+00 2.219939708709716797e+00 4.967830657958984375e+00
1.920458602905273438e+01 7.212830066680908203e+00 2.241264581680297852e+00 4.971564769744873047e+00
1.922499465942382812e+01 7.229502201080322266e+00 2.256318330764770508e+00 4.973184108734130859e+00
1.924540328979492188e+01 7.256069183349609375e+00 2.266986370086669922e+00 4.989083766937255859e+00
1.926581192016601562e+01 7.263309001922607422e+00 2.286951303482055664e+00 4.976357936859130859e+00
1.928622055053710938e+01 7.272771358489990234e+00 2.290116548538208008e+00 4.982655525207519531e+00
1.930663108825683594e+01 7.304481506347656250e+00 2.307535171508789062e+00 4.996945381164550781e+00
1.932703971862792969e+01 7.301553249359130859e+00 2.323677778244018555e+00 4.977875232696533203e+00
1.934744834899902344e+01 7.313283443450927734e+00 2.333599805831909180e+00 4.979683876037597656e+00
1.936785507202148438e+01 7.320824623107910156e+00 2.341647148132324219e+00 4.979177951812744141e+00
1.938826370239257812e+01 7.329487800598144531e+00 2.351529836654663086e+00 4.977958202362060547e+00
1.940867233276367188e+01 7.347959518432617188e+00 2.361391305923461914e+00 4.986568450927734375e+00
1.942908096313476562e+01 7.329195499420166016e+00 2.368151664733886719e+00 4.961044311523437500e+00
1.944948959350585938e+01 7.335614204406738281e+00 2.368743896484375000e+00 4.966870307922363281e+00
1.951071739196777344e+01 7.286612510681152344e+00 2.372966527938842773e+00 4.913645744323730469e+00
1.953112602233886719e+01 7.279373168945312500e+00 2.376615524291992188e+00 4.902756690979003906e+00
1.955153465270996094e+01 7.283386230468750000e+00 2.374134540557861328e+00 4.909251689910888672e+00
1.957194328308105469e+01 7.325463294982910156e+00 2.389394521713256836e+00 4.936068534851074219e+00
1.959235191345214844e+01 7.294600009918212891e+00 2.386905431747436523e+00 4.907695293426513672e+00
1.961275863647460938e+01 7.295005798339843750e+00 2.394796848297119141e+00 4.900209426879882812e+00
1.963316917419433594e+01 7.288133621215820312e+00 2.391697883605957031e+00 4.896435737609863281e+00
1.969439506530761719e+01 7.271637916564941406e+00 2.373930692672729492e+00 4.897706508636474609e+00
1.971480369567871094e+01 7.259866237640380859e+00 2.383615732192993164e+00 4.876250267028808594e+00
1.973521232604980469e+01 7.268332004547119141e+00 2.386609315872192383e+00 4.881722450256347656e+00
1.975562095642089844e+01 7.265280723571777344e+00 2.379902839660644531e+00 4.885376930236816406e+00
1.989848136901855469e+01 7.218269348144531250e+00 2.321310520172119141e+00 4.896959304809570312e+00
1.993929862976074219e+01 7.188690662384033203e+00 2.303351879119873047e+00 4.885338306427001953e+00
1.995970916748046875e+01 7.210617542266845703e+00 2.289002895355224609e+00 4.921614646911621094e+00
2.000052642822265625e+01 7.206529140472412109e+00 2.284331560134887695e+00 4.922197818756103516e+00
2.002093505859375000e+01 7.202729225158691406e+00 2.286187887191772461e+00 4.916542053222656250e+00
2.012297821044921875e+01 7.242429256439208984e+00 2.279353618621826172e+00 4.963076114654541016e+00
2.014338684082031250e+01 7.254444599151611328e+00 2.281203508377075195e+00 4.973241329193115234e+00
2.016379547119140625e+01 7.275822162628173828e+00 2.288392543792724609e+00 4.987428665161132812e+00
2.018420410156250000e+01 7.286947727203369141e+00 2.286078691482543945e+00 5.000869274139404297e+00
2.020461273193359375e+01 7.301378726959228516e+00 2.287916421890258789e+00 5.013462066650390625e+00
2.022502136230468750e+01 7.326419353485107422e+00 2.287975072860717773e+00 5.038444995880126953e+00
2.024542999267578125e+01 7.343487262725830078e+00 2.295127868652343750e+00 5.048360347747802734e+00
2.026583862304687500e+01 7.375674724578857422e+00 2.301676273345947266e+00 5.073998928070068359e+00
2.028624725341796875e+01 7.449273109436035156e+00 2.319421768188476562e+00 5.129850864410400391e+00
2.030665588378906250e+01 7.413637638092041016e+00 2.309427976608276367e+00 5.104209423065185547e+00
2.032706451416015625e+01 7.436329364776611328e+00 2.318886280059814453e+00 5.117442607879638672e+00
2.034747314453125000e+01 7.463285923004150391e+00 2.327737331390380859e+00 5.135548591613769531e+00
2.042910766601562500e+01 7.554519176483154297e+00 2.362378835678100586e+00 5.192139625549316406e+00
2.049033546447753906e+01 7.563724517822265625e+00 2.376349210739135742e+00 5.187375068664550781e+00
2.053115081787109375e+01 7.569934844970703125e+00 2.388532161712646484e+00 5.181403160095214844e+00
2.055155944824218750e+01 7.672839641571044922e+00 2.379171133041381836e+00 5.293668270111083984e+00
2.059237670898437500e+01 7.701715946197509766e+00 2.374455213546752930e+00 5.327260971069335938e+00
2.061278724670410156e+01 7.524549961090087891e+00 2.368619918823242188e+00 5.155930519104003906e+00
2.075564765930175781e+01 7.375759124755859375e+00 2.341936349868774414e+00 5.033823490142822266e+00
2.077605628967285156e+01 7.367082595825195312e+00 2.337907791137695312e+00 5.029175758361816406e+00
2.079646492004394531e+01 7.326961517333984375e+00 2.321224451065063477e+00 5.005737304687500000e+00
2.081687355041503906e+01 7.320199489593505859e+00 2.317798614501953125e+00 5.002400875091552734e+00
2.083728218078613281e+01 7.301655292510986328e+00 2.311507701873779297e+00 4.990147113800048828e+00
2.087809944152832031e+01 7.256381034851074219e+00 2.292082548141479492e+00 4.964299201965332031e+00
2.100055122375488281e+01 7.224970340728759766e+00 2.243949651718139648e+00 4.981020450592041016e+00
2.102095985412597656e+01 7.213582515716552734e+00 2.241771221160888672e+00 4.971811294555664062e+00
2.104136848449707031e+01 7.191872119903564453e+00 2.227650642395019531e+00 4.964221477508544922e+00
2.106177711486816406e+01 7.194929599761962891e+00 2.211284637451171875e+00 4.983644962310791016e+00
2.108218574523925781e+01 7.179739952087402344e+00 2.205169439315795898e+00 4.974570751190185547e+00
2.110259437561035156e+01 7.173355579376220703e+00 2.195663213729858398e+00 4.977693080902099609e+00
2.112300491333007812e+01 7.167742252349853516e+00 2.183908224105834961e+00 4.983834266662597656e+00
2.114341354370117188e+01 7.164297103881835938e+00 2.179535865783691406e+00 4.984760761260986328e+00
2.116382217407226562e+01 7.156222820281982422e+00 2.167819499969482422e+00 4.988403320312500000e+00
2.118423080444335938e+01 7.162744045257568359e+00 2.164036035537719727e+00 4.998708248138427734e+00
2.120463943481445312e+01 7.150505065917968750e+00 2.153486013412475586e+00 4.997019767761230469e+00
2.122504615783691406e+01 7.148259639739990234e+00 2.145212173461914062e+00 5.003047943115234375e+00
2.124545478820800781e+01 7.143641948699951172e+00 2.142588138580322266e+00 5.001053810119628906e+00
2.126586532592773438e+01 7.147659778594970703e+00 2.133214712142944336e+00 5.014444351196289062e+00
2.128627395629882812e+01 7.147736549377441406e+00 2.126108646392822266e+00 5.021628379821777344e+00
2.130668258666992188e+01 7.144876480102539062e+00 2.126319169998168945e+00 5.018557548522949219e+00
2.132709121704101562e+01 7.142259120941162109e+00 2.118671894073486328e+00 5.023586750030517578e+00
2.134749984741210938e+01 7.140690803527832031e+00 2.114403724670410156e+00 5.026285648345947266e+00
2.136790847778320312e+01 7.139997482299804688e+00 2.110703706741333008e+00 5.029294013977050781e+00
2.138831710815429688e+01 7.144322872161865234e+00 2.107570409774780273e+00 5.036752700805664062e+00
2.140872573852539062e+01 7.148099899291992188e+00 2.105561256408691406e+00 5.042538642883300781e+00
2.142913436889648438e+01 7.146174430847167969e+00 2.103555917739868164e+00 5.042618751525878906e+00
2.144954490661621094e+01 7.156285285949707031e+00 2.104902744293212891e+00 5.051382064819335938e+00
2.146995162963867188e+01 7.145753383636474609e+00 2.101787090301513672e+00 5.043965816497802734e+00
2.149036026000976562e+01 7.152989387512207031e+00 2.100347995758056641e+00 5.052640914916992188e+00
2.151076889038085938e+01 7.150568008422851562e+00 2.102806806564331055e+00 5.047761440277099609e+00
2.153117752075195312e+01 7.156122684478759766e+00 2.096922159194946289e+00 5.059199810028076172e+00
2.155158615112304688e+01 7.162777900695800781e+00 2.099935054779052734e+00 5.062843322753906250e+00
2.157199478149414062e+01 7.155731678009033203e+00 2.101277351379394531e+00 5.054453849792480469e+00
2.159240341186523438e+01 7.146072864532470703e+00 2.093747854232788086e+00 5.052325248718261719e+00
2.161281394958496094e+01 7.144285202026367188e+00 2.097862720489501953e+00 5.046422958374023438e+00
2.163322257995605469e+01 7.143750190734863281e+00 2.094776868820190430e+00 5.048973083496093750e+00
2.165363121032714844e+01 7.145322322845458984e+00 2.098883152008056641e+00 5.046439170837402344e+00
2.167403984069824219e+01 7.138182163238525391e+00 2.096906661987304688e+00 5.041276454925537109e+00
2.169444656372070312e+01 7.130199909210205078e+00 2.094382762908935547e+00 5.035816669464111328e+00
2.171485519409179688e+01 7.125649452209472656e+00 2.090209245681762695e+00 5.035439968109130859e+00
2.173526382446289062e+01 7.112030506134033203e+00 2.091550827026367188e+00 5.020480155944824219e+00
2.175567245483398438e+01 7.103139400482177734e+00 2.089038610458374023e+00 5.014100074768066406e+00
2.177608299255371094e+01 7.083348751068115234e+00 2.082133769989013672e+00 5.001214981079101562e+00
2.179649162292480469e+01 7.082943916320800781e+00 2.079085826873779297e+00 5.003857135772705078e+00
2.181690025329589844e+01 7.065762996673583984e+00 2.079884052276611328e+00 4.985878467559814453e+00
2.185771751403808594e+01 7.048376083374023438e+00 2.092428684234619141e+00 4.955946922302246094e+00
2.187812614440917969e+01 7.040136814117431641e+00 2.088835477828979492e+00 4.951302051544189453e+00
2.189853477478027344e+01 7.016183376312255859e+00 2.065024852752685547e+00 4.951158523559570312e+00
2.191894340515136719e+01 7.010976314544677734e+00 2.063102245330810547e+00 4.947874546051025391e+00
2.193935203552246094e+01 6.999061584472656250e+00 2.056272745132446289e+00 4.942788600921630859e+00
2.195976066589355469e+01 7.003640174865722656e+00 2.051636695861816406e+00 4.952003002166748047e+00
2.198016929626464844e+01 6.980434417724609375e+00 2.041563034057617188e+00 4.938871383666992188e+00
2.200057792663574219e+01 6.972714424133300781e+00 2.038581371307373047e+00 4.934133052825927734e+00
2.202098655700683594e+01 6.967956542968750000e+00 2.033974170684814453e+00 4.933982372283935547e+00
2.204139518737792969e+01 6.966367721557617188e+00 2.030461549758911133e+00 4.935906410217285156e+00
2.206180381774902344e+01 6.952572822570800781e+00 2.021530151367187500e+00 4.931042194366455078e+00
2.208221244812011719e+01 6.943401336669921875e+00 2.014783382415771484e+00 4.928618431091308594e+00
2.210262298583984375e+01 6.939403057098388672e+00 2.008049249649047852e+00 4.931353092193603516e+00
2.212303161621093750e+01 6.938881397247314453e+00 2.001327514648437500e+00 4.937554836273193359e+00
2.214344024658203125e+01 6.928649902343750000e+00 1.995158433914184570e+00 4.933492183685302734e+00
2.216384696960449219e+01 6.926265716552734375e+00 1.992241263389587402e+00 4.934024333953857422e+00
2.218425559997558594e+01 6.930630683898925781e+00 1.990947842597961426e+00 4.939682006835937500e+00
2.220466423034667969e+01 6.922847270965576172e+00 1.982649326324462891e+00 4.940198421478271484e+00
2.222507286071777344e+01 6.918589591979980469e+00 1.978135824203491211e+00 4.940453529357910156e+00
2.224548149108886719e+01 6.920150279998779297e+00 1.974168896675109863e+00 4.945981502532958984e+00
2.226589202880859375e+01 6.918908596038818359e+00 1.972359299659729004e+00 4.946548938751220703e+00
2.228630065917968750e+01 6.909563064575195312e+00 1.963034033775329590e+00 4.946529388427734375e+00
2.230670928955078125e+01 6.921550750732421875e+00 1.965530753135681152e+00 4.956019401550292969e+00
2.232711791992187500e+01 6.915655136108398438e+00 1.958909153938293457e+00 4.956746101379394531e+00
2.234752655029296875e+01 6.919948101043701172e+00 1.958727121353149414e+00 4.961221218109130859e+00
2.236793518066406250e+01 6.922713756561279297e+00 1.960150599479675293e+00 4.962563037872314453e+00
2.238834190368652344e+01 6.923034667968750000e+00 1.959433078765869141e+00 4.963600635528564453e+00
2.240875053405761719e+01 6.933810710906982422e+00 1.962455987930297852e+00 4.971354961395263672e+00
2.242916107177734375e+01 6.935393810272216797e+00 1.961737513542175293e+00 4.973655700683593750e+00
2.244956970214843750e+01 6.930975914001464844e+00 1.959954023361206055e+00 4.971021652221679688e+00
2.246997833251953125e+01 6.936467647552490234e+00 1.961902856826782227e+00 4.974565505981445312e+00
2.249038696289062500e+01 6.934918403625488281e+00 1.962251305580139160e+00 4.972666740417480469e+00
2.251079559326171875e+01 6.944275856018066406e+00 1.964725971221923828e+00 4.979550361633300781e+00
2.253120422363281250e+01 6.947630882263183594e+00 1.966665148735046387e+00 4.980965614318847656e+00
2.255161285400390625e+01 6.944098949432373047e+00 1.965946793556213379e+00 4.978151798248291016e+00
2.257202148437500000e+01 6.946275234222412109e+00 1.966290473937988281e+00 4.979984760284423828e+00
2.259243011474609375e+01 6.945941925048828125e+00 1.967163085937500000e+00 4.978778839111328125e+00
2.261283874511718750e+01 6.945332050323486328e+00 1.968034505844116211e+00 4.977297306060791016e+00
2.263324737548828125e+01 6.942150115966796875e+00 1.967846393585205078e+00 4.974304676055908203e+00
2.265365600585937500e+01 6.945323467254638672e+00 1.965545296669006348e+00 4.979778289794921875e+00
2.267406463623046875e+01 6.946588516235351562e+00 1.964831948280334473e+00 4.981756210327148438e+00
2.269447326660156250e+01 6.943577766418457031e+00 1.964647293090820312e+00 4.978931427001953125e+00
2.271488189697265625e+01 6.944473266601562500e+00 1.965516805648803711e+00 4.978956222534179688e+00
2.273529052734375000e+01 6.934441089630126953e+00 1.960066914558410645e+00 4.974374294281005859e+00
2.275570106506347656e+01 6.940299510955810547e+00 1.960939168930053711e+00 4.979361057281494141e+00
2.277610969543457031e+01 6.932495117187500000e+00 1.959182024002075195e+00 4.973312377929687500e+00
2.279651832580566406e+01 6.927139282226562500e+00 1.956902742385864258e+00 4.970236301422119141e+00
2.281692695617675781e+01 6.924325466156005859e+00 1.957775473594665527e+00 4.966549396514892578e+00
2.283733558654785156e+01 6.913510799407958984e+00 1.950260519981384277e+00 4.963251113891601562e+00
2.285774230957031250e+01 6.902729034423828125e+00 1.945901274681091309e+00 4.956828594207763672e+00
2.287815093994140625e+01 6.893497943878173828e+00 1.943642020225524902e+00 4.949856281280517578e+00
2.289855957031250000e+01 6.888425350189208984e+00 1.939818978309631348e+00 4.948606967926025391e+00
2.291897010803222656e+01 6.880080699920654297e+00 1.937047004699707031e+00 4.943033218383789062e+00
2.293937873840332031e+01 6.872325897216796875e+00 1.935845375061035156e+00 4.936480045318603516e+00
2.295978736877441406e+01 6.860858917236328125e+00 1.932039380073547363e+00 4.928819656372070312e+00
2.298019599914550781e+01 6.850311756134033203e+00 1.929281711578369141e+00 4.921030044555664062e+00
2.300060462951660156e+01 6.839462757110595703e+00 1.921845436096191406e+00 4.917617797851562500e+00
2.302101325988769531e+01 6.830848693847656250e+00 1.923261523246765137e+00 4.907586574554443359e+00
2.304142189025878906e+01 6.821878433227539062e+00 1.918440818786621094e+00 4.903438091278076172e+00
2.316387367248535156e+01 6.813603401184082031e+00 1.935169577598571777e+00 4.878434658050537109e+00
2.318428230285644531e+01 6.772819042205810547e+00 1.910233616828918457e+00 4.862585067749023438e+00
2.320469093322753906e+01 6.755664825439453125e+00 1.910616755485534668e+00 4.845048904418945312e+00
2.328632736206054688e+01 6.779804706573486328e+00 1.911628961563110352e+00 4.868175983428955078e+00
2.334755134582519531e+01 6.791491985321044922e+00 1.911742806434631348e+00 4.879749298095703125e+00
2.336795997619628906e+01 6.810957908630371094e+00 1.916732072830200195e+00 4.894225120544433594e+00
2.338836860656738281e+01 6.782464504241943359e+00 1.903288602828979492e+00 4.879175662994384766e+00
2.342918777465820312e+01 6.814729690551757812e+00 1.916321039199829102e+00 4.898408412933349609e+00
2.357204818725585938e+01 6.778277873992919922e+00 1.904707074165344238e+00 4.873569965362548828e+00
2.359245681762695312e+01 6.924533843994140625e+00 1.926904678344726562e+00 4.997629165649414062e+00
2.361286544799804688e+01 6.938555240631103516e+00 1.918649315834045410e+00 5.019906520843505859e+00
2.369449996948242188e+01 6.888161182403564453e+00 1.901935696601867676e+00 4.986225605010986328e+00
2.371490859985351562e+01 6.922074794769287109e+00 1.900298953056335449e+00 5.021775722503662109e+00
2.373531723022460938e+01 6.924166679382324219e+00 1.899169206619262695e+00 5.024996757507324219e+00
2.375572776794433594e+01 6.935456752777099609e+00 1.903080105781555176e+00 5.032375812530517578e+00
2.377613449096679688e+01 7.010262966156005859e+00 1.899936318397521973e+00 5.110326290130615234e+00
2.379654312133789062e+01 6.948936939239501953e+00 1.902330875396728516e+00 5.046606063842773438e+00
2.381695175170898438e+01 6.947933197021484375e+00 1.903213620185852051e+00 5.044719219207763672e+00
2.383736038208007812e+01 6.951376914978027344e+00 1.903090596199035645e+00 5.048286437988281250e+00
2.387817764282226562e+01 6.950337886810302734e+00 1.907356500625610352e+00 5.042981147766113281e+00
2.389858627319335938e+01 6.974431037902832031e+00 1.920753121376037598e+00 5.053678512573242188e+00
2.393940544128417969e+01 6.931636810302734375e+00 1.897978425025939941e+00 5.033658504486083984e+00
2.400063133239746094e+01 6.935101985931396484e+00 1.902612209320068359e+00 5.032489776611328125e+00
2.402103805541992188e+01 6.951336860656738281e+00 1.912456750869750977e+00 5.038880348205566406e+00
2.406185722351074219e+01 6.951800346374511719e+00 1.919658780097961426e+00 5.032141685485839844e+00
2.408226585388183594e+01 6.980899810791015625e+00 1.926481366157531738e+00 5.054419040679931641e+00
2.410267448425292969e+01 6.954497337341308594e+00 1.906972527503967285e+00 5.047524929046630859e+00
2.412308311462402344e+01 6.955968856811523438e+00 1.907839894294738770e+00 5.048128128051757812e+00
2.414349174499511719e+01 6.957107543945312500e+00 1.905235886573791504e+00 5.051871776580810547e+00
2.420471763610839844e+01 6.928916931152343750e+00 1.893493294715881348e+00 5.035423278808593750e+00
2.426594352722167969e+01 6.913054943084716797e+00 1.895128130912780762e+00 5.017927646636962891e+00
2.428635215759277344e+01 6.923546314239501953e+00 1.897478461265563965e+00 5.026068210601806641e+00
2.430676078796386719e+01 6.913917064666748047e+00 1.897854924201965332e+00 5.016062259674072266e+00
2.434757804870605469e+01 6.884658813476562500e+00 1.877958416938781738e+00 5.006699562072753906e+00
2.444962310791015625e+01 6.821783065795898438e+00 1.857391953468322754e+00 4.964390754699707031e+00
2.447002983093261719e+01 6.813269138336181641e+00 1.855842947959899902e+00 4.957425594329833984e+00
2.451084709167480469e+01 6.796748638153076172e+00 1.843962430953979492e+00 4.952785968780517578e+00
2.457207489013671875e+01 6.730143547058105469e+00 1.816960215568542480e+00 4.913184165954589844e+00
2.459248352050781250e+01 6.752951622009277344e+00 1.802797675132751465e+00 4.950153827667236328e+00
2.463330078125000000e+01 6.668991088867187500e+00 1.791550040245056152e+00 4.877441883087158203e+00
2.465370941162109375e+01 6.659545421600341797e+00 1.784240841865539551e+00 4.875305175781250000e+00
2.471493530273437500e+01 6.639820098876953125e+00 1.764807343482971191e+00 4.875012397766113281e+00
2.473534393310546875e+01 6.644785404205322266e+00 1.764802932739257812e+00 4.879981040954589844e+00
2.483738708496093750e+01 6.626651763916015625e+00 1.748395800590515137e+00 4.878255844116210938e+00
2.485779571533203125e+01 6.604687213897705078e+00 1.733959317207336426e+00 4.870728969573974609e+00
2.487820434570312500e+01 6.621571063995361328e+00 1.740234851837158203e+00 4.881336212158203125e+00
2.489861488342285156e+01 6.629171371459960938e+00 1.738808393478393555e+00 4.890362262725830078e+00
2.491902351379394531e+01 6.606316089630126953e+00 1.724415183067321777e+00 4.881900787353515625e+00
2.493943023681640625e+01 6.626769542694091797e+00 1.726363778114318848e+00 4.900404453277587891e+00
2.502106475830078125e+01 6.663912296295166016e+00 1.740344762802124023e+00 4.923567295074462891e+00
2.504147338867187500e+01 6.675708293914794922e+00 1.737492561340332031e+00 4.938215732574462891e+00
2.506188392639160156e+01 6.666882991790771484e+00 1.733211994171142578e+00 4.933671474456787109e+00
2.508229255676269531e+01 6.681650638580322266e+00 1.731801629066467285e+00 4.949848651885986328e+00
2.510270118713378906e+01 6.672359943389892578e+00 1.729916810989379883e+00 4.942443370819091797e+00
2.512310981750488281e+01 6.700407028198242188e+00 1.728511571884155273e+00 4.971894264221191406e+00
2.514351844787597656e+01 6.725918769836425781e+00 1.730440974235534668e+00 4.995478153228759766e+00
2.516392517089843750e+01 6.711584568023681641e+00 1.729037642478942871e+00 4.982546806335449219e+00
2.518433380126953125e+01 6.733094215393066406e+00 1.732389092445373535e+00 5.000705242156982422e+00
2.520474243164062500e+01 6.735727787017822266e+00 1.731936216354370117e+00 5.003792285919189453e+00
2.522515296936035156e+01 6.750510215759277344e+00 1.732907533645629883e+00 5.017602920532226562e+00
2.524556159973144531e+01 6.760818958282470703e+00 1.732928991317749023e+00 5.027890682220458984e+00
2.526597023010253906e+01 6.770673751831054688e+00 1.731055498123168945e+00 5.039618015289306641e+00
2.528637886047363281e+01 6.782701015472412109e+00 1.733445048332214355e+00 5.049256324768066406e+00
2.530678749084472656e+01 6.793735980987548828e+00 1.732993125915527344e+00 5.060742855072021484e+00
2.532719612121582031e+01 6.798987388610839844e+00 1.731596708297729492e+00 5.067390441894531250e+00
2.534760475158691406e+01 6.811514854431152344e+00 1.732091546058654785e+00 5.079422950744628906e+00
2.536801338195800781e+01 6.833275794982910156e+00 1.732585310935974121e+00 5.100690364837646484e+00
2.538842201232910156e+01 6.833201408386230469e+00 1.732135415077209473e+00 5.101065635681152344e+00
2.540883064270019531e+01 6.840816497802734375e+00 1.733099460601806641e+00 5.107717514038085938e+00
2.542923927307128906e+01 6.848878383636474609e+00 1.730767369270324707e+00 5.118111133575439453e+00
2.544964790344238281e+01 6.857698917388916016e+00 1.728909015655517578e+00 5.128789901733398438e+00
2.547005653381347656e+01 6.865818977355957031e+00 1.728933334350585938e+00 5.136885166168212891e+00
2.549046516418457031e+01 6.870504379272460938e+00 1.719097018241882324e+00 5.151407718658447266e+00
2.551087379455566406e+01 6.879220008850097656e+00 1.726636409759521484e+00 5.152583599090576172e+00
2.553128242492675781e+01 6.882595062255859375e+00 1.724787235260009766e+00 5.157807826995849609e+00
2.555169296264648438e+01 6.886035442352294922e+00 1.724814891815185547e+00 5.161220550537109375e+00
2.557210159301757812e+01 6.885876655578613281e+00 1.724842786788940430e+00 5.161034107208251953e+00
2.559251022338867188e+01 6.894345760345458984e+00 1.723467230796813965e+00 5.170878887176513672e+00
2.561291885375976562e+01 6.894234180450439453e+00 1.718822598457336426e+00 5.175411224365234375e+00
2.563332557678222656e+01 6.903520584106445312e+00 1.723524689674377441e+00 5.179996013641357422e+00
2.565373420715332031e+01 6.896322250366210938e+00 1.718420863151550293e+00 5.177901744842529297e+00
2.567414283752441406e+01 6.899365425109863281e+00 1.718453407287597656e+00 5.180912017822265625e+00
2.569455146789550781e+01 6.896035194396972656e+00 1.718486070632934570e+00 5.177549362182617188e+00
2.571496200561523438e+01 6.897550582885742188e+00 1.717587471008300781e+00 5.179963588714599609e+00
2.573537063598632812e+01 6.891898632049560547e+00 1.714365124702453613e+00 5.177533626556396484e+00
2.575577926635742188e+01 6.889273643493652344e+00 1.715795159339904785e+00 5.173478603363037109e+00
2.577618789672851562e+01 6.887794017791748047e+00 1.715829610824584961e+00 5.171964168548583984e+00
2.579659652709960938e+01 6.883696556091308594e+00 1.714936137199401855e+00 5.168761253356933594e+00
2.581700515747070312e+01 6.881077766418457031e+00 1.715898513793945312e+00 5.165178775787353516e+00
2.583741378784179688e+01 6.872662067413330078e+00 1.716859579086303711e+00 5.155801773071289062e+00
2.585782241821289062e+01 6.866460800170898438e+00 1.715041637420654297e+00 5.151418685913085938e+00
2.587823104858398438e+01 6.861439228057861328e+00 1.716001749038696289e+00 5.145437717437744141e+00
2.589863967895507812e+01 6.849977493286132812e+00 1.713263034820556641e+00 5.136713981628417969e+00
2.591904830932617188e+01 6.845505714416503906e+00 1.714684844017028809e+00 5.130821228027343750e+00
2.593945693969726562e+01 6.844637393951416016e+00 1.713335752487182617e+00 5.131301879882812500e+00
2.595986557006835938e+01 6.833257675170898438e+00 1.713833093643188477e+00 5.119424819946289062e+00
2.598027420043945312e+01 6.824664115905761719e+00 1.714790463447570801e+00 5.109874248504638672e+00
2.600068283081054688e+01 6.815819263458251953e+00 1.714825510978698730e+00 5.100993633270263672e+00
2.602109146118164062e+01 6.804131984710693359e+00 1.716240525245666504e+00 5.087891101837158203e+00
2.604150009155273438e+01 6.801095485687255859e+00 1.714895486831665039e+00 5.086200237274169922e+00
2.606191062927246094e+01 6.792276859283447266e+00 1.714011669158935547e+00 5.078264713287353516e+00
2.608231925964355469e+01 6.786070823669433594e+00 1.713588356971740723e+00 5.072482585906982422e+00
2.610272598266601562e+01 6.775875091552734375e+00 1.712248682975769043e+00 5.063626289367675781e+00
2.612313461303710938e+01 6.771688938140869141e+00 1.714118361473083496e+00 5.057570457458496094e+00
2.614354324340820312e+01 6.763229370117187500e+00 1.712322473526000977e+00 5.050907135009765625e+00
2.616395187377929688e+01 6.753046035766601562e+00 1.708699345588684082e+00 5.044347286224365234e+00
2.618436050415039062e+01 6.748089313507080078e+00 1.709196090698242188e+00 5.038892745971679688e+00
2.620477104187011719e+01 6.743046760559082031e+00 1.708321690559387207e+00 5.034725189208984375e+00
2.622517967224121094e+01 6.735592365264892578e+00 1.706992268562316895e+00 5.028600215911865234e+00
2.624558830261230469e+01 6.727688312530517578e+00 1.705664873123168945e+00 5.022023200988769531e+00
2.626599693298339844e+01 6.722178936004638672e+00 1.702972412109375000e+00 5.019206523895263672e+00
2.628640556335449219e+01 6.718772888183593750e+00 1.701195001602172852e+00 5.017578601837158203e+00
2.630681419372558594e+01 6.711356639862060547e+00 1.698055028915405273e+00 5.013301372528076172e+00
2.632722091674804688e+01 6.708077907562255859e+00 1.697193622589111328e+00 5.010884761810302734e+00
2.634762954711914062e+01 6.705196380615234375e+00 1.696333169937133789e+00 5.008863925933837891e+00
2.636804008483886719e+01 6.701519966125488281e+00 1.693204522132873535e+00 5.008315563201904297e+00
2.638844871520996094e+01 6.694531440734863281e+00 1.690987706184387207e+00 5.003543853759765625e+00
2.640885734558105469e+01 6.694175720214843750e+00 1.689227581024169922e+00 5.004948616027832031e+00
2.642926597595214844e+01 6.691029071807861328e+00 1.686564564704895020e+00 5.004464626312255859e+00
2.644967460632324219e+01 6.689464569091796875e+00 1.685263156890869141e+00 5.004201412200927734e+00
2.647008323669433594e+01 6.686843872070312500e+00 1.683059573173522949e+00 5.003784179687500000e+00
2.649049186706542969e+01 6.684913635253906250e+00 1.681310892105102539e+00 5.003602504730224609e+00
2.651090049743652344e+01 6.685047626495361328e+00 1.679113626480102539e+00 5.005935192108154297e+00
2.653130912780761719e+01 6.682809829711914062e+00 1.677370905876159668e+00 5.005438804626464844e+00
2.655171966552734375e+01 6.683281898498535156e+00 1.676532387733459473e+00 5.006748676300048828e+00
2.657212638854980469e+01 6.685252189636230469e+00 1.676145672798156738e+00 5.009106159210205078e+00
2.659253501892089844e+01 6.681471824645996094e+00 1.675309538841247559e+00 5.006162166595458984e+00
2.661294364929199219e+01 6.682777881622314453e+00 1.673125147819519043e+00 5.009653091430664062e+00
2.663335227966308594e+01 6.685197830200195312e+00 1.672292470932006836e+00 5.012904644012451172e+00
2.665376091003417969e+01 6.684203624725341797e+00 1.670562982559204102e+00 5.013639450073242188e+00
2.667416954040527344e+01 6.686709880828857422e+00 1.671079635620117188e+00 5.015630722045898438e+00
2.669458007812500000e+01 6.688691139221191406e+00 1.671147108078002930e+00 5.017543792724609375e+00
2.671498870849609375e+01 6.688236236572265625e+00 1.671662807464599609e+00 5.016572952270507812e+00
2.673539733886718750e+01 6.692744255065917969e+00 1.671282172203063965e+00 5.021461963653564453e+00
2.675580596923828125e+01 6.695375442504882812e+00 1.671796679496765137e+00 5.023578643798828125e+00
2.677621459960937500e+01 6.695926666259765625e+00 1.672310471534729004e+00 5.023616790771484375e+00
2.679662132263183594e+01 6.699279785156250000e+00 1.672823667526245117e+00 5.026455402374267578e+00
2.681702995300292969e+01 6.698525905609130859e+00 1.672443509101867676e+00 5.026082038879394531e+00
2.683743858337402344e+01 6.701215744018554688e+00 1.673847556114196777e+00 5.027367591857910156e+00
2.685784912109375000e+01 6.705213546752929688e+00 1.674358248710632324e+00 5.030855178833007812e+00
2.687825775146484375e+01 6.701259136199951172e+00 1.675313591957092285e+00 5.025945186614990234e+00
2.689866638183593750e+01 6.700818061828613281e+00 1.676267385482788086e+00 5.024550437927246094e+00
2.691907501220703125e+01 6.700441360473632812e+00 1.675441145896911621e+00 5.025001049041748047e+00
2.693948364257812500e+01 6.701935291290283203e+00 1.675504684448242188e+00 5.026431083679199219e+00
2.695989227294921875e+01 6.689682483673095703e+00 1.672904491424560547e+00 5.016777515411376953e+00
2.698030090332031250e+01 6.697336196899414062e+00 1.675188183784484863e+00 5.022148132324218750e+00
2.700070953369140625e+01 6.695303916931152344e+00 1.674365282058715820e+00 5.020938396453857422e+00
2.702111816406250000e+01 6.688186168670654297e+00 1.673986673355102539e+00 5.014199733734130859e+00
2.704152679443359375e+01 6.684408664703369141e+00 1.673165798187255859e+00 5.011241912841796875e+00
2.706193542480468750e+01 6.677650451660156250e+00 1.671903967857360840e+00 5.005747318267822266e+00
2.708234405517578125e+01 6.671742916107177734e+00 1.670202255249023438e+00 5.001540660858154297e+00
2.710275268554687500e+01 6.664246559143066406e+00 1.668061256408691406e+00 4.996185302734375000e+00
2.712316131591796875e+01 6.653607368469238281e+00 1.666364789009094238e+00 4.987242221832275391e+00
2.714356994628906250e+01 6.645556926727294922e+00 1.662466049194335938e+00 4.983091354370117188e+00
2.716397857666015625e+01 6.637294292449951172e+00 1.659454464912414551e+00 4.977838993072509766e+00
2.718438720703125000e+01 6.618563652038574219e+00 1.655566692352294922e+00 4.962997436523437500e+00
2.720479774475097656e+01 6.607923507690429688e+00 1.650364995002746582e+00 4.957558631896972656e+00
2.722520446777343750e+01 6.595646381378173828e+00 1.646489977836608887e+00 4.949155807495117188e+00
2.724561500549316406e+01 6.583752155303955078e+00 1.640863299369812012e+00 4.942887306213378906e+00
2.726602172851562500e+01 6.569071292877197266e+00 1.636562228202819824e+00 4.932507991790771484e+00
2.728643226623535156e+01 6.551810264587402344e+00 1.630951523780822754e+00 4.920858383178710938e+00
2.730683898925781250e+01 6.535912513732910156e+00 1.625787615776062012e+00 4.910125255584716797e+00
2.732724952697753906e+01 6.517455577850341797e+00 1.619317173957824707e+00 4.898138046264648438e+00
2.734765815734863281e+01 6.503828525543212891e+00 1.612418889999389648e+00 4.891410350799560547e+00
2.736806488037109375e+01 6.484972000122070312e+00 1.606405735015869141e+00 4.878566741943359375e+00
2.738847541809082031e+01 6.468324184417724609e+00 1.602149486541748047e+00 4.866175174713134766e+00
2.740888214111328125e+01 6.450559139251708984e+00 1.593095898628234863e+00 4.857462882995605469e+00
2.742929267883300781e+01 6.431317806243896484e+00 1.586237549781799316e+00 4.845080375671386719e+00
2.744969940185546875e+01 6.420098781585693359e+00 1.581569790840148926e+00 4.838529586791992188e+00
2.747010993957519531e+01 6.400675296783447266e+00 1.572551608085632324e+00 4.828123092651367188e+00
2.749051666259765625e+01 6.385244369506835938e+00 1.566594719886779785e+00 4.818649291992187500e+00
2.751092720031738281e+01 6.369102954864501953e+00 1.560211300849914551e+00 4.808891773223876953e+00
2.753133583068847656e+01 6.353672981262207031e+00 1.552968144416809082e+00 4.800704956054687500e+00
2.755174636840820312e+01 6.340402603149414062e+00 1.547473430633544922e+00 4.792929172515869141e+00
2.757215309143066406e+01 6.325567245483398438e+00 1.540250420570373535e+00 4.785317420959472656e+00
2.759256362915039062e+01 6.313714027404785156e+00 1.534773111343383789e+00 4.778940677642822266e+00
2.761297035217285156e+01 6.299907684326171875e+00 1.528437018394470215e+00 4.771470546722412109e+00
2.763337707519531250e+01 6.289393901824951172e+00 1.522976875305175781e+00 4.766416072845458984e+00
2.765378761291503906e+01 6.280856132507324219e+00 1.518390178680419922e+00 4.762467384338378906e+00
2.767419624328613281e+01 6.269895553588867188e+00 1.512945175170898438e+00 4.756949901580810547e+00
2.769460678100585938e+01 6.254706859588623047e+00 1.507940411567687988e+00 4.746766567230224609e+00
2.771501350402832031e+01 6.254704475402832031e+00 1.504670739173889160e+00 4.750033855438232422e+00
2.773542404174804688e+01 6.245935440063476562e+00 1.500542521476745605e+00 4.745393753051757812e+00
2.775583076477050781e+01 6.238420963287353516e+00 1.497282981872558594e+00 4.741137981414794922e+00
2.777624130249023438e+01 6.233168125152587891e+00 1.492304444313049316e+00 4.740864276885986328e+00
2.779664802551269531e+01 6.232959270477294922e+00 1.491208791732788086e+00 4.741750717163085938e+00
2.781705856323242188e+01 6.228493213653564453e+00 1.487963199615478516e+00 4.740530490875244141e+00
2.783746528625488281e+01 6.225246429443359375e+00 1.485582470893859863e+00 4.739664554595947266e+00
2.785787391662597656e+01 6.223855972290039062e+00 1.484064579010009766e+00 4.739791393280029297e+00
2.787828445434570312e+01 6.220584869384765625e+00 1.481690049171447754e+00 4.738894462585449219e+00
2.789869117736816406e+01 6.215966224670410156e+00 1.478889942169189453e+00 4.737077713012695312e+00
2.791910171508789062e+01 6.218861103057861328e+00 1.478666305541992188e+00 4.740196228027343750e+00
2.793950843811035156e+01 6.218469619750976562e+00 1.476729393005371094e+00 4.741741180419921875e+00
2.795991897583007812e+01 6.221573829650878906e+00 1.476507663726806641e+00 4.745065689086914062e+00
2.798032569885253906e+01 6.219829082489013672e+00 1.475003004074096680e+00 4.744825363159179688e+00
2.800073623657226562e+01 6.221031188964843750e+00 1.473500370979309082e+00 4.747530460357666016e+00
2.802114486694335938e+01 6.222684860229492188e+00 1.473708629608154297e+00 4.748975753784179688e+00
2.804155540466308594e+01 6.222826480865478516e+00 1.472209215164184570e+00 4.750617027282714844e+00
2.806196212768554688e+01 6.224741935729980469e+00 1.471565008163452148e+00 4.753177642822265625e+00
2.808236885070800781e+01 6.225113868713378906e+00 1.470495700836181641e+00 4.754618644714355469e+00
2.810277938842773438e+01 6.227637767791748047e+00 1.469853758811950684e+00 4.757784843444824219e+00
2.812318611145019531e+01 6.230419635772705078e+00 1.469212651252746582e+00 4.761206626892089844e+00
2.814359664916992188e+01 6.231887817382812500e+00 1.468572378158569336e+00 4.763315200805664062e+00
2.816400527954101562e+01 6.230682373046875000e+00 1.466233253479003906e+00 4.764450073242187500e+00
2.818441581726074219e+01 6.234973907470703125e+00 1.466870427131652832e+00 4.768103599548339844e+00
2.820482254028320312e+01 6.239374160766601562e+00 1.464535951614379883e+00 4.774838447570800781e+00
2.822523307800292969e+01 6.240445137023925781e+00 1.463476896286010742e+00 4.776968479156494141e+00
2.824563980102539062e+01 6.239060401916503906e+00 1.461148142814636230e+00 4.777911663055419922e+00
2.826605033874511719e+01 6.239909172058105469e+00 1.459246158599853516e+00 4.780662059783935547e+00
2.828645706176757812e+01 6.238933086395263672e+00 1.457347035408020020e+00 4.781585693359375000e+00
2.830686378479003906e+01 6.239404201507568359e+00 1.454605102539062500e+00 4.784798622131347656e+00
2.832727432250976562e+01 6.241743087768554688e+00 1.451866745948791504e+00 4.789874553680419922e+00
2.834768295288085938e+01 6.239296436309814453e+00 1.449132680892944336e+00 4.790163040161132812e+00
2.836809349060058594e+01 6.239722251892089844e+00 1.445558309555053711e+00 4.794164180755615234e+00
2.838850021362304688e+01 6.238830089569091797e+00 1.441146135330200195e+00 4.797684192657470703e+00
2.840891075134277344e+01 6.236839771270751953e+00 1.439268112182617188e+00 4.797571182250976562e+00
2.842931747436523438e+01 6.234438896179199219e+00 1.435287714004516602e+00 4.799151897430419922e+00
2.844972801208496094e+01 6.228882789611816406e+00 1.431733727455139160e+00 4.797148227691650391e+00
2.847013473510742188e+01 6.229573726654052734e+00 1.428184747695922852e+00 4.801389694213867188e+00
2.849054527282714844e+01 6.225088119506835938e+00 1.422120213508605957e+00 4.802968025207519531e+00
2.851095390319824219e+01 6.224601745605468750e+00 1.418583393096923828e+00 4.806018352508544922e+00
2.853136062622070312e+01 6.214599609375000000e+00 1.413373589515686035e+00 4.801226615905761719e+00
2.855177116394042969e+01 6.207958698272705078e+00 1.409009337425231934e+00 4.798948764801025391e+00
2.857217788696289062e+01 6.205759048461914062e+00 1.404651641845703125e+00 4.801106452941894531e+00
2.859258842468261719e+01 6.196542739868164062e+00 1.397788166999816895e+00 4.798754692077636719e+00
2.861299514770507812e+01 6.190148353576660156e+00 1.395117878913879395e+00 4.795031070709228516e+00
2.863340568542480469e+01 6.185794353485107422e+00 1.390779256820678711e+00 4.795014381408691406e+00
2.865381431579589844e+01 6.175086021423339844e+00 1.386029124259948730e+00 4.789055824279785156e+00
2.867422294616699219e+01 6.165312767028808594e+00 1.380450844764709473e+00 4.784861087799072266e+00
2.869463157653808594e+01 6.158185958862304688e+00 1.377383351325988770e+00 4.780802726745605469e+00
2.871504211425781250e+01 6.148738861083984375e+00 1.372652769088745117e+00 4.776086330413818359e+00
2.873544883728027344e+01 6.140401840209960938e+00 1.367512583732604980e+00 4.772889614105224609e+00
2.875585937500000000e+01 6.129234790802001953e+00 1.364876985549926758e+00 4.764357566833496094e+00
2.877626609802246094e+01 6.115789890289306641e+00 1.359749436378479004e+00 4.756041049957275391e+00
2.879667282104492188e+01 6.106480598449707031e+00 1.356707453727722168e+00 4.749773979187011719e+00
2.881708335876464844e+01 6.096868038177490234e+00 1.352839112281799316e+00 4.744028568267822266e+00
2.883749198913574219e+01 6.086125373840332031e+00 1.349391222000122070e+00 4.736733913421630859e+00
2.885790252685546875e+01 6.072935104370117188e+00 1.345533370971679688e+00 4.727401733398437500e+00
2.887830924987792969e+01 6.062993526458740234e+00 1.341681241989135742e+00 4.721312046051025391e+00
2.889871978759765625e+01 6.050651073455810547e+00 1.338662743568420410e+00 4.711987018585205078e+00
2.891912651062011719e+01 6.036496639251708984e+00 1.335234642028808594e+00 4.701261997222900391e+00
2.893953704833984375e+01 6.027782440185546875e+00 1.332224845886230469e+00 4.695558547973632812e+00
2.895994377136230469e+01 6.018537998199462891e+00 1.330046176910400391e+00 4.688490867614746094e+00
2.898035430908203125e+01 6.004323005676269531e+00 1.326218128204345703e+00 4.678103446960449219e+00
2.900076293945312500e+01 5.995865345001220703e+00 1.324046850204467773e+00 4.671819686889648438e+00
2.902116966247558594e+01 5.989319324493408203e+00 1.321878433227539062e+00 4.667441368103027344e+00
2.904158020019531250e+01 5.976217746734619141e+00 1.318888783454895020e+00 4.657328605651855469e+00
2.906198692321777344e+01 5.967799663543701172e+00 1.316727042198181152e+00 4.651072502136230469e+00
2.908239746093750000e+01 5.953623294830322266e+00 1.314979791641235352e+00 4.638644218444824219e+00
2.910280418395996094e+01 5.948836803436279297e+00 1.311590075492858887e+00 4.637247085571289062e+00
2.912321472167968750e+01 5.940475463867187500e+00 1.309848785400390625e+00 4.630624771118164062e+00
2.914362144470214844e+01 5.933371067047119141e+00 1.307288885116577148e+00 4.626083374023437500e+00
2.916403198242187500e+01 5.926285743713378906e+00 1.305142641067504883e+00 4.621143341064453125e+00
2.918444061279296875e+01 5.922029018402099609e+00 1.303819775581359863e+00 4.618208885192871094e+00
2.920485115051269531e+01 5.916090965270996094e+00 1.301269173622131348e+00 4.614822864532470703e+00
2.922525787353515625e+01 5.911596298217773438e+00 1.299131989479064941e+00 4.612463951110839844e+00
2.924566459655761719e+01 5.906421184539794922e+00 1.296588182449340820e+00 4.609832763671875000e+00
2.926607513427734375e+01 5.904778480529785156e+00 1.295275092124938965e+00 4.609502792358398438e+00
2.928648185729980469e+01 5.899839878082275391e+00 1.292328834533691406e+00 4.607511043548583984e+00
2.930689239501953125e+01 5.896840572357177734e+00 1.289795279502868652e+00 4.607045650482177734e+00
2.932730102539062500e+01 5.895688533782958984e+00 1.288081407546997070e+00 4.607606410980224609e+00
2.934771156311035156e+01 5.894583225250244141e+00 1.285554289817810059e+00 4.609030246734619141e+00
2.936811828613281250e+01 5.893688678741455078e+00 1.282215356826782227e+00 4.611472606658935547e+00
2.938852882385253906e+01 5.891686916351318359e+00 1.280510425567626953e+00 4.611177921295166016e+00
2.940893554687500000e+01 5.885412693023681641e+00 1.277993798255920410e+00 4.607418537139892578e+00
2.942934608459472656e+01 5.885384559631347656e+00 1.275074005126953125e+00 4.610311031341552734e+00
2.944975280761718750e+01 5.884913444519042969e+00 1.272564530372619629e+00 4.612349033355712891e+00
2.947016143798828125e+01 5.885856628417968750e+00 1.269652366638183594e+00 4.616205215454101562e+00
2.949057197570800781e+01 5.884141921997070312e+00 1.265120863914489746e+00 4.619021415710449219e+00
2.951097869873046875e+01 5.886817455291748047e+00 1.263840436935424805e+00 4.622976779937744141e+00
2.953138923645019531e+01 5.889235496520996094e+00 1.261750936508178711e+00 4.627484798431396484e+00
2.955179595947265625e+01 5.877423286437988281e+00 1.256829261779785156e+00 4.620594024658203125e+00
2.957220649719238281e+01 5.879751205444335938e+00 1.254342913627624512e+00 4.625408172607421875e+00
2.959261322021484375e+01 5.880999088287353516e+00 1.251050949096679688e+00 4.629949092864990234e+00
2.961302375793457031e+01 5.879625320434570312e+00 1.247763514518737793e+00 4.631861686706542969e+00
2.963343048095703125e+01 5.878939628601074219e+00 1.244480729103088379e+00 4.634459018707275391e+00
2.965384101867675781e+01 5.876889705657958984e+00 1.241202235221862793e+00 4.635686397552490234e+00
2.967424964904785156e+01 5.874843120574951172e+00 1.238331913948059082e+00 4.636511325836181641e+00
2.969465637207031250e+01 5.870136737823486328e+00 1.233853101730346680e+00 4.636283874511718750e+00
2.971506690979003906e+01 5.868117332458496094e+00 1.231394290924072266e+00 4.636723995208740234e+00
2.973547363281250000e+01 5.865788936614990234e+00 1.228939056396484375e+00 4.636850357055664062e+00
2.975588417053222656e+01 5.861529827117919922e+00 1.225682497024536133e+00 4.635847568511962891e+00
2.977629089355468750e+01 5.858432769775390625e+00 1.222430586814880371e+00 4.636001586914062500e+00
2.979670143127441406e+01 5.853687286376953125e+00 1.219584703445434570e+00 4.634102344512939453e+00
2.981711006164550781e+01 5.847681045532226562e+00 1.216341495513916016e+00 4.631340503692626953e+00
2.983752059936523438e+01 5.840856552124023438e+00 1.212701320648193359e+00 4.628156185150146484e+00
2.985792732238769531e+01 5.834955692291259766e+00 1.210268855094909668e+00 4.624685764312744141e+00
2.987833786010742188e+01 5.828598022460937500e+00 1.207439064979553223e+00 4.621158599853515625e+00
2.989874458312988281e+01 5.821702480316162109e+00 1.205413937568664551e+00 4.616288661956787109e+00
2.991915130615234375e+01 5.817688465118408203e+00 1.203791618347167969e+00 4.613897800445556641e+00
2.993956184387207031e+01 5.803957462310791016e+00 1.198973059654235840e+00 4.604983806610107422e+00
2.995997047424316406e+01 5.793487071990966797e+00 1.196158766746520996e+00 4.597328186035156250e+00
2.998037910461425781e+01 5.787176609039306641e+00 1.193747520446777344e+00 4.593428611755371094e+00
3.000078773498535156e+01 5.775918006896972656e+00 1.191339492797851562e+00 4.584578990936279297e+00
3.002119827270507812e+01 5.765954494476318359e+00 1.188536047935485840e+00 4.577418327331542969e+00
3.004160499572753906e+01 5.756823062896728516e+00 1.185736536979675293e+00 4.571086406707763672e+00
3.006201553344726562e+01 5.742205619812011719e+00 1.183737039566040039e+00 4.558468818664550781e+00
3.008242225646972656e+01 5.733646869659423828e+00 1.181740283966064453e+00 4.551905632019042969e+00
3.010283279418945312e+01 5.721151828765869141e+00 1.178951025009155273e+00 4.542199611663818359e+00
3.012323951721191406e+01 5.710031032562255859e+00 1.176960229873657227e+00 4.533069133758544922e+00
3.014365005493164062e+01 5.697435379028320312e+00 1.174177765846252441e+00 4.523257732391357422e+00
3.016405868530273438e+01 5.684110641479492188e+00 1.170605778694152832e+00 4.513505458831787109e+00
3.018446540832519531e+01 5.670652389526367188e+00 1.169814348220825195e+00 4.500837802886962891e+00
3.020487594604492188e+01 5.659978389739990234e+00 1.167438626289367676e+00 4.492539882659912109e+00
3.022528266906738281e+01 5.647065162658691406e+00 1.165462493896484375e+00 4.481602668762207031e+00
3.024569320678710938e+01 5.638408660888671875e+00 1.163488745689392090e+00 4.474919795989990234e+00
3.026609992980957031e+01 5.621838092803955078e+00 1.161122322082519531e+00 4.460716724395751953e+00
3.028651046752929688e+01 5.608217239379882812e+00 1.159154295921325684e+00 4.449063301086425781e+00
3.030691909790039062e+01 5.597192287445068359e+00 1.157583832740783691e+00 4.439607620239257812e+00
3.032732963562011719e+01 5.588869094848632812e+00 1.156015396118164062e+00 4.432853221893310547e+00
3.034773635864257812e+01 5.573531627655029297e+00 1.151688337326049805e+00 4.421842575073242188e+00
3.036814689636230469e+01 5.561623573303222656e+00 1.151702523231506348e+00 4.409922599792480469e+00
3.038855361938476562e+01 5.552227020263671875e+00 1.150929212570190430e+00 4.401298522949218750e+00
3.040896034240722656e+01 5.529205322265625000e+00 1.142678022384643555e+00 4.386526107788085938e+00
3.042937088012695312e+01 5.511103630065917969e+00 1.137191295623779297e+00 4.373912334442138672e+00
3.044977760314941406e+01 5.493403911590576172e+00 1.132105112075805664e+00 4.361298084259033203e+00
3.047018814086914062e+01 5.490787506103515625e+00 1.130954027175903320e+00 4.359833240509033203e+00
3.049059677124023438e+01 5.483007431030273438e+00 1.123130798339843750e+00 4.359877586364746094e+00
3.051100730895996094e+01 5.454331398010253906e+00 1.114925742149353027e+00 4.339406490325927734e+00
3.053141403198242188e+01 5.443227767944335938e+00 1.118885040283203125e+00 4.324342727661132812e+00
3.055182456970214844e+01 5.431671142578125000e+00 1.115003347396850586e+00 4.316667556762695312e+00
3.057223129272460938e+01 5.416345596313476562e+00 1.110343933105468750e+00 4.306002616882324219e+00
3.059264183044433594e+01 5.406034946441650391e+00 1.106472969055175781e+00 4.299561977386474609e+00
3.061304855346679688e+01 5.394483089447021484e+00 1.102216482162475586e+00 4.292266368865966797e+00
3.063345718383789062e+01 5.382862091064453125e+00 1.097965598106384277e+00 4.284896373748779297e+00
3.065386772155761719e+01 5.371368885040283203e+00 1.093720197677612305e+00 4.277647495269775391e+00
3.067427444458007812e+01 5.361623764038085938e+00 1.089480638504028320e+00 4.272142887115478516e+00
3.069468498229980469e+01 5.350351810455322266e+00 1.084856629371643066e+00 4.265494823455810547e+00
3.071509170532226562e+01 5.339353084564208984e+00 1.079849123954772949e+00 4.259502887725830078e+00
3.073550224304199219e+01 5.330531120300292969e+00 1.075237751007080078e+00 4.255292892456054688e+00
3.075590896606445312e+01 5.319800376892089844e+00 1.069464921951293945e+00 4.250336170196533203e+00
3.077631950378417969e+01 5.314610958099365234e+00 1.066033244132995605e+00 4.248578548431396484e+00
3.079672813415527344e+01 5.307786941528320312e+00 1.060274243354797363e+00 4.247513771057128906e+00
3.081713676452636719e+01 5.298949241638183594e+00 1.054134368896484375e+00 4.244815349578857422e+00
3.083754539489746094e+01 5.291944980621337891e+00 1.048002600669860840e+00 4.243942737579345703e+00
3.085795211791992188e+01 5.285363197326660156e+00 1.041491150856018066e+00 4.243872642517089844e+00
3.087836265563964844e+01 5.279093742370605469e+00 1.034600615501403809e+00 4.244493007659912109e+00
3.089876937866210938e+01 5.273405075073242188e+00 1.028494000434875488e+00 4.244910240173339844e+00
3.091917991638183594e+01 5.269478321075439453e+00 1.023943781852722168e+00 4.245535373687744141e+00
3.093958663940429688e+01 5.263880252838134766e+00 1.020173430442810059e+00 4.243706226348876953e+00
3.095999717712402344e+01 5.260999202728271484e+00 1.018727779388427734e+00 4.242272853851318359e+00
3.098040580749511719e+01 5.253684043884277344e+00 1.021533846855163574e+00 4.232150554656982422e+00
3.100081634521484375e+01 5.246914863586425781e+00 1.029355645179748535e+00 4.217559337615966797e+00
3.102122306823730469e+01 5.245048522949218750e+00 1.027906656265258789e+00 4.217141151428222656e+00
3.104163360595703125e+01 5.248948097229003906e+00 1.016434073448181152e+00 4.232512950897216797e+00
3.106204032897949219e+01 5.252358913421630859e+00 1.007288813591003418e+00 4.245069980621337891e+00
3.108244705200195312e+01 5.252225399017333984e+00 1.020875811576843262e+00 4.231348991394042969e+00
3.110285758972167969e+01 5.243062973022460938e+00 1.029441952705383301e+00 4.213621139526367188e+00
3.112326622009277344e+01 5.235162258148193359e+00 1.032228231430053711e+00 4.202933788299560547e+00
3.114367675781250000e+01 5.227573871612548828e+00 1.031167507171630859e+00 4.196407318115234375e+00
3.116408348083496094e+01 5.223836421966552734e+00 1.028955936431884766e+00 4.194880008697509766e+00
3.118449401855468750e+01 5.219316959381103516e+00 1.024444103240966797e+00 4.194873332977294922e+00
3.120490074157714844e+01 5.219819068908691406e+00 1.017636895179748535e+00 4.202182769775390625e+00
3.122531127929687500e+01 5.222124099731445312e+00 1.008155107498168945e+00 4.213969230651855469e+00
3.124571800231933594e+01 5.232696056365966797e+00 9.948551654815673828e-01 4.237842082977294922e+00
3.126612854003906250e+01 5.297065258026123047e+00 9.754471182823181152e-01 4.321618556976318359e+00
3.128653526306152344e+01 5.265065193176269531e+00 9.755759835243225098e-01 4.289490699768066406e+00
3.130694580078125000e+01 5.247385501861572266e+00 9.879390597343444824e-01 4.259445190429687500e+00
3.132735443115234375e+01 5.249025344848632812e+00 1.005635499954223633e+00 4.243389606475830078e+00
3.134776115417480469e+01 5.243108749389648438e+00 1.016817569732666016e+00 4.226291179656982422e+00
3.136817169189453125e+01 5.238453865051269531e+00 1.020353317260742188e+00 4.218101024627685547e+00
3.138857841491699219e+01 5.251479148864746094e+00 1.020071268081665039e+00 4.231407165527343750e+00
3.140898895263671875e+01 5.223322868347167969e+00 1.022076129913330078e+00 4.201247215270996094e+00
3.142939567565917969e+01 5.218209266662597656e+00 1.021031618118286133e+00 4.197177886962890625e+00
3.144980621337890625e+01 5.208419322967529297e+00 1.018846511840820312e+00 4.189572811126708984e+00
3.147021484375000000e+01 5.198095321655273438e+00 1.016284227371215820e+00 4.181811332702636719e+00
3.149062538146972656e+01 5.190370559692382812e+00 1.008403539657592773e+00 4.181967258453369141e+00
3.151103210449218750e+01 5.196215152740478516e+00 9.940758943557739258e-01 4.202138900756835938e+00
3.153144264221191406e+01 5.240839004516601562e+00 9.752111434936523438e-01 4.265626907348632812e+00
3.155184936523437500e+01 5.163068294525146484e+00 9.810296297073364258e-01 4.182039260864257812e+00
3.157225608825683594e+01 5.093639373779296875e+00 9.640934467315673828e-01 4.129545688629150391e+00
3.159266662597656250e+01 5.058419704437255859e+00 9.430115818977355957e-01 4.115406990051269531e+00
3.161307525634765625e+01 5.032397270202636719e+00 9.246073961257934570e-01 4.107790470123291016e+00
3.163348579406738281e+01 5.022352218627929688e+00 9.156863689422607422e-01 4.106667041778564453e+00
3.165389251708984375e+01 5.033776283264160156e+00 9.147177934646606445e-01 4.119058132171630859e+00
3.167430305480957031e+01 5.064976692199707031e+00 9.315115809440612793e-01 4.133465290069580078e+00
3.169470977783203125e+01 5.111407756805419922e+00 9.569697976112365723e-01 4.154438018798828125e+00
3.171512031555175781e+01 5.153812408447265625e+00 9.812629222869873047e-01 4.172549724578857422e+00
3.173552703857421875e+01 5.179548740386962891e+00 9.987359046936035156e-01 4.180811882019042969e+00
3.175593757629394531e+01 5.189676284790039062e+00 1.008270859718322754e+00 4.181406497955322266e+00
3.177634429931640625e+01 5.191924571990966797e+00 1.011013507843017578e+00 4.180911064147949219e+00
3.179675292968750000e+01 5.187996387481689453e+00 1.009988307952880859e+00 4.178008079528808594e+00
3.181716346740722656e+01 5.180768489837646484e+00 1.007083177566528320e+00 4.173686027526855469e+00
3.183757019042968750e+01 5.175546169281005859e+00 1.000798344612121582e+00 4.174747467041015625e+00
3.185798072814941406e+01 5.185291767120361328e+00 9.926427006721496582e-01 4.192649364471435547e+00
3.187838745117187500e+01 5.209322929382324219e+00 9.814940094947814941e-01 4.227828502655029297e+00
3.189879798889160156e+01 5.282250404357910156e+00 9.572260975837707520e-01 4.325024604797363281e+00
3.191920471191406250e+01 5.341682910919189453e+00 9.277394413948059082e-01 4.413943290710449219e+00
3.193961524963378906e+01 5.243995189666748047e+00 9.365154504776000977e-01 4.307480335235595703e+00
3.196002388000488281e+01 5.126722812652587891e+00 9.553923606872558594e-01 4.171331405639648438e+00
3.198043441772460938e+01 5.053564071655273438e+00 9.585254192352294922e-01 4.095037937164306641e+00
3.200083923339843750e+01 5.006792068481445312e+00 9.530516862869262695e-01 4.053739547729492188e+00
3.202124786376953125e+01 4.971840858459472656e+00 9.408565163612365723e-01 4.030982971191406250e+00
3.204166030883789062e+01 4.927954196929931641e+00 9.200848340988159180e-01 4.007869720458984375e+00
3.206206512451171875e+01 4.895112514495849609e+00 8.974729180335998535e-01 3.997639894485473633e+00
3.208247756958007812e+01 4.877801418304443359e+00 8.756359815597534180e-01 4.002165317535400391e+00
3.210288238525390625e+01 4.877962589263916016e+00 8.683680891990661621e-01 4.009593963623046875e+00
3.212329483032226562e+01 4.921397686004638672e+00 8.987432122230529785e-01 4.022654533386230469e+00
3.214369964599609375e+01 4.951661109924316406e+00 9.305693507194519043e-01 4.021091461181640625e+00
3.216411209106445312e+01 4.966997146606445312e+00 9.485859870910644531e-01 4.018410682678222656e+00
3.218451690673828125e+01 4.967221260070800781e+00 9.543069005012512207e-01 4.012916088104248047e+00
3.220492935180664062e+01 4.954737663269042969e+00 9.511004090309143066e-01 4.003637313842773438e+00
3.222533798217773438e+01 4.943320751190185547e+00 9.415836930274963379e-01 4.001735687255859375e+00
3.224574279785156250e+01 4.992144584655761719e+00 9.521237611770629883e-01 4.040019512176513672e+00
3.226615524291992188e+01 4.976606845855712891e+00 9.752630591392517090e-01 4.001344203948974609e+00
3.228656005859375000e+01 4.958890914916992188e+00 9.798368811607360840e-01 3.979053974151611328e+00
3.230697250366210938e+01 4.949900627136230469e+00 9.766243100166320801e-01 3.973275661468505859e+00
3.232737731933593750e+01 4.946662902832031250e+00 9.715647697448730469e-01 3.975098609924316406e+00
3.234778976440429688e+01 4.930767536163330078e+00 9.413495063781738281e-01 3.989418983459472656e+00
3.236819839477539062e+01 4.928275108337402344e+00 9.459331035614013672e-01 3.982341527938842773e+00
3.238860702514648438e+01 4.941716194152832031e+00 9.571629762649536133e-01 3.984553575515747070e+00
3.240901565551757812e+01 4.965713977813720703e+00 9.643161892890930176e-01 4.001398086547851562e+00
3.242942428588867188e+01 4.996271133422851562e+00 9.655547142028808594e-01 4.030716896057128906e+00
3.244983291625976562e+01 5.047653198242187500e+00 9.726936221122741699e-01 4.074959754943847656e+00
3.247023773193359375e+01 5.151047229766845703e+00 9.658156037330627441e-01 4.185232162475585938e+00
3.249065017700195312e+01 5.136857509613037109e+00 9.029491543769836426e-01 4.233907222747802734e+00
3.251105880737304688e+01 5.067074298858642578e+00 8.942826390266418457e-01 4.172791957855224609e+00
3.253146743774414062e+01 5.041458606719970703e+00 9.187414646148681641e-01 4.122716903686523438e+00
3.255187606811523438e+01 5.004550933837890625e+00 9.321383237838745117e-01 4.072412490844726562e+00
3.257228469848632812e+01 4.942988395690917969e+00 9.297168254852294922e-01 4.013270378112792969e+00
3.259269332885742188e+01 4.904571533203125000e+00 9.214224815368652344e-01 3.983149290084838867e+00
3.261310195922851562e+01 4.872190475463867188e+00 9.024950861930847168e-01 3.969696283340454102e+00
3.263351058959960938e+01 4.859204769134521484e+00 8.854252099990844727e-01 3.973780155181884766e+00
3.265391921997070312e+01 4.896007061004638672e+00 8.885373473167419434e-01 4.007469177246093750e+00
3.267432785034179688e+01 4.942508697509765625e+00 9.041009545326232910e-01 4.038408756256103516e+00
3.269473648071289062e+01 4.934775352478027344e+00 9.108584523200988770e-01 4.023915290832519531e+00
3.271514511108398438e+01 4.899171352386474609e+00 9.044363498687744141e-01 3.994734048843383789e+00
3.273555374145507812e+01 4.862236499786376953e+00 8.932688236236572266e-01 3.968966245651245117e+00
3.275596237182617188e+01 4.835023403167724609e+00 8.854038715362548828e-01 3.949619293212890625e+00
3.277637100219726562e+01 4.843049526214599609e+00 8.994603157043457031e-01 3.943590641021728516e+00
3.279677963256835938e+01 4.856276512145996094e+00 9.218930602073669434e-01 3.934384346008300781e+00
3.281718826293945312e+01 4.782415390014648438e+00 8.808342218399047852e-01 3.901581287384033203e+00
3.283759689331054688e+01 4.667023181915283203e+00 7.968143820762634277e-01 3.870209455490112305e+00
3.285800552368164062e+01 4.632762908935546875e+00 7.485986351966857910e-01 3.884164333343505859e+00
3.287841796875000000e+01 4.698584556579589844e+00 7.747099399566650391e-01 3.923875570297241211e+00
3.289882278442382812e+01 4.794480800628662109e+00 8.266208767890930176e-01 3.967859983444213867e+00
3.291923522949218750e+01 4.858046054840087891e+00 8.624687790870666504e-01 3.995576620101928711e+00
3.293964004516601562e+01 4.901248455047607422e+00 8.815568685531616211e-01 4.019690513610839844e+00
3.296004867553710938e+01 4.951764106750488281e+00 8.937214016914367676e-01 4.058042526245117188e+00
3.298045730590820312e+01 5.010031223297119141e+00 9.316387772560119629e-01 4.078392505645751953e+00
3.300086593627929688e+01 4.979646205902099609e+00 9.397676587104797363e-01 4.039878368377685547e+00
3.302127456665039062e+01 4.923986911773681641e+00 9.239626526832580566e-01 4.000023365020751953e+00
3.304168319702148438e+01 4.904087066650390625e+00 9.161467552185058594e-01 3.987940311431884766e+00
3.306209564208984375e+01 4.903194904327392578e+00 9.108748435974121094e-01 3.992319345474243164e+00
3.308250045776367188e+01 4.917654037475585938e+00 9.085039496421813965e-01 4.009150981903076172e+00
3.310291290283203125e+01 4.961750030517578125e+00 9.079437851905822754e-01 4.053806781768798828e+00
3.312331771850585938e+01 5.113796710968017578e+00 9.225615859031677246e-01 4.191235542297363281e+00
3.314373016357421875e+01 5.196356296539306641e+00 9.537739157676696777e-01 4.242583274841308594e+00
3.316413497924804688e+01 5.102059364318847656e+00 9.741203188896179199e-01 4.127937793731689453e+00
3.318454360961914062e+01 4.988989830017089844e+00 9.727998375892639160e-01 4.016188621520996094e+00
3.320495605468750000e+01 5.068044185638427734e+00 9.927489757537841797e-01 4.075294494628906250e+00
3.322536087036132812e+01 4.945024013519287109e+00 9.229704737663269043e-01 4.022054195404052734e+00
3.324577331542968750e+01 4.875751018524169922e+00 9.069223999977111816e-01 3.968829870223999023e+00
3.326617813110351562e+01 4.931705951690673828e+00 9.394688010215759277e-01 3.992237091064453125e+00
3.328659057617187500e+01 5.037733554840087891e+00 9.867183566093444824e-01 4.051015377044677734e+00
3.330699539184570312e+01 5.209863662719726562e+00 9.404737353324890137e-01 4.269390106201171875e+00
3.332740783691406250e+01 5.003037929534912109e+00 8.587296605110168457e-01 4.144308090209960938e+00
3.334781646728515625e+01 5.005972862243652344e+00 8.862007856369018555e-01 4.119771480560302734e+00
3.336822509765625000e+01 5.004973888397216797e+00 8.863760828971862793e-01 4.118597984313964844e+00
3.338863372802734375e+01 4.980450630187988281e+00 8.593059182167053223e-01 4.121146678924560547e+00
3.340903854370117188e+01 4.984375953674316406e+00 8.695292472839355469e-01 4.114847660064697266e+00
3.342945098876953125e+01 4.967163085937500000e+00 8.826044201850891113e-01 4.084559440612792969e+00
3.344985580444335938e+01 4.935754299163818359e+00 8.745513558387756348e-01 4.061203002929687500e+00
3.347026824951171875e+01 4.908862590789794922e+00 8.593557476997375488e-01 4.049507141113281250e+00
3.349067306518554688e+01 4.908180713653564453e+00 8.702688813209533691e-01 4.037913322448730469e+00
3.351108551025390625e+01 4.938116073608398438e+00 8.890267610549926758e-01 4.049089431762695312e+00
3.353149414062500000e+01 4.837133407592773438e+00 8.631411790847778320e-01 3.973992109298706055e+00
3.355190277099609375e+01 4.798213958740234375e+00 8.397841453552246094e-01 3.958430528640747070e+00
3.357231140136718750e+01 4.934420585632324219e+00 8.442651629447937012e-01 4.090154170989990234e+00
3.359272003173828125e+01 5.093780517578125000e+00 9.014750719070434570e-01 4.192306041717529297e+00
3.361312866210937500e+01 4.991236209869384766e+00 9.162400364875793457e-01 4.074995040893554688e+00
3.363353347778320312e+01 4.875120162963867188e+00 9.064311385154724121e-01 3.968688964843750000e+00
3.365394592285156250e+01 4.720164299011230469e+00 8.454182147979736328e-01 3.874745845794677734e+00
3.367435455322265625e+01 4.695895195007324219e+00 8.406404256820678711e-01 3.855255842208862305e+00
3.369476318359375000e+01 4.690902233123779297e+00 8.582482337951660156e-01 3.832655668258666992e+00
3.371517181396484375e+01 4.714224815368652344e+00 8.882604837417602539e-01 3.825964689254760742e+00
3.373558044433593750e+01 4.750081539154052734e+00 8.902066946029663086e-01 3.859875679016113281e+00
3.375598907470703125e+01 4.857693195343017578e+00 8.964058160781860352e-01 3.961286783218383789e+00
3.377639770507812500e+01 4.988521099090576172e+00 9.291754961013793945e-01 4.059345722198486328e+00
3.379680633544921875e+01 4.877416133880615234e+00 9.073646664619445801e-01 3.970051288604736328e+00
3.381721496582031250e+01 4.878872394561767578e+00 9.124801754951477051e-01 3.966392517089843750e+00
3.383762359619140625e+01 4.890697479248046875e+00 9.115761518478393555e-01 3.979121923446655273e+00
3.385803222656250000e+01 4.882216930389404297e+00 8.940575718879699707e-01 3.988160371780395508e+00
3.387844085693359375e+01 4.839154243469238281e+00 8.550083637237548828e-01 3.984145879745483398e+00
3.389884948730468750e+01 4.813878536224365234e+00 8.509626984596252441e-01 3.962914943695068359e+00
3.391925811767578125e+01 4.786805629730224609e+00 8.515092134475708008e-01 3.935295343399047852e+00
3.393966674804687500e+01 4.760118961334228516e+00 8.450018167495727539e-01 3.915118217468261719e+00
3.396007537841796875e+01 4.743376255035400391e+00 8.339201807975769043e-01 3.909457445144653320e+00
3.398048400878906250e+01 4.736917495727539062e+00 8.256698846817016602e-01 3.911247968673706055e+00
3.400089263916015625e+01 4.729960918426513672e+00 8.244702219963073730e-01 3.905490636825561523e+00
3.402130126953125000e+01 4.703408241271972656e+00 8.246792554855346680e-01 3.878729581832885742e+00
3.404171371459960938e+01 4.691458702087402344e+00 8.245364427566528320e-01 3.866920948028564453e+00
3.406211853027343750e+01 4.703031539916992188e+00 8.286107182502746582e-01 3.874421358108520508e+00
3.408253097534179688e+01 4.675157546997070312e+00 8.375967144966125488e-01 3.837561130523681641e+00
3.410293579101562500e+01 4.669376850128173828e+00 8.493799567222595215e-01 3.819996595382690430e+00
3.412334442138671875e+01 4.655648231506347656e+00 8.215116262435913086e-01 3.834135770797729492e+00
3.414375305175781250e+01 4.623506069183349609e+00 8.217216134071350098e-01 3.801782608032226562e+00
3.416416168212890625e+01 4.606956481933593750e+00 9.137243628501892090e-01 3.693231105804443359e+00
3.418457412719726562e+01 4.670073986053466797e+00 9.198315739631652832e-01 3.750242233276367188e+00
3.420497894287109375e+01 4.791569232940673828e+00 9.210325479507446289e-01 3.870537281036376953e+00
3.422539138793945312e+01 4.682397365570068359e+00 9.012481570243835449e-01 3.781149864196777344e+00
3.424579620361328125e+01 4.650136470794677734e+00 8.605164289474487305e-01 3.789620637893676758e+00
3.426620864868164062e+01 4.661170959472656250e+00 8.271686434745788574e-01 3.834002017974853516e+00
3.428661346435546875e+01 4.669692993164062500e+00 8.409895896911621094e-01 3.828703165054321289e+00
3.430702590942382812e+01 4.738556861877441406e+00 8.603762388229370117e-01 3.878180027008056641e+00
3.432743072509765625e+01 4.731835365295410156e+00 8.260420560836791992e-01 3.905793666839599609e+00
3.434783935546875000e+01 4.808649539947509766e+00 8.255512714385986328e-01 3.983098268508911133e+00
3.436825180053710938e+01 4.786880016326904297e+00 7.958059310913085938e-01 3.991074562072753906e+00
3.438865661621093750e+01 4.683530330657958984e+00 8.033392429351806641e-01 3.880189895629882812e+00
3.440906906127929688e+01 4.715926647186279297e+00 8.094720840454101562e-01 3.906454086303710938e+00
3.442947387695312500e+01 4.777492523193359375e+00 8.218554854393005371e-01 3.955638170242309570e+00
3.444988632202148438e+01 4.812088489532470703e+00 8.283176422119140625e-01 3.983770608901977539e+00
3.447029113769531250e+01 4.743285655975341797e+00 8.194933533668518066e-01 3.923792600631713867e+00
3.449070358276367188e+01 4.704042911529541016e+00 8.405246734619140625e-01 3.863518476486206055e+00
3.451111221313476562e+01 4.841823577880859375e+00 8.795664906501770020e-01 3.962257146835327148e+00
3.453152084350585938e+01 4.782790660858154297e+00 8.790466189384460449e-01 3.903743505477905273e+00
3.455192947387695312e+01 4.804895877838134766e+00 8.542779684066772461e-01 3.950617551803588867e+00
3.457233428955078125e+01 4.835264682769775391e+00 8.537737131118774414e-01 3.981490850448608398e+00
3.459274673461914062e+01 4.960107326507568359e+00 8.965216279029846191e-01 4.063586711883544922e+00
3.461315155029296875e+01 4.908513545989990234e+00 8.752444982528686523e-01 4.033269405364990234e+00
3.463356399536132812e+01 4.882455825805664062e+00 9.072155952453613281e-01 3.975240707397460938e+00
3.465397262573242188e+01 4.931045055389404297e+00 9.861239790916442871e-01 3.944920539855957031e+00
3.467438125610351562e+01 4.917225360870361328e+00 9.848530888557434082e-01 3.932372093200683594e+00
3.469478988647460938e+01 4.946512222290039062e+00 9.442542791366577148e-01 4.002257347106933594e+00
3.471519851684570312e+01 4.812228202819824219e+00 8.981863260269165039e-01 3.914042949676513672e+00
3.473560714721679688e+01 4.815527439117431641e+00 9.035167694091796875e-01 3.912010669708251953e+00
3.475601577758789062e+01 4.753963947296142578e+00 8.750907182693481445e-01 3.878873109817504883e+00
3.477642440795898438e+01 4.717734813690185547e+00 8.480748534202575684e-01 3.869659900665283203e+00
3.479682922363281250e+01 4.678595066070556641e+00 8.293463587760925293e-01 3.849248886108398438e+00
3.481724166870117188e+01 4.694720268249511719e+00 8.113272190093994141e-01 3.883393049240112305e+00
3.483765029907226562e+01 4.706609725952148438e+00 8.201286792755126953e-01 3.886480331420898438e+00
3.485805892944335938e+01 4.653244018554687500e+00 8.278896212577819824e-01 3.825353622436523438e+00
3.487846755981445312e+01 4.714594364166259766e+00 8.390732407569885254e-01 3.875521183013916016e+00
3.489887619018554688e+01 4.651832103729248047e+00 8.317229747772216797e-01 3.820108652114868164e+00
3.491928482055664062e+01 4.632320880889892578e+00 8.161545991897583008e-01 3.816165208816528320e+00
3.493969345092773438e+01 4.645601272583007812e+00 8.009470701217651367e-01 3.844653844833374023e+00
3.496010208129882812e+01 4.625075817108154297e+00 7.854149341583251953e-01 3.839661359786987305e+00
3.498051071166992188e+01 4.692520618438720703e+00 8.140417933464050293e-01 3.878478765487670898e+00
3.500091934204101562e+01 4.617939949035644531e+00 7.807372212409973145e-01 3.837202548980712891e+00
3.502132797241210938e+01 4.616354942321777344e+00 7.478132247924804688e-01 3.868542671203613281e+00
3.504173660278320312e+01 4.593680858612060547e+00 7.453281283378601074e-01 3.848353385925292969e+00
3.506214523315429688e+01 4.562909603118896484e+00 7.472839951515197754e-01 3.815626621246337891e+00
3.508255386352539062e+01 4.455771446228027344e+00 7.444609403610229492e-01 3.711310625076293945e+00
3.510296249389648438e+01 4.462297439575195312e+00 7.661921381950378418e-01 3.696104288101196289e+00
3.512337112426757812e+01 4.488216876983642578e+00 8.270884752273559570e-01 3.661129713058471680e+00
3.514377975463867188e+01 4.528377532958984375e+00 8.514712452888488770e-01 3.676905632019042969e+00
3.516418838500976562e+01 4.546719074249267578e+00 8.404248952865600586e-01 3.706295251846313477e+00
3.518459701538085938e+01 4.505035400390625000e+00 8.239482641220092773e-01 3.681085586547851562e+00
3.520500946044921875e+01 4.548244476318359375e+00 8.078307509422302246e-01 3.740412473678588867e+00
3.522541427612304688e+01 4.563995361328125000e+00 7.941105961799621582e-01 3.769884824752807617e+00
3.524582672119140625e+01 4.500277519226074219e+00 7.427104115486145020e-01 3.757566452026367188e+00
3.526623153686523438e+01 4.477996349334716797e+00 7.005336880683898926e-01 3.777462005615234375e+00
3.528664016723632812e+01 4.451600074768066406e+00 6.991109251976013184e-01 3.752488851547241211e+00
3.530704879760742188e+01 4.483291625976562500e+00 7.739678025245666504e-01 3.709324359893798828e+00
3.532745742797851562e+01 4.525382995605468750e+00 8.317973017692565918e-01 3.693586111068725586e+00
3.534786987304687500e+01 4.484335899353027344e+00 8.143858909606933594e-01 3.669950246810913086e+00
3.536827468872070312e+01 4.460339546203613281e+00 8.098548650741577148e-01 3.650485515594482422e+00
3.538868713378906250e+01 4.484410762786865234e+00 8.076967000961303711e-01 3.676713705062866211e+00
3.540909194946289062e+01 4.518217086791992188e+00 7.761317491531372070e-01 3.742085695266723633e+00
3.542950439453125000e+01 4.480049610137939453e+00 7.756846547126770020e-01 3.704364776611328125e+00
3.544990921020507812e+01 4.540997982025146484e+00 7.931334972381591797e-01 3.747864961624145508e+00
3.547032165527343750e+01 4.509454727172851562e+00 7.626438140869140625e-01 3.746811389923095703e+00
3.549073028564453125e+01 4.404010772705078125e+00 7.048711776733398438e-01 3.699139118194580078e+00
3.551113510131835938e+01 4.381462574005126953e+00 7.085109353065490723e-01 3.672951459884643555e+00
3.553154754638671875e+01 4.347855091094970703e+00 7.492023110389709473e-01 3.598653554916381836e+00
3.555195236206054688e+01 4.354231357574462891e+00 7.406919598579406738e-01 3.613539218902587891e+00
3.557236480712890625e+01 4.409621238708496094e+00 7.076278924942016602e-01 3.701993465423583984e+00
3.559276962280273438e+01 4.370614051818847656e+00 6.887261271476745605e-01 3.681887626647949219e+00
3.561318206787109375e+01 4.398808479309082031e+00 6.802650094032287598e-01 3.718544006347656250e+00
3.563358688354492188e+01 4.537502288818359375e+00 6.190763115882873535e-01 3.918426275253295898e+00
3.565399932861328125e+01 4.492359638214111328e+00 6.056290268898010254e-01 3.886730670928955078e+00
3.567440795898437500e+01 4.464244842529296875e+00 6.012563109397888184e-01 3.862988710403442383e+00
3.569481658935546875e+01 4.451073646545410156e+00 5.898466110229492188e-01 3.861227989196777344e+00
3.571522521972656250e+01 4.475326538085937500e+00 6.226884126663208008e-01 3.852639198303222656e+00
3.573563003540039062e+01 4.374805450439453125e+00 6.223328113555908203e-01 3.752473354339599609e+00
3.575604248046875000e+01 4.410037517547607422e+00 6.306811571121215820e-01 3.779356956481933594e+00
3.577644729614257812e+01 4.358403682708740234e+00 6.303214430809020996e-01 3.728082895278930664e+00
3.579685974121093750e+01 4.519801139831542969e+00 6.470151543617248535e-01 3.872786283493041992e+00
3.581726837158203125e+01 4.467048168182373047e+00 6.466464996337890625e-01 3.820401430130004883e+00
3.583767700195312500e+01 4.395983219146728516e+00 6.409343481063842773e-01 3.755048751831054688e+00
3.585808563232421875e+01 4.265349864959716797e+00 6.015145182609558105e-01 3.663835048675537109e+00
3.587849426269531250e+01 4.408070087432861328e+00 5.908302664756774902e-01 3.817240238189697266e+00
3.589890289306640625e+01 4.423156261444091797e+00 5.904943943023681641e-01 3.832662105560302734e+00
