# NTRMN  = 13
# NTRANS = 56
1.142887115478515625e+01 0.000000000000000000e+00 0.000000000000000000e+00 0.000000000000000000e+00
1.144927978515625000e+01 0.000000000000000000e+00 0.000000000000000000e+00 0.000000000000000000e+00
1.146968936920166016e+01 0.000000000000000000e+00 0.000000000000000000e+00 0.000000000000000000e+00
1.149009799957275391e+01 0.000000000000000000e+00 0.000000000000000000e+00 0.000000000000000000e+00
1.151050662994384766e+01 0.000000000000000000e+00 0.000000000000000000e+00 0.000000000000000000e+00
1.153091526031494141e+01 0.000000000000000000e+00 0.000000000000000000e+00 0.000000000000000000e+00
1.157173252105712891e+01 0.000000000000000000e+00 0.000000000000000000e+00 0.000000000000000000e+00
1.159214115142822266e+01 0.000000000000000000e+00 0.000000000000000000e+00 0.000000000000000000e+00
1.161254978179931641e+01 0.000000000000000000e+00 0.000000000000000000e+00 0.000000000000000000e+00
1.165336799621582031e+01 0.000000000000000000e+00 0.000000000000000000e+00 0.000000000000000000e+00
1.167377567291259766e+01 0.000000000000000000e+00 0.000000000000000000e+00 0.000000000000000000e+00
1.169418430328369141e+01 0.000000000000000000e+00 0.000000000000000000e+00 0.000000000000000000e+00
1.171459388732910156e+01 0.000000000000000000e+00 0.000000000000000000e+00 0.000000000000000000e+00
1.175541114807128906e+01 0.000000000000000000e+00 0.000000000000000000e+00 0.000000000000000000e+00
1.177581882476806641e+01 0.000000000000000000e+00 0.000000000000000000e+00 0.000000000000000000e+00
1.179622840881347656e+01 0.000000000000000000e+00 0.000000000000000000e+00 0.000000000000000000e+00
1.181663703918457031e+01 0.000000000000000000e+00 0.000000000000000000e+00 0.000000000000000000e+00
1.183704566955566406e+01 0.000000000000000000e+00 0.000000000000000000e+00 0.000000000000000000e+00
1.185745429992675781e+01 0.000000000000000000e+00 0.000000000000000000e+00 0.000000000000000000e+00
1.187786388397216797e+01 0.000000000000000000e+00 0.000000000000000000e+00 0.000000000000000000e+00
1.193908882141113281e+01 0.000000000000000000e+00 0.000000000000000000e+00 0.000000000000000000e+00
1.195949840545654297e+01 0.000000000000000000e+00 0.000000000000000000e+00 0.000000000000000000e+00
1.197990703582763672e+01 0.000000000000000000e+00 0.000000000000000000e+00 0.000000000000000000e+00
1.200031566619873047e+01 0.000000000000000000e+00 0.000000000000000000e+00 0.000000000000000000e+00
1.202072334289550781e+01 0.000000000000000000e+00 0.000000000000000000e+00 0.000000000000000000e+00
1.204113292694091797e+01 0.000000000000000000e+00 0.000000000000000000e+00 0.000000000000000000e+00
1.206154155731201172e+01 0.000000000000000000e+00 0.000000000000000000e+00 0.000000000000000000e+00
1.208195018768310547e+01 0.000000000000000000e+00 0.000000000000000000e+00 0.000000000000000000e+00
1.210235881805419922e+01 0.000000000000000000e+00 0.000000000000000000e+00 0.000000000000000000e+00
1.212276744842529297e+01 0.000000000000000000e+00 0.000000000000000000e+00 0.000000000000000000e+00
1.214317607879638672e+01 0.000000000000000000e+00 0.000000000000000000e+00 0.000000000000000000e+00
1.216358470916748047e+01 0.000000000000000000e+00 0.000000000000000000e+00 0.000000000000000000e+00
1.218399333953857422e+01 0.000000000000000000e+00 0.000000000000000000e+00 0.000000000000000000e+00
1.220440292358398438e+01 0.000000000000000000e+00 0.000000000000000000e+00 0.000000000000000000e+00
1.222481155395507812e+01 0.000000000000000000e+00 0.000000000000000000e+00 0.000000000000000000e+00
1.224521923065185547e+01 0.000000000000000000e+00 0.000000000000000000e+00 0.000000000000000000e+00
1.226562786102294922e+01 0.000000000000000000e+00 0.000000000000000000e+00 0.000000000000000000e+00
1.228603744506835938e+01 0.000000000000000000e+00 0.000000000000000000e+00 0.000000000000000000e+00
1.230644607543945312e+01 0.000000000000000000e+00 0.000000000000000000e+00 0.000000000000000000e+00
1.232685470581054688e+01 0.000000000000000000e+00 0.000000000000000000e+00 0.000000000000000000e+00
1.234726333618164062e+01 0.000000000000000000e+00 0.000000000000000000e+00 0.000000000000000000e+00
1.236767196655273438e+01 0.000000000000000000e+00 0.000000000000000000e+00 0.000000000000000000e+00
1.238808059692382812e+01 0.000000000000000000e+00 0.000000000000000000e+00 0.000000000000000000e+00
1.240848922729492188e+01 0.000000000000000000e+00 0.000000000000000000e+00 0.000000000000000000e+00
1.242889785766601562e+01 0.000000000000000000e+00 0.000000000000000000e+00 0.000000000000000000e+00
1.244930744171142578e+01 0.000000000000000000e+00 0.000000000000000000e+00 0.000000000000000000e+00
1.246971511840820312e+01 0.000000000000000000e+00 0.000000000000000000e+00 0.000000000000000000e+00
1.249012374877929688e+01 0.000000000000000000e+00 0.000000000000000000e+00 0.000000000000000000e+00
1.251053237915039062e+01 0.000000000000000000e+00 0.000000000000000000e+00 0.000000000000000000e+00
1.253094196319580078e+01 0.000000000000000000e+00 0.000000000000000000e+00 0.000000000000000000e+00
1.255135059356689453e+01 0.000000000000000000e+00 0.000000000000000000e+00 0.000000000000000000e+00
1.257175922393798828e+01 0.000000000000000000e+00 0.000000000000000000e+00 0.000000000000000000e+00
1.259216690063476562e+01 0.000000000000000000e+00 0.000000000000000000e+00 0.000000000000000000e+00
1.261257648468017578e+01 0.000000000000000000e+00 0.000000000000000000e+00 0.000000000000000000e+00
1.263298511505126953e+01 0.000000000000000000e+00 0.000000000000000000e+00 0.000000000000000000e+00
1.265339374542236328e+01 0.000000000000000000e+00 0.000000000000000000e+00 0.000000000000000000e+00
1.267380237579345703e+01 0.000000000000000000e+00 0.000000000000000000e+00 0.000000000000000000e+00
1.269421100616455078e+01 0.000000000000000000e+00 0.000000000000000000e+00 0.000000000000000000e+00
1.271461963653564453e+01 0.000000000000000000e+00 0.000000000000000000e+00 0.000000000000000000e+00
1.273502826690673828e+01 0.000000000000000000e+00 0.000000000000000000e+00 0.000000000000000000e+00
1.275543689727783203e+01 0.000000000000000000e+00 0.000000000000000000e+00 0.000000000000000000e+00
1.277584648132324219e+01 0.000000000000000000e+00 0.000000000000000000e+00 0.000000000000000000e+00
1.279625511169433594e+01 0.000000000000000000e+00 0.000000000000000000e+00 0.000000000000000000e+00
1.281666278839111328e+01 0.000000000000000000e+00 0.000000000000000000e+00 0.000000000000000000e+00
1.283707141876220703e+01 0.000000000000000000e+00 0.000000000000000000e+00 0.000000000000000000e+00
1.285748100280761719e+01 0.000000000000000000e+00 0.000000000000000000e+00 0.000000000000000000e+00
1.287788963317871094e+01 0.000000000000000000e+00 0.000000000000000000e+00 0.000000000000000000e+00
1.289829826354980469e+01 0.000000000000000000e+00 0.000000000000000000e+00 0.000000000000000000e+00
1.295952415466308594e+01 0.000000000000000000e+00 0.000000000000000000e+00 0.000000000000000000e+00
1.297993278503417969e+01 0.000000000000000000e+00 0.000000000000000000e+00 0.000000000000000000e+00
1.300034141540527344e+01 0.000000000000000000e+00 0.000000000000000000e+00 0.000000000000000000e+00
1.302075004577636719e+01 0.000000000000000000e+00 0.000000000000000000e+00 0.000000000000000000e+00
1.304115962982177734e+01 0.000000000000000000e+00 0.000000000000000000e+00 0.000000000000000000e+00
1.312279415130615234e+01 0.000000000000000000e+00 0.000000000000000000e+00 0.000000000000000000e+00
1.314320278167724609e+01 0.000000000000000000e+00 0.000000000000000000e+00 0.000000000000000000e+00
1.320442867279052734e+01 0.000000000000000000e+00 0.000000000000000000e+00 0.000000000000000000e+00
1.322483730316162109e+01 0.000000000000000000e+00 0.000000000000000000e+00 0.000000000000000000e+00
1.324524593353271484e+01 0.000000000000000000e+00 0.000000000000000000e+00 0.000000000000000000e+00
1.326565456390380859e+01 0.000000000000000000e+00 0.000000000000000000e+00 0.000000000000000000e+00
1.336769866943359375e+01 4.512864649295806885e-01 4.512864649295806885e-01 0.000000000000000000e+00
1.338810729980468750e+01 5.050458312034606934e-01 5.050458312034606934e-01 0.000000000000000000e+00
1.340851497650146484e+01 5.892606377601623535e-01 5.892606377601623535e-01 0.000000000000000000e+00
1.342892456054687500e+01 6.549472808837890625e-01 6.549472808837890625e-01 0.000000000000000000e+00
1.344933319091796875e+01 7.070849537849426270e-01 7.070849537849426270e-01 0.000000000000000000e+00
1.346974182128906250e+01 7.061024308204650879e-01 7.061024308204650879e-01 0.000000000000000000e+00
1.349015045166015625e+01 7.049454450607299805e-01 7.049454450607299805e-01 0.000000000000000000e+00
1.351055908203125000e+01 6.925405859947204590e-01 6.925405859947204590e-01 0.000000000000000000e+00
1.353096771240234375e+01 6.486811041831970215e-01 6.486811041831970215e-01 0.000000000000000000e+00
1.355137634277343750e+01 6.352499723434448242e-01 6.352499723434448242e-01 0.000000000000000000e+00
1.361260223388671875e+01 6.323049068450927734e-01 6.323049068450927734e-01 0.000000000000000000e+00
1.363301086425781250e+01 6.426842808723449707e-01 6.426842808723449707e-01 0.000000000000000000e+00
1.365341949462890625e+01 6.649554371833801270e-01 6.649554371833801270e-01 0.000000000000000000e+00
1.367382907867431641e+01 6.910992264747619629e-01 6.910992264747619629e-01 0.000000000000000000e+00
1.369423770904541016e+01 7.214480042457580566e-01 7.214480042457580566e-01 0.000000000000000000e+00
1.371464633941650391e+01 7.506590485572814941e-01 7.506590485572814941e-01 0.000000000000000000e+00
1.373505496978759766e+01 7.753388881683349609e-01 7.753388881683349609e-01 0.000000000000000000e+00
1.375546360015869141e+01 8.003805875778198242e-01 8.003805875778198242e-01 0.000000000000000000e+00
1.377587318420410156e+01 8.465487957000732422e-01 8.465487957000732422e-01 0.000000000000000000e+00
1.383709812164306641e+01 8.430781960487365723e-01 8.420245051383972168e-01 1.053680432960391045e-03
1.387791538238525391e+01 8.529418110847473145e-01 8.492941260337829590e-01 3.647704375907778740e-03
1.397995948791503906e+01 6.453292965888977051e-01 6.407760977745056152e-01 4.553181119263172150e-03
1.402077770233154297e+01 9.233917593955993652e-01 9.177296757698059082e-01 5.662095267325639725e-03
1.404118442535400391e+01 8.505636453628540039e-01 8.429136872291564941e-01 7.649936247617006302e-03
1.410241127014160156e+01 8.591341972351074219e-01 8.392541408538818359e-01 1.988009549677371979e-02
1.414322853088378906e+01 8.659383654594421387e-01 8.429254889488220215e-01 2.301288768649101257e-02
1.416363716125488281e+01 8.655143380165100098e-01 8.404432535171508789e-01 2.507104910910129547e-02
1.426568031311035156e+01 8.187454342842102051e-01 6.567215323448181152e-01 1.620239019393920898e-01
1.430649757385253906e+01 8.533471822738647461e-01 6.411267518997192383e-01 2.122204899787902832e-01
1.432690715789794922e+01 9.138303995132446289e-01 6.747179627418518066e-01 2.391126155853271484e-01
1.434731578826904297e+01 9.151250123977661133e-01 6.584909558296203613e-01 2.566339969635009766e-01
1.436772441864013672e+01 8.166646957397460938e-01 5.454221367835998535e-01 2.712425589561462402e-01
1.438813304901123047e+01 8.185564279556274414e-01 5.386587381362915039e-01 2.798977792263031006e-01
1.440854167938232422e+01 9.539036750793457031e-01 6.438965797424316406e-01 3.100070953369140625e-01
1.442895126342773438e+01 9.582863450050354004e-01 6.575859189033508301e-01 3.007003962993621826e-01
1.444935989379882812e+01 9.696621894836425781e-01 6.669290065765380859e-01 3.027332127094268799e-01
1.446976852416992188e+01 9.443727731704711914e-01 6.381113529205322266e-01 3.062613010406494141e-01
1.457181072235107422e+01 1.086687922477722168e+00 7.980909347534179688e-01 2.885971367359161377e-01
1.459222030639648438e+01 9.992133378982543945e-01 7.214277982711791992e-01 2.777855098247528076e-01
1.461262893676757812e+01 9.836123585700988770e-01 7.204201817512512207e-01 2.631922662258148193e-01
1.485753345489501953e+01 9.749675989151000977e-01 5.706225633621215820e-01 4.043447971343994141e-01
1.487794208526611328e+01 9.799291491508483887e-01 5.699202418327331543e-01 4.100088477134704590e-01
1.497998523712158203e+01 1.071322441101074219e+00 6.331571340560913086e-01 4.381652176380157471e-01
1.516366481781005859e+01 1.059905529022216797e+00 6.255665421485900879e-01 4.343390464782714844e-01
1.518407344818115234e+01 1.082187891006469727e+00 6.386786103248596191e-01 4.435093402862548828e-01
1.540856838226318359e+01 1.128757357597351074e+00 6.294510364532470703e-01 4.993065297603607178e-01
1.544938468933105469e+01 1.128953695297241211e+00 6.301122903823852539e-01 4.988415539264678955e-01
1.546979331970214844e+01 1.164340615272521973e+00 6.531894803047180176e-01 5.111513733863830566e-01
1.557183837890625000e+01 1.213217854499816895e+00 6.671265363693237305e-01 5.460913181304931641e-01
1.559224700927734375e+01 1.227414608001708984e+00 6.778450012207031250e-01 5.495694279670715332e-01
1.569428920745849609e+01 1.197606801986694336e+00 6.359906196594238281e-01 5.616161227226257324e-01
1.583715152740478516e+01 1.338714361190795898e+00 7.052279710769653320e-01 6.334861516952514648e-01
1.593919372558593750e+01 1.357638597488403320e+00 7.140800356864929199e-01 6.435583829879760742e-01
1.595960235595703125e+01 1.360380530357360840e+00 7.145918607711791992e-01 6.457888484001159668e-01
1.598001194000244141e+01 1.363647818565368652e+00 7.153270840644836426e-01 6.483206152915954590e-01
1.600041961669921875e+01 1.362947821617126465e+00 7.137414216995239258e-01 6.492065787315368652e-01
1.602083015441894531e+01 1.354341626167297363e+00 7.102920413017272949e-01 6.440494060516357422e-01
1.604123878479003906e+01 1.341229677200317383e+00 7.046127915382385254e-01 6.366169452667236328e-01
1.616368865966796875e+01 1.346527934074401855e+00 7.086794376373291016e-01 6.378484368324279785e-01
1.632695960998535156e+01 1.426505327224731445e+00 7.433802485466003418e-01 6.831249594688415527e-01
1.649022865295410156e+01 1.442915797233581543e+00 7.323907613754272461e-01 7.105250358581542969e-01
1.653104782104492188e+01 1.441951990127563477e+00 7.236313819885253906e-01 7.183207273483276367e-01
1.655145645141601562e+01 1.449153542518615723e+00 7.347437739372253418e-01 7.144095897674560547e-01
1.657186508178710938e+01 1.473948001861572266e+00 7.526182532310485840e-01 7.213299274444580078e-01
1.659227180480957031e+01 1.481413006782531738e+00 7.466428875923156738e-01 7.347702383995056152e-01
1.663308906555175781e+01 1.490004539489746094e+00 7.505675554275512695e-01 7.394374608993530273e-01
1.665349769592285156e+01 1.481606602668762207e+00 7.345541119575500488e-01 7.470527291297912598e-01
1.667390823364257812e+01 1.480626463890075684e+00 7.329372167587280273e-01 7.476887702941894531e-01
1.669431686401367188e+01 1.503512382507324219e+00 7.557017207145690918e-01 7.478106021881103516e-01
1.671472549438476562e+01 1.516630530357360840e+00 7.655205726623535156e-01 7.511098384857177734e-01
1.673513412475585938e+01 1.528402566909790039e+00 7.717393636703491211e-01 7.566633820533752441e-01
1.675554275512695312e+01 1.542848467826843262e+00 7.779430150985717773e-01 7.649052143096923828e-01
1.677595138549804688e+01 1.550620317459106445e+00 7.712886333465576172e-01 7.793315052986145020e-01
1.683717727661132812e+01 1.573766589164733887e+00 8.004745841026306152e-01 7.732919454574584961e-01
1.685758590698242188e+01 1.586951494216918945e+00 8.016355633735656738e-01 7.853160500526428223e-01
1.687799453735351562e+01 1.592605233192443848e+00 8.098856210708618164e-01 7.827195525169372559e-01
1.689840316772460938e+01 1.584932923316955566e+00 8.032408356666564941e-01 7.816922664642333984e-01
1.691881179809570312e+01 1.595284223556518555e+00 7.951972484588623047e-01 8.000868558883666992e-01
1.693922042846679688e+01 1.593180060386657715e+00 7.963590025901794434e-01 7.968211770057678223e-01
1.704126548767089844e+01 1.605118632316589355e+00 7.824593186378479004e-01 8.226596713066101074e-01
1.714330673217773438e+01 1.589903712272644043e+00 7.757073044776916504e-01 8.141961097717285156e-01
1.716371536254882812e+01 1.604296565055847168e+00 7.831534147262573242e-01 8.211430907249450684e-01
1.720453453063964844e+01 1.593459010124206543e+00 7.778167724609375000e-01 8.156417012214660645e-01
1.722494316101074219e+01 1.611606955528259277e+00 7.942675352096557617e-01 8.173393607139587402e-01
1.724535179138183594e+01 1.597339391708374023e+00 7.829164862632751465e-01 8.144227266311645508e-01
1.734739494323730469e+01 1.589874863624572754e+00 7.817611098289489746e-01 8.081134557723999023e-01
1.736780357360839844e+01 1.584674477577209473e+00 7.787749767303466797e-01 8.058993816375732422e-01
1.738821220397949219e+01 1.595539927482604980e+00 7.923167347908020020e-01 8.032234907150268555e-01
1.742902946472167969e+01 1.604875445365905762e+00 7.952684164047241211e-01 8.096069097518920898e-01
1.744943809509277344e+01 1.603923559188842773e+00 7.943382859230041504e-01 8.095854520797729492e-01
1.746984672546386719e+01 1.606689333915710449e+00 8.030024766921997070e-01 8.036864995956420898e-01
1.751066398620605469e+01 1.630093336105346680e+00 8.100170493125915527e-01 8.200760483741760254e-01
1.753107261657714844e+01 1.638744711875915527e+00 8.172672986984252930e-01 8.214769363403320312e-01
1.755148124694824219e+01 1.629397153854370117e+00 8.101791739463806152e-01 8.192177414894104004e-01
1.757188987731933594e+01 1.653435349464416504e+00 8.283112049102783203e-01 8.251238465309143066e-01
1.765352439880371094e+01 1.685663104057312012e+00 8.373633623123168945e-01 8.482996225357055664e-01
1.767393493652343750e+01 1.697728276252746582e+00 8.411370515823364258e-01 8.565912842750549316e-01
1.769434356689453125e+01 1.692919611930847168e+00 8.320493102073669434e-01 8.608703017234802246e-01
1.771475219726562500e+01 1.703100681304931641e+00 8.364962339401245117e-01 8.666043877601623535e-01
1.773516082763671875e+01 1.722369551658630371e+00 8.483568429946899414e-01 8.740125894546508789e-01
1.775556755065917969e+01 1.719414234161376953e+00 8.433369994163513184e-01 8.760771155357360840e-01
1.777597618103027344e+01 1.724125504493713379e+00 8.363085389137268066e-01 8.878168463706970215e-01
1.783720397949218750e+01 1.732728481292724609e+00 8.435035943984985352e-01 8.892249464988708496e-01
1.785761260986328125e+01 1.741899013519287109e+00 8.398584723472595215e-01 9.020404219627380371e-01
1.787802124023437500e+01 1.746961951255798340e+00 8.422473073005676270e-01 9.047145247459411621e-01
1.789842987060546875e+01 1.740599751472473145e+00 8.379431366920471191e-01 9.026563763618469238e-01
1.800047302246093750e+01 1.742407321929931641e+00 8.245485424995422363e-01 9.178586006164550781e-01
1.806169891357421875e+01 1.744091272354125977e+00 8.244041204452514648e-01 9.196873307228088379e-01
1.808210754394531250e+01 1.755874752998352051e+00 8.314171433448791504e-01 9.244577288627624512e-01
1.814333343505859375e+01 1.755490064620971680e+00 8.365280628204345703e-01 9.189617037773132324e-01
1.818415260314941406e+01 1.756905317306518555e+00 8.385999202728271484e-01 9.183053374290466309e-01
1.820456123352050781e+01 1.764290809631347656e+00 8.435772657394409180e-01 9.207132458686828613e-01
1.822496795654296875e+01 1.808325648307800293e+00 8.662762641906738281e-01 9.420489072799682617e-01
1.824537658691406250e+01 1.773637056350708008e+00 8.508744835853576660e-01 9.227623939514160156e-01
1.826578521728515625e+01 1.762122154235839844e+00 8.440262079238891602e-01 9.180958271026611328e-01
1.832701301574707031e+01 1.765986800193786621e+00 8.359815478324890137e-01 9.300055503845214844e-01
1.834742164611816406e+01 1.766793012619018555e+00 8.467946052551269531e-01 9.199984073638916016e-01
1.849028205871582031e+01 1.778513312339782715e+00 8.396046161651611328e-01 9.389084577560424805e-01
1.851069068908691406e+01 1.776638269424438477e+00 8.406189084053039551e-01 9.360194802284240723e-01
1.853109931945800781e+01 1.787585854530334473e+00 8.435686230659484863e-01 9.440172910690307617e-01
1.855150794982910156e+01 1.776802420616149902e+00 8.361884951591491699e-01 9.406142830848693848e-01
1.857191658020019531e+01 1.780360221862792969e+00 8.326915502548217773e-01 9.476687312126159668e-01
1.859232521057128906e+01 1.791585326194763184e+00 8.362841010093688965e-01 9.553007483482360840e-01
1.861273384094238281e+01 1.788075685501098633e+00 8.411548733711242676e-01 9.469206929206848145e-01
1.865355110168457031e+01 1.798931479454040527e+00 8.328975439071655273e-01 9.660337567329406738e-01
1.867395973205566406e+01 1.807615518569946289e+00 8.428838849067687988e-01 9.647315740585327148e-01
1.869436836242675781e+01 1.805654883384704590e+00 8.419637084007263184e-01 9.636911749839782715e-01
1.871477699279785156e+01 1.809861660003662109e+00 8.410454988479614258e-01 9.688160419464111328e-01
1.873518562316894531e+01 1.816252112388610840e+00 8.414071202278137207e-01 9.748447537422180176e-01
1.875559425354003906e+01 1.809474468231201172e+00 8.334714770317077637e-01 9.760030508041381836e-01
1.877600288391113281e+01 1.817595601081848145e+00 8.395779728889465332e-01 9.780179858207702637e-01
1.879641151428222656e+01 1.817496418952941895e+00 8.393031358718872070e-01 9.781931638717651367e-01
1.881682205200195312e+01 1.825996994972229004e+00 8.422094583511352539e-01 9.837875366210937500e-01
1.883723068237304688e+01 1.826328158378601074e+00 8.412970304489135742e-01 9.850311875343322754e-01
1.885763931274414062e+01 1.820883631706237793e+00 8.391171097755432129e-01 9.817665815353393555e-01
1.887804794311523438e+01 1.827436566352844238e+00 8.432822823524475098e-01 9.841544628143310547e-01
1.889845657348632812e+01 1.823701858520507812e+00 8.360379934310913086e-01 9.876639842987060547e-01
1.891886329650878906e+01 1.835944175720214844e+00 8.458916544914245605e-01 9.900520443916320801e-01
1.893927192687988281e+01 1.828081607818603516e+00 8.411881923675537109e-01 9.868934750556945801e-01
1.895968055725097656e+01 1.835426926612854004e+00 8.396514058113098145e-01 9.957755804061889648e-01
1.898009109497070312e+01 1.833662390708923340e+00 8.431629538536071777e-01 9.904995560646057129e-01
1.904131698608398438e+01 1.825520873069763184e+00 8.391946554183959961e-01 9.863260388374328613e-01
1.906172561645507812e+01 1.833357214927673340e+00 8.408078551292419434e-01 9.925492405891418457e-01
1.908213424682617188e+01 1.834278941154479980e+00 8.424176573753356934e-01 9.918612837791442871e-01
1.910254287719726562e+01 1.833175420761108398e+00 8.383847475051879883e-01 9.947907924652099609e-01
1.912295150756835938e+01 1.844676971435546875e+00 8.475047349929809570e-01 9.971727132797241211e-01
1.914336013793945312e+01 1.839544177055358887e+00 8.434749841690063477e-01 9.960689544677734375e-01
1.916376876831054688e+01 1.840844035148620605e+00 8.425766825675964355e-01 9.982672333717346191e-01
1.918417739868164062e+01 1.838774323463439941e+00 8.416803479194641113e-01 9.970936775207519531e-01
1.920458602905273438e+01 1.847419261932373047e+00 8.420324325561523438e-01 1.005386829376220703e+00
1.922499465942382812e+01 1.851192474365234375e+00 8.454967737197875977e-01 1.005695462226867676e+00
1.924540328979492188e+01 1.853230357170104980e+00 8.464659452438354492e-01 1.006764769554138184e+00
1.926581192016601562e+01 1.859922766685485840e+00 8.505395650863647461e-01 1.009383320808410645e+00
1.928622055053710938e+01 1.860941410064697266e+00 8.515014052391052246e-01 1.009439945220947266e+00
1.930663108825683594e+01 1.856242179870605469e+00 8.425416946411132812e-01 1.013700604438781738e+00
1.932703971862792969e+01 1.864401221275329590e+00 8.503224253654479980e-01 1.014078497886657715e+00
1.934744834899902344e+01 1.865345358848571777e+00 8.512814044952392578e-01 1.014064192771911621e+00
1.936785507202148438e+01 1.864191889762878418e+00 8.491484522819519043e-01 1.015043616294860840e+00
1.938826370239257812e+01 1.867418169975280762e+00 8.494892716407775879e-01 1.017928957939147949e+00
1.940867233276367188e+01 1.869923472404479980e+00 8.479793667793273926e-01 1.021944165229797363e+00
1.942908096313476562e+01 1.870003938674926758e+00 8.520171046257019043e-01 1.017987012863159180e+00
1.944948959350585938e+01 1.864982485771179199e+00 8.443534374237060547e-01 1.020628690719604492e+00
1.951071739196777344e+01 1.867766618728637695e+00 8.447712063789367676e-01 1.022995471954345703e+00
1.953112602233886719e+01 1.870541214942932129e+00 8.494041562080383301e-01 1.021137118339538574e+00
1.955153465270996094e+01 1.894823908805847168e+00 8.430075645446777344e-01 1.051816463470458984e+00
1.957194328308105469e+01 1.878888964653015137e+00 8.421285152435302734e-01 1.036760449409484863e+00
1.959235191345214844e+01 1.872376799583435059e+00 8.375856876373291016e-01 1.034791111946105957e+00
1.961275863647460938e+01 1.867238998413085938e+00 8.367142081260681152e-01 1.030524611473083496e+00
1.963316917419433594e+01 1.862084865570068359e+00 8.303575515747070312e-01 1.031727552413940430e+00
1.969439506530761719e+01 1.872221827507019043e+00 8.368925452232360840e-01 1.035329580307006836e+00
1.971480369567871094e+01 1.855052232742309570e+00 8.244906067848205566e-01 1.030561685562133789e+00
1.973521232604980469e+01 1.859871149063110352e+00 8.242444992065429688e-01 1.035626173019409180e+00
1.975562095642089844e+01 1.859261035919189453e+00 8.203635811805725098e-01 1.038897514343261719e+00
1.989848136901855469e+01 1.866820216178894043e+00 8.150753974914550781e-01 1.051744580268859863e+00
1.993929862976074219e+01 1.869415998458862305e+00 8.176089525222778320e-01 1.051807045936584473e+00
1.995970916748046875e+01 1.868227839469909668e+00 8.161731958389282227e-01 1.052054882049560547e+00
2.000052642822265625e+01 1.865944385528564453e+00 8.145074844360351562e-01 1.051436662673950195e+00
2.002093505859375000e+01 1.863862037658691406e+00 8.136772513389587402e-01 1.050184965133666992e+00
2.012297821044921875e+01 1.866401672363281250e+00 8.119304776191711426e-01 1.054471015930175781e+00
2.014338684082031250e+01 1.872909069061279297e+00 8.146730661392211914e-01 1.058236241340637207e+00
2.016379547119140625e+01 1.873372912406921387e+00 8.144421577453613281e-01 1.058930635452270508e+00
2.018420410156250000e+01 1.869562745094299316e+00 8.142116665840148926e-01 1.055351138114929199e+00
2.020461273193359375e+01 1.872055768966674805e+00 8.139816522598266602e-01 1.058073878288269043e+00
2.022502136230468750e+01 1.879933357238769531e+00 8.208538889884948730e-01 1.059079408645629883e+00
2.024542999267578125e+01 1.874209165573120117e+00 8.158878087997436523e-01 1.058321356773376465e+00
2.026583862304687500e+01 1.878042459487915039e+00 8.174287676811218262e-01 1.060613870620727539e+00
2.028624725341796875e+01 1.904117465019226074e+00 8.407977223396301270e-01 1.063319683074951172e+00
2.030665588378906250e+01 1.879689216613769531e+00 8.199117779731750488e-01 1.059777498245239258e+00
2.032706451416015625e+01 1.884012937545776367e+00 8.237994313240051270e-01 1.060213565826416016e+00
2.034747314453125000e+01 1.888486146926879883e+00 8.276791572570800781e-01 1.060806751251220703e+00
2.042910766601562500e+01 1.902701139450073242e+00 8.378475904464721680e-01 1.064853310585021973e+00
2.049033546447753906e+01 1.901495337486267090e+00 8.370964527130126953e-01 1.064398884773254395e+00
2.053115081787109375e+01 1.891452312469482422e+00 8.313513994216918945e-01 1.060100793838500977e+00
2.055155944824218750e+01 1.889373898506164551e+00 8.305258154869079590e-01 1.058847784996032715e+00
2.059237670898437500e+01 1.899502992630004883e+00 8.346921801567077637e-01 1.064810872077941895e+00
2.061278724670410156e+01 1.891507625579833984e+00 8.309623003005981445e-01 1.060545325279235840e+00
2.075564765930175781e+01 1.864069223403930664e+00 8.108255267143249512e-01 1.053243756294250488e+00
2.077605628967285156e+01 1.857328772544860840e+00 8.083007335662841797e-01 1.049028158187866211e+00
2.079646492004394531e+01 1.865401029586791992e+00 8.086586594581604004e-01 1.056742787361145020e+00
2.081687355041503906e+01 1.877012014389038086e+00 8.141907453536987305e-01 1.062821507453918457e+00
2.083728218078613281e+01 1.870902061462402344e+00 8.139677047729492188e-01 1.056934475898742676e+00
2.087809944152832031e+01 1.868677377700805664e+00 8.072166442871093750e-01 1.061460733413696289e+00
2.100055122375488281e+01 1.878671169281005859e+00 8.059296011924743652e-01 1.072741508483886719e+00
2.102095985412597656e+01 1.870944023132324219e+00 8.023000955581665039e-01 1.068643808364868164e+00
2.104136848449707031e+01 1.879931569099426270e+00 8.066416978836059570e-01 1.073290109634399414e+00
2.106177711486816406e+01 1.880568265914916992e+00 8.064283132553100586e-01 1.074140310287475586e+00
2.108218574523925781e+01 1.882426023483276367e+00 8.079187273979187012e-01 1.074507594108581543e+00
2.110259437561035156e+01 1.886515617370605469e+00 8.088389635086059570e-01 1.077676773071289062e+00
2.112300491333007812e+01 1.882238388061523438e+00 8.097574710845947266e-01 1.072481155395507812e+00
2.114341354370117188e+01 1.886662840843200684e+00 8.095419406890869141e-01 1.077121019363403320e+00
2.116382217407226562e+01 1.892865419387817383e+00 8.115890622138977051e-01 1.081276535987854004e+00
2.118423080444335938e+01 1.893455386161804199e+00 8.119372725486755371e-01 1.081518292427062988e+00
2.120463943481445312e+01 1.897040843963623047e+00 8.139781951904296875e-01 1.083062767982482910e+00
2.122504615783691406e+01 1.899074316024780273e+00 8.137595653533935547e-01 1.085314750671386719e+00
2.124545478820800781e+01 1.897267937660217285e+00 8.124144077301025391e-01 1.084853410720825195e+00
2.126586532592773438e+01 1.900031685829162598e+00 8.150119185447692871e-01 1.085019469261169434e+00
2.128627395629882812e+01 1.899581074714660645e+00 8.131058216094970703e-01 1.086475253105163574e+00
2.130668258666992188e+01 1.906103849411010742e+00 8.168211579322814941e-01 1.089282751083374023e+00
2.132709121704101562e+01 1.908192038536071777e+00 8.171619772911071777e-01 1.091030120849609375e+00
2.134749984741210938e+01 1.906655192375183105e+00 8.169413805007934570e-01 1.089713573455810547e+00
2.136790847778320312e+01 1.913485527038574219e+00 8.200823068618774414e-01 1.093403458595275879e+00
2.138831710815429688e+01 1.907040238380432129e+00 8.192998170852661133e-01 1.087740421295166016e+00
2.140872573852539062e+01 1.915953874588012695e+00 8.235506415367126465e-01 1.092403292655944824e+00
2.142913436889648438e+01 1.912548303604125977e+00 8.205320239067077637e-01 1.092016458511352539e+00
2.144954490661621094e+01 1.916600465774536133e+00 8.236575722694396973e-01 1.092942953109741211e+00
2.146995162963867188e+01 1.920122146606445312e+00 8.273347020149230957e-01 1.092787504196166992e+00
2.149036026000976562e+01 1.914722084999084473e+00 8.237641453742980957e-01 1.090957880020141602e+00
2.151076889038085938e+01 1.919299721717834473e+00 8.252083659172058105e-01 1.094091653823852539e+00
2.153117752075195312e+01 1.921630382537841797e+00 8.277616500854492188e-01 1.093868851661682129e+00
2.155158615112304688e+01 1.920584321022033691e+00 8.286440372467041016e-01 1.091940641403198242e+00
2.157199478149414062e+01 1.919164180755615234e+00 8.284148573875427246e-01 1.090749025344848633e+00
2.159240341186523438e+01 1.914924621582031250e+00 8.276318311691284180e-01 1.087292671203613281e+00
2.161281394958496094e+01 1.913918733596801758e+00 8.268503546714782715e-01 1.087068438529968262e+00
2.163322257995605469e+01 1.919363379478454590e+00 8.293900489807128906e-01 1.089972972869873047e+00
2.165363121032714844e+01 1.914476633071899414e+00 8.297139406204223633e-01 1.084762811660766602e+00
2.167403984069824219e+01 1.913002610206604004e+00 8.294848203659057617e-01 1.083517789840698242e+00
2.169444656372070312e+01 1.912050962448120117e+00 8.303598165512084961e-01 1.081691145896911621e+00
2.171485519409179688e+01 1.907447218894958496e+00 8.279257416725158691e-01 1.079521417617797852e+00
2.173526382446289062e+01 1.908527970314025879e+00 8.288004398345947266e-01 1.079727411270141602e+00
2.175567245483398438e+01 1.905336618423461914e+00 8.285731673240661621e-01 1.076763391494750977e+00
2.177608299255371094e+01 1.896750211715698242e+00 8.266972303390502930e-01 1.070052981376647949e+00
2.179649162292480469e+01 1.891353130340576172e+00 8.253740668296813965e-01 1.065979123115539551e+00
2.181690025329589844e+01 1.885107278823852539e+00 8.202128410339355469e-01 1.064894676208496094e+00
2.185771751403808594e+01 1.877624988555908203e+00 8.241572976112365723e-01 1.053467750549316406e+00
2.187812614440917969e+01 1.879774451255798340e+00 8.266711235046386719e-01 1.053103327751159668e+00
2.189853477478027344e+01 1.883345961570739746e+00 8.253540396690368652e-01 1.057991743087768555e+00
2.191894340515136719e+01 1.877431273460388184e+00 8.240395188331604004e-01 1.053391814231872559e+00
2.193935203552246094e+01 1.878256201744079590e+00 8.249096870422363281e-01 1.053346514701843262e+00
2.195976066589355469e+01 1.880799174308776855e+00 8.257783055305480957e-01 1.055020809173583984e+00
2.198016929626464844e+01 1.872823834419250488e+00 8.206549882888793945e-01 1.052168726921081543e+00
2.200057792663574219e+01 1.875516533851623535e+00 8.247902989387512207e-01 1.050726056098937988e+00
2.202098655700683594e+01 1.872479200363159180e+00 8.223951458930969238e-01 1.050084114074707031e+00
2.204139518737792969e+01 1.871397614479064941e+00 8.221767544746398926e-01 1.049220323562622070e+00
2.206180381774902344e+01 1.868044853210449219e+00 8.208736181259155273e-01 1.047171235084533691e+00
2.208221244812011719e+01 1.866766095161437988e+00 8.206570148468017578e-01 1.046109199523925781e+00
2.210262298583984375e+01 1.866464257240295410e+00 8.204408288002014160e-01 1.046023488044738770e+00
2.212303161621093750e+01 1.868140816688537598e+00 8.213070631027221680e-01 1.046833395957946777e+00
2.214344024658203125e+01 1.870343208312988281e+00 8.248744010925292969e-01 1.045468807220458984e+00
2.216384696960449219e+01 1.869278073310852051e+00 8.214146494865417480e-01 1.047863364219665527e+00
2.218425559997558594e+01 1.866108655929565430e+00 8.201195001602172852e-01 1.045989274978637695e+00
2.220466423034667969e+01 1.866676568984985352e+00 8.204438686370849609e-01 1.046232461929321289e+00
2.222507286071777344e+01 1.865877270698547363e+00 8.202289342880249023e-01 1.045648336410522461e+00
2.224548149108886719e+01 1.865206718444824219e+00 8.194764256477355957e-01 1.045730352401733398e+00
2.226589202880859375e+01 1.864873051643371582e+00 8.187253475189208984e-01 1.046147584915161133e+00
2.228630065917968750e+01 1.865560054779052734e+00 8.185126781463623047e-01 1.047047376632690430e+00
2.230670928955078125e+01 1.863458871841430664e+00 8.156174421310424805e-01 1.047841668128967285e+00
2.232711791992187500e+01 1.865220427513122559e+00 8.175523877143859863e-01 1.047668218612670898e+00
2.234752655029296875e+01 1.867746472358703613e+00 8.178769946098327637e-01 1.049869298934936523e+00
2.236793518066406250e+01 1.866922616958618164e+00 8.171308040618896484e-01 1.049791932106018066e+00
2.238834190368652344e+01 1.866479635238647461e+00 8.158512115478515625e-01 1.050628542900085449e+00
2.240875053405761719e+01 1.866412520408630371e+00 8.156424164772033691e-01 1.050769925117492676e+00
2.242916107177734375e+01 1.867754697799682617e+00 8.154338598251342773e-01 1.052320957183837891e+00
2.244956970214843750e+01 1.868411183357238770e+00 8.152257204055786133e-01 1.053185701370239258e+00
2.246997833251953125e+01 1.867411017417907715e+00 8.139525651931762695e-01 1.053458690643310547e+00
2.249038696289062500e+01 1.871060609817504883e+00 8.142784237861633301e-01 1.056782007217407227e+00
2.251079559326171875e+01 1.872858762741088867e+00 8.156670331954956055e-01 1.057191610336303711e+00
2.253120422363281250e+01 1.873026847839355469e+00 8.143969774246215820e-01 1.058629989624023438e+00
2.255161285400390625e+01 1.872268676757812500e+00 8.115369081497192383e-01 1.060731768608093262e+00
2.257202148437500000e+01 1.872610330581665039e+00 8.118636608123779297e-01 1.060746550559997559e+00
2.259243011474609375e+01 1.873985409736633301e+00 8.116601109504699707e-01 1.062325477600097656e+00
2.261283874511718750e+01 1.873297095298767090e+00 8.114569187164306641e-01 1.061839938163757324e+00
2.263324737548828125e+01 1.877220153808593750e+00 8.128406405448913574e-01 1.064379811286926270e+00
2.265365600585937500e+01 1.877135753631591797e+00 8.094664812088012695e-01 1.067669034004211426e+00
2.267406463623046875e+01 1.881151914596557617e+00 8.119052648544311523e-01 1.069246768951416016e+00
2.269447326660156250e+01 1.883202075958251953e+00 8.138122558593750000e-01 1.069389820098876953e+00
2.271488189697265625e+01 1.885457515716552734e+00 8.141348958015441895e-01 1.071322321891784668e+00
2.273529052734375000e+01 1.885164856910705566e+00 8.128776550292968750e-01 1.072287321090698242e+00
2.275570106506347656e+01 1.890779256820678711e+00 8.158306479454040527e-01 1.074949026107788086e+00
2.277610969543457031e+01 1.889297604560852051e+00 8.161506652832031250e-01 1.073147058486938477e+00
2.279651832580566406e+01 1.891306757926940918e+00 8.154199719429016113e-01 1.075886607170104980e+00
2.281692695617675781e+01 1.895878553390502930e+00 8.173135519027709961e-01 1.078565120697021484e+00
2.283733558654785156e+01 1.893892645835876465e+00 8.160590529441833496e-01 1.077833533287048340e+00
2.285774230957031250e+01 1.894911646842956543e+00 8.174250721931457520e-01 1.077486753463745117e+00
2.287815093994140625e+01 1.897481679916381836e+00 8.187887072563171387e-01 1.078692793846130371e+00
2.289855957031250000e+01 1.896263957023620605e+00 8.180589079856872559e-01 1.078204989433288574e+00
2.291897010803222656e+01 1.898570418357849121e+00 8.194194436073303223e-01 1.079151272773742676e+00
2.293937873840332031e+01 1.897643089294433594e+00 8.192121982574462891e-01 1.078431010246276855e+00
2.295978736877441406e+01 1.896954417228698730e+00 8.179627060890197754e-01 1.078991413116455078e+00
2.298019599914550781e+01 1.903136253356933594e+00 8.229657411575317383e-01 1.080170750617980957e+00
2.300060462951660156e+01 1.894999623298645020e+00 8.159906864166259766e-01 1.079008817672729492e+00
2.302101325988769531e+01 1.902016878128051758e+00 8.225464820861816406e-01 1.079470157623291016e+00
2.304142189025878906e+01 1.901460766792297363e+00 8.233762979507446289e-01 1.078084230422973633e+00
2.316387367248535156e+01 1.893940210342407227e+00 8.190237283706665039e-01 1.074916720390319824e+00
2.318428230285644531e+01 1.892208337783813477e+00 8.208841681480407715e-01 1.071324229240417480e+00
2.320469093322753906e+01 1.880986094474792480e+00 8.155197501182556152e-01 1.065466165542602539e+00
2.328632736206054688e+01 1.887816667556762695e+00 8.178009390830993652e-01 1.070016026496887207e+00
2.334755134582519531e+01 1.878574609756469727e+00 8.161690831184387207e-01 1.062405347824096680e+00
2.336795997619628906e+01 1.885127186775207520e+00 8.210906982421875000e-01 1.064036607742309570e+00
2.338836860656738281e+01 1.881962895393371582e+00 8.198624253273010254e-01 1.062100410461425781e+00
2.342918777465820312e+01 1.889996051788330078e+00 8.214993476867675781e-01 1.068496465682983398e+00
2.357204818725585938e+01 1.880340695381164551e+00 8.165205717086791992e-01 1.063819885253906250e+00
2.359245681762695312e+01 1.891697049140930176e+00 8.178436756134033203e-01 1.073853135108947754e+00
2.361286544799804688e+01 1.879642844200134277e+00 8.044639825820922852e-01 1.075178861618041992e+00
2.369449996948242188e+01 1.865617394447326660e+00 8.016923666000366211e-01 1.063925266265869141e+00
2.371490859985351562e+01 1.877267837524414062e+00 8.055450320243835449e-01 1.071722507476806641e+00
2.373531723022460938e+01 1.880405545234680176e+00 8.053566217422485352e-01 1.075048804283142090e+00
2.375572776794433594e+01 1.879188537597656250e+00 8.056725263595581055e-01 1.073515892028808594e+00
2.377613449096679688e+01 1.889763832092285156e+00 8.145461082458496094e-01 1.075217366218566895e+00
2.379654312133789062e+01 1.880545616149902344e+00 8.022786378860473633e-01 1.078266978263854980e+00
2.381695175170898438e+01 1.875453829765319824e+00 8.005860447883605957e-01 1.074867606163024902e+00
2.383736038208007812e+01 1.876448035240173340e+00 8.014069795608520508e-01 1.075040936470031738e+00
2.387817764282226562e+01 1.868514299392700195e+00 7.960268855094909668e-01 1.072487473487854004e+00
2.389858627319335938e+01 1.872026562690734863e+00 8.023589253425598145e-01 1.069668054580688477e+00
2.393940544128417969e+01 1.871600270271301270e+00 8.049908876419067383e-01 1.066609621047973633e+00
2.400063133239746094e+01 1.868927597999572754e+00 7.989475131034851074e-01 1.069979906082153320e+00
2.402103805541992188e+01 1.868283987045288086e+00 8.032517433166503906e-01 1.065032362937927246e+00
2.406185722351074219e+01 1.865438222885131836e+00 8.008942604064941406e-01 1.064543962478637695e+00
2.408226585388183594e+01 1.868611931800842285e+00 7.977303266525268555e-01 1.070881724357604980e+00
2.410267448425292969e+01 1.869904160499572754e+00 7.975514531135559082e-01 1.072352886199951172e+00
2.412308311462402344e+01 1.870574831962585449e+00 7.983652353286743164e-01 1.072209835052490234e+00
2.414349174499511719e+01 1.871352910995483398e+00 7.986818552017211914e-01 1.072670936584472656e+00
2.420471763610839844e+01 1.875781178474426270e+00 8.025958538055419922e-01 1.073185324668884277e+00
2.426594352722167969e+01 1.865541815757751465e+00 8.000774979591369629e-01 1.065464138984680176e+00
2.428635215759277344e+01 1.866697430610656738e+00 8.023622632026672363e-01 1.064335465431213379e+00
2.430676078796386719e+01 1.869778752326965332e+00 8.026735186576843262e-01 1.067105293273925781e+00
2.434757804870605469e+01 1.874281525611877441e+00 8.018194437026977539e-01 1.072461962699890137e+00
2.444962310791015625e+01 1.861670732498168945e+00 7.925981879234313965e-01 1.069072365760803223e+00
2.447002983093261719e+01 1.870719790458679199e+00 7.968287467956542969e-01 1.073890924453735352e+00
2.451084709167480469e+01 1.868062973022460938e+00 7.974551320075988770e-01 1.070607781410217285e+00
2.457207489013671875e+01 1.851672172546386719e+00 7.920582890510559082e-01 1.059613943099975586e+00
2.459248352050781250e+01 1.878262281417846680e+00 8.055157065391540527e-01 1.072746515274047852e+00
2.463330078125000000e+01 1.854289412498474121e+00 7.925191521644592285e-01 1.061770558357238770e+00
2.465370941162109375e+01 1.849514603614807129e+00 7.908920645713806152e-01 1.058622598648071289e+00
2.471493530273437500e+01 1.854868412017822266e+00 7.918385863304138184e-01 1.063029527664184570e+00
2.473534393310546875e+01 1.858858942985534668e+00 7.911852598190307617e-01 1.067673563957214355e+00
2.483738708496093750e+01 1.843468546867370605e+00 7.840794324874877930e-01 1.059389472007751465e+00
2.485779571533203125e+01 1.853688716888427734e+00 7.872877717018127441e-01 1.066401124000549316e+00
2.487820434570312500e+01 1.854437589645385742e+00 7.890475988388061523e-01 1.065389990806579590e+00
2.489861488342285156e+01 1.863419651985168457e+00 7.932081818580627441e-01 1.070211052894592285e+00
2.491902351379394531e+01 1.860172629356384277e+00 7.901569008827209473e-01 1.070015549659729004e+00
2.493943023681640625e+01 1.860769629478454590e+00 7.909501194953918457e-01 1.069819569587707520e+00
2.502106475830078125e+01 1.856295943260192871e+00 7.869344353675842285e-01 1.069361805915832520e+00
2.504147338867187500e+01 1.855043888092041016e+00 7.862930893898010254e-01 1.068750977516174316e+00
2.506188392639160156e+01 1.853382468223571777e+00 7.856527566909790039e-01 1.067729592323303223e+00
2.508229255676269531e+01 1.865185856819152832e+00 7.893083095550537109e-01 1.075877666473388672e+00
2.510270118713378906e+01 1.859057307243347168e+00 7.886666059494018555e-01 1.070390701293945312e+00
2.512310981750488281e+01 1.869844198226928711e+00 7.889787554740905762e-01 1.080865144729614258e+00
2.514351844787597656e+01 1.880935549736022949e+00 7.916707396507263184e-01 1.089264988899230957e+00
2.516392517089843750e+01 1.873520135879516602e+00 7.891260981559753418e-01 1.084394097328186035e+00
2.518433380126953125e+01 1.873202443122863770e+00 7.884865999221801758e-01 1.084715723991394043e+00
2.520474243164062500e+01 1.878777384757995605e+00 7.906975150108337402e-01 1.088079810142517090e+00
2.522515296936035156e+01 1.881831645965576172e+00 7.910067439079284668e-01 1.090824961662292480e+00
2.524556159973144531e+01 1.884929060935974121e+00 7.908415198326110840e-01 1.094087481498718262e+00
2.526597023010253906e+01 1.889096379280090332e+00 7.925713658332824707e-01 1.096524834632873535e+00
2.528637886047363281e+01 1.892277359962463379e+00 7.933517098426818848e-01 1.098925828933715820e+00
2.530678749084472656e+01 1.895160436630249023e+00 7.941309213638305664e-01 1.101029634475708008e+00
2.532719612121582031e+01 1.900599598884582520e+00 7.953813672065734863e-01 1.105218291282653809e+00
2.534760475158691406e+01 1.903175592422485352e+00 7.961575984954833984e-01 1.107018232345581055e+00
2.536801338195800781e+01 1.919910430908203125e+00 7.978762388229370117e-01 1.122033834457397461e+00
2.538842201232910156e+01 1.910264968872070312e+00 7.977063655853271484e-01 1.112558603286743164e+00
2.540883064270019531e+01 1.911508679389953613e+00 7.989500164985656738e-01 1.112558484077453613e+00
2.542923927307128906e+01 1.917360544204711914e+00 8.001915812492370605e-01 1.117169141769409180e+00
2.544964790344238281e+01 1.920696973800659180e+00 8.009608983993530273e-01 1.119736075401306152e+00
2.547005653381347656e+01 1.922696471214294434e+00 8.021988272666931152e-01 1.120497584342956543e+00
2.549046516418457031e+01 1.927358508110046387e+00 8.053130507469177246e-01 1.122045636177062988e+00
2.551087379455566406e+01 1.930023431777954102e+00 8.037304282188415527e-01 1.126293182373046875e+00
2.553128242492675781e+01 1.933827638626098633e+00 8.063697218894958496e-01 1.127458095550537109e+00
2.555169296264648438e+01 1.935239076614379883e+00 8.061940670013427734e-01 1.129045009613037109e+00
2.557210159301757812e+01 1.936288833618164062e+00 8.055506348609924316e-01 1.130738496780395508e+00
2.559251022338867188e+01 1.938384056091308594e+00 8.077145218849182129e-01 1.130669593811035156e+00
2.561291885375976562e+01 1.949289202690124512e+00 8.094074726104736328e-01 1.139881968498229980e+00
2.563332557678222656e+01 1.941635012626647949e+00 8.096970319747924805e-01 1.131937861442565918e+00
2.565373420715332031e+01 1.942525148391723633e+00 8.099859952926635742e-01 1.132539272308349609e+00
2.567414283752441406e+01 1.943789362907409668e+00 8.107407689094543457e-01 1.133048772811889648e+00
2.569455146789550781e+01 1.945124030113220215e+00 8.114943504333496094e-01 1.133629560470581055e+00
2.571496200561523438e+01 1.945769667625427246e+00 8.113157749176025391e-01 1.134454011917114258e+00
2.573537063598632812e+01 1.943447232246398926e+00 8.111374974250793457e-01 1.132309794425964355e+00
2.575577926635742188e+01 1.943538308143615723e+00 8.104947805404663086e-01 1.133043408393859863e+00
2.577618789672851562e+01 1.942370295524597168e+00 8.112460970878601074e-01 1.131124138832092285e+00
2.579659652709960938e+01 1.940748572349548340e+00 8.106042742729187012e-01 1.130144357681274414e+00
2.581700515747070312e+01 1.939150452613830566e+00 8.104271292686462402e-01 1.128723621368408203e+00
2.583741378784179688e+01 1.935824871063232422e+00 8.088604211807250977e-01 1.126964330673217773e+00
2.585782241821289062e+01 1.936808466911315918e+00 8.100736141204833984e-01 1.126735091209411621e+00
2.587823104858398438e+01 1.934494853019714355e+00 8.098974227905273438e-01 1.124597787857055664e+00
2.589863967895507812e+01 1.935551166534423828e+00 8.106456398963928223e-01 1.124905586242675781e+00
2.591904830932617188e+01 1.928399682044982910e+00 8.086219429969787598e-01 1.119777560234069824e+00
2.593945693969726562e+01 1.928218841552734375e+00 8.089085817337036133e-01 1.119310379028320312e+00
2.595986557006835938e+01 1.926094055175781250e+00 8.078114986419677734e-01 1.118282556533813477e+00
2.598027420043945312e+01 1.923429250717163086e+00 8.071769475936889648e-01 1.116252183914184570e+00
2.600068283081054688e+01 1.921656727790832520e+00 8.065433502197265625e-01 1.115113258361816406e+00
2.602109146118164062e+01 1.920832633972167969e+00 8.077508211135864258e-01 1.113081812858581543e+00
2.604150009155273438e+01 1.917643904685974121e+00 8.048196434974670410e-01 1.112824320793151855e+00
2.606191062927246094e+01 1.913325548171997070e+00 8.046485781669616699e-01 1.108677148818969727e+00
2.608231925964355469e+01 1.908993124961853027e+00 8.031011223793029785e-01 1.105891823768615723e+00
2.610272598266601562e+01 1.908938169479370117e+00 8.029319047927856445e-01 1.106006741523742676e+00
2.612313461303710938e+01 1.906227827072143555e+00 8.027626872062683105e-01 1.103465199470520020e+00
2.614354324340820312e+01 1.903537631034851074e+00 8.012203574180603027e-01 1.102317571640014648e+00
2.616395187377929688e+01 1.906448721885681152e+00 8.005954027175903320e-01 1.105853319168090820e+00
2.618436050415039062e+01 1.900481343269348145e+00 7.999714016914367676e-01 1.100510001182556152e+00
2.620477104187011719e+01 1.897855520248413086e+00 7.979780435562133789e-01 1.099877476692199707e+00
2.622517967224121094e+01 1.898126244544982910e+00 7.996391057968139648e-01 1.098486900329589844e+00
2.624558830261230469e+01 1.900867462158203125e+00 8.012976646423339844e-01 1.099569916725158691e+00
2.626599693298339844e+01 1.894908547401428223e+00 7.983964681625366211e-01 1.096512079238891602e+00
2.628640556335449219e+01 1.892599940299987793e+00 7.973213195800781250e-01 1.095278501510620117e+00
2.630681419372558594e+01 1.892845273017883301e+00 7.980677485466003418e-01 1.094777584075927734e+00
2.632722091674804688e+01 1.892318010330200195e+00 7.974491119384765625e-01 1.094869136810302734e+00
2.634762954711914062e+01 1.890696167945861816e+00 7.968314290046691895e-01 1.093864679336547852e+00
2.636804008483886719e+01 1.891151070594787598e+00 7.971225380897521973e-01 1.094028949737548828e+00
2.638844871520996094e+01 1.890206933021545410e+00 7.969596385955810547e-01 1.093247413635253906e+00
2.640885734558105469e+01 1.889633536338806152e+00 7.967969775199890137e-01 1.092836618423461914e+00
2.642926597595214844e+01 1.889560103416442871e+00 7.966345548629760742e-01 1.092925310134887695e+00
2.644967460632324219e+01 1.889999151229858398e+00 7.969249486923217773e-01 1.093074321746826172e+00
2.647008323669433594e+01 1.890626549720764160e+00 7.972148656845092773e-01 1.093411684036254883e+00
2.649049186706542969e+01 1.890105366706848145e+00 7.970525622367858887e-01 1.093053221702575684e+00
2.651090049743652344e+01 1.891747832298278809e+00 7.973419427871704102e-01 1.094405770301818848e+00
2.653130912780761719e+01 1.889865636825561523e+00 7.967286109924316406e-01 1.093136906623840332e+00
2.655171966552734375e+01 1.892156720161437988e+00 7.979193925857543945e-01 1.094237208366394043e+00
2.657212638854980469e+01 1.893688082695007324e+00 7.986579537391662598e-01 1.095029950141906738e+00
2.659253501892089844e+01 1.891367554664611816e+00 7.975949645042419434e-01 1.093772530555725098e+00
2.661294364929199219e+01 1.890536785125732422e+00 7.960837483406066895e-01 1.094452857971191406e+00
2.663335227966308594e+01 1.894638538360595703e+00 7.990691065788269043e-01 1.095569610595703125e+00
2.665376091003417969e+01 1.895336985588073730e+00 7.998044490814208984e-01 1.095532536506652832e+00
2.667416954040527344e+01 1.896618843078613281e+00 7.996412515640258789e-01 1.096977353096008301e+00
2.669458007812500000e+01 1.896867752075195312e+00 7.999266386032104492e-01 1.096941232681274414e+00
2.671498870849609375e+01 1.895695209503173828e+00 8.002116084098815918e-01 1.095483899116516113e+00
2.673539733886718750e+01 1.898872494697570801e+00 8.013916015625000000e-01 1.097480893135070801e+00
2.675580596923828125e+01 1.898316621780395508e+00 8.007803559303283691e-01 1.097536206245422363e+00
2.677621459960937500e+01 1.901387929916381836e+00 8.032991290092468262e-01 1.098088860511779785e+00
2.679662132263183594e+01 1.901076912879943848e+00 8.022407293319702148e-01 1.098835945129394531e+00
2.681702995300292969e+01 1.903161644935607910e+00 8.029692173004150391e-01 1.100192427635192871e+00
2.683743858337402344e+01 1.900773763656616211e+00 8.023586273193359375e-01 1.098415136337280273e+00
2.685784912109375000e+01 1.901234626770019531e+00 8.017489314079284668e-01 1.099485993385314941e+00
2.687825775146484375e+01 1.900647044181823730e+00 8.033667206764221191e-01 1.097280502319335938e+00
2.689866638183593750e+01 1.901805877685546875e+00 8.032021522521972656e-01 1.098603606224060059e+00
2.691907501220703125e+01 1.901024103164672852e+00 8.025932312011718750e-01 1.098431110382080078e+00
2.693948364257812500e+01 1.900885820388793945e+00 8.019852042198181152e-01 1.098900675773620605e+00
2.695989227294921875e+01 1.901166439056396484e+00 8.018220663070678711e-01 1.099344253540039062e+00
2.698030090332031250e+01 1.899427294731140137e+00 8.012155294418334961e-01 1.098211765289306641e+00
2.700070953369140625e+01 1.897186279296875000e+00 7.997232675552368164e-01 1.097463130950927734e+00
2.702111816406250000e+01 1.897774934768676758e+00 8.004481792449951172e-01 1.097326993942260742e+00
2.704152679443359375e+01 1.896187186241149902e+00 7.998440861701965332e-01 1.096343278884887695e+00
2.706193542480468750e+01 1.895363926887512207e+00 7.996832132339477539e-01 1.095680713653564453e+00
2.708234405517578125e+01 1.893755435943603516e+00 7.981966733932495117e-01 1.095559120178222656e+00
2.710275268554687500e+01 1.892539024353027344e+00 7.975956201553344727e-01 1.094943404197692871e+00
2.712316131591796875e+01 1.890072941780090332e+00 7.965541481971740723e-01 1.093518614768981934e+00
2.714356994628906250e+01 1.889505147933959961e+00 7.963961958885192871e-01 1.093108654022216797e+00
2.716397857666015625e+01 1.890671730041503906e+00 7.975604534149169922e-01 1.093111276626586914e+00
2.718438720703125000e+01 1.884857296943664551e+00 7.947601079940795898e-01 1.090097188949584961e+00
2.720479774475097656e+01 1.883581399917602539e+00 7.932839393615722656e-01 1.090297698974609375e+00
2.722520446777343750e+01 1.879743456840515137e+00 7.913702726364135742e-01 1.088372945785522461e+00
2.724561500549316406e+01 1.879808068275451660e+00 7.925347685813903809e-01 1.087273716926574707e+00
2.726602172851562500e+01 1.876928567886352539e+00 7.906246185302734375e-01 1.086303949356079102e+00
2.728643226623535156e+01 1.875887989997863770e+00 7.909106016159057617e-01 1.084977388381958008e+00
2.730683898925781250e+01 1.872879624366760254e+00 7.890044450759887695e-01 1.083875060081481934e+00
2.732724952697753906e+01 1.870066046714782715e+00 7.875391244888305664e-01 1.082527279853820801e+00
2.734765815734863281e+01 1.867891788482666016e+00 7.865138053894042969e-01 1.081377983093261719e+00
2.736806488037109375e+01 1.867248296737670898e+00 7.868021130561828613e-01 1.080446243286132812e+00
2.738847541809082031e+01 1.861754179000854492e+00 7.849046587944030762e-01 1.076849460601806641e+00
2.740888214111328125e+01 1.860322475433349609e+00 7.838835120201110840e-01 1.076438903808593750e+00
2.742929267883300781e+01 1.859716653823852539e+00 7.833002209663391113e-01 1.076416492462158203e+00
2.744969940185546875e+01 1.857828378677368164e+00 7.827178835868835449e-01 1.075110673904418945e+00
2.747010993957519531e+01 1.853404402732849121e+00 7.799576520919799805e-01 1.073446750640869141e+00
2.749051666259765625e+01 1.855088829994201660e+00 7.819911241531372070e-01 1.073097825050354004e+00
2.751092720031738281e+01 1.852593660354614258e+00 7.809758782386779785e-01 1.071618080139160156e+00
2.753133583068847656e+01 1.850864529609680176e+00 7.799621820449829102e-01 1.070902466773986816e+00
2.755174636840820312e+01 1.849455952644348145e+00 7.798188924789428711e-01 1.069636821746826172e+00
2.757215309143066406e+01 1.847702503204345703e+00 7.788075804710388184e-01 1.068894743919372559e+00
2.759256362915039062e+01 1.846243619918823242e+00 7.782314419746398926e-01 1.068012237548828125e+00
2.761297035217285156e+01 1.846201062202453613e+00 7.780898213386535645e-01 1.068111419677734375e+00
2.763337707519531250e+01 1.844821453094482422e+00 7.779483795166015625e-01 1.066873192787170410e+00
2.765378761291503906e+01 1.844138383865356445e+00 7.773741483688354492e-01 1.066764473915100098e+00
2.767419624328613281e+01 1.841836333274841309e+00 7.768009305000305176e-01 1.065035343170166016e+00
2.769460678100585938e+01 1.840397834777832031e+00 7.775250673294067383e-01 1.062873005867004395e+00
2.771501350402832031e+01 1.841110944747924805e+00 7.765206098556518555e-01 1.064590811729431152e+00
2.773542404174804688e+01 1.839977025985717773e+00 7.759491801261901855e-01 1.064028143882751465e+00
2.775583076477050781e+01 1.838459134101867676e+00 7.753786444664001465e-01 1.063080668449401855e+00
2.777624130249023438e+01 1.838653564453125000e+00 7.752398848533630371e-01 1.063413619995117188e+00
2.779664802551269531e+01 1.839513897895812988e+00 7.755319476127624512e-01 1.063981771469116211e+00
2.781705856323242188e+01 1.839443087577819824e+00 7.753931879997253418e-01 1.064049959182739258e+00
2.783746528625488281e+01 1.839463829994201660e+00 7.752547860145568848e-01 1.064208984375000000e+00
2.785787391662597656e+01 1.841088056564331055e+00 7.742571830749511719e-01 1.066831111907958984e+00
2.787828445434570312e+01 1.839504837989807129e+00 7.745490074157714844e-01 1.064956068992614746e+00
2.789869117736816406e+01 1.839592814445495605e+00 7.752695083618164062e-01 1.064323425292968750e+00
2.791910171508789062e+01 1.839450001716613770e+00 7.738453149795532227e-01 1.065604686737060547e+00
2.793950843811035156e+01 1.839553952217102051e+00 7.732801437377929688e-01 1.066273689270019531e+00
2.795991897583007812e+01 1.842179894447326660e+00 7.744280099868774414e-01 1.067751765251159668e+00
2.798032569885253906e+01 1.843030571937561035e+00 7.751466035842895508e-01 1.067883729934692383e+00
2.800073623657226562e+01 1.843696475028991699e+00 7.754364609718322754e-01 1.068260312080383301e+00
2.802114486694335938e+01 1.844000101089477539e+00 7.752988934516906738e-01 1.068701386451721191e+00
2.804155540466308594e+01 1.845207333564758301e+00 7.747346162796020508e-01 1.070472717285156250e+00
2.806196212768554688e+01 1.846217513084411621e+00 7.754507660865783691e-01 1.070766687393188477e+00
2.808236885070800781e+01 1.846529960632324219e+00 7.748872637748718262e-01 1.071642637252807617e+00
2.810277938842773438e+01 1.848577260971069336e+00 7.764541506767272949e-01 1.072123050689697266e+00
2.812318611145019531e+01 1.850076794624328613e+00 7.763162851333618164e-01 1.073760628700256348e+00
2.814359664916992188e+01 1.850888729095458984e+00 7.766039371490478516e-01 1.074284911155700684e+00
2.816400527954101562e+01 1.852130889892578125e+00 7.768911719322204590e-01 1.075239777565002441e+00
2.818441581726074219e+01 1.852110028266906738e+00 7.759039402008056641e-01 1.076206207275390625e+00
2.820482254028320312e+01 1.856120824813842773e+00 7.766156196594238281e-01 1.079504966735839844e+00
2.822523307800292969e+01 1.856151938438415527e+00 7.773262858390808105e-01 1.078825473785400391e+00
2.824563980102539062e+01 1.857753634452819824e+00 7.776122093200683594e-01 1.080141544342041016e+00
2.826605033874511719e+01 1.859535336494445801e+00 7.783210277557373047e-01 1.081214189529418945e+00
2.828645706176757812e+01 1.860441803932189941e+00 7.781826853752136230e-01 1.082259058952331543e+00
2.830686378479003906e+01 1.861935496330261230e+00 7.788901925086975098e-01 1.083045244216918945e+00
2.832727432250976562e+01 1.862635374069213867e+00 7.783290147781372070e-01 1.084306478500366211e+00
2.834768295288085938e+01 1.863806009292602539e+00 7.786132693290710449e-01 1.085192918777465820e+00
2.836809349060058594e+01 1.865219354629516602e+00 7.793188691139221191e-01 1.085900664329528809e+00
2.838850021362304688e+01 1.866310954093933105e+00 7.783370018005371094e-01 1.087974190711975098e+00
2.840891075134277344e+01 1.867894887924194336e+00 7.798844575881958008e-01 1.088010311126708984e+00
2.842931747436523438e+01 1.866190671920776367e+00 7.789036035537719727e-01 1.087286949157714844e+00
2.844972801208496094e+01 1.865665316581726074e+00 7.783448100090026855e-01 1.087320446968078613e+00
2.847013473510742188e+01 1.868834137916564941e+00 7.807298898696899414e-01 1.088104128837585449e+00
2.849054527282714844e+01 1.866404533386230469e+00 7.789101600646972656e-01 1.087494134902954102e+00
2.851095390319824219e+01 1.867571234703063965e+00 7.791922688484191895e-01 1.088378906250000000e+00
2.853136062622070312e+01 1.867366790771484375e+00 7.782154083251953125e-01 1.089151144027709961e+00
2.855177116394042969e+01 1.866884589195251465e+00 7.780783176422119141e-01 1.088806390762329102e+00
2.857217788696289062e+01 1.866144657135009766e+00 7.779415845870971680e-01 1.088202834129333496e+00
2.859258842468261719e+01 1.863667607307434082e+00 7.761303186416625977e-01 1.087537288665771484e+00
2.861299514770507812e+01 1.863940238952636719e+00 7.772501707077026367e-01 1.086689949035644531e+00
2.863340568542480469e+01 1.865517377853393555e+00 7.783681750297546387e-01 1.087149143218994141e+00
2.865381431579589844e+01 1.860516667366027832e+00 7.757251858711242676e-01 1.084791302680969238e+00
2.867422294616699219e+01 1.859639048576354980e+00 7.755904793739318848e-01 1.084048628807067871e+00
2.869463157653808594e+01 1.858093738555908203e+00 7.746217250823974609e-01 1.083471775054931641e+00
2.871504211425781250e+01 1.855854272842407227e+00 7.740711569786071777e-01 1.081783294677734375e+00
2.873544883728027344e+01 1.849126100540161133e+00 7.714386582374572754e-01 1.077687501907348633e+00
2.875585937500000000e+01 1.853205800056457520e+00 7.725560665130615234e-01 1.080649614334106445e+00
2.877626609802246094e+01 1.849958539009094238e+00 7.715922594070434570e-01 1.078366160392761230e+00
2.879667282104492188e+01 1.847218990325927734e+00 7.727081179618835449e-01 1.074510574340820312e+00
2.881708335876464844e+01 1.843420743942260742e+00 7.684225440025329590e-01 1.074998259544372559e+00
2.883749198913574219e+01 1.839373946189880371e+00 7.662184834480285645e-01 1.073155164718627930e+00
2.885790252685546875e+01 1.838010072708129883e+00 7.665060758590698242e-01 1.071503877639770508e+00
2.887830924987792969e+01 1.832206249237060547e+00 7.630630135536193848e-01 1.069143176078796387e+00
2.889871978759765625e+01 1.829370260238647461e+00 7.612815499305725098e-01 1.068088412284851074e+00
2.891912651062011719e+01 1.829526782035827637e+00 7.632278203964233398e-01 1.066298961639404297e+00
2.893953704833984375e+01 1.825121164321899414e+00 7.606214284896850586e-01 1.064499855041503906e+00
2.895994377136230469e+01 1.822987914085388184e+00 7.596721053123474121e-01 1.063315987586975098e+00
2.898035430908203125e+01 1.818992614746093750e+00 7.578980326652526855e-01 1.061094760894775391e+00
2.900076293945312500e+01 1.815565228462219238e+00 7.557137608528137207e-01 1.059851646423339844e+00
2.902116966247558594e+01 1.813864350318908691e+00 7.551823258399963379e-01 1.058681845664978027e+00
2.904158020019531250e+01 1.809877634048461914e+00 7.530030608177185059e-01 1.056874394416809082e+00
2.906198692321777344e+01 1.807382225990295410e+00 7.516505122184753418e-01 1.055731415748596191e+00
2.908239746093750000e+01 1.804101705551147461e+00 7.498882412910461426e-01 1.054213404655456543e+00
2.910280418395996094e+01 1.801533699035644531e+00 7.485399246215820312e-01 1.052993655204772949e+00
2.912321472167968750e+01 1.799162864685058594e+00 7.467822432518005371e-01 1.052380323410034180e+00
2.914362144470214844e+01 1.796190977096557617e+00 7.454379796981811523e-01 1.050753116607666016e+00
2.916403198242187500e+01 1.793951392173767090e+00 7.440954446792602539e-01 1.049855709075927734e+00
2.918444061279296875e+01 1.794416427612304688e+00 7.431650161743164062e-01 1.051251173019409180e+00
2.920485115051269531e+01 1.790652036666870117e+00 7.414160370826721191e-01 1.049235701560974121e+00
2.922525787353515625e+01 1.789088487625122070e+00 7.413079738616943359e-01 1.047780632972717285e+00
2.924566459655761719e+01 1.786997914314270020e+00 7.387442588806152344e-01 1.048253536224365234e+00
2.926607513427734375e+01 1.785750508308410645e+00 7.378200292587280273e-01 1.047930479049682617e+00
2.928648185729980469e+01 1.784162521362304688e+00 7.364885210990905762e-01 1.047673940658569336e+00
2.930689239501953125e+01 1.782197952270507812e+00 7.347503900527954102e-01 1.047447323799133301e+00
2.932730102539062500e+01 1.784134030342102051e+00 7.350553274154663086e-01 1.049078345298767090e+00
2.934771156311035156e+01 1.781832098960876465e+00 7.333205342292785645e-01 1.048511624336242676e+00
2.936811828613281250e+01 1.781126618385314941e+00 7.319958806037902832e-01 1.049130439758300781e+00
2.938852882385253906e+01 1.778474211692810059e+00 7.310801744461059570e-01 1.047394037246704102e+00
2.940893554687500000e+01 1.778774738311767578e+00 7.301658391952514648e-01 1.048608660697937012e+00
2.942934608459472656e+01 1.778362154960632324e+00 7.292527556419372559e-01 1.049109458923339844e+00
2.944975280761718750e+01 1.778455734252929688e+00 7.287474274635314941e-01 1.049708247184753418e+00
2.947016143798828125e+01 1.779619216918945312e+00 7.282427549362182617e-01 1.051376223564147949e+00
2.949057197570800781e+01 1.777704834938049316e+00 7.265211343765258789e-01 1.051183819770812988e+00
2.951097869873046875e+01 1.777925729751586914e+00 7.268299460411071777e-01 1.051095485687255859e+00
2.953138923645019531e+01 1.778786301612854004e+00 7.263275980949401855e-01 1.052459001541137695e+00
2.955179595947265625e+01 1.778889894485473633e+00 7.258260250091552734e-01 1.053063869476318359e+00
2.957220649719238281e+01 1.779553771018981934e+00 7.253250479698181152e-01 1.054228663444519043e+00
2.959261322021484375e+01 1.778338551521301270e+00 7.248249053955078125e-01 1.053513646125793457e+00
2.961302375793457031e+01 1.779614329338073730e+00 7.247294783592224121e-01 1.054884791374206543e+00
2.963343048095703125e+01 1.780024647712707520e+00 7.242303490638732910e-01 1.055794239044189453e+00
2.965384101867675781e+01 1.781504154205322266e+00 7.245392203330993652e-01 1.056964874267578125e+00
2.967424964904785156e+01 1.780438542366027832e+00 7.232341766357421875e-01 1.057204484939575195e+00
2.969465637207031250e+01 1.781293511390686035e+00 7.227371335029602051e-01 1.058556437492370605e+00
2.971506690979003906e+01 1.780233979225158691e+00 7.222407460212707520e-01 1.057993292808532715e+00
2.973547363281250000e+01 1.780746579170227051e+00 7.221475839614868164e-01 1.058598756790161133e+00
2.975588417053222656e+01 1.780067801475524902e+00 7.212499976158142090e-01 1.058817744255065918e+00
2.977629089355468750e+01 1.780799388885498047e+00 7.215596437454223633e-01 1.059239745140075684e+00
2.979670143127441406e+01 1.780049443244934082e+00 7.210654020309448242e-01 1.058984041213989258e+00
2.981711006164550781e+01 1.779060006141662598e+00 7.201704382896423340e-01 1.058889627456665039e+00
2.983752059936523438e+01 1.777821779251098633e+00 7.188755273818969727e-01 1.058946251869201660e+00
2.985792732238769531e+01 1.777204155921936035e+00 7.187850475311279297e-01 1.058419108390808105e+00
2.987833786010742188e+01 1.775764346122741699e+00 7.178934812545776367e-01 1.057870745658874512e+00
2.989874458312988281e+01 1.772823214530944824e+00 7.150013446807861328e-01 1.057822108268737793e+00
2.991915130615234375e+01 1.769884586334228516e+00 7.161139845848083496e-01 1.053771018981933594e+00
2.993956184387207031e+01 1.770478487014770508e+00 7.148262262344360352e-01 1.055652260780334473e+00
2.995997047424316406e+01 1.768017768859863281e+00 7.135402560234069824e-01 1.054477572441101074e+00
2.998037910461425781e+01 1.767093181610107422e+00 7.126552462577819824e-01 1.054437875747680664e+00
3.000078773498535156e+01 1.763263940811157227e+00 7.109735608100891113e-01 1.052290201187133789e+00
3.002119827270507812e+01 1.759665369987487793e+00 7.084966897964477539e-01 1.051168560981750488e+00
3.004160499572753906e+01 1.757478237152099609e+00 7.076169252395629883e-01 1.049861431121826172e+00
3.006201553344726562e+01 1.755076527595520020e+00 7.059420347213745117e-01 1.049134373664855957e+00
3.008242225646972656e+01 1.750326871871948242e+00 7.042694687843322754e-01 1.046057462692260742e+00
3.010283279418945312e+01 1.746737241744995117e+00 7.025991082191467285e-01 1.044138073921203613e+00
3.012323951721191406e+01 1.742763876914978027e+00 7.005336880683898926e-01 1.042230367660522461e+00
3.014365005493164062e+01 1.738478183746337891e+00 6.984710097312927246e-01 1.040006995201110840e+00
3.016405868530273438e+01 1.734275221824645996e+00 6.960144042968750000e-01 1.038260698318481445e+00
3.018446540832519531e+01 1.732063293457031250e+00 6.951473355293273926e-01 1.036916017532348633e+00
3.020487594604492188e+01 1.726216316223144531e+00 6.919035911560058594e-01 1.034313082695007324e+00
3.022528266906738281e+01 1.722052454948425293e+00 6.898524165153503418e-01 1.032199859619140625e+00
3.024569320678710938e+01 1.718010425567626953e+00 6.881996393203735352e-01 1.029810667037963867e+00
3.026609992980957031e+01 1.712080478668212891e+00 6.857582330703735352e-01 1.026322126388549805e+00
3.028651046752929688e+01 1.707548499107360840e+00 6.829247474670410156e-01 1.024623870849609375e+00
3.030691909790039062e+01 1.703375458717346191e+00 6.812801361083984375e-01 1.022095441818237305e+00
3.032732963562011719e+01 1.701338410377502441e+00 6.796376109123229980e-01 1.021700501441955566e+00
3.034773635864257812e+01 1.695216536521911621e+00 6.764196753501892090e-01 1.018796920776367188e+00
3.036814689636230469e+01 1.690981268882751465e+00 6.747825741767883301e-01 1.016198635101318359e+00
3.038855361938476562e+01 1.685319423675537109e+00 6.723600625991821289e-01 1.012959241867065430e+00
3.040896034240722656e+01 1.682091593742370605e+00 6.703343987464904785e-01 1.011756896972656250e+00
3.042937088012695312e+01 1.678533077239990234e+00 6.687046885490417480e-01 1.009828090667724609e+00
3.044977760314941406e+01 1.672459721565246582e+00 6.662910580635070801e-01 1.006168842315673828e+00
3.047018814086914062e+01 1.668924331665039062e+00 6.646662950515747070e-01 1.004258036613464355e+00
3.049059677124023438e+01 1.664291262626647949e+00 6.622585058212280273e-01 1.002032756805419922e+00
3.051100730895996094e+01 1.666639447212219238e+00 6.602463126182556152e-01 1.006393194198608398e+00
3.053141403198242188e+01 1.659723758697509766e+00 6.598049998283386230e-01 9.999188184738159180e-01
3.055182456970214844e+01 1.656571269035339355e+00 6.581888198852539062e-01 9.983821511268615723e-01
3.057223129272460938e+01 1.654154300689697266e+00 6.573580503463745117e-01 9.967967867851257324e-01
3.059264183044433594e+01 1.651937007904052734e+00 6.561369299888610840e-01 9.957997202873229980e-01
3.061304855346679688e+01 1.648052215576171875e+00 6.545265316963195801e-01 9.935255646705627441e-01
3.063345718383789062e+01 1.646672725677490234e+00 6.536997556686401367e-01 9.929731488227844238e-01
3.065386772155761719e+01 1.644719600677490234e+00 6.524835824966430664e-01 9.922362565994262695e-01
3.067427444458007812e+01 1.643526792526245117e+00 6.516593098640441895e-01 9.918672442436218262e-01
3.069468498229980469e+01 1.641780614852905273e+00 6.508360505104064941e-01 9.909446239471435547e-01
3.071509170532226562e+01 1.640714406967163086e+00 6.500139236450195312e-01 9.907004833221435547e-01
3.073550224304199219e+01 1.639656305313110352e+00 6.491927504539489746e-01 9.904633164405822754e-01
3.075590896606445312e+01 1.638264894485473633e+00 6.479836702346801758e-01 9.902812838554382324e-01
3.077631950378417969e+01 1.637033104896545410e+00 6.456093192100524902e-01 9.914238452911376953e-01
3.079672813415527344e+01 1.636908292770385742e+00 6.451815366744995117e-01 9.917266368865966797e-01
3.081713676452636719e+01 1.636012315750122070e+00 6.439774632453918457e-01 9.920347929000854492e-01
3.083754539489746094e+01 1.635355114936828613e+00 6.423867940902709961e-01 9.929686784744262695e-01
3.085795211791992188e+01 1.634938836097717285e+00 6.407982707023620605e-01 9.941403865814208984e-01
3.087836265563964844e+01 1.634575128555297852e+00 6.392118334770202637e-01 9.953638911247253418e-01
3.089876937866210938e+01 1.635135054588317871e+00 6.384022831916809082e-01 9.967329502105712891e-01
3.091917991638183594e+01 1.637208580970764160e+00 6.387550830841064453e-01 9.984532594680786133e-01
3.093958663940429688e+01 1.640783429145812988e+00 6.410418748855590820e-01 9.997417330741882324e-01
3.095999717712402344e+01 1.645790576934814453e+00 6.456452608108520508e-01 1.000145316123962402e+00
3.098040580749511719e+01 1.655205607414245605e+00 6.548789143562316895e-01 1.000326395034790039e+00
3.100081634521484375e+01 1.661517262458801270e+00 6.621698141098022461e-01 9.993475675582885742e-01
3.102122306823730469e+01 1.658540010452270508e+00 6.590332984924316406e-01 9.995064735412597656e-01
3.104163360595703125e+01 1.651718735694885254e+00 6.485744714736938477e-01 1.003143906593322754e+00
3.106204032897949219e+01 1.654234409332275391e+00 6.512310504913330078e-01 1.003003716468811035e+00
3.108244705200195312e+01 1.664758086204528809e+00 6.642816662788391113e-01 1.000476479530334473e+00
3.110285758972167969e+01 1.663826584815979004e+00 6.700032353401184082e-01 9.938232898712158203e-01
3.112326622009277344e+01 1.664306640625000000e+00 6.726405620574951172e-01 9.916657209396362305e-01
3.114367675781250000e+01 1.664763689041137695e+00 6.729684472084045410e-01 9.917952418327331543e-01
3.116408348083496094e+01 1.667045474052429199e+00 6.729117631912231445e-01 9.941335320472717285e-01
3.118449401855468750e+01 1.667878746986389160e+00 6.709361076354980469e-01 9.969425201416015625e-01
3.120490074157714844e+01 1.668692111968994141e+00 6.670450568199157715e-01 1.001646757125854492e+00
3.122531127929687500e+01 1.669348120689392090e+00 6.631591320037841797e-01 1.006188988685607910e+00
3.124571800231933594e+01 1.671572089195251465e+00 6.611936688423156738e-01 1.010378360748291016e+00
3.126612854003906250e+01 1.670254707336425781e+00 6.584650874137878418e-01 1.011789798736572266e+00
3.128653526306152344e+01 1.677236676216125488e+00 6.553575396537780762e-01 1.021879076957702637e+00
3.130694580078125000e+01 1.684203863143920898e+00 6.713703870773315430e-01 1.012833356857299805e+00
3.132735443115234375e+01 1.687537789344787598e+00 6.827775239944458008e-01 1.004760384559631348e+00
3.134776115417480469e+01 1.680555462837219238e+00 6.857695579528808594e-01 9.947857856750488281e-01
3.136817169189453125e+01 1.676266312599182129e+00 6.860864758491516113e-01 9.901803731918334961e-01
3.138857841491699219e+01 1.684053421020507812e+00 6.871657967567443848e-01 9.968878030776977539e-01
3.140898895263671875e+01 1.671327233314514160e+00 6.871004104614257812e-01 9.842270016670227051e-01
3.142939567565917969e+01 1.674543380737304688e+00 6.885583996772766113e-01 9.859846830368041992e-01
3.144980621337890625e+01 1.678326845169067383e+00 6.930592060089111328e-01 9.852675199508666992e-01
3.147021484375000000e+01 1.687605023384094238e+00 7.002167105674743652e-01 9.873884916305541992e-01
3.149062538146972656e+01 1.703343510627746582e+00 7.104056477546691895e-01 9.929381608963012695e-01
3.151103210449218750e+01 1.732486486434936523e+00 7.274188399314880371e-01 1.005067825317382812e+00
3.153144264221191406e+01 1.710011601448059082e+00 7.296052575111389160e-01 9.804061651229858398e-01
3.155184936523437500e+01 1.670862674713134766e+00 6.608482599258422852e-01 1.010014533996582031e+00
3.157225608825683594e+01 1.664732456207275391e+00 6.592836976051330566e-01 1.005448818206787109e+00
3.159266662597656250e+01 1.685616612434387207e+00 6.713605523109436035e-01 1.014256119728088379e+00
3.161307525634765625e+01 1.716324925422668457e+00 6.902372241020202637e-01 1.026087641716003418e+00
3.163348579406738281e+01 1.751421213150024414e+00 7.143867015838623047e-01 1.037034392356872559e+00
3.165389251708984375e+01 1.788923382759094238e+00 7.400177121162414551e-01 1.048905730247497559e+00
3.167430305480957031e+01 1.808030962944030762e+00 7.584356069564819336e-01 1.049595475196838379e+00
3.169470977783203125e+01 1.801661252975463867e+00 7.613461613655090332e-01 1.040315270423889160e+00
3.171512031555175781e+01 1.778243541717529297e+00 7.529305815696716309e-01 1.025312781333923340e+00
3.173552703857421875e+01 1.750273704528808594e+00 7.403770685195922852e-01 1.009896636009216309e+00
3.175593757629394531e+01 1.725300312042236328e+00 7.293473482131958008e-01 9.959528446197509766e-01
3.177634429931640625e+01 1.709539651870727539e+00 7.217220664024353027e-01 9.878174066543579102e-01
3.179675292968750000e+01 1.698244094848632812e+00 7.186237573623657227e-01 9.796200394630432129e-01
3.181716346740722656e+01 1.696115255355834961e+00 7.211723327636718750e-01 9.749432206153869629e-01
3.183757019042968750e+01 1.702472925186157227e+00 7.304850220680236816e-01 9.719880223274230957e-01
3.185798072814941406e+01 1.722713351249694824e+00 7.499299049377441406e-01 9.727833271026611328e-01
3.187838745117187500e+01 1.766198396682739258e+00 7.869974374771118164e-01 9.792010784149169922e-01
3.189879798889160156e+01 1.846168637275695801e+00 8.469067811965942383e-01 9.992622137069702148e-01
3.191920471191406250e+01 1.812161087989807129e+00 7.859910726547241211e-01 1.026170015335083008e+00
3.193961524963378906e+01 1.752509355545043945e+00 7.600053548812866211e-01 9.925038814544677734e-01
3.196002388000488281e+01 1.673411726951599121e+00 6.883618831634521484e-01 9.850495457649230957e-01
3.198043441772460938e+01 1.635056376457214355e+00 6.662144660949707031e-01 9.688420295715332031e-01
3.200083923339843750e+01 1.620950698852539062e+00 6.616751551628112793e-01 9.592753648757934570e-01
3.202124786376953125e+01 1.621285796165466309e+00 6.661128997802734375e-01 9.551728963851928711e-01
3.204166030883789062e+01 1.627341628074645996e+00 6.761484146118164062e-01 9.511931538581848145e-01
3.206206512451171875e+01 1.642835497856140137e+00 6.925175786018371582e-01 9.503178596496582031e-01
3.208247756958007812e+01 1.669159650802612305e+00 7.144622802734375000e-01 9.546973705291748047e-01
3.210288238525390625e+01 1.696884512901306152e+00 7.337691783905029297e-01 9.631153941154479980e-01
3.212329483032226562e+01 1.706477522850036621e+00 7.400099635124206543e-01 9.664673805236816406e-01
3.214369964599609375e+01 1.678936123847961426e+00 7.164527773857116699e-01 9.624837636947631836e-01
3.216411209106445312e+01 1.640481352806091309e+00 6.813890933990478516e-01 9.590922594070434570e-01
3.218451690673828125e+01 1.605863809585571289e+00 6.508327722549438477e-01 9.550312161445617676e-01
3.220492935180664062e+01 1.582204341888427734e+00 6.310935616493225098e-01 9.511108994483947754e-01
3.222533798217773438e+01 1.573890089988708496e+00 6.247509717941284180e-01 9.491392970085144043e-01
3.224574279785156250e+01 1.597638607025146484e+00 6.332643628120422363e-01 9.643744826316833496e-01
3.226615524291992188e+01 1.615221738815307617e+00 6.451055407524108887e-01 9.701161384582519531e-01
3.228656005859375000e+01 1.604663610458374023e+00 6.446977853775024414e-01 9.599658250808715820e-01
3.230697250366210938e+01 1.594818353652954102e+00 6.376215815544128418e-01 9.571965932846069336e-01
3.232737731933593750e+01 1.593667745590209961e+00 6.294436454772949219e-01 9.642240405082702637e-01
3.234778976440429688e+01 1.588222742080688477e+00 6.123952269554138184e-01 9.758272171020507812e-01
3.236819839477539062e+01 1.563327550888061523e+00 6.057226657867431641e-01 9.576045870780944824e-01
3.238860702514648438e+01 1.572621941566467285e+00 6.238189339637756348e-01 9.488028883934020996e-01
3.240901565551757812e+01 1.598658680915832520e+00 6.522337794303894043e-01 9.464248418807983398e-01
3.242942428588867188e+01 1.627869129180908203e+00 6.839346289634704590e-01 9.439346194267272949e-01
3.244983291625976562e+01 1.675242900848388672e+00 7.259238362312316895e-01 9.493191838264465332e-01
3.247023773193359375e+01 1.685254096984863281e+00 6.963456869125366211e-01 9.889086484909057617e-01
3.249065017700195312e+01 1.714031100273132324e+00 6.959082484245300293e-01 1.018122792243957520e+00
3.251105880737304688e+01 1.626554965972900391e+00 6.163150668144226074e-01 1.010239839553833008e+00
3.253146743774414062e+01 1.587753176689147949e+00 6.026826500892639160e-01 9.850705862045288086e-01
3.255187606811523438e+01 1.557133078575134277e+00 5.927444100379943848e-01 9.643884301185607910e-01
3.257228469848632812e+01 1.543616056442260742e+00 5.912705063819885254e-01 9.523451924324035645e-01
3.259269332885742188e+01 1.542970895767211914e+00 5.978779792785644531e-01 9.450930356979370117e-01
3.261310195922851562e+01 1.558659791946411133e+00 6.206258535385131836e-01 9.380335807800292969e-01
3.263351058959960938e+01 1.579440951347351074e+00 6.418782472610473633e-01 9.375627636909484863e-01
3.265391921997070312e+01 1.588188529014587402e+00 6.389111280441284180e-01 9.492771625518798828e-01
3.267432785034179688e+01 1.601264238357543945e+00 6.348488330841064453e-01 9.664156436920166016e-01
3.269473648071289062e+01 1.607527017593383789e+00 6.366490721702575684e-01 9.708780050277709961e-01
3.271514511108398438e+01 1.609120249748229980e+00 6.439352631568908691e-01 9.651851654052734375e-01
3.273555374145507812e+01 1.613669991493225098e+00 6.577939987182617188e-01 9.558762907981872559e-01
3.275596237182617188e+01 1.647236704826354980e+00 6.986761689186096191e-01 9.485605955123901367e-01
3.277637100219726562e+01 1.704441666603088379e+00 7.570365667343139648e-01 9.474048614501953125e-01
3.279677963256835938e+01 1.724570989608764648e+00 7.704339623451232910e-01 9.541370272636413574e-01
3.281718826293945312e+01 1.724257826805114746e+00 7.630248665809631348e-01 9.612327814102172852e-01
3.283759689331054688e+01 1.798199176788330078e+00 8.307136297225952148e-01 9.674856066703796387e-01
3.285800552368164062e+01 1.899218559265136719e+00 9.201753139495849609e-01 9.790431261062622070e-01
3.287841796875000000e+01 1.860687851905822754e+00 8.737330436706542969e-01 9.869545698165893555e-01
3.289882278442382812e+01 1.857738137245178223e+00 8.731911182403564453e-01 9.845470190048217773e-01
3.291923522949218750e+01 1.785827517509460449e+00 8.079282045364379883e-01 9.778993725776672363e-01
3.293964004516601562e+01 1.732084870338439941e+00 7.576447725296020508e-01 9.744400382041931152e-01
3.296004867553710938e+01 1.710619330406188965e+00 7.263075709342956543e-01 9.843115806579589844e-01
3.298045730590820312e+01 1.714973330497741699e+00 7.175107002258300781e-01 9.974628686904907227e-01
3.300086593627929688e+01 1.681718111038208008e+00 6.891387104988098145e-01 9.925794005393981934e-01
3.302127456665039062e+01 1.642321348190307617e+00 6.684139370918273926e-01 9.739077091217041016e-01
3.304168319702148438e+01 1.621151089668273926e+00 6.545975208282470703e-01 9.665539860725402832e-01
3.306209564208984375e+01 1.609989404678344727e+00 6.455046534538269043e-01 9.644849896430969238e-01
3.308250045776367188e+01 1.612405776977539062e+00 6.432974338531494141e-01 9.691081047058105469e-01
3.310291290283203125e+01 1.638187766075134277e+00 6.508556604385375977e-01 9.873321056365966797e-01
3.312331771850585938e+01 1.688742280006408691e+00 6.558751463890075684e-01 1.032866954803466797e+00
3.314373016357421875e+01 1.642532229423522949e+00 6.171903014183044434e-01 1.025342226028442383e+00
3.316413497924804688e+01 1.612365365028381348e+00 6.030955910682678223e-01 1.009269714355468750e+00
3.318454360961914062e+01 1.609852194786071777e+00 6.268913745880126953e-01 9.829607009887695312e-01
3.320495605468750000e+01 1.623553156852722168e+00 6.218198537826538086e-01 1.001733541488647461e+00
3.322536087036132812e+01 1.627351284027099609e+00 6.214379668235778809e-01 1.005913138389587402e+00
3.324577331542968750e+01 1.626882314682006836e+00 6.059350967407226562e-01 1.020947098731994629e+00
3.326617813110351562e+01 1.592589259147644043e+00 6.055633425712585449e-01 9.870260953903198242e-01
3.328659057617187500e+01 1.625386953353881836e+00 6.415107250213623047e-01 9.838763475418090820e-01
3.330699539184570312e+01 1.623678326606750488e+00 6.188367009162902832e-01 1.004841566085815430e+00
3.332740783691406250e+01 1.557643055915832520e+00 5.692540407180786133e-01 9.883892536163330078e-01
3.334781646728515625e+01 1.554843425750732422e+00 5.689057111740112305e-01 9.859375357627868652e-01
3.336822509765625000e+01 1.649288654327392578e+00 6.352780461311340332e-01 1.014010787010192871e+00
3.338863372802734375e+01 1.696818590164184570e+00 6.825692057609558105e-01 1.014249205589294434e+00
3.340903854370117188e+01 1.642238497734069824e+00 6.563566327095031738e-01 9.858819842338562012e-01
3.342945098876953125e+01 1.598158836364746094e+00 6.355468034744262695e-01 9.626119136810302734e-01
3.344985580444335938e+01 1.614843368530273438e+00 6.555556654930114746e-01 9.592874050140380859e-01
3.347026824951171875e+01 1.630449771881103516e+00 6.623082756996154785e-01 9.681414961814880371e-01
3.349067306518554688e+01 1.621636152267456055e+00 6.501105427742004395e-01 9.715259075164794922e-01
3.351108551025390625e+01 1.580212116241455078e+00 6.157822608947753906e-01 9.644296765327453613e-01
3.353149414062500000e+01 1.553028583526611328e+00 5.943465828895568848e-01 9.586820006370544434e-01
3.355190277099609375e+01 1.548182129859924316e+00 5.939850211143493652e-01 9.541975259780883789e-01
3.357231140136718750e+01 1.630294203758239746e+00 6.364076733589172363e-01 9.938865303993225098e-01
3.359272003173828125e+01 1.635997653007507324e+00 5.932632684707641602e-01 1.042734026908874512e+00
3.361312866210937500e+01 1.596281886100769043e+00 5.857811570167541504e-01 1.010500788688659668e+00
3.363353347778320312e+01 1.583614349365234375e+00 5.854257345199584961e-01 9.981887340545654297e-01
3.365394592285156250e+01 1.587354898452758789e+00 6.046323180198669434e-01 9.827225208282470703e-01
3.367435455322265625e+01 1.584232926368713379e+00 6.010667681694030762e-01 9.831664562225341797e-01
3.369476318359375000e+01 1.561605453491210938e+00 5.779677033424377441e-01 9.836378097534179688e-01
3.371517181396484375e+01 1.538704752922058105e+00 5.616419315338134766e-01 9.770630598068237305e-01
3.373558044433593750e+01 1.511901497840881348e+00 5.481743216514587402e-01 9.637270569801330566e-01
3.375598907470703125e+01 1.515836358070373535e+00 5.528072118759155273e-01 9.630292057991027832e-01
3.377639770507812500e+01 1.546467900276184082e+00 5.623956322669982910e-01 9.840724468231201172e-01
3.379680633544921875e+01 1.517575383186340332e+00 5.475354790687561035e-01 9.700396656990051270e-01
3.381721496582031250e+01 1.513871431350708008e+00 5.503904819488525391e-01 9.634811282157897949e-01
3.383762359619140625e+01 1.509581685066223145e+00 5.436913371086120605e-01 9.658904671669006348e-01
3.385803222656250000e+01 1.509601473808288574e+00 5.271015763282775879e-01 9.825000762939453125e-01
3.387844085693359375e+01 1.486767649650573730e+00 5.292572379112243652e-01 9.575108289718627930e-01
3.389884948730468750e+01 1.490891456604003906e+00 5.395315289497375488e-01 9.513600468635559082e-01
3.391925811767578125e+01 1.482375860214233398e+00 5.385010838508605957e-01 9.438746571540832520e-01
3.393966674804687500e+01 1.483235716819763184e+00 5.381772518157958984e-01 9.450582265853881836e-01
3.396007537841796875e+01 1.487125754356384277e+00 5.501899123191833496e-01 9.369361400604248047e-01
3.398048400878906250e+01 1.488024353981018066e+00 5.558477640151977539e-01 9.321766495704650879e-01
3.400089263916015625e+01 1.476658582687377930e+00 5.516416430473327637e-01 9.250166416168212891e-01
3.402130126953125000e+01 1.470615148544311523e+00 5.520144104957580566e-01 9.186006188392639160e-01
3.404171371459960938e+01 1.468641757965087891e+00 5.509802103042602539e-01 9.176619648933410645e-01
3.406211853027343750e+01 1.477704524993896484e+00 5.527585148811340332e-01 9.249459505081176758e-01
3.408253097534179688e+01 1.485359311103820801e+00 5.562906265258789062e-01 9.290688633918762207e-01
3.410293579101562500e+01 1.485113143920898438e+00 5.601695775985717773e-01 9.249434471130371094e-01
3.412334442138671875e+01 1.457485795021057129e+00 5.444005131721496582e-01 9.130854010581970215e-01
3.414375305175781250e+01 1.478539109230041504e+00 5.700168013572692871e-01 9.085223078727722168e-01
3.416416168212890625e+01 1.520716428756713867e+00 6.026096940040588379e-01 9.181066751480102539e-01
3.418457412719726562e+01 1.537195444107055664e+00 5.864933133125305176e-01 9.507018923759460449e-01
3.420497894287109375e+01 1.560898900032043457e+00 5.773950219154357910e-01 9.835039377212524414e-01
3.422539138793945312e+01 1.536538481712341309e+00 5.697063803672790527e-01 9.668315649032592773e-01
3.424579620361328125e+01 1.531930685043334961e+00 5.749592185020446777e-01 9.569715857505798340e-01
3.426620864868164062e+01 1.546058535575866699e+00 5.788084864616394043e-01 9.672499299049377441e-01
3.428661346435546875e+01 1.563053965568542480e+00 5.875406265258789062e-01 9.755136370658874512e-01
3.430702590942382812e+01 1.530194282531738281e+00 5.652106404304504395e-01 9.649835824966430664e-01
3.432743072509765625e+01 1.501506567001342773e+00 5.568547844886779785e-01 9.446518421173095703e-01
3.434783935546875000e+01 1.527529716491699219e+00 5.565239787101745605e-01 9.710056781768798828e-01
3.436825180053710938e+01 1.546518087387084961e+00 5.561934709548950195e-01 9.903244376182556152e-01
3.438865661621093750e+01 1.544426202774047852e+00 5.617805719375610352e-01 9.826458096504211426e-01
3.440906906127929688e+01 1.568245291709899902e+00 5.743181705474853516e-01 9.939272999763488770e-01
3.442947387695312500e+01 1.572761058807373047e+00 5.750207304954528809e-01 9.977403283119201660e-01
3.444988632202148438e+01 1.579407811164855957e+00 5.809341669082641602e-01 9.984736442565917969e-01
3.447029113769531250e+01 1.583578109741210938e+00 5.670477151870727539e-01 1.016530394554138184e+00
3.449070358276367188e+01 1.564463496208190918e+00 5.580362081527709961e-01 1.006427049636840820e+00
3.451111221313476562e+01 1.628819346427917480e+00 5.951641798019409180e-01 1.033655047416687012e+00
3.453152084350585938e+01 1.680594563484191895e+00 6.520059108734130859e-01 1.028588771820068359e+00
3.455192947387695312e+01 1.638020753860473633e+00 5.944610834121704102e-01 1.043559432029724121e+00
3.457233428955078125e+01 1.615691065788269043e+00 5.837236046791076660e-01 1.031967401504516602e+00
3.459274673461914062e+01 1.638160824775695801e+00 5.819951891899108887e-01 1.056165575981140137e+00
3.461315155029296875e+01 1.613657712936401367e+00 5.816520452499389648e-01 1.032005786895751953e+00
3.463356399536132812e+01 1.552134275436401367e+00 5.336155891418457031e-01 1.018518686294555664e+00
3.465397262573242188e+01 1.549960136413574219e+00 5.460812449455261230e-01 1.003878831863403320e+00
3.467438125610351562e+01 1.513270258903503418e+00 5.215958952903747559e-01 9.916743636131286621e-01
3.469478988647460938e+01 1.511506676673889160e+00 5.192191004753112793e-01 9.922879338264465332e-01
3.471519851684570312e+01 1.480495095252990723e+00 5.202929973602294922e-01 9.602016806602478027e-01
3.473560714721679688e+01 1.487416744232177734e+00 5.265345573425292969e-01 9.608822464942932129e-01
3.475601577758789062e+01 1.463380098342895508e+00 5.141717195510864258e-01 9.492086172103881836e-01
3.477642440795898438e+01 1.441973209381103516e+00 5.056095719337463379e-01 9.363635182380676270e-01
3.479682922363281250e+01 1.426653265953063965e+00 4.915536940097808838e-01 9.350994229316711426e-01
3.481724166870117188e+01 1.411692261695861816e+00 4.730449914932250977e-01 9.386471509933471680e-01
3.483765029907226562e+01 1.413894653320312500e+00 4.679578244686126709e-01 9.459369778633117676e-01
3.485805892944335938e+01 1.384475231170654297e+00 4.542919397354125977e-01 9.301834106445312500e-01
3.487846755981445312e+01 1.412294507026672363e+00 4.574579894542694092e-01 9.548366069793701172e-01
3.489887619018554688e+01 1.391708374023437500e+00 4.592482745647430420e-01 9.324596524238586426e-01
3.491928482055664062e+01 1.395344734191894531e+00 4.706343412399291992e-01 9.247103333473205566e-01
3.493969345092773438e+01 1.406455278396606445e+00 4.792664647102355957e-01 9.271887540817260742e-01
3.496010208129882812e+01 1.411870956420898438e+00 5.036379098892211914e-01 9.082329273223876953e-01
3.498051071166992188e+01 1.418423295021057129e+00 4.927364885807037354e-01 9.256869554519653320e-01
3.500091934204101562e+01 1.410865545272827148e+00 4.968949556350708008e-01 9.139706492424011230e-01
3.502132797241210938e+01 1.408407092094421387e+00 5.007067322731018066e-01 9.077004194259643555e-01
3.504173660278320312e+01 1.422286152839660645e+00 5.215930938720703125e-01 9.006927609443664551e-01
3.506214523315429688e+01 1.442064404487609863e+00 5.291412472724914551e-01 9.129230380058288574e-01
3.508255386352539062e+01 1.447776198387145996e+00 5.370217561721801758e-01 9.107545018196105957e-01
3.510296249389648438e+01 1.471101045608520508e+00 5.551227331161499023e-01 9.159783720970153809e-01
3.512337112426757812e+01 1.496454715728759766e+00 5.793368220329284668e-01 9.171174764633178711e-01
3.514377975463867188e+01 1.505324244499206543e+00 5.749133229255676270e-01 9.304111003875732422e-01
3.516418838500976562e+01 1.477600693702697754e+00 5.534753799438476562e-01 9.241246581077575684e-01
3.518459701538085938e+01 1.470956444740295410e+00 5.460103154182434082e-01 9.249457120895385742e-01
3.520500946044921875e+01 1.463894248008728027e+00 5.477337241172790527e-01 9.161607027053833008e-01
3.522541427612304688e+01 1.451758503913879395e+00 5.504745841026306152e-01 9.012840390205383301e-01
3.524582672119140625e+01 1.435917258262634277e+00 5.314777493476867676e-01 9.044393897056579590e-01
3.526623153686523438e+01 1.433580636978149414e+00 5.372794866561889648e-01 8.963011503219604492e-01
3.528664016723632812e+01 1.452605128288269043e+00 5.620703101158142090e-01 8.905345797538757324e-01
3.530704879760742188e+01 1.467884182929992676e+00 5.790350437164306641e-01 8.888491988182067871e-01
3.532745742797851562e+01 1.446895241737365723e+00 5.631149411201477051e-01 8.837804794311523438e-01
3.534786987304687500e+01 1.461667776107788086e+00 5.492448806762695312e-01 9.124231338500976562e-01
3.536827468872070312e+01 1.468093156814575195e+00 5.648340582847595215e-01 9.032590389251708984e-01
3.538868713378906250e+01 1.487387537956237793e+00 5.986696481704711914e-01 8.887183666229248047e-01
3.540909194946289062e+01 1.472473144531250000e+00 5.881835222244262695e-01 8.842895627021789551e-01
3.542950439453125000e+01 1.443600773811340332e+00 5.598038434982299805e-01 8.837968707084655762e-01
3.544990921020507812e+01 1.456400036811828613e+00 5.594815611839294434e-01 8.969184160232543945e-01
3.547032165527343750e+01 1.404696702957153320e+00 5.247393846511840820e-01 8.799575567245483398e-01
3.549073028564453125e+01 1.414937853813171387e+00 5.294965505599975586e-01 8.854412436485290527e-01
3.551113510131835938e+01 1.436750054359436035e+00 5.484049916267395020e-01 8.883450627326965332e-01
3.553154754638671875e+01 1.454356789588928223e+00 5.480899810791015625e-01 9.062667489051818848e-01
3.555195236206054688e+01 1.493454456329345703e+00 5.656192898750305176e-01 9.278351664543151855e-01
3.557236480712890625e+01 1.495163440704345703e+00 5.652947425842285156e-01 9.298687577247619629e-01
3.559276962280273438e+01 1.496919751167297363e+00 5.676609873771667480e-01 9.292586445808410645e-01
3.561318206787109375e+01 1.529300808906555176e+00 5.932153463363647461e-01 9.360857009887695312e-01
3.563358688354492188e+01 1.494554042816162109e+00 5.515589714050292969e-01 9.429953694343566895e-01
3.565399932861328125e+01 1.510935306549072266e+00 5.512432456016540527e-01 9.596924781799316406e-01
3.567440795898437500e+01 1.531463265419006348e+00 5.586449503898620605e-01 9.728183150291442871e-01
3.569481658935546875e+01 1.502739071846008301e+00 5.234511494636535645e-01 9.792878627777099609e-01
3.571522521972656250e+01 1.404090523719787598e+00 4.400375485420227051e-01 9.640529751777648926e-01
3.573563003540039062e+01 1.404653549194335938e+00 4.468201696872711182e-01 9.578331112861633301e-01
3.575604248046875000e+01 1.426333427429199219e+00 4.793712496757507324e-01 9.469622373580932617e-01
3.577644729614257812e+01 1.401564836502075195e+00 4.463104009628295898e-01 9.552543759346008301e-01
3.579685974121093750e+01 1.421593546867370605e+00 4.393684566020965576e-01 9.822250604629516602e-01
3.581726837158203125e+01 1.367533206939697266e+00 3.986817896366119385e-01 9.688516855239868164e-01
3.583767700195312500e+01 1.369799733161926270e+00 4.104785323143005371e-01 9.593212008476257324e-01
3.585808563232421875e+01 1.373239994049072266e+00 4.292717278003692627e-01 9.439678192138671875e-01
3.587849426269531250e+01 1.393619060516357422e+00 4.370342493057250977e-01 9.565846920013427734e-01
3.589890289306640625e+01 1.380753397941589355e+00 4.367858171463012695e-01 9.439675211906433105e-01
