# NTRMN  = 2
# NTRANS = 56
1.142887115478515625e+01 0.000000000000000000e+00 0.000000000000000000e+00 0.000000000000000000e+00
1.144927978515625000e+01 0.000000000000000000e+00 0.000000000000000000e+00 0.000000000000000000e+00
1.146968936920166016e+01 0.000000000000000000e+00 0.000000000000000000e+00 0.000000000000000000e+00
1.149009799957275391e+01 0.000000000000000000e+00 0.000000000000000000e+00 0.000000000000000000e+00
1.151050662994384766e+01 0.000000000000000000e+00 0.000000000000000000e+00 0.000000000000000000e+00
1.153091526031494141e+01 0.000000000000000000e+00 0.000000000000000000e+00 0.000000000000000000e+00
1.157173252105712891e+01 0.000000000000000000e+00 0.000000000000000000e+00 0.000000000000000000e+00
1.159214115142822266e+01 0.000000000000000000e+00 0.000000000000000000e+00 0.000000000000000000e+00
1.161254978179931641e+01 0.000000000000000000e+00 0.000000000000000000e+00 0.000000000000000000e+00
1.165336799621582031e+01 2.166224956512451172e+00 2.166224956512451172e+00 0.000000000000000000e+00
1.167377567291259766e+01 2.162437915802001953e+00 2.162437915802001953e+00 0.000000000000000000e+00
1.169418430328369141e+01 2.158663988113403320e+00 2.158663988113403320e+00 0.000000000000000000e+00
1.171459388732910156e+01 1.650151014328002930e+00 1.650151014328002930e+00 0.000000000000000000e+00
1.175541114807128906e+01 2.224941015243530273e+00 1.949886560440063477e+00 2.750544846057891846e-01
1.177581882476806641e+01 2.768987178802490234e+00 2.494375467300415039e+00 2.746116816997528076e-01
1.179622840881347656e+01 2.948566436767578125e+00 2.709233999252319336e+00 2.393325418233871460e-01
1.181663703918457031e+01 2.944453239440917969e+00 2.705567836761474609e+00 2.388854324817657471e-01
1.183704566955566406e+01 2.916658163070678711e+00 2.710003614425659180e+00 2.066546082496643066e-01
1.185745429992675781e+01 2.986304044723510742e+00 2.800227880477905273e+00 1.860761940479278564e-01
1.187786388397216797e+01 1.321927666664123535e+00 1.148801326751708984e+00 1.731263697147369385e-01
1.193908882141113281e+01 1.239723324775695801e+00 1.142910122871398926e+00 9.681316465139389038e-02
1.195949840545654297e+01 1.240576863288879395e+00 1.152969837188720703e+00 8.760701864957809448e-02
1.197990703582763672e+01 1.276197433471679688e+00 1.189971923828125000e+00 8.622550219297409058e-02
1.200031566619873047e+01 1.338295340538024902e+00 1.248791933059692383e+00 8.950339257717132568e-02
1.202072334289550781e+01 1.415284395217895508e+00 1.320356845855712891e+00 9.492760151624679565e-02
1.204113292694091797e+01 1.498540163040161133e+00 1.397643446922302246e+00 1.008967235684394836e-01
1.206154155731201172e+01 1.584524393081665039e+00 1.477645635604858398e+00 1.068787276744842529e-01
1.208195018768310547e+01 1.673454403877258301e+00 1.560349702835083008e+00 1.131046935915946960e-01
1.210235881805419922e+01 1.768611907958984375e+00 1.648708820343017578e+00 1.199030876159667969e-01
1.212276744842529297e+01 1.868287324905395508e+00 1.740720033645629883e+00 1.275672316551208496e-01
1.214317607879638672e+01 1.974396228790283203e+00 1.838336348533630371e+00 1.360598802566528320e-01
1.216358470916748047e+01 2.083756923675537109e+00 1.938576936721801758e+00 1.451800614595413208e-01
1.218399333953857422e+01 2.196124553680419922e+00 2.041429042816162109e+00 1.546953916549682617e-01
1.220440292358398438e+01 2.312268018722534180e+00 2.147860288619995117e+00 1.644077152013778687e-01
1.222481155395507812e+01 2.432070493698120117e+00 2.257852315902709961e+00 1.742182075977325439e-01
1.224521923065185547e+01 2.555481672286987305e+00 2.371387958526611328e+00 1.840937286615371704e-01
1.226562786102294922e+01 2.684499979019165039e+00 2.490401029586791992e+00 1.940990239381790161e-01
1.228603744506835938e+01 2.816272258758544922e+00 2.611941337585449219e+00 2.043308764696121216e-01
1.230644607543945312e+01 2.952729701995849609e+00 2.737941503524780273e+00 2.147881686687469482e-01
1.232685470581054688e+01 3.089026451110839844e+00 2.863524436950683594e+00 2.255021333694458008e-01
1.234726333618164062e+01 3.225131511688232422e+00 2.988692283630371094e+00 2.364391982555389404e-01
1.236767196655273438e+01 3.357141971588134766e+00 3.109575986862182617e+00 2.475659996271133423e-01
1.238808059692382812e+01 3.486011981964111328e+00 3.227162599563598633e+00 2.588493525981903076e-01
1.240848922729492188e+01 3.608830928802490234e+00 3.338574647903442383e+00 2.702563703060150146e-01
1.242889785766601562e+01 3.726495504379272461e+00 3.444805383682250977e+00 2.816901504993438721e-01
1.244930744171142578e+01 3.837941646575927734e+00 3.544919490814208984e+00 2.930222749710083008e-01
1.246971511840820312e+01 3.944031476974487305e+00 3.639906167984008789e+00 3.041253983974456787e-01
1.249012374877929688e+01 4.042747020721435547e+00 3.727874279022216797e+00 3.148728013038635254e-01
1.251053237915039062e+01 4.132880210876464844e+00 3.807901144027709961e+00 3.249791562557220459e-01
1.253094196319580078e+01 4.215301513671875000e+00 3.880981206893920898e+00 3.343202471733093262e-01
1.255135059356689453e+01 4.286328315734863281e+00 3.943333148956298828e+00 3.429952263832092285e-01
1.257175922393798828e+01 4.344429969787597656e+00 3.994057416915893555e+00 3.503726124763488770e-01
1.259216690063476562e+01 4.388719081878662109e+00 4.032260417938232422e+00 3.564586937427520752e-01
1.261257648468017578e+01 4.417996883392333984e+00 4.057053565979003906e+00 3.609432876110076904e-01
1.263298511505126953e+01 4.428861618041992188e+00 4.064711570739746094e+00 3.641501367092132568e-01
1.265339374542236328e+01 4.420456886291503906e+00 4.055317401885986328e+00 3.651393651962280273e-01
1.267380237579345703e+01 4.387523651123046875e+00 4.023287296295166016e+00 3.642365634441375732e-01
1.269421100616455078e+01 4.322952270507812500e+00 3.963073015213012695e+00 3.598793148994445801e-01
1.271461963653564453e+01 4.188296794891357422e+00 3.840919494628906250e+00 3.473772406578063965e-01
1.273502826690673828e+01 3.454044580459594727e+00 3.189057350158691406e+00 2.649871706962585449e-01
1.275543689727783203e+01 3.000187158584594727e+00 2.742912054061889648e+00 2.572750747203826904e-01
1.277584648132324219e+01 2.995425701141357422e+00 2.738530397415161133e+00 2.568952739238739014e-01
1.279625511169433594e+01 2.990679264068603516e+00 2.734162569046020508e+00 2.565167546272277832e-01
1.281666278839111328e+01 3.162456750869750977e+00 2.906317234039306641e+00 2.561394274234771729e-01
1.283707141876220703e+01 2.981170177459716797e+00 2.725469112396240234e+00 2.557011246681213379e-01
1.285748100280761719e+01 2.599748134613037109e+00 2.398106098175048828e+00 2.016419917345046997e-01
1.287788963317871094e+01 2.595659017562866211e+00 2.394305706024169922e+00 2.013534009456634521e-01
1.289829826354980469e+01 2.710057020187377930e+00 2.452692985534667969e+00 2.573641240596771240e-01
1.295952415466308594e+01 3.347904205322265625e+00 2.441105365753173828e+00 9.067988395690917969e-01
1.297993278503417969e+01 4.871518611907958984e+00 3.954219102859497070e+00 9.172996282577514648e-01
1.300034141540527344e+01 5.119921207427978516e+00 3.948011636734008789e+00 1.171909451484680176e+00
1.302075004577636719e+01 5.378489971160888672e+00 4.566006660461425781e+00 8.124829530715942383e-01
1.304115962982177734e+01 4.745970726013183594e+00 3.935654640197753906e+00 8.103164434432983398e-01
1.312279415130615234e+01 4.220760822296142578e+00 3.096648454666137695e+00 1.124112367630004883e+00
1.314320278167724609e+01 4.171709060668945312e+00 3.029911994934082031e+00 1.141797065734863281e+00
1.320442867279052734e+01 4.705937862396240234e+00 3.015863180160522461e+00 1.690074920654296875e+00
1.322483730316162109e+01 4.575051307678222656e+00 2.996727466583251953e+00 1.578323960304260254e+00
1.324524593353271484e+01 4.853798866271972656e+00 2.992110013961791992e+00 1.861688613891601562e+00
1.326565456390380859e+01 4.456535339355468750e+00 2.675312042236328125e+00 1.781223058700561523e+00
1.336769866943359375e+01 5.321631908416748047e+00 2.696078538894653320e+00 2.625553846359252930e+00
1.338810729980468750e+01 5.538461685180664062e+00 2.796571731567382812e+00 2.741890192031860352e+00
1.340851497650146484e+01 5.758995532989501953e+00 2.876227378845214844e+00 2.882767677307128906e+00
1.342892456054687500e+01 5.969449996948242188e+00 2.928010225296020508e+00 3.041439533233642578e+00
1.344933319091796875e+01 6.182947158813476562e+00 2.940476179122924805e+00 3.242471456527709961e+00
1.346974182128906250e+01 6.070243358612060547e+00 3.000002145767211914e+00 3.070240736007690430e+00
1.349015045166015625e+01 6.328971385955810547e+00 3.265197277069091797e+00 3.063774824142456055e+00
1.351055908203125000e+01 6.176582813262939453e+00 3.173442840576171875e+00 3.003140211105346680e+00
1.353096771240234375e+01 6.187417984008789062e+00 3.056311368942260742e+00 3.131106853485107422e+00
1.355137634277343750e+01 6.473576068878173828e+00 3.354671239852905273e+00 3.118904829025268555e+00
1.361260223388671875e+01 6.584292888641357422e+00 3.284186840057373047e+00 3.300106048583984375e+00
1.363301086425781250e+01 6.711559772491455078e+00 3.324047327041625977e+00 3.387513160705566406e+00
1.365341949462890625e+01 6.859250068664550781e+00 3.354145765304565430e+00 3.505104541778564453e+00
1.367382907867431641e+01 6.959123134613037109e+00 3.367522239685058594e+00 3.591600418090820312e+00
1.369423770904541016e+01 7.048099517822265625e+00 3.372118234634399414e+00 3.675980567932128906e+00
1.371464633941650391e+01 7.121291637420654297e+00 3.372336626052856445e+00 3.748955726623535156e+00
1.373505496978759766e+01 7.186627388000488281e+00 3.372554302215576172e+00 3.814073085784912109e+00
1.375546360015869141e+01 7.252739429473876953e+00 3.374511718750000000e+00 3.878228187561035156e+00
1.377587318420410156e+01 7.306430339813232422e+00 3.359086036682128906e+00 3.947344303131103516e+00
1.383709812164306641e+01 7.142001628875732422e+00 3.090768098831176758e+00 4.051233291625976562e+00
1.387791538238525391e+01 7.109934806823730469e+00 3.097202301025390625e+00 4.012732028961181641e+00
1.397995948791503906e+01 6.721801757812500000e+00 3.010380268096923828e+00 3.711421489715576172e+00
1.402077770233154297e+01 7.291115283966064453e+00 3.001616477966308594e+00 4.289498805999755859e+00
1.404118442535400391e+01 7.671292781829833984e+00 3.482304334640502930e+00 4.188988208770751953e+00
1.410241127014160156e+01 7.958335876464843750e+00 3.382309436798095703e+00 4.576026916503906250e+00
1.414322853088378906e+01 7.929857254028320312e+00 3.295533895492553711e+00 4.634322643280029297e+00
1.416363716125488281e+01 7.742748737335205078e+00 3.169092178344726562e+00 4.573656082153320312e+00
1.426568031311035156e+01 8.198658943176269531e+00 3.305003643035888672e+00 4.893656253814697266e+00
1.430649757385253906e+01 8.353344917297363281e+00 3.308123826980590820e+00 5.045222759246826172e+00
1.432690715789794922e+01 8.520393371582031250e+00 3.366070985794067383e+00 5.154321193695068359e+00
1.434731578826904297e+01 8.774179458618164062e+00 3.433029890060424805e+00 5.341150760650634766e+00
1.436772441864013672e+01 9.008213996887207031e+00 3.479804992675781250e+00 5.528406620025634766e+00
1.438813304901123047e+01 9.203619956970214844e+00 3.485683917999267578e+00 5.717936515808105469e+00
1.440854167938232422e+01 9.472447395324707031e+00 3.575449228286743164e+00 5.896996974945068359e+00
1.442895126342773438e+01 9.418292999267578125e+00 3.535551071166992188e+00 5.882743835449218750e+00
1.444935989379882812e+01 9.378728866577148438e+00 3.494108676910400391e+00 5.884620189666748047e+00
1.446976852416992188e+01 8.969883918762207031e+00 3.323738098144531250e+00 5.646147251129150391e+00
1.457181072235107422e+01 9.824566841125488281e+00 3.550995588302612305e+00 6.273571968078613281e+00
1.459222030639648438e+01 9.925519943237304688e+00 3.650203466415405273e+00 6.275318622589111328e+00
1.461262893676757812e+01 9.855202674865722656e+00 3.677051067352294922e+00 6.178150653839111328e+00
1.485753345489501953e+01 1.056702613830566406e+01 3.841209411621093750e+00 6.725818634033203125e+00
1.487794208526611328e+01 1.044141197204589844e+01 3.655727863311767578e+00 6.785682678222656250e+00
1.497998523712158203e+01 1.100677967071533203e+01 3.650002479553222656e+00 7.356781482696533203e+00
1.516366481781005859e+01 1.121781349182128906e+01 3.634206295013427734e+00 7.583607673645019531e+00
1.518407344818115234e+01 1.139097595214843750e+01 3.716822385787963867e+00 7.674155235290527344e+00
1.540856838226318359e+01 1.215040111541748047e+01 3.817255735397338867e+00 8.333144187927246094e+00
1.544938468933105469e+01 1.237420654296875000e+01 3.847458362579345703e+00 8.526748657226562500e+00
1.546979331970214844e+01 1.245694923400878906e+01 3.876426935195922852e+00 8.580522537231445312e+00
1.557183837890625000e+01 1.268914318084716797e+01 3.912517786026000977e+00 8.776628494262695312e+00
1.559224700927734375e+01 1.278531551361083984e+01 3.918143749237060547e+00 8.867170333862304688e+00
1.569428920745849609e+01 1.313672351837158203e+01 4.005543231964111328e+00 9.131181716918945312e+00
1.583715152740478516e+01 1.365547084808349609e+01 4.026850700378417969e+00 9.628621101379394531e+00
1.593919372558593750e+01 1.379231357574462891e+01 4.018342971801757812e+00 9.773968696594238281e+00
1.595960235595703125e+01 1.385273551940917969e+01 4.010204792022705078e+00 9.842528343200683594e+00
1.598001194000244141e+01 1.386996936798095703e+01 4.035044193267822266e+00 9.834924697875976562e+00
1.600041961669921875e+01 1.392026805877685547e+01 4.047851562500000000e+00 9.872416496276855469e+00
1.602083015441894531e+01 1.399915218353271484e+01 4.089016437530517578e+00 9.910134315490722656e+00
1.604123878479003906e+01 1.404419040679931641e+01 4.086799144744873047e+00 9.957391738891601562e+00
1.616368865966796875e+01 1.427940082550048828e+01 4.103231906890869141e+00 1.017616939544677734e+01
1.632695960998535156e+01 1.443258666992187500e+01 4.100321292877197266e+00 1.033226585388183594e+01
1.649022865295410156e+01 1.473788166046142578e+01 4.181668281555175781e+00 1.055621528625488281e+01
1.653104782104492188e+01 1.478214359283447266e+01 4.143104553222656250e+00 1.063903903961181641e+01
1.655145645141601562e+01 1.483270359039306641e+01 4.158967971801757812e+00 1.067373657226562500e+01
1.657186508178710938e+01 1.498753261566162109e+01 4.167569637298583984e+00 1.081996345520019531e+01
1.659227180480957031e+01 1.485237884521484375e+01 4.184085369110107422e+00 1.066829395294189453e+01
1.663308906555175781e+01 1.499670791625976562e+01 4.196846008300781250e+00 1.079986095428466797e+01
1.665349769592285156e+01 1.507952404022216797e+01 4.208233356475830078e+00 1.087129116058349609e+01
1.667390823364257812e+01 1.511256504058837891e+01 4.210260868072509766e+00 1.090230369567871094e+01
1.669431686401367188e+01 1.507499504089355469e+01 4.207265377044677734e+00 1.086773014068603516e+01
1.671472549438476562e+01 1.512304401397705078e+01 4.216450214385986328e+00 1.090659332275390625e+01
1.673513412475585938e+01 1.521424198150634766e+01 4.234910964965820312e+00 1.097933101654052734e+01
1.675554275512695312e+01 1.528994274139404297e+01 4.249754428863525391e+00 1.104018783569335938e+01
1.677595138549804688e+01 1.531664085388183594e+01 4.217472076416015625e+00 1.109916877746582031e+01
1.683717727661132812e+01 1.552997112274169922e+01 4.262562751770019531e+00 1.126740837097167969e+01
1.685758590698242188e+01 1.557894992828369141e+01 4.262372016906738281e+00 1.131657505035400391e+01
1.687799453735351562e+01 1.567978096008300781e+01 4.278493881225585938e+00 1.140128612518310547e+01
1.689840316772460938e+01 1.568592071533203125e+01 4.272617816925048828e+00 1.141330432891845703e+01
1.691881179809570312e+01 1.576582908630371094e+01 4.266756534576416016e+00 1.149907016754150391e+01
1.693922042846679688e+01 1.575072860717773438e+01 4.255256652832031250e+00 1.149547100067138672e+01
1.704126548767089844e+01 1.582425022125244141e+01 4.217835426330566406e+00 1.160641384124755859e+01
1.714330673217773438e+01 1.585453414916992188e+01 4.233225345611572266e+00 1.162131118774414062e+01
1.716371536254882812e+01 1.581334018707275391e+01 4.227493762969970703e+00 1.158584594726562500e+01
1.720453453063964844e+01 1.573118114471435547e+01 4.227204322814941406e+00 1.150397586822509766e+01
1.722494316101074219e+01 1.572766399383544922e+01 4.231229305267333984e+00 1.149643516540527344e+01
1.724535179138183594e+01 1.567142868041992188e+01 4.222751617431640625e+00 1.144867897033691406e+01
1.734739494323730469e+01 1.554773426055908203e+01 4.173762798309326172e+00 1.137397098541259766e+01
1.736780357360839844e+01 1.553171634674072266e+01 4.175749778747558594e+00 1.135596561431884766e+01
1.738821220397949219e+01 1.556858539581298828e+01 4.186680793762207031e+00 1.138190460205078125e+01
1.742902946472167969e+01 1.559800815582275391e+01 4.186491012573242188e+00 1.141151809692382812e+01
1.744943809509277344e+01 1.563922119140625000e+01 4.189139842987060547e+00 1.145008087158203125e+01
1.746984672546386719e+01 1.562601184844970703e+01 4.166431903839111328e+00 1.145958042144775391e+01
1.751066398620605469e+01 1.569818878173828125e+01 4.170391559600830078e+00 1.152779674530029297e+01
1.753107261657714844e+01 1.571449089050292969e+01 4.168267726898193359e+00 1.154622459411621094e+01
1.755148124694824219e+01 1.572768592834472656e+01 4.158647060394287109e+00 1.156904029846191406e+01
1.757188987731933594e+01 1.573762893676757812e+01 4.158585548400878906e+00 1.157904338836669922e+01
1.765352439880371094e+01 1.583186435699462891e+01 4.121726036071777344e+00 1.171013832092285156e+01
1.767393493652343750e+01 1.586922645568847656e+01 4.123738765716552734e+00 1.174548530578613281e+01
1.769434356689453125e+01 1.588498401641845703e+01 4.112217903137207031e+00 1.177276706695556641e+01
1.771475219726562500e+01 1.592953205108642578e+01 4.100047588348388672e+00 1.182948398590087891e+01
1.773516082763671875e+01 1.594352149963378906e+01 4.108828067779541016e+00 1.183469390869140625e+01
1.775556755065917969e+01 1.596877765655517578e+01 4.118936061859130859e+00 1.184984111785888672e+01
1.777597618103027344e+01 1.600443649291992188e+01 4.118247032165527344e+00 1.188619041442871094e+01
1.783720397949218750e+01 1.608201980590820312e+01 4.134307861328125000e+00 1.194771575927734375e+01
1.785761260986328125e+01 1.608254432678222656e+01 4.134274959564208984e+00 1.194827175140380859e+01
1.787802124023437500e+01 1.610834884643554688e+01 4.132903099060058594e+00 1.197544765472412109e+01
1.789842987060546875e+01 1.612549972534179688e+01 4.144240856170654297e+00 1.198126029968261719e+01
1.800047302246093750e+01 1.623923110961914062e+01 4.175273895263671875e+00 1.206395721435546875e+01
1.806169891357421875e+01 1.627975654602050781e+01 4.177688598632812500e+00 1.210206413269042969e+01
1.808210754394531250e+01 1.630192756652832031e+01 4.174296855926513672e+00 1.212763118743896484e+01
1.814333343505859375e+01 1.632967567443847656e+01 4.165487766265869141e+00 1.216418838500976562e+01
1.818415260314941406e+01 1.634860229492187500e+01 4.169302463531494141e+00 1.217929840087890625e+01
1.820456123352050781e+01 1.634495735168457031e+01 4.169888496398925781e+00 1.217506885528564453e+01
1.822496795654296875e+01 1.650145149230957031e+01 4.167846202850341797e+00 1.233360385894775391e+01
1.824537658691406250e+01 1.632509040832519531e+01 4.147439956665039062e+00 1.217765045166015625e+01
1.826578521728515625e+01 1.636076736450195312e+01 4.157222270965576172e+00 1.220354557037353516e+01
1.832701301574707031e+01 1.641366386413574219e+01 4.135496616363525391e+00 1.227816772460937500e+01
1.834742164611816406e+01 1.641784858703613281e+01 4.130243778228759766e+00 1.228760147094726562e+01
1.849028205871582031e+01 1.637356567382812500e+01 4.035540103912353516e+00 1.233802509307861328e+01
1.851069068908691406e+01 1.633053970336914062e+01 4.028504371643066406e+00 1.230203533172607422e+01
1.853109931945800781e+01 1.635929489135742188e+01 4.012441158294677734e+00 1.234685516357421875e+01
1.855150794982910156e+01 1.633843421936035156e+01 4.013833999633789062e+00 1.232460117340087891e+01
1.857191658020019531e+01 1.633742141723632812e+01 3.995888471603393555e+00 1.234153461456298828e+01
1.859232521057128906e+01 1.634407043457031250e+01 3.993433475494384766e+00 1.235063838958740234e+01
1.861273384094238281e+01 1.634100723266601562e+01 3.998057842254638672e+00 1.234294986724853516e+01
1.865355110168457031e+01 1.636576652526855469e+01 3.999576330184936523e+00 1.236618900299072266e+01
1.867395973205566406e+01 1.637931060791015625e+01 3.995205640792846680e+00 1.238410472869873047e+01
1.869436836242675781e+01 1.637812614440917969e+01 4.003649711608886719e+00 1.237447834014892578e+01
1.871477699279785156e+01 1.641146659851074219e+01 3.999922990798950195e+00 1.241154289245605469e+01
1.873518562316894531e+01 1.640344429016113281e+01 4.009621143341064453e+00 1.239382266998291016e+01
1.875559425354003906e+01 1.639486694335937500e+01 4.003343582153320312e+00 1.239152526855468750e+01
1.877600288391113281e+01 1.642289352416992188e+01 4.013654232025146484e+00 1.240923881530761719e+01
1.879641151428222656e+01 1.643709754943847656e+01 4.015664577484130859e+00 1.242143344879150391e+01
1.881682205200195312e+01 1.646167755126953125e+01 4.024667739868164062e+00 1.243700885772705078e+01
1.883723068237304688e+01 1.648117065429687500e+01 4.036192417144775391e+00 1.244497394561767578e+01
1.885763931274414062e+01 1.649335670471191406e+01 4.031824111938476562e+00 1.246153163909912109e+01
1.887804794311523438e+01 1.650689506530761719e+01 4.039512157440185547e+00 1.246738243103027344e+01
1.889845657348632812e+01 1.651994895935058594e+01 4.042750358581542969e+00 1.247720050811767578e+01
1.891886329650878906e+01 1.652758216857910156e+01 4.047246932983398438e+00 1.248033237457275391e+01
1.893927192687988281e+01 1.654360771179199219e+01 4.056789398193359375e+00 1.248681831359863281e+01
1.895968055725097656e+01 1.660727310180664062e+01 4.051791667938232422e+00 1.255548095703125000e+01
1.898009109497070312e+01 1.655014801025390625e+01 4.052479743957519531e+00 1.249766731262207031e+01
1.904131698608398438e+01 1.652863311767578125e+01 4.044478416442871094e+00 1.248415374755859375e+01
1.906172561645507812e+01 1.655695533752441406e+01 4.053962707519531250e+00 1.250299644470214844e+01
1.908213424682617188e+01 1.656770706176757812e+01 4.047117710113525391e+00 1.252058982849121094e+01
1.910254287719726562e+01 1.655253791809082031e+01 4.036527633666992188e+00 1.251601219177246094e+01
1.912295150756835938e+01 1.658307266235351562e+01 4.039104938507080078e+00 1.254396629333496094e+01
1.914336013793945312e+01 1.659613227844238281e+01 4.041676998138427734e+00 1.255445384979248047e+01
1.916376876831054688e+01 1.659772491455078125e+01 4.034874439239501953e+00 1.256284999847412109e+01
1.918417739868164062e+01 1.657546997070312500e+01 4.023094654083251953e+00 1.255237865447998047e+01
1.920458602905273438e+01 1.660506629943847656e+01 4.018196105957031250e+00 1.258687114715576172e+01
1.922499465942382812e+01 1.659726142883300781e+01 4.015175342559814453e+00 1.258208370208740234e+01
1.924540328979492188e+01 1.660474395751953125e+01 3.998478889465332031e+00 1.260626602172851562e+01
1.926581192016601562e+01 1.659235000610351562e+01 4.000456333160400391e+00 1.259189128875732422e+01
1.928622055053710938e+01 1.659751510620117188e+01 3.992498874664306641e+00 1.260501670837402344e+01
1.930663108825683594e+01 1.661051177978515625e+01 3.990138292312622070e+00 1.262037277221679688e+01
1.932703971862792969e+01 1.660448646545410156e+01 3.983447551727294922e+00 1.262103748321533203e+01
1.934744834899902344e+01 1.661807060241699219e+01 3.975533723831176758e+00 1.264253139495849609e+01
1.936785507202148438e+01 1.663240242004394531e+01 3.974435091018676758e+00 1.265796852111816406e+01
1.938826370239257812e+01 1.662399864196777344e+01 3.965312719345092773e+00 1.265868854522705078e+01
1.940867233276367188e+01 1.663340568542480469e+01 3.958059310913085938e+00 1.267534542083740234e+01
1.942908096313476562e+01 1.664622116088867188e+01 3.952669143676757812e+00 1.269355678558349609e+01
1.944948959350585938e+01 1.665726089477539062e+01 3.950983285903930664e+00 1.270627975463867188e+01
1.951071739196777344e+01 1.665863227844238281e+01 3.942878961563110352e+00 1.271575260162353516e+01
1.953112602233886719e+01 1.664734840393066406e+01 3.929566621780395508e+00 1.271778297424316406e+01
1.955153465270996094e+01 1.678094291687011719e+01 3.998317241668701172e+00 1.278262519836425781e+01
1.957194328308105469e+01 1.673125457763671875e+01 3.907916784286499023e+00 1.282333755493164062e+01
1.959235191345214844e+01 1.684298515319824219e+01 4.061466217041015625e+00 1.278151798248291016e+01
1.961275863647460938e+01 1.667965507507324219e+01 3.905276536941528320e+00 1.277438163757324219e+01
1.963316917419433594e+01 1.668233489990234375e+01 3.902436733245849609e+00 1.277989864349365234e+01
1.969439506530761719e+01 1.666679954528808594e+01 3.886050224304199219e+00 1.278075122833251953e+01
1.971480369567871094e+01 1.665520286560058594e+01 3.882027387619018555e+00 1.277317428588867188e+01
1.973521232604980469e+01 1.668153381347656250e+01 3.894388437271118164e+00 1.278714752197265625e+01
1.975562095642089844e+01 1.670178794860839844e+01 3.897029876708984375e+00 1.280475997924804688e+01
1.989848136901855469e+01 1.672179412841796875e+01 3.899127960205078125e+00 1.282266712188720703e+01
1.993929862976074219e+01 1.671073722839355469e+01 3.897149324417114258e+00 1.281359004974365234e+01
1.995970916748046875e+01 1.668021392822265625e+01 3.893763780593872070e+00 1.278645133972167969e+01
2.000052642822265625e+01 1.666604042053222656e+01 3.901975870132446289e+00 1.276406764984130859e+01
2.002093505859375000e+01 1.663649177551269531e+01 3.890824317932128906e+00 1.274566555023193359e+01
2.012297821044921875e+01 1.655760192871093750e+01 3.873473167419433594e+00 1.268413257598876953e+01
2.014338684082031250e+01 1.656616783142089844e+01 3.865389347076416016e+00 1.270077991485595703e+01
2.016379547119140625e+01 1.654839897155761719e+01 3.863257884979248047e+00 1.268513965606689453e+01
2.018420410156250000e+01 1.655029106140136719e+01 3.871211528778076172e+00 1.267908000946044922e+01
2.020461273193359375e+01 1.652387237548828125e+01 3.863746881484985352e+00 1.266012573242187500e+01
2.022502136230468750e+01 1.651828384399414062e+01 3.857481002807617188e+00 1.266079711914062500e+01
2.024542999267578125e+01 1.650249671936035156e+01 3.860095500946044922e+00 1.264240264892578125e+01
2.026583862304687500e+01 1.649821662902832031e+01 3.852664232254028320e+00 1.264555072784423828e+01
2.028624725341796875e+01 1.660156250000000000e+01 3.861179351806640625e+00 1.274038124084472656e+01
2.030665588378906250e+01 1.649260902404785156e+01 3.855530977249145508e+00 1.263707637786865234e+01
2.032706451416015625e+01 1.648508262634277344e+01 3.852248430252075195e+00 1.263283348083496094e+01
2.034747314453125000e+01 1.646766471862792969e+01 3.844855308532714844e+00 1.262281036376953125e+01
2.042910766601562500e+01 1.644447135925292969e+01 3.838279247283935547e+00 1.260618972778320312e+01
2.049033546447753906e+01 1.641747474670410156e+01 3.830899715423583984e+00 1.258657550811767578e+01
2.053115081787109375e+01 1.641410446166992188e+01 3.823283910751342773e+00 1.259081840515136719e+01
2.055155944824218750e+01 1.659145927429199219e+01 3.809586286544799805e+00 1.278187370300292969e+01
2.059237670898437500e+01 1.664042091369628906e+01 3.801453113555908203e+00 1.283896827697753906e+01
2.061278724670410156e+01 1.638972282409667969e+01 3.804076910018920898e+00 1.258564472198486328e+01
2.075564765930175781e+01 1.626643180847167969e+01 3.767512798309326172e+00 1.249891757965087891e+01
2.077605628967285156e+01 1.624677658081054688e+01 3.763812303543090820e+00 1.248296833038330078e+01
2.079646492004394531e+01 1.622406959533691406e+01 3.757240772247314453e+00 1.246683120727539062e+01
2.081687355041503906e+01 1.621728515625000000e+01 3.755282402038574219e+00 1.246199989318847656e+01
2.083728218078613281e+01 1.619787788391113281e+01 3.750455141067504883e+00 1.244742393493652344e+01
2.087809944152832031e+01 1.617105293273925781e+01 3.745416164398193359e+00 1.242563819885253906e+01
2.100055122375488281e+01 1.608940315246582031e+01 3.730986595153808594e+00 1.235841751098632812e+01
2.102095985412597656e+01 1.607205009460449219e+01 3.727933883666992188e+00 1.234411907196044922e+01
2.104136848449707031e+01 1.604770851135253906e+01 3.726024389266967773e+00 1.232168388366699219e+01
2.106177711486816406e+01 1.604687118530273438e+01 3.731507062911987305e+00 1.231536579132080078e+01
2.108218574523925781e+01 1.603070640563964844e+01 3.731301069259643555e+00 1.229940414428710938e+01
2.110259437561035156e+01 1.601548767089843750e+01 3.733364820480346680e+00 1.228211975097656250e+01
2.112300491333007812e+01 1.600723648071289062e+01 3.737690687179565430e+00 1.226954460144042969e+01
2.114341354370117188e+01 1.599477100372314453e+01 3.730686187744140625e+00 1.226408672332763672e+01
2.116382217407226562e+01 1.597802066802978516e+01 3.727654218673706055e+00 1.225036716461181641e+01
2.118423080444335938e+01 1.596847534179687500e+01 3.728583097457885742e+00 1.223989105224609375e+01
2.120463943481445312e+01 1.595126247406005859e+01 3.727252483367919922e+00 1.222400951385498047e+01
2.122504615783691406e+01 1.593974018096923828e+01 3.722541093826293945e+00 1.221720027923583984e+01
2.124545478820800781e+01 1.593176460266113281e+01 3.724035739898681641e+00 1.220772933959960938e+01
2.126586532592773438e+01 1.591216182708740234e+01 3.718210220336914062e+00 1.219395160675048828e+01
2.128627395629882812e+01 1.591623973846435547e+01 3.718581438064575195e+00 1.219765949249267578e+01
2.130668258666992188e+01 1.589573860168457031e+01 3.717266559600830078e+00 1.217847251892089844e+01
2.132709121704101562e+01 1.587769508361816406e+01 3.709780931472778320e+00 1.216791439056396484e+01
2.134749984741210938e+01 1.585819339752197266e+01 3.710159063339233398e+00 1.214803409576416016e+01
2.136790847778320312e+01 1.585902404785156250e+01 3.707735300064086914e+00 1.215128803253173828e+01
2.138831710815429688e+01 1.584702682495117188e+01 3.705317020416259766e+00 1.214170742034912109e+01
2.140872573852539062e+01 1.581516265869140625e+01 3.693957328796386719e+00 1.212120437622070312e+01
2.142913436889648438e+01 1.580215549468994141e+01 3.694349527359008789e+00 1.210780525207519531e+01
2.144954490661621094e+01 1.578299713134765625e+01 3.684137582778930664e+00 1.209885978698730469e+01
2.146995162963867188e+01 1.575074672698974609e+01 3.678406000137329102e+00 1.207233905792236328e+01
2.149036026000976562e+01 1.574541091918945312e+01 3.677697658538818359e+00 1.206771278381347656e+01
2.151076889038085938e+01 1.571269035339355469e+01 3.668643951416015625e+00 1.204404830932617188e+01
2.153117752075195312e+01 1.569302654266357422e+01 3.659607172012329102e+00 1.203341865539550781e+01
2.155158615112304688e+01 1.567062282562255859e+01 3.656697034835815430e+00 1.201392745971679688e+01
2.157199478149414062e+01 1.563090515136718750e+01 3.647688865661621094e+00 1.198321533203125000e+01
2.159240341186523438e+01 1.562282943725585938e+01 3.642023801803588867e+00 1.198080539703369141e+01
2.161281394958496094e+01 1.558771610260009766e+01 3.633046388626098633e+00 1.195466899871826172e+01
2.163322257995605469e+01 1.555963039398193359e+01 3.625746011734008789e+00 1.193388652801513672e+01
2.165363121032714844e+01 1.553978443145751953e+01 3.620117664337158203e+00 1.191966533660888672e+01
2.167403984069824219e+01 1.550372314453125000e+01 3.608977317810058594e+00 1.189474582672119141e+01
2.169444656372070312e+01 1.547397422790527344e+01 3.608340740203857422e+00 1.186563682556152344e+01
2.171485519409179688e+01 1.543824291229248047e+01 3.601642370223999023e+00 1.183660030364990234e+01
2.173526382446289062e+01 1.540703868865966797e+01 3.598811388015747070e+00 1.180822658538818359e+01
2.175567245483398438e+01 1.537569141387939453e+01 3.591583728790283203e+00 1.178410816192626953e+01
2.177608299255371094e+01 1.534389019012451172e+01 3.583271026611328125e+00 1.176062011718750000e+01
2.179649162292480469e+01 1.530712032318115234e+01 3.582112073898315430e+00 1.172500610351562500e+01
2.181690025329589844e+01 1.527589321136474609e+01 3.576018571853637695e+00 1.169987583160400391e+01
2.185771751403808594e+01 1.522190761566162109e+01 3.574268817901611328e+00 1.164763736724853516e+01
2.187812614440917969e+01 1.519535923004150391e+01 3.572576045989990234e+00 1.162278079986572266e+01
2.189853477478027344e+01 1.517500591278076172e+01 3.575259208679199219e+00 1.159974765777587891e+01
2.191894340515136719e+01 1.515085887908935547e+01 3.573568344116210938e+00 1.157729339599609375e+01
2.193935203552246094e+01 1.513309383392333984e+01 3.573517322540283203e+00 1.155957508087158203e+01
2.195976066589355469e+01 1.511687278747558594e+01 3.570196390151977539e+00 1.154667568206787109e+01
2.198016929626464844e+01 1.508680248260498047e+01 3.575049877166748047e+00 1.151175308227539062e+01
2.200057792663574219e+01 1.506943702697753906e+01 3.574997901916503906e+00 1.149444007873535156e+01
2.202098655700683594e+01 1.505168533325195312e+01 3.576576948165893555e+00 1.147510719299316406e+01
2.204139518737792969e+01 1.503135299682617188e+01 3.570006608963012695e+00 1.146134757995605469e+01
2.206180381774902344e+01 1.501399040222167969e+01 3.575384616851806641e+00 1.143860626220703125e+01
2.208221244812011719e+01 1.499944686889648438e+01 3.576958894729614258e+00 1.142248821258544922e+01
2.210262298583984375e+01 1.497755241394042969e+01 3.576905250549316406e+00 1.140064716339111328e+01
2.212303161621093750e+01 1.496716022491455078e+01 3.575769662857055664e+00 1.139138984680175781e+01
2.214344024658203125e+01 1.496268177032470703e+01 3.578419923782348633e+00 1.138426208496093750e+01
2.216384696960449219e+01 1.492440605163574219e+01 3.575125217437744141e+00 1.134928035736083984e+01
2.218425559997558594e+01 1.491953563690185547e+01 3.576152801513671875e+00 1.134338378906250000e+01
2.220466423034667969e+01 1.490309333801269531e+01 3.576099872589111328e+00 1.132699394226074219e+01
2.222507286071777344e+01 1.489787101745605469e+01 3.576585769653320312e+00 1.132128524780273438e+01
2.224548149108886719e+01 1.488266754150390625e+01 3.576533079147338867e+00 1.130613613128662109e+01
2.226589202880859375e+01 1.487301063537597656e+01 3.573254823684692383e+00 1.129975509643554688e+01
2.228630065917968750e+01 1.485883903503417969e+01 3.573742628097534180e+00 1.128509521484375000e+01
2.230670928955078125e+01 1.485208225250244141e+01 3.571009159088134766e+00 1.128107166290283203e+01
2.232711791992187500e+01 1.484032154083251953e+01 3.570961713790893555e+00 1.126936054229736328e+01
2.234752655029296875e+01 1.483015155792236328e+01 3.567700386047363281e+00 1.126245117187500000e+01
2.236793518066406250e+01 1.483269119262695312e+01 3.567656040191650391e+00 1.126503658294677734e+01
2.238834190368652344e+01 1.483051681518554688e+01 3.567611694335937500e+00 1.126290512084960938e+01
2.240875053405761719e+01 1.482581329345703125e+01 3.563294410705566406e+00 1.126251792907714844e+01
2.242916107177734375e+01 1.482666587829589844e+01 3.563787460327148438e+00 1.126288032531738281e+01
2.244956970214843750e+01 1.482228088378906250e+01 3.562680482864379883e+00 1.125959968566894531e+01
2.246997833251953125e+01 1.481896972656250000e+01 3.561042547225952148e+00 1.125792789459228516e+01
2.249038696289062500e+01 1.482357883453369141e+01 3.561004400253295898e+00 1.126257419586181641e+01
2.251079559326171875e+01 1.482262325286865234e+01 3.557244062423706055e+00 1.126537799835205078e+01
2.253120422363281250e+01 1.483383369445800781e+01 3.557740688323974609e+00 1.127609443664550781e+01
2.255161285400390625e+01 1.483529949188232422e+01 3.555582523345947266e+00 1.127971649169921875e+01
2.257202148437500000e+01 1.484153175354003906e+01 3.556609869003295898e+00 1.128492164611816406e+01
2.259243011474609375e+01 1.484528636932373047e+01 3.557105779647827148e+00 1.128818035125732422e+01
2.261283874511718750e+01 1.485413074493408203e+01 3.558130264282226562e+00 1.129600143432617188e+01
2.263324737548828125e+01 1.486376476287841797e+01 3.560739278793334961e+00 1.130302619934082031e+01
2.265365600585937500e+01 1.486900711059570312e+01 3.558588027954101562e+00 1.131042003631591797e+01
2.267406463623046875e+01 1.487452888488769531e+01 3.559079885482788086e+00 1.131544876098632812e+01
2.269447326660156250e+01 1.488089084625244141e+01 3.561681270599365234e+00 1.131921100616455078e+01
2.271488189697265625e+01 1.489892387390136719e+01 3.563750743865966797e+00 1.133517265319824219e+01
2.273529052734375000e+01 1.489818477630615234e+01 3.567395687103271484e+00 1.133078765869140625e+01
2.275570106506347656e+01 1.491578197479248047e+01 3.571034431457519531e+00 1.134474658966064453e+01
2.277610969543457031e+01 1.491626834869384766e+01 3.572564125061035156e+00 1.134370422363281250e+01
2.279651832580566406e+01 1.491963481903076172e+01 3.575666427612304688e+00 1.134397029876708984e+01
2.281692695617675781e+01 1.494596004486083984e+01 3.582435607910156250e+00 1.136352539062500000e+01
2.283733558654785156e+01 1.493630409240722656e+01 3.584999322891235352e+00 1.135130596160888672e+01
2.285774230957031250e+01 1.494262695312500000e+01 3.587035179138183594e+00 1.135559368133544922e+01
2.287815093994140625e+01 1.495244216918945312e+01 3.591160058975219727e+00 1.136128330230712891e+01
2.289855957031250000e+01 1.495191192626953125e+01 3.593709230422973633e+00 1.135820198059082031e+01
2.291897010803222656e+01 1.494868850708007812e+01 3.596776008605957031e+00 1.135191154479980469e+01
2.293937873840332031e+01 1.495369720458984375e+01 3.602968215942382812e+00 1.135072803497314453e+01
2.295978736877441406e+01 1.494468307495117188e+01 3.603936433792114258e+00 1.134074783325195312e+01
2.298019599914550781e+01 1.494215583801269531e+01 3.607506752014160156e+00 1.133464813232421875e+01
2.300060462951660156e+01 1.494437503814697266e+01 3.608989238739013672e+00 1.133538532257080078e+01
2.302101325988769531e+01 1.494956493377685547e+01 3.614628791809082031e+00 1.133493709564208984e+01
2.304142189025878906e+01 1.494276809692382812e+01 3.616621971130371094e+00 1.132614612579345703e+01
2.316387367248535156e+01 1.488010692596435547e+01 3.573217153549194336e+00 1.130689048767089844e+01
2.318428230285644531e+01 1.486825847625732422e+01 3.618602275848388672e+00 1.124965667724609375e+01
2.320469093322753906e+01 1.485807895660400391e+01 3.622124910354614258e+00 1.123595333099365234e+01
2.328632736206054688e+01 1.481085777282714844e+01 3.615595102310180664e+00 1.119526290893554688e+01
2.334755134582519531e+01 1.476618003845214844e+01 3.615854263305664062e+00 1.115032577514648438e+01
2.336795997619628906e+01 1.476528358459472656e+01 3.611159801483154297e+00 1.115412521362304688e+01
2.338836860656738281e+01 1.473752403259277344e+01 3.612102746963500977e+00 1.112542152404785156e+01
2.342918777465820312e+01 1.471319770812988281e+01 3.614494800567626953e+00 1.109870529174804688e+01
2.357204818725585938e+01 1.460257911682128906e+01 3.593096733093261719e+00 1.100948238372802734e+01
2.359245681762695312e+01 1.471770763397216797e+01 3.618907451629638672e+00 1.109879970550537109e+01
2.361286544799804688e+01 1.465110969543457031e+01 3.609189748764038086e+00 1.104191970825195312e+01
2.369449996948242188e+01 1.459764099121093750e+01 3.597259998321533203e+00 1.100038242340087891e+01
2.371490859985351562e+01 1.463768482208251953e+01 3.628990650177001953e+00 1.100869464874267578e+01
2.373531723022460938e+01 1.463237285614013672e+01 3.630408763885498047e+00 1.100196552276611328e+01
2.375572776794433594e+01 1.462996101379394531e+01 3.639886379241943359e+00 1.099007511138916016e+01
2.377613449096679688e+01 1.474945068359375000e+01 3.640789508819580078e+00 1.110866069793701172e+01
2.379654312133789062e+01 1.463005065917968750e+01 3.642697095870971680e+00 1.098735618591308594e+01
2.381695175170898438e+01 1.463668441772460938e+01 3.648621797561645508e+00 1.098806381225585938e+01
2.383736038208007812e+01 1.463342475891113281e+01 3.650017261505126953e+00 1.098340702056884766e+01
2.387817764282226562e+01 1.461251735687255859e+01 3.649793148040771484e+00 1.096272373199462891e+01
2.389858627319335938e+01 1.463432693481445312e+01 3.657193899154663086e+00 1.097713470458984375e+01
2.393940544128417969e+01 1.461755847930908203e+01 3.658458232879638672e+00 1.095909976959228516e+01
2.400063133239746094e+01 1.463074970245361328e+01 3.661593437194824219e+00 1.096915340423583984e+01
2.402103805541992188e+01 1.464530086517333984e+01 3.668448686599731445e+00 1.097685337066650391e+01
2.406185722351074219e+01 1.464602851867675781e+01 3.666205406188964844e+00 1.097982215881347656e+01
2.408226585388183594e+01 1.466437244415283203e+01 3.675523996353149414e+00 1.098884868621826172e+01
2.410267448425292969e+01 1.467828083038330078e+01 3.673404693603515625e+00 1.100487422943115234e+01
2.412308311462402344e+01 1.468120765686035156e+01 3.672281980514526367e+00 1.100892543792724609e+01
2.414349174499511719e+01 1.468675231933593750e+01 3.676614046096801758e+00 1.101013851165771484e+01
2.420471763610839844e+01 1.468019104003906250e+01 3.675720691680908203e+00 1.100447082519531250e+01
2.426594352722167969e+01 1.468929004669189453e+01 3.673352241516113281e+00 1.101593685150146484e+01
2.428635215759277344e+01 1.469672679901123047e+01 3.668787002563476562e+00 1.102794075012207031e+01
2.430676078796386719e+01 1.469289875030517578e+01 3.668661355972290039e+00 1.102423858642578125e+01
2.434757804870605469e+01 1.472264957427978516e+01 3.671851396560668945e+00 1.105079555511474609e+01
2.444962310791015625e+01 1.469898796081542969e+01 3.659953117370605469e+00 1.103903770446777344e+01
2.447002983093261719e+01 1.468883800506591797e+01 3.658368587493896484e+00 1.103046894073486328e+01
2.451084709167480469e+01 1.469285488128662109e+01 3.662042856216430664e+00 1.103081035614013672e+01
2.457207489013671875e+01 1.465622138977050781e+01 3.651456832885742188e+00 1.100476264953613281e+01
2.459248352050781250e+01 1.475875568389892578e+01 3.652806997299194336e+00 1.110594749450683594e+01
2.463330078125000000e+01 1.465012264251708984e+01 3.658416032791137695e+00 1.099170398712158203e+01
2.465370941162109375e+01 1.463428020477294922e+01 3.661213874816894531e+00 1.097306728363037109e+01
2.471493530273437500e+01 1.463042449951171875e+01 3.669094800949096680e+00 1.096132946014404297e+01
2.473534393310546875e+01 1.463723278045654297e+01 3.668003082275390625e+00 1.096922969818115234e+01
2.483738708496093750e+01 1.461005496978759766e+01 3.681847810745239258e+00 1.092820739746093750e+01
2.485779571533203125e+01 1.461067581176757812e+01 3.686048030853271484e+00 1.092462825775146484e+01
2.487820434570312500e+01 1.461677742004394531e+01 3.687354326248168945e+00 1.092942333221435547e+01
2.489861488342285156e+01 1.461046791076660156e+01 3.692504405975341797e+00 1.091796302795410156e+01
2.491902351379394531e+01 1.460565757751464844e+01 3.695724487304687500e+00 1.090993309020996094e+01
2.493943023681640625e+01 1.461114025115966797e+01 3.701819181442260742e+00 1.090931987762451172e+01
2.502106475830078125e+01 1.461768436431884766e+01 3.706006050109863281e+00 1.091168022155761719e+01
2.504147338867187500e+01 1.462008285522460938e+01 3.707287788391113281e+00 1.091279602050781250e+01
2.506188392639160156e+01 1.460194206237792969e+01 3.704746484756469727e+00 1.089719581604003906e+01
2.508229255676269531e+01 1.462844371795654297e+01 3.707935571670532227e+00 1.092050838470458984e+01
2.510270118713378906e+01 1.461236858367919922e+01 3.705398082733154297e+00 1.090697002410888672e+01
2.512310981750488281e+01 1.465224361419677734e+01 3.722398042678833008e+00 1.092984485626220703e+01
2.514351844787597656e+01 1.470385551452636719e+01 3.720328807830810547e+00 1.098352622985839844e+01
2.516392517089843750e+01 1.466773414611816406e+01 3.717787742614746094e+00 1.094994544982910156e+01
2.518433380126953125e+01 1.467370223999023438e+01 3.729032993316650391e+00 1.094467163085937500e+01
2.520474243164062500e+01 1.469175529479980469e+01 3.730287790298461914e+00 1.096146774291992188e+01
2.522515296936035156e+01 1.469452953338623047e+01 3.729641914367675781e+00 1.096488857269287109e+01
2.524556159973144531e+01 1.470815753936767578e+01 3.732316732406616211e+00 1.097584056854248047e+01
2.526597023010253906e+01 1.472266578674316406e+01 3.734986543655395508e+00 1.098767948150634766e+01
2.528637886047363281e+01 1.473320484161376953e+01 3.737179279327392578e+00 1.099602603912353516e+01
2.530678749084472656e+01 1.474753570556640625e+01 3.739840984344482422e+00 1.100769519805908203e+01
2.532719612121582031e+01 1.475927257537841797e+01 3.742025852203369141e+00 1.101724910736083984e+01
2.534760475158691406e+01 1.476913070678710938e+01 3.742790460586547852e+00 1.102634143829345703e+01
2.536801338195800781e+01 1.481678867340087891e+01 3.748272418975830078e+00 1.106851768493652344e+01
2.538842201232910156e+01 1.480010700225830078e+01 3.747616767883300781e+00 1.105249023437500000e+01
2.540883064270019531e+01 1.480946922302246094e+01 3.753086090087890625e+00 1.105638408660888672e+01
2.542923927307128906e+01 1.482360649108886719e+01 3.753369331359863281e+00 1.107023715972900391e+01
2.544964790344238281e+01 1.483967876434326172e+01 3.756473541259765625e+00 1.108320522308349609e+01
2.547005653381347656e+01 1.484644889831542969e+01 3.760042428970336914e+00 1.108640670776367188e+01
2.549046516418457031e+01 1.485706329345703125e+01 3.762667179107666016e+00 1.109439659118652344e+01
2.551087379455566406e+01 1.486905097961425781e+01 3.769040584564208984e+00 1.110000801086425781e+01
2.553128242492675781e+01 1.488289451599121094e+01 3.771184921264648438e+00 1.111170959472656250e+01
2.555169296264648438e+01 1.488749885559082031e+01 3.774731159210205078e+00 1.111276817321777344e+01
2.557210159301757812e+01 1.489825248718261719e+01 3.781079769134521484e+00 1.111717224121093750e+01
2.559251022338867188e+01 1.490973091125488281e+01 3.783676862716674805e+00 1.112605285644531250e+01
2.561291885375976562e+01 1.492759990692138672e+01 3.786269903182983398e+00 1.114133071899414062e+01
2.563332557678222656e+01 1.492408275604248047e+01 3.790260076522827148e+00 1.113382244110107422e+01
2.565373420715332031e+01 1.492937088012695312e+01 3.795176506042480469e+00 1.113419532775878906e+01
2.567414283752441406e+01 1.493262958526611328e+01 3.798686504364013672e+00 1.113394260406494141e+01
2.569455146789550781e+01 1.493626785278320312e+01 3.802656888961791992e+00 1.113361072540283203e+01
2.571496200561523438e+01 1.494023227691650391e+01 3.808017253875732422e+00 1.113221454620361328e+01
2.573537063598632812e+01 1.494008636474609375e+01 3.811509132385253906e+00 1.112857627868652344e+01
2.575577926635742188e+01 1.494142532348632812e+01 3.813601016998291016e+00 1.112782573699951172e+01
2.577618789672851562e+01 1.493824768066406250e+01 3.817546606063842773e+00 1.112070083618164062e+01
2.579659652709960938e+01 1.493634700775146484e+01 3.820558547973632812e+00 1.111578750610351562e+01
2.581700515747070312e+01 1.493153381347656250e+01 3.823565483093261719e+00 1.110796833038330078e+01
2.583741378784179688e+01 1.492435932159423828e+01 3.828884124755859375e+00 1.109547519683837891e+01
2.585782241821289062e+01 1.492280673980712891e+01 3.829565286636352539e+00 1.109324169158935547e+01
2.587823104858398438e+01 1.491510581970214844e+01 3.831170558929443359e+00 1.108393478393554688e+01
2.589863967895507812e+01 1.490743732452392578e+01 3.833235263824462891e+00 1.107420158386230469e+01
2.591904830932617188e+01 1.489418029785156250e+01 3.834835052490234375e+00 1.105934524536132812e+01
2.593945693969726562e+01 1.488650798797607422e+01 3.832740545272827148e+00 1.105376815795898438e+01
2.595986557006835938e+01 1.487773895263671875e+01 3.834799528121948242e+00 1.104293918609619141e+01
2.598027420043945312e+01 1.486950111389160156e+01 3.836394309997558594e+00 1.103310585021972656e+01
2.600068283081054688e+01 1.485878658294677734e+01 3.836144924163818359e+00 1.102264022827148438e+01
2.602109146118164062e+01 1.485266494750976562e+01 3.836816549301147461e+00 1.101584815979003906e+01
2.604150009155273438e+01 1.483847332000732422e+01 3.835647821426391602e+00 1.100282764434814453e+01
2.606191062927246094e+01 1.483069324493408203e+01 3.834940433502197266e+00 1.099575138092041016e+01
2.608231925964355469e+01 1.482091140747070312e+01 3.834234237670898438e+00 1.098667907714843750e+01
2.610272598266601562e+01 1.480607414245605469e+01 3.831236600875854492e+00 1.097483730316162109e+01
2.612313461303710938e+01 1.480617237091064453e+01 3.830076694488525391e+00 1.097609424591064453e+01
2.614354324340820312e+01 1.478998661041259766e+01 3.827086687088012695e+00 1.096290016174316406e+01
2.616395187377929688e+01 1.478812122344970703e+01 3.827761173248291016e+00 1.096036148071289062e+01
2.618436050415039062e+01 1.476804637908935547e+01 3.822949409484863281e+00 1.094509601593017578e+01
2.620477104187011719e+01 1.477098464965820312e+01 3.822255373001098633e+00 1.094873142242431641e+01
2.622517967224121094e+01 1.475235462188720703e+01 3.816999197006225586e+00 1.093535518646240234e+01
2.624558830261230469e+01 1.475018692016601562e+01 3.815398931503295898e+00 1.093478679656982422e+01
2.626599693298339844e+01 1.474164867401123047e+01 3.811522960662841797e+00 1.093012428283691406e+01
2.628640556335449219e+01 1.473455429077148438e+01 3.807652950286865234e+00 1.092690372467041016e+01
2.630681419372558594e+01 1.472960853576660156e+01 3.805608987808227539e+00 1.092399787902832031e+01
2.632722091674804688e+01 1.472888183593750000e+01 3.801295280456542969e+00 1.092758655548095703e+01
2.634762954711914062e+01 1.472265720367431641e+01 3.797896385192871094e+00 1.092475986480712891e+01
2.636804008483886719e+01 1.472197914123535156e+01 3.793595314025878906e+00 1.092838287353515625e+01
2.638844871520996094e+01 1.471828651428222656e+01 3.792021751403808594e+00 1.092626380920410156e+01
2.640885734558105469e+01 1.471810722351074219e+01 3.787731885910034180e+00 1.093037414550781250e+01
2.642926597595214844e+01 1.471694469451904297e+01 3.784353733062744141e+00 1.093259334564208984e+01
2.644967460632324219e+01 1.471876239776611328e+01 3.782339096069335938e+00 1.093642425537109375e+01
2.647008323669433594e+01 1.472258853912353516e+01 3.779422760009765625e+00 1.094316482543945312e+01
2.649049186706542969e+01 1.472439289093017578e+01 3.776510953903198242e+00 1.094788265228271484e+01
2.651090049743652344e+01 1.472923946380615234e+01 3.775409698486328125e+00 1.095383071899414062e+01
2.653130912780761719e+01 1.473385715484619141e+01 3.772505283355712891e+00 1.096135044097900391e+01
2.655171966552734375e+01 1.473770809173583984e+01 3.771859645843505859e+00 1.096584701538085938e+01
2.657212638854980469e+01 1.474849224090576172e+01 3.770764827728271484e+00 1.097772598266601562e+01
2.659253501892089844e+01 1.475360488891601562e+01 3.769221305847167969e+00 1.098438453674316406e+01
2.661294364929199219e+01 1.476771736145019531e+01 3.768129587173461914e+00 1.099958801269531250e+01
2.663335227966308594e+01 1.476750278472900391e+01 3.764343500137329102e+00 1.100315952301025391e+01
2.665376091003417969e+01 1.477829360961914062e+01 3.765951871871948242e+00 1.101234245300292969e+01
2.667416954040527344e+01 1.478961277008056641e+01 3.765314102172851562e+00 1.102429771423339844e+01
2.669458007812500000e+01 1.480133152008056641e+01 3.765574216842651367e+00 1.103575706481933594e+01
2.671498870849609375e+01 1.480931186676025391e+01 3.767177820205688477e+00 1.104213333129882812e+01
2.673539733886718750e+01 1.481766319274902344e+01 3.764750003814697266e+00 1.105291557312011719e+01
2.675580596923828125e+01 1.483451747894287109e+01 3.767693758010864258e+00 1.106682491302490234e+01
2.677621459960937500e+01 1.484245491027832031e+01 3.768398046493530273e+00 1.107405662536621094e+01
2.679662132263183594e+01 1.485473823547363281e+01 3.769101858139038086e+00 1.108563709259033203e+01
2.681702995300292969e+01 1.486512660980224609e+01 3.770250320434570312e+00 1.109487533569335938e+01
2.683743858337402344e+01 1.487318134307861328e+01 3.772735595703125000e+00 1.110044574737548828e+01
2.685784912109375000e+01 1.488822841644287109e+01 3.774325132369995117e+00 1.111390399932861328e+01
2.687825775146484375e+01 1.489425945281982422e+01 3.775022268295288086e+00 1.111923599243164062e+01
2.689866638183593750e+01 1.490359973907470703e+01 3.777942419052124023e+00 1.112565803527832031e+01
2.691907501220703125e+01 1.491307640075683594e+01 3.779080390930175781e+00 1.113399505615234375e+01
2.693948364257812500e+01 1.492315864562988281e+01 3.781993150711059570e+00 1.114116668701171875e+01
2.695989227294921875e+01 1.492140674591064453e+01 3.784013986587524414e+00 1.113739299774169922e+01
2.698030090332031250e+01 1.493708992004394531e+01 3.786031723022460938e+00 1.115105819702148438e+01
2.700070953369140625e+01 1.494650554656982422e+01 3.787603139877319336e+00 1.115890026092529297e+01
2.702111816406250000e+01 1.494896697998046875e+01 3.789172172546386719e+00 1.115979576110839844e+01
2.704152679443359375e+01 1.495585060119628906e+01 3.792509555816650391e+00 1.116334247589111328e+01
2.706193542480468750e+01 1.496083450317382812e+01 3.794514656066894531e+00 1.116631889343261719e+01
2.708234405517578125e+01 1.496347713470458984e+01 3.795632600784301758e+00 1.116784477233886719e+01
2.710275268554687500e+01 1.496727943420410156e+01 3.797632455825805664e+00 1.116964626312255859e+01
2.712316131591796875e+01 1.496627140045166016e+01 3.799188137054443359e+00 1.116708183288574219e+01
2.714356994628906250e+01 1.497421741485595703e+01 3.802064180374145508e+00 1.117215347290039062e+01
2.716397857666015625e+01 1.497068023681640625e+01 3.803173303604125977e+00 1.116750717163085938e+01
2.718438720703125000e+01 1.497564792633056641e+01 3.805601835250854492e+00 1.117004680633544922e+01
2.720479774475097656e+01 1.497109222412109375e+01 3.807586669921875000e+00 1.116350460052490234e+01
2.722520446777343750e+01 1.497162628173828125e+01 3.807810068130493164e+00 1.116381454467773438e+01
2.724561500549316406e+01 1.497940349578857422e+01 3.811108112335205078e+00 1.116829490661621094e+01
2.726602172851562500e+01 1.497270298004150391e+01 3.813084840774536133e+00 1.115961933135986328e+01
2.728643226623535156e+01 1.496957397460937500e+01 3.813302993774414062e+00 1.115627098083496094e+01
2.730683898925781250e+01 1.496657085418701172e+01 3.815713167190551758e+00 1.115085792541503906e+01
2.732724952697753906e+01 1.496654891967773438e+01 3.817243576049804688e+00 1.114930725097656250e+01
2.734765815734863281e+01 1.496341609954833984e+01 3.819209575653076172e+00 1.114420700073242188e+01
2.736806488037109375e+01 1.496360874176025391e+01 3.821172714233398438e+00 1.114243602752685547e+01
2.738847541809082031e+01 1.495680904388427734e+01 3.821821212768554688e+00 1.113498783111572266e+01
2.740888214111328125e+01 1.495242691040039062e+01 3.823779582977294922e+00 1.112864875793457031e+01
2.742929267883300781e+01 1.495136737823486328e+01 3.826170682907104492e+00 1.112519645690917969e+01
2.744969940185546875e+01 1.495021343231201172e+01 3.826378583908081055e+00 1.112383556365966797e+01
2.747010993957519531e+01 1.495218944549560547e+01 3.830943107604980469e+00 1.112124633789062500e+01
2.749051666259765625e+01 1.494516658782958984e+01 3.831582546234130859e+00 1.111358547210693359e+01
2.751092720031738281e+01 1.494318962097167969e+01 3.834395647048950195e+00 1.110879421234130859e+01
2.753133583068847656e+01 1.493856525421142578e+01 3.835901021957397461e+00 1.110266304016113281e+01
2.755174636840820312e+01 1.493780231475830078e+01 3.839141845703125000e+00 1.109866046905517578e+01
2.757215309143066406e+01 1.493711566925048828e+01 3.841509580612182617e+00 1.109560489654541016e+01
2.759256362915039062e+01 1.493546676635742188e+01 3.843873739242553711e+00 1.109159088134765625e+01
2.761297035217285156e+01 1.494124126434326172e+01 3.846668004989624023e+00 1.109457302093505859e+01
2.763337707519531250e+01 1.493451881408691406e+01 3.849025011062622070e+00 1.108549308776855469e+01
2.765378761291503906e+01 1.493673706054687500e+01 3.851811170578002930e+00 1.108492469787597656e+01
2.767419624328613281e+01 1.493849754333496094e+01 3.855026006698608398e+00 1.108347129821777344e+01
2.769460678100585938e+01 1.492428207397460938e+01 3.855642557144165039e+00 1.106863880157470703e+01
2.771501350402832031e+01 1.494471454620361328e+01 3.862304687500000000e+00 1.108240985870361328e+01
2.773542404174804688e+01 1.495146083831787109e+01 3.866799116134643555e+00 1.108466243743896484e+01
2.775583076477050781e+01 1.495642566680908203e+01 3.869993686676025391e+00 1.108643436431884766e+01
2.777624130249023438e+01 1.495877265930175781e+01 3.874906539916992188e+00 1.108386707305908203e+01
2.779664802551269531e+01 1.496517944335937500e+01 3.879382133483886719e+00 1.108579826354980469e+01
2.781705856323242188e+01 1.497164916992187500e+01 3.884711027145385742e+00 1.108693885803222656e+01
2.783746528625488281e+01 1.497882652282714844e+01 3.889603137969970703e+00 1.108922195434570312e+01
2.785787391662597656e+01 1.498280429840087891e+01 3.894917488098144531e+00 1.108788776397705078e+01
2.787828445434570312e+01 1.499440288543701172e+01 3.898935317993164062e+00 1.109546566009521484e+01
2.789869117736816406e+01 1.500218963623046875e+01 3.903806209564208984e+00 1.109838390350341797e+01
2.791910171508789062e+01 1.501102924346923828e+01 3.909526824951171875e+00 1.110149955749511719e+01
2.793950843811035156e+01 1.502015876770019531e+01 3.914811134338378906e+00 1.110534858703613281e+01
2.795991897583007812e+01 1.503349971771240234e+01 3.920086622238159180e+00 1.111341190338134766e+01
2.798032569885253906e+01 1.504846572875976562e+01 3.926639080047607422e+00 1.112182998657226562e+01
2.800073623657226562e+01 1.506185436248779297e+01 3.932326555252075195e+00 1.112952613830566406e+01
2.802114486694335938e+01 1.507169055938720703e+01 3.938005924224853516e+00 1.113368511199951172e+01
2.804155540466308594e+01 1.508783817291259766e+01 3.944103479385375977e+00 1.114373588562011719e+01
2.806196212768554688e+01 1.509865856170654297e+01 3.948486328125000000e+00 1.115017318725585938e+01
2.808236885070800781e+01 1.511320781707763672e+01 3.955420255661010742e+00 1.115778827667236328e+01
2.810277938842773438e+01 1.512656116485595703e+01 3.959362506866455078e+00 1.116719627380371094e+01
2.812318611145019531e+01 1.514368057250976562e+01 3.965427398681640625e+00 1.117825412750244141e+01
2.814359664916992188e+01 1.515846252441406250e+01 3.971908092498779297e+00 1.118655395507812500e+01
2.816400527954101562e+01 1.517307186126708984e+01 3.976254940032958984e+00 1.119681739807128906e+01
2.818441581726074219e+01 1.518823719024658203e+01 3.982293844223022461e+00 1.120594310760498047e+01
2.820482254028320312e+01 1.520621871948242188e+01 3.987900257110595703e+00 1.121831893920898438e+01
2.822523307800292969e+01 1.522118282318115234e+01 3.992225885391235352e+00 1.122895717620849609e+01
2.824563980102539062e+01 1.523649597167968750e+01 3.996968984603881836e+00 1.123952674865722656e+01
2.826605033874511719e+01 1.525065422058105469e+01 4.001281738281250000e+00 1.124937248229980469e+01
2.828645706176757812e+01 1.525934123992919922e+01 4.005588531494140625e+00 1.125375270843505859e+01
2.830686378479003906e+01 1.528118801116943359e+01 4.010735511779785156e+00 1.127045249938964844e+01
2.832727432250976562e+01 1.529680824279785156e+01 4.015450954437255859e+00 1.128135585784912109e+01
2.834768295288085938e+01 1.530818271636962891e+01 4.018894195556640625e+00 1.128928852081298828e+01
2.836809349060058594e+01 1.532177162170410156e+01 4.023175239562988281e+00 1.129859542846679688e+01
2.838850021362304688e+01 1.533244895935058594e+01 4.025342464447021484e+00 1.130710697174072266e+01
2.840891075134277344e+01 1.534691810607910156e+01 4.030456542968750000e+00 1.131646156311035156e+01
2.842931747436523438e+01 1.535746860504150391e+01 4.035141468048095703e+00 1.132232761383056641e+01
2.844972801208496094e+01 1.536143207550048828e+01 4.037295341491699219e+00 1.132413578033447266e+01
2.847013473510742188e+01 1.537479686737060547e+01 4.040287494659423828e+00 1.133450984954833984e+01
2.849054527282714844e+01 1.539088726043701172e+01 4.042854785919189453e+00 1.134803390502929688e+01
2.851095390319824219e+01 1.540077781677246094e+01 4.048777103424072266e+00 1.135200214385986328e+01
2.853136062622070312e+01 1.540160846710205078e+01 4.050076484680175781e+00 1.135153293609619141e+01
2.855177116394042969e+01 1.540047454833984375e+01 4.051792621612548828e+00 1.134868240356445312e+01
2.857217788696289062e+01 1.541668987274169922e+01 4.058115005493164062e+00 1.135857295989990234e+01
2.859258842468261719e+01 1.540755844116210938e+01 4.054380893707275391e+00 1.135317707061767578e+01
2.861299514770507812e+01 1.542292785644531250e+01 4.064875602722167969e+00 1.135805130004882812e+01
2.863340568542480469e+01 1.542756080627441406e+01 4.067412376403808594e+00 1.136014747619628906e+01
2.865381431579589844e+01 1.542329788208007812e+01 4.069946289062500000e+00 1.135335254669189453e+01
2.867422294616699219e+01 1.542896747589111328e+01 4.075397968292236328e+00 1.135356807708740234e+01
2.869463157653808594e+01 1.542294883728027344e+01 4.075836658477783203e+00 1.134711074829101562e+01
2.871504211425781250e+01 1.542322063446044922e+01 4.079608917236328125e+00 1.134360980987548828e+01
2.873544883728027344e+01 1.541511058807373047e+01 4.081710338592529297e+00 1.133339786529541016e+01
2.875585937500000000e+01 1.542188072204589844e+01 4.087138175964355469e+00 1.133474063873291016e+01
2.877626609802246094e+01 1.541584491729736328e+01 4.090063095092773438e+00 1.132577991485595703e+01
2.879667282104492188e+01 1.539856529235839844e+01 4.087996006011962891e+00 1.131056880950927734e+01
2.881708335876464844e+01 1.540675830841064453e+01 4.097146034240722656e+00 1.130961418151855469e+01
2.883749198913574219e+01 1.539962673187255859e+01 4.100472450256347656e+00 1.129915428161621094e+01
2.885790252685546875e+01 1.539350128173828125e+01 4.104208469390869141e+00 1.128929233551025391e+01
2.887830924987792969e+01 1.539137840270996094e+01 4.108355045318603516e+00 1.128302383422851562e+01
2.889871978759765625e+01 1.537929344177246094e+01 4.111666202545166016e+00 1.126762485504150391e+01
2.891912651062011719e+01 1.537674713134765625e+01 4.116214752197265625e+00 1.126053237915039062e+01
2.893953704833984375e+01 1.536937522888183594e+01 4.119929313659667969e+00 1.124944686889648438e+01
2.895994377136230469e+01 1.536275196075439453e+01 4.124052524566650391e+00 1.123869895935058594e+01
2.898035430908203125e+01 1.535315036773681641e+01 4.127343177795410156e+00 1.122580623626708984e+01
2.900076293945312500e+01 1.534721183776855469e+01 4.131455421447753906e+00 1.121575546264648438e+01
2.902116966247558594e+01 1.534083366394042969e+01 4.132674694061279297e+00 1.120816040039062500e+01
2.904158020019531250e+01 1.533314895629882812e+01 4.138013362884521484e+00 1.119513511657714844e+01
2.906198692321777344e+01 1.532850646972656250e+01 4.143344879150390625e+00 1.118516063690185547e+01
2.908239746093750000e+01 1.531406688690185547e+01 4.144552707672119141e+00 1.116951560974121094e+01
2.910280418395996094e+01 1.531668567657470703e+01 4.149872303009033203e+00 1.116681194305419922e+01
2.912321472167968750e+01 1.531130981445312500e+01 4.155183792114257812e+00 1.115612506866455078e+01
2.914362144470214844e+01 1.530762958526611328e+01 4.160488605499267578e+00 1.114714050292968750e+01
2.916403198242187500e+01 1.530071258544921875e+01 4.161681175231933594e+00 1.113903236389160156e+01
2.918444061279296875e+01 1.530028915405273438e+01 4.166973590850830078e+00 1.113331604003906250e+01
2.920485115051269531e+01 1.529733085632324219e+01 4.172258377075195312e+00 1.112507057189941406e+01
2.922525787353515625e+01 1.528691196441650391e+01 4.173440456390380859e+00 1.111347198486328125e+01
2.924566459655761719e+01 1.529385089874267578e+01 4.178713798522949219e+00 1.111513805389404297e+01
2.926607513427734375e+01 1.528759288787841797e+01 4.179889678955078125e+00 1.110770225524902344e+01
2.928648185729980469e+01 1.528985214233398438e+01 4.185151100158691406e+00 1.110470199584960938e+01
2.930689239501953125e+01 1.528750801086425781e+01 4.186320781707763672e+00 1.110118675231933594e+01
2.932730102539062500e+01 1.529057216644287109e+01 4.191570758819580078e+00 1.109900283813476562e+01
2.934771156311035156e+01 1.528922557830810547e+01 4.192733764648437500e+00 1.109649085998535156e+01
2.936811828613281250e+01 1.529037857055664062e+01 4.193896293640136719e+00 1.109648132324218750e+01
2.938852882385253906e+01 1.529438972473144531e+01 4.199129581451416016e+00 1.109526062011718750e+01
2.940893554687500000e+01 1.529487895965576172e+01 4.200285434722900391e+00 1.109459495544433594e+01
2.942934608459472656e+01 1.530289268493652344e+01 4.205506801605224609e+00 1.109738731384277344e+01
2.944975280761718750e+01 1.530279350280761719e+01 4.206656932830810547e+00 1.109613990783691406e+01
2.947016143798828125e+01 1.530487918853759766e+01 4.207805633544921875e+00 1.109707450866699219e+01
2.949057197570800781e+01 1.531643486022949219e+01 4.213010787963867188e+00 1.110342311859130859e+01
2.951097869873046875e+01 1.531806850433349609e+01 4.214153289794921875e+00 1.110391426086425781e+01
2.953138923645019531e+01 1.532989883422851562e+01 4.219347476959228516e+00 1.111055278778076172e+01
2.955179595947265625e+01 1.532959938049316406e+01 4.220483779907226562e+00 1.110911560058593750e+01
2.957220649719238281e+01 1.533286762237548828e+01 4.221618175506591797e+00 1.111124897003173828e+01
2.959261322021484375e+01 1.534290504455566406e+01 4.226797103881835938e+00 1.111610984802246094e+01
2.961302375793457031e+01 1.534720993041992188e+01 4.227925300598144531e+00 1.111928367614746094e+01
2.963343048095703125e+01 1.535316848754882812e+01 4.229053020477294922e+00 1.112411594390869141e+01
2.965384101867675781e+01 1.536203670501708984e+01 4.234215259552001953e+00 1.112782382965087891e+01
2.967424964904785156e+01 1.536443710327148438e+01 4.235336780548095703e+00 1.112909889221191406e+01
2.969465637207031250e+01 1.537056159973144531e+01 4.240488052368164062e+00 1.113007354736328125e+01
2.971506690979003906e+01 1.537537002563476562e+01 4.241603374481201172e+00 1.113376903533935547e+01
2.973547363281250000e+01 1.538327598571777344e+01 4.246743202209472656e+00 1.113653278350830078e+01
2.975588417053222656e+01 1.538604259490966797e+01 4.247852802276611328e+00 1.113819026947021484e+01
2.977629089355468750e+01 1.539266872406005859e+01 4.252981662750244141e+00 1.113968563079833984e+01
2.979670143127441406e+01 1.539366054534912109e+01 4.254085063934326172e+00 1.113957691192626953e+01
2.981711006164550781e+01 1.539779949188232422e+01 4.259202480316162109e+00 1.113859462738037109e+01
2.983752059936523438e+01 1.540257644653320312e+01 4.264311790466308594e+00 1.113826465606689453e+01
2.985792732238769531e+01 1.540012931823730469e+01 4.265406131744384766e+00 1.113472175598144531e+01
2.987833786010742188e+01 1.540192031860351562e+01 4.270504951477050781e+00 1.113141632080078125e+01
2.989874458312988281e+01 1.539151382446289062e+01 4.271593093872070312e+00 1.111992073059082031e+01
2.991915130615234375e+01 1.539930820465087891e+01 4.276680946350097656e+00 1.112262821197509766e+01
2.993956184387207031e+01 1.539833641052246094e+01 4.281761169433593750e+00 1.111657524108886719e+01
2.995997047424316406e+01 1.539656925201416016e+01 4.286834716796875000e+00 1.110973453521728516e+01
2.998037910461425781e+01 1.539267826080322266e+01 4.291901588439941406e+00 1.110077667236328125e+01
3.000078773498535156e+01 1.539035129547119141e+01 4.296961307525634766e+00 1.109338951110839844e+01
3.002119827270507812e+01 1.538298130035400391e+01 4.298027038574218750e+00 1.108495426177978516e+01
3.004160499572753906e+01 1.538074874877929688e+01 4.307060241699218750e+00 1.107368755340576172e+01
3.006201553344726562e+01 1.536990451812744141e+01 4.308117866516113281e+00 1.106178569793701172e+01
3.008242225646972656e+01 1.536376380920410156e+01 4.313153266906738281e+00 1.105061149597167969e+01
3.010283279418945312e+01 1.535701656341552734e+01 4.318181037902832031e+00 1.103883743286132812e+01
3.012323951721191406e+01 1.534871578216552734e+01 4.323203086853027344e+00 1.102551364898681641e+01
3.014365005493164062e+01 1.534407806396484375e+01 4.328217029571533203e+00 1.101586341857910156e+01
3.016405868530273438e+01 1.533171081542968750e+01 4.333225727081298828e+00 1.099848461151123047e+01
3.018446540832519531e+01 1.532256317138671875e+01 4.338226795196533203e+00 1.098433685302734375e+01
3.020487594604492188e+01 1.531076049804687500e+01 4.339258193969726562e+00 1.097150039672851562e+01
3.022528266906738281e+01 1.530056762695312500e+01 4.344248771667480469e+00 1.095631885528564453e+01
3.024569320678710938e+01 1.528758621215820312e+01 4.345274448394775391e+00 1.094231224060058594e+01
3.026609992980957031e+01 1.527389717102050781e+01 4.350254058837890625e+00 1.092364311218261719e+01
3.028651046752929688e+01 1.526181983947753906e+01 4.351274490356445312e+00 1.091054344177246094e+01
3.030691909790039062e+01 1.524964427947998047e+01 4.352293968200683594e+00 1.089735126495361328e+01
3.032732963562011719e+01 1.523721408843994141e+01 4.349364757537841797e+00 1.088784885406494141e+01
3.034773635864257812e+01 1.521133518218994141e+01 4.346440315246582031e+00 1.086489391326904297e+01
3.036814689636230469e+01 1.520389556884765625e+01 4.351401805877685547e+00 1.085249423980712891e+01
3.038855361938476562e+01 1.517854690551757812e+01 4.356357574462890625e+00 1.082218933105468750e+01
3.040896034240722656e+01 1.518986606597900391e+01 4.361306190490722656e+00 1.082855892181396484e+01
3.042937088012695312e+01 1.518164920806884766e+01 4.366248130798339844e+00 1.081540203094482422e+01
3.044977760314941406e+01 1.516639041900634766e+01 4.371183395385742188e+00 1.079520797729492188e+01
3.047018814086914062e+01 1.517278289794921875e+01 4.380040645599365234e+00 1.079274368286132812e+01
3.049059677124023438e+01 1.514590740203857422e+01 4.381034374237060547e+00 1.076487350463867188e+01
3.051100730895996094e+01 1.516295433044433594e+01 4.389873027801513672e+00 1.077307987213134766e+01
3.053141403198242188e+01 1.516005516052246094e+01 4.394779682159423828e+00 1.076527309417724609e+01
3.055182456970214844e+01 1.515715694427490234e+01 4.399679183959960938e+00 1.075747585296630859e+01
3.057223129272460938e+01 1.515252590179443359e+01 4.404572486877441406e+00 1.074795436859130859e+01
3.059264183044433594e+01 1.515172863006591797e+01 4.409459590911865234e+00 1.074226856231689453e+01
3.061304855346679688e+01 1.514686775207519531e+01 4.410429954528808594e+00 1.073643875122070312e+01
3.063345718383789062e+01 1.514693737030029297e+01 4.415306568145751953e+00 1.073163127899169922e+01
3.065386772155761719e+01 1.514764690399169922e+01 4.420176506042480469e+00 1.072747135162353516e+01
3.067427444458007812e+01 1.514521884918212891e+01 4.421137332916259766e+00 1.072408199310302734e+01
3.069468498229980469e+01 1.514735984802246094e+01 4.425996780395507812e+00 1.072136211395263672e+01
3.071509170532226562e+01 1.514468002319335938e+01 4.426952838897705078e+00 1.071772861480712891e+01
3.073550224304199219e+01 1.514796638488769531e+01 4.431802272796630859e+00 1.071616363525390625e+01
3.075590896606445312e+01 1.514998626708984375e+01 4.436645030975341797e+00 1.071334075927734375e+01
3.077631950378417969e+01 1.514734840393066406e+01 4.433702468872070312e+00 1.071364498138427734e+01
3.079672813415527344e+01 1.514770603179931641e+01 4.434651374816894531e+00 1.071305465698242188e+01
3.081713676452636719e+01 1.515061855316162109e+01 4.439482212066650391e+00 1.071113491058349609e+01
3.083754539489746094e+01 1.515062904357910156e+01 4.440425872802734375e+00 1.071020507812500000e+01
3.085795211791992188e+01 1.514680480957031250e+01 4.437489509582519531e+00 1.070931434631347656e+01
3.087836265563964844e+01 1.514412784576416016e+01 4.434556007385253906e+00 1.070957279205322266e+01
3.089876937866210938e+01 1.514115428924560547e+01 4.427753448486328125e+00 1.071340274810791016e+01
3.091917991638183594e+01 1.513916587829589844e+01 4.417088031768798828e+00 1.072208023071289062e+01
3.093958663940429688e+01 1.514043617248535156e+01 4.402568817138671875e+00 1.073786735534667969e+01
3.095999717712402344e+01 1.514071178436279297e+01 4.380335807800292969e+00 1.076037502288818359e+01
3.098040580749511719e+01 1.515242004394531250e+01 4.361995697021484375e+00 1.079042339324951172e+01
3.100081634521484375e+01 1.517509746551513672e+01 4.374567985534667969e+00 1.080052947998046875e+01
3.102122306823730469e+01 1.518643665313720703e+01 4.406416893005371094e+00 1.078001880645751953e+01
3.104163360595703125e+01 1.516519451141357422e+01 4.407375335693359375e+00 1.075781726837158203e+01
3.106204032897949219e+01 1.514317989349365234e+01 4.358239173889160156e+00 1.078493976593017578e+01
3.108244705200195312e+01 1.515968418121337891e+01 4.339973926544189453e+00 1.081970691680908203e+01
3.110285758972167969e+01 1.518917942047119141e+01 4.360216140747070312e+00 1.082896137237548828e+01
3.112326622009277344e+01 1.521110534667968750e+01 4.380432128906250000e+00 1.083067131042480469e+01
3.114367675781250000e+01 1.523147583007812500e+01 4.400621414184570312e+00 1.083085441589355469e+01
3.116408348083496094e+01 1.524796104431152344e+01 4.416944026947021484e+00 1.083101749420166016e+01
3.118449401855468750e+01 1.526274490356445312e+01 4.437082767486572266e+00 1.082566356658935547e+01
3.120490074157714844e+01 1.526810169219970703e+01 4.449524402618408203e+00 1.081857585906982422e+01
3.122531127929687500e+01 1.527086448669433594e+01 4.450449466705322266e+00 1.082041454315185547e+01
3.124571800231933594e+01 1.528543758392333984e+01 4.432219505310058594e+00 1.085321807861328125e+01
3.126612854003906250e+01 1.529522228240966797e+01 4.356588840484619141e+00 1.093863582611083984e+01
3.128653526306152344e+01 1.517473030090332031e+01 4.296360492706298828e+00 1.087836933135986328e+01
3.130694580078125000e+01 1.516155147552490234e+01 4.255326271057128906e+00 1.090622615814208984e+01
3.132735443115234375e+01 1.519449043273925781e+01 4.275479316711425781e+00 1.091901111602783203e+01
3.134776115417480469e+01 1.522776889801025391e+01 4.310878753662109375e+00 1.091689014434814453e+01
3.136817169189453125e+01 1.525979995727539062e+01 4.346231937408447266e+00 1.091356658935546875e+01
3.138857841491699219e+01 1.528507137298583984e+01 4.370100021362304688e+00 1.091497230529785156e+01
3.140898895263671875e+01 1.529155254364013672e+01 4.386314392089843750e+00 1.090523815155029297e+01
3.142939567565917969e+01 1.531517314910888672e+01 4.394891738891601562e+00 1.092028141021728516e+01
3.144980621337890625e+01 1.532525539398193359e+01 4.399651050567626953e+00 1.092560291290283203e+01
3.147021484375000000e+01 1.535148143768310547e+01 4.396798133850097656e+00 1.095468425750732422e+01
3.149062538146972656e+01 1.538523769378662109e+01 4.390147686004638672e+00 1.099509143829345703e+01
3.151103210449218750e+01 1.544438362121582031e+01 4.372109889984130859e+00 1.107227420806884766e+01
3.153144264221191406e+01 1.536723518371582031e+01 4.346503734588623047e+00 1.102073097229003906e+01
3.155184936523437500e+01 1.525122737884521484e+01 4.449913501739501953e+00 1.080131340026855469e+01
3.157225608825683594e+01 1.520302104949951172e+01 4.450828552246093750e+00 1.075219058990478516e+01
3.159266662597656250e+01 1.518258762359619141e+01 4.402488708496093750e+00 1.078009796142578125e+01
3.161307525634765625e+01 1.516213893890380859e+01 4.331493854522705078e+00 1.083064460754394531e+01
3.163348579406738281e+01 1.514045524597167969e+01 4.245454788208007812e+00 1.089500045776367188e+01
3.165389251708984375e+01 1.513135719299316406e+01 4.170871257781982422e+00 1.096048545837402344e+01
3.167430305480957031e+01 1.513533115386962891e+01 4.134172916412353516e+00 1.100115680694580078e+01
3.169470977783203125e+01 1.515970134735107422e+01 4.154170513153076172e+00 1.100553035736083984e+01
3.171512031555175781e+01 1.518943691253662109e+01 4.200560092926025391e+00 1.098887729644775391e+01
3.173552703857421875e+01 1.521733379364013672e+01 4.250662326812744141e+00 1.096667194366455078e+01
3.175593757629394531e+01 1.523951911926269531e+01 4.289391994476318359e+00 1.095012855529785156e+01
3.177634429931640625e+01 1.526323699951171875e+01 4.320538520812988281e+00 1.094269657135009766e+01
3.179675292968750000e+01 1.528765296936035156e+01 4.347880840301513672e+00 1.093977069854736328e+01
3.181716346740722656e+01 1.531043434143066406e+01 4.363901615142822266e+00 1.094653224945068359e+01
3.183757019042968750e+01 1.534421443939208984e+01 4.372383117675781250e+00 1.097183322906494141e+01
3.185798072814941406e+01 1.540210628509521484e+01 4.362067699432373047e+00 1.104003810882568359e+01
3.187838745117187500e+01 1.549708271026611328e+01 4.321727275848388672e+00 1.117535495758056641e+01
3.189879798889160156e+01 1.565942859649658203e+01 4.232658386230468750e+00 1.142677116394042969e+01
3.191920471191406250e+01 1.562569618225097656e+01 4.154952526092529297e+00 1.147074317932128906e+01
3.193961524963378906e+01 1.546668148040771484e+01 4.234744071960449219e+00 1.123193740844726562e+01
3.196002388000488281e+01 1.527884578704833984e+01 4.336905002593994141e+00 1.094194316864013672e+01
3.198043441772460938e+01 1.520699691772460938e+01 4.397763729095458984e+00 1.080923461914062500e+01
3.200083923339843750e+01 1.517880439758300781e+01 4.436104297637939453e+00 1.074269962310791016e+01
3.202124786376953125e+01 1.516429519653320312e+01 4.455704689025878906e+00 1.070858955383300781e+01
3.204166030883789062e+01 1.514416694641113281e+01 4.464073181152343750e+00 1.068009376525878906e+01
3.206206512451171875e+01 1.512334346771240234e+01 4.446299076080322266e+00 1.067704486846923828e+01
3.208247756958007812e+01 1.510262012481689453e+01 4.402430534362792969e+00 1.070018672943115234e+01
3.210288238525390625e+01 1.507294750213623047e+01 4.310148239135742188e+00 1.076279735565185547e+01
3.212329483032226562e+01 1.512053298950195312e+01 4.314861774444580078e+00 1.080567264556884766e+01
3.214369964599609375e+01 1.515543174743652344e+01 4.394045352935791016e+00 1.076138687133789062e+01
3.216411209106445312e+01 1.514569568634033203e+01 4.450799465179443359e+00 1.069489669799804688e+01
3.218451690673828125e+01 1.512541198730468750e+01 4.481448650360107422e+00 1.064396286010742188e+01
3.220492935180664062e+01 1.509014129638671875e+01 4.489758491516113281e+00 1.060038375854492188e+01
3.222533798217773438e+01 1.506011104583740234e+01 4.486915588378906250e+00 1.057319736480712891e+01
3.224574279785156250e+01 1.504493236541748047e+01 4.465515613555908203e+00 1.057941913604736328e+01
3.226615524291992188e+01 1.495635128021240234e+01 4.455272197723388672e+00 1.050107955932617188e+01
3.228656005859375000e+01 1.494356060028076172e+01 4.467284679412841797e+00 1.047627735137939453e+01
3.230697250366210938e+01 1.497118663787841797e+01 4.479282379150390625e+00 1.049190425872802734e+01
3.232737731933593750e+01 1.498727989196777344e+01 4.472752571105957031e+00 1.051452636718750000e+01
3.234778976440429688e+01 1.490345668792724609e+01 4.436627388000488281e+00 1.046682929992675781e+01
3.236819839477539062e+01 1.490052127838134766e+01 4.452320098876953125e+00 1.044820117950439453e+01
3.238860702514648438e+01 1.494774913787841797e+01 4.434731960296630859e+00 1.051301670074462891e+01
3.240901565551757812e+01 1.501163673400878906e+01 4.402393341064453125e+00 1.060924339294433594e+01
3.242942428588867188e+01 1.509315776824951172e+01 4.362712860107421875e+00 1.073044395446777344e+01
3.244983291625976562e+01 1.517867469787597656e+01 4.315705299377441406e+00 1.086296844482421875e+01
3.247023773193359375e+01 1.527541351318359375e+01 4.246639251708984375e+00 1.102877426147460938e+01
3.249065017700195312e+01 1.506885147094726562e+01 4.207131862640380859e+00 1.086171722412109375e+01
3.251105880737304688e+01 1.496599483489990234e+01 4.351758480072021484e+00 1.061423587799072266e+01
3.253146743774414062e+01 1.497406387329101562e+01 4.437333106994628906e+00 1.053673553466796875e+01
3.255187606811523438e+01 1.495370292663574219e+01 4.474998950958251953e+00 1.047870445251464844e+01
3.257228469848632812e+01 1.491994094848632812e+01 4.486894607543945312e+00 1.043304538726806641e+01
3.259269332885742188e+01 1.490755081176757812e+01 4.498775005340576172e+00 1.040877628326416016e+01
3.261310195922851562e+01 1.492897033691406250e+01 4.495959758758544922e+00 1.043301010131835938e+01
3.263351058959960938e+01 1.496472740173339844e+01 4.504151344299316406e+00 1.046057510375976562e+01
3.265391921997070312e+01 1.499849891662597656e+01 4.512332916259765625e+00 1.048616600036621094e+01
3.267432785034179688e+01 1.503256416320800781e+01 4.513177871704101562e+00 1.051938724517822266e+01
3.269473648071289062e+01 1.503202152252197266e+01 4.503038406372070312e+00 1.052898311614990234e+01
3.271514511108398438e+01 1.501200580596923828e+01 4.489253520965576172e+00 1.052275180816650391e+01
3.273555374145507812e+01 1.500152873992919922e+01 4.471828937530517578e+00 1.052970027923583984e+01
3.275596237182617188e+01 1.500719738006591797e+01 4.443463325500488281e+00 1.056373119354248047e+01
3.277637100219726562e+01 1.501890468597412109e+01 4.422437191009521484e+00 1.059646606445312500e+01
3.279677963256835938e+01 1.503875255584716797e+01 4.434283733367919922e+00 1.060446643829345703e+01
3.281718826293945312e+01 1.503387641906738281e+01 4.387757778167724609e+00 1.064611721038818359e+01
3.283759689331054688e+01 1.490742301940917969e+01 4.257452964782714844e+00 1.064996814727783203e+01
3.285800552368164062e+01 1.487486171722412109e+01 4.149167060852050781e+00 1.072569179534912109e+01
3.287841796875000000e+01 1.473590373992919922e+01 4.175715446472167969e+00 1.056018733978271484e+01
3.289882278442382812e+01 1.479907989501953125e+01 4.282274723052978516e+00 1.051680564880371094e+01
3.291923522949218750e+01 1.481949901580810547e+01 4.374156475067138672e+00 1.044534301757812500e+01
3.293964004516601562e+01 1.483866882324218750e+01 4.429587364196777344e+00 1.040908336639404297e+01
3.296004867553710938e+01 1.484988117218017578e+01 4.445002555847167969e+00 1.040487957000732422e+01
3.298045730590820312e+01 1.486205577850341797e+01 4.471285820007324219e+00 1.039077091217041016e+01
3.300086593627929688e+01 1.481269836425781250e+01 4.526553153991699219e+00 1.028614616394042969e+01
3.302127456665039062e+01 1.478535270690917969e+01 4.556378841400146484e+00 1.022897434234619141e+01
3.304168319702148438e+01 1.478267860412597656e+01 4.568055152893066406e+00 1.021462345123291016e+01
3.306209564208984375e+01 1.479149150848388672e+01 4.565235137939453125e+00 1.022625827789306641e+01
3.308250045776367188e+01 1.482180500030517578e+01 4.558801174163818359e+00 1.026300525665283203e+01
3.310291290283203125e+01 1.490364837646484375e+01 4.552374362945556641e+00 1.035127258300781250e+01
3.312331771850585938e+01 1.505863571166992188e+01 4.524273872375488281e+00 1.053435993194580078e+01
3.314373016357421875e+01 1.494902038574218750e+01 4.423979759216308594e+00 1.052503967285156250e+01
3.316413497924804688e+01 1.477415847778320312e+01 4.359901428222656250e+00 1.041425800323486328e+01
3.318454360961914062e+01 1.472447013854980469e+01 4.411324501037597656e+00 1.031314659118652344e+01
3.320495605468750000e+01 1.482792282104492188e+01 4.473498344421386719e+00 1.035442447662353516e+01
3.322536087036132812e+01 1.454353713989257812e+01 4.301431655883789062e+00 1.024210548400878906e+01
3.324577331542968750e+01 1.450833415985107422e+01 4.259187221527099609e+00 1.024914741516113281e+01
3.326617813110351562e+01 1.468395519256591797e+01 4.368115901947021484e+00 1.031583881378173828e+01
3.328659057617187500e+01 1.483573532104492188e+01 4.415780544281005859e+00 1.041995525360107422e+01
3.330699539184570312e+01 1.466179561614990234e+01 4.186671257019042969e+00 1.047512149810791016e+01
3.332740783691406250e+01 1.474635219573974609e+01 4.270303726196289062e+00 1.047604846954345703e+01
3.334781646728515625e+01 1.479365921020507812e+01 4.361012458801269531e+00 1.043264865875244141e+01
3.336822509765625000e+01 1.480948543548583984e+01 4.383454322814941406e+00 1.042603015899658203e+01
3.338863372802734375e+01 1.482411289215087891e+01 4.398699760437011719e+00 1.042541313171386719e+01
3.340903854370117188e+01 1.478440093994140625e+01 4.399595737457275391e+00 1.038480663299560547e+01
3.342945098876953125e+01 1.472914123535156250e+01 4.404070854187011719e+00 1.032507038116455078e+01
3.344985580444335938e+01 1.477232170104980469e+01 4.440745830535888672e+00 1.033157348632812500e+01
3.347026824951171875e+01 1.479174804687500000e+01 4.484528541564941406e+00 1.030721759796142578e+01
3.349067306518554688e+01 1.476435470581054688e+01 4.496091365814208984e+00 1.026826477050781250e+01
3.351108551025390625e+01 1.470116043090820312e+01 4.464778423309326172e+00 1.023638534545898438e+01
3.353149414062500000e+01 1.454272365570068359e+01 4.426364421844482422e+00 1.011635875701904297e+01
3.355190277099609375e+01 1.457740020751953125e+01 4.484319210052490234e+00 1.009308052062988281e+01
3.357231140136718750e+01 1.478250217437744141e+01 4.517246723175048828e+00 1.026525592803955078e+01
3.359272003173828125e+01 1.484189701080322266e+01 4.546570301055908203e+00 1.029532718658447266e+01
3.361312866210937500e+01 1.467500782012939453e+01 4.540248870849609375e+00 1.013475894927978516e+01
3.363353347778320312e+01 1.458631706237792969e+01 4.541052818298339844e+00 1.004526519775390625e+01
3.365394592285156250e+01 1.451346969604492188e+01 4.559638500213623047e+00 9.953829765319824219e+00
3.367435455322265625e+01 1.444474601745605469e+01 4.567539215087890625e+00 9.877205848693847656e+00
3.369476318359375000e+01 1.441362285614013672e+01 4.568325042724609375e+00 9.845297813415527344e+00
3.371517181396484375e+01 1.442333698272705078e+01 4.554908752441406250e+00 9.868428230285644531e+00
3.373558044433593750e+01 1.442609119415283203e+01 4.530864715576171875e+00 9.895226478576660156e+00
3.375598907470703125e+01 1.445413398742675781e+01 4.503304481506347656e+00 9.950828552246093750e+00
3.377639770507812500e+01 1.455002880096435547e+01 4.518301486968994141e+00 1.003172969818115234e+01
3.379680633544921875e+01 1.449001502990722656e+01 4.536823272705078125e+00 9.953192710876464844e+00
3.381721496582031250e+01 1.451037025451660156e+01 4.523467063903808594e+00 9.986903190612792969e+00
3.383762359619140625e+01 1.452888393402099609e+01 4.517201423645019531e+00 1.001168346405029297e+01
3.385803222656250000e+01 1.447046089172363281e+01 4.493267059326171875e+00 9.977192878723144531e+00
3.387844085693359375e+01 1.446220588684082031e+01 4.487027168273925781e+00 9.975179672241210938e+00
3.389884948730468750e+01 1.446741104125976562e+01 4.491388320922851562e+00 9.976020812988281250e+00
3.391925811767578125e+01 1.445702743530273438e+01 4.506329536437988281e+00 9.950698852539062500e+00
3.393966674804687500e+01 1.447459602355957031e+01 4.514200210571289062e+00 9.960397720336914062e+00
3.396007537841796875e+01 1.448116970062255859e+01 4.515011310577392578e+00 9.966157913208007812e+00
3.398048400878906250e+01 1.447242927551269531e+01 4.512299537658691406e+00 9.960130691528320312e+00
3.400089263916015625e+01 1.445067310333251953e+01 4.499030590057373047e+00 9.951643943786621094e+00
3.402130126953125000e+01 1.444934940338134766e+01 4.496331691741943359e+00 9.953017234802246094e+00
3.404171371459960938e+01 1.443499469757080078e+01 4.493635654449462891e+00 9.941358566284179688e+00
3.406211853027343750e+01 1.444220161437988281e+01 4.504999637603759766e+00 9.937201499938964844e+00
3.408253097534179688e+01 1.448137855529785156e+01 4.537421226501464844e+00 9.943956375122070312e+00
3.410293579101562500e+01 1.445836353302001953e+01 4.499607563018798828e+00 9.958758354187011719e+00
3.412334442138671875e+01 1.438921165466308594e+01 4.486393928527832031e+00 9.902815818786621094e+00
3.414375305175781250e+01 1.441905593872070312e+01 4.525779247283935547e+00 9.893276214599609375e+00
3.416416168212890625e+01 1.437860202789306641e+01 4.558111190795898438e+00 9.820488929748535156e+00
3.418457412719726562e+01 1.442241096496582031e+01 4.604410648345947266e+00 9.818001747131347656e+00
3.420497894287109375e+01 1.459904575347900391e+01 4.661152362823486328e+00 9.937892913818359375e+00
3.422539138793945312e+01 1.460552215576171875e+01 4.700339794158935547e+00 9.905180931091308594e+00
3.424579620361328125e+01 1.459669685363769531e+01 4.715014934539794922e+00 9.881682395935058594e+00
3.426620864868164062e+01 1.464055442810058594e+01 4.694740772247314453e+00 9.945813179016113281e+00
3.428661346435546875e+01 1.466382312774658203e+01 4.677982807159423828e+00 9.985840797424316406e+00
3.430702590942382812e+01 1.463481044769287109e+01 4.654265403747558594e+00 9.980542182922363281e+00
3.432743072509765625e+01 1.448324775695800781e+01 4.543405532836914062e+00 9.939842224121093750e+00
3.434783935546875000e+01 1.463984489440917969e+01 4.540706157684326172e+00 1.009913444519042969e+01
3.436825180053710938e+01 1.457572841644287109e+01 4.541491985321044922e+00 1.003423690795898438e+01
3.438865661621093750e+01 1.460762500762939453e+01 4.636256217956542969e+00 9.971368789672851562e+00
3.440906906127929688e+01 1.461236572265625000e+01 4.643941879272460938e+00 9.968420982360839844e+00
3.442947387695312500e+01 1.458919620513916016e+01 4.578610897064208984e+00 1.001058673858642578e+01
3.444988632202148438e+01 1.457784843444824219e+01 4.628015995025634766e+00 9.949834823608398438e+00
3.447029113769531250e+01 1.458960819244384766e+01 4.677362442016601562e+00 9.912243843078613281e+00
3.449070358276367188e+01 1.445444583892822266e+01 4.601716518402099609e+00 9.852728843688964844e+00
3.451111221313476562e+01 1.452910232543945312e+01 4.505350589752197266e+00 1.002375030517578125e+01
3.453152084350585938e+01 1.461859416961669922e+01 4.513086318969726562e+00 1.010550594329833984e+01
3.455192947387695312e+01 1.466714000701904297e+01 4.558920860290527344e+00 1.010821819305419922e+01
3.457233428955078125e+01 1.443799304962158203e+01 4.448901653289794922e+00 9.989089965820312500e+00
3.459274673461914062e+01 1.458968544006347656e+01 4.522399902343750000e+00 1.006728458404541016e+01
3.461315155029296875e+01 1.437702369689941406e+01 4.326080322265625000e+00 1.005094528198242188e+01
3.463356399536132812e+01 1.423066520690917969e+01 4.178375720977783203e+00 1.005228614807128906e+01
3.465397262573242188e+01 1.438558959960937500e+01 4.238088130950927734e+00 1.014750289916992188e+01
3.467438125610351562e+01 1.442029571533203125e+01 4.301181316375732422e+00 1.011911582946777344e+01
3.469478988647460938e+01 1.449982166290283203e+01 4.419399261474609375e+00 1.008042430877685547e+01
3.471519851684570312e+01 1.445676136016845703e+01 4.499551773071289062e+00 9.957210540771484375e+00
3.473560714721679688e+01 1.453556823730468750e+01 4.576164245605468750e+00 9.959402084350585938e+00
3.475601577758789062e+01 1.450909233093261719e+01 4.621691703796386719e+00 9.887403488159179688e+00
3.477642440795898438e+01 1.448258304595947266e+01 4.667165279388427734e+00 9.815421104431152344e+00
3.479682922363281250e+01 1.440249729156494141e+01 4.691946983337402344e+00 9.710549354553222656e+00
3.481724166870117188e+01 1.441813755035400391e+01 4.706385135650634766e+00 9.711754798889160156e+00
3.483765029907226562e+01 1.437138175964355469e+01 4.693321228027343750e+00 9.678060531616210938e+00
3.485805892944335938e+01 1.426540374755859375e+01 4.590992450714111328e+00 9.674409866333007812e+00
3.487846755981445312e+01 1.433601665496826172e+01 4.605465888977050781e+00 9.730549812316894531e+00
3.489887619018554688e+01 1.428923034667968750e+01 4.616491317749023438e+00 9.672739982604980469e+00
3.491928482055664062e+01 1.435583782196044922e+01 4.603509426116943359e+00 9.752327919006347656e+00
3.493969345092773438e+01 1.439423370361328125e+01 4.604246139526367188e+00 9.789985656738281250e+00
3.496010208129882812e+01 1.441630077362060547e+01 4.639220714569091797e+00 9.777081489562988281e+00
3.498051071166992188e+01 1.446379566192626953e+01 4.667309761047363281e+00 9.796482086181640625e+00
3.500091934204101562e+01 1.445331859588623047e+01 4.668007850646972656e+00 9.785309791564941406e+00
3.502132797241210938e+01 1.451560115814208984e+01 4.682376861572265625e+00 9.833223342895507812e+00
3.504173660278320312e+01 1.456770706176757812e+01 4.693313121795654297e+00 9.874395370483398438e+00
3.506214523315429688e+01 1.456285953521728516e+01 4.714478015899658203e+00 9.848381042480468750e+00
3.508255386352539062e+01 1.445887279510498047e+01 4.742441654205322266e+00 9.716433525085449219e+00
3.510296249389648438e+01 1.454816818237304688e+01 4.763553619384765625e+00 9.784613609313964844e+00
3.512337112426757812e+01 1.461273765563964844e+01 4.798271656036376953e+00 9.814465522766113281e+00
3.514377975463867188e+01 1.465320110321044922e+01 4.822732448577880859e+00 9.830468177795410156e+00
3.516418838500976562e+01 1.459978675842285156e+01 4.850568771362304688e+00 9.749218940734863281e+00
3.518459701538085938e+01 1.450006961822509766e+01 4.823941707611083984e+00 9.676129341125488281e+00
3.520500946044921875e+01 1.459359455108642578e+01 4.861944675445556641e+00 9.731652259826660156e+00
3.522541427612304688e+01 1.457918167114257812e+01 4.842137813568115234e+00 9.737045288085937500e+00
3.524582672119140625e+01 1.460563564300537109e+01 4.917442798614501953e+00 9.688192367553710938e+00
3.526623153686523438e+01 1.464051628112792969e+01 4.897626399993896484e+00 9.742888450622558594e+00
3.528664016723632812e+01 1.467530536651611328e+01 4.860873222351074219e+00 9.814431190490722656e+00
3.530704879760742188e+01 1.451131153106689453e+01 4.691946983337402344e+00 9.819361686706542969e+00
3.532745742797851562e+01 1.442799377441406250e+01 4.679071426391601562e+00 9.748923301696777344e+00
3.534786987304687500e+01 1.457931423187255859e+01 4.882929325103759766e+00 9.696387290954589844e+00
3.536827468872070312e+01 1.453858184814453125e+01 4.825963973999023438e+00 9.712617874145507812e+00
3.538868713378906250e+01 1.458535671234130859e+01 4.809650897979736328e+00 9.775706291198730469e+00
3.540909194946289062e+01 1.457316493988037109e+01 4.715609550476074219e+00 9.857554435729980469e+00
3.542950439453125000e+01 1.454809474945068359e+01 4.601404666900634766e+00 9.946689605712890625e+00
3.544990921020507812e+01 1.453060054779052734e+01 4.652779102325439453e+00 9.877820014953613281e+00
3.547032165527343750e+01 1.451096725463867188e+01 4.623106002807617188e+00 9.887861251831054688e+00
3.549073028564453125e+01 1.446861648559570312e+01 4.660918712615966797e+00 9.807696342468261719e+00
3.551113510131835938e+01 1.454659652709960938e+01 4.826772689819335938e+00 9.719823837280273438e+00
3.553154754638671875e+01 1.472402954101562500e+01 4.877900123596191406e+00 9.846131324768066406e+00
3.555195236206054688e+01 1.457969093322753906e+01 4.962636470794677734e+00 9.617053031921386719e+00
3.557236480712890625e+01 1.448061180114746094e+01 4.996801853179931641e+00 9.483812332153320312e+00
3.559276962280273438e+01 1.463923931121826172e+01 5.145268440246582031e+00 9.493969917297363281e+00
3.561318206787109375e+01 1.476666641235351562e+01 5.253232002258300781e+00 9.513434410095214844e+00
3.563358688354492188e+01 1.460893058776855469e+01 5.005012035369873047e+00 9.603918075561523438e+00
3.565399932861328125e+01 1.456061363220214844e+01 4.924932479858398438e+00 9.635680198669433594e+00
3.567440795898437500e+01 1.466662311553955078e+01 4.992574691772460938e+00 9.674049377441406250e+00
3.569481658935546875e+01 1.410913467407226562e+01 4.486723899841308594e+00 9.622409820556640625e+00
3.571522521972656250e+01 1.376342010498046875e+01 4.276373863220214844e+00 9.487046241760253906e+00
3.573563003540039062e+01 1.400434970855712891e+01 4.454803943634033203e+00 9.549546241760253906e+00
3.575604248046875000e+01 1.408977603912353516e+01 4.438870429992675781e+00 9.650903701782226562e+00
3.577644729614257812e+01 1.388353729248046875e+01 4.215525627136230469e+00 9.668011665344238281e+00
3.579685974121093750e+01 1.411264324188232422e+01 4.290028095245361328e+00 9.822613716125488281e+00
3.581726837158203125e+01 1.385396003723144531e+01 4.331027507781982422e+00 9.522932052612304688e+00
3.583767700195312500e+01 1.389953899383544922e+01 4.468838214874267578e+00 9.430702209472656250e+00
3.585808563232421875e+01 1.399760150909423828e+01 4.599816322326660156e+00 9.397789001464843750e+00
3.587849426269531250e+01 1.395883846282958984e+01 4.333644866943359375e+00 9.625193595886230469e+00
3.589890289306640625e+01 1.410063362121582031e+01 4.494559764862060547e+00 9.606075286865234375e+00
