# NTRMN  = 9
# NTRANS = 56
10 +1.000000e+00
11 +0.000000e+00
12 +0.000000e+00
13 +0.000000e+00
14 +0.000000e+00
15 +0.000000e+00
16 +0.000000e+00
17 +7.752583e-02
18 +3.668367e-01
19 +0.000000e+00
20 +8.781006e-03
21 +1.526003e-02
22 +8.130081e-02
23 +7.156011e-01
24 +4.779684e-02
25 +4.311370e-04
26 +8.753428e-05
27 +2.121019e-03
28 +2.788829e-01
29 +0.000000e+00
30 +8.689860e-02
31 +7.127696e-04
32 +3.776918e-02
33 +4.166639e-02
34 +4.383922e-02
35 +3.237405e-02
36 +1.039679e-01
37 +1.916782e-02
38 +0.000000e+00
39 +4.598899e-02
40 +0.000000e+00
41 +1.340749e-01
42 +2.443486e-02
43 +8.517597e-03
44 +3.764723e-02
45 +4.534161e-02
46 +2.381014e-03
47 +3.705339e-02
48 +7.633494e-03
49 +4.940750e-06
50 +4.599859e-02
51 +1.296388e-01
52 +0.000000e+00
53 +1.185549e-01
54 +3.829243e-01
55 +4.299473e-02
56 +1.216017e-02
57 +5.211351e-01
