# NTRMN  = 2
# NTRANS = 56
3 +1.000000e+00
4 +3.333333e-01
5 +0.000000e+00
6 +2.001980e-01
7 +0.000000e+00
8 +6.336009e-01
9 +7.237734e-01
10 +1.280535e-01
11 +9.999738e-01
12 +5.482103e-03
13 +3.094726e-01
14 +8.871378e-02
15 +5.931459e-03
16 +2.305576e-01
17 +1.598081e-01
18 +2.086658e-01
19 +0.000000e+00
20 +5.281800e-01
21 +6.603722e-01
22 +1.313201e-01
23 +1.557176e-01
24 +2.382547e-01
25 +4.291936e-02
26 +1.162162e-01
27 +2.874241e-01
28 +1.459223e-01
29 +1.309467e-01
30 +2.678289e-01
31 +7.854178e-03
32 +2.920108e-02
33 +0.000000e+00
34 +2.550438e-01
35 +3.032964e-01
36 +5.496218e-02
37 +4.551939e-01
38 +2.284376e-01
39 +1.272057e-01
40 +0.000000e+00
41 +1.618209e-01
42 +3.572469e-01
43 +7.277344e-02
44 +2.824020e-01
45 +1.311290e-01
46 +2.217180e-01
47 +1.195449e-01
48 +9.345574e-02
49 +6.545085e-03
50 +2.155204e-03
51 +2.428071e-03
52 +0.000000e+00
53 +0.000000e+00
54 +0.000000e+00
55 +7.695017e-04
56 +0.000000e+00
57 +0.000000e+00
